14
11
11
11
11
18
18
11
11
24
24
42
21
21
21
21
12
12
14
12
14
14
46
46
46
46
46
46
47
47
46
48
42
42
38
38
38
38
38
38
40
38
39
39
5
5
5
22
4
4
5
5
12
22
12
7
7
47
47
43
43
43
43
43
43
44
44
7
7
43
45
43
43
40
43
40
40
45
45
3
3
3
3
4
4
3
3
3
3
34
35
34
34
34
34
45
45
45
45
30
30
30
30
30
30
48
48
26
26
45
45
45
40
40
40
40
40
45
45
1
1
1
3
3
3
3
3
3
3
16
16
16
16
16
16
16
17
14
17
17
17
17
17
17
44
44
46
46
46
46
47
47
47
46
17
17
17
17
14
14
17
17
16
16
33
33
33
33
32
32
32
32
32
32
4
4
4
25
25
25
25
25
14
14
14
14
21
21
4
4
25
25
21
21
39
39
28
28
28
28
28
28
25
22
18
18
23
18
23
23
23
23
24
24
29
29
29
29
44
44
44
44
42
42
28
28
13
15
15
15
15
15
15
15
15
15
2
44
44
44
44
29
28
18
29
2
28
28
24
24
33
33
28
28
28
28
28
28
28
28
33
33
4
4
10
4
10
10
10
10
27
10
25
25
27
25
27
27
29
27
29
29
34
34
20
20
45
45
45
45
20
20
20
20
10
10
10
10
10
10
10
10
15
15
20
20
13
15
15
15
3
49
49
49
49
46
46
46
47
48
48
4
4
27
10
10
10
10
10
10
4
16
16
16
16
16
47
47
47
47
47
14
14
14
14
14
21
21
21
14
14
7
19
19
7
20
20
19
42
42
5
5
4
5
5
13
16
16
17
17
17
39
17
17
14
14
13
24
24
24
24
16
16
16
14
16
14
14
14
14
21
14
21
21
22
4
4
25
25
25
25
4
4
4
25
48
48
48
48
7
7
7
7
7
39
39
33
33
31
33
31
31
31
31
31
31
8
44
44
22
22
39
24
24
24
24
13
13
13
13
40
13
13
40
31
31
31
31
31
25
25
25
5
31
41
41
41
41
36
36
6
36
36
13
13
24
24
24
24
13
13
13
13
6
9
6
6
6
6
6
6
6
6
6
6
6
6
6
6
6
6
18
18
41
41
41
41
40
40
41
41
40
40
32
34
13
13
44
44
44
44
34
44
34
34
39
39
9
9
8
8
8
8
9
9
8
39
9
9
8
8
9
9
8
8
8
8
40
36
36
36
36
36
30
30
48
48
30
30
30
30
30
30
36
0
36
42
36
36
27
13
13
13
13
24
24
24
24
35
13
13
37
37
37
37
37
37
37
37
21
21
40
42
22
19
9
21
21
22
21
5
18
18
18
23
23
23
23
23
24
24
35
5
5
5
5
5
4
4
25
4
4
4
25
25
25
25
14
14
17
17
17
17
17
17
16
16
5
5
5
25
5
25
23
23
23
23
5
23
5
5
24
24
4
4
10
10
4
10
10
27
10
10
22
23
23
23
23
23
23
18
18
23
23
22
39
19
19
37
37
1
1
10
10
10
11
11
19
11
9
8
7
8
8
8
15
9
9
15
15
15
15
15
13
15
15
46
46
46
46
46
46
47
47
46
47
19
19
18
19
19
19
18
18
19
19
18
19
19
19
18
18
19
19
19
19
19
19
18
18
10
10
10
27
4
10
10
10
4
4
42
42
18
18
6
6
6
6
6
6
6
18
1
4
43
44
23
23
42
42
10
27
10
10
10
10
4
10
39
39
39
39
39
39
31
33
33
33
31
31
31
31
31
36
15
15
15
15
15
13
36
36
36
36
48
49
49
49
49
49
49
49
49
32
49
39
33
21
22
21
21
22
19
22
4
5
5
21
21
36
36
38
42
38
38
42
42
38
33
36
36
31
31
31
31
33
31
33
33
32
31
31
16
16
16
16
16
32
5
5
25
31
25
25
31
31
31
31
31
31
31
31
31
31
33
33
33
31
5
5
16
5
5
5
4
1
3
1
1
3
3
3
3
3
3
9
9
29
29
29
29
8
7
29
29
8
48
46
46
46
43
43
43
47
47
44
44
26
26
26
30
27
27
27
27
25
25
3
3
3
3
3
3
4
4
3
3
3
3
3
3
3
3
1
1
3
1
42
42
38
38
38
38
38
38
38
38
36
36
34
34
34
34
45
45
9
35
36
4
4
3
3
3
3
3
3
40
40
26
26
30
30
30
26
48
48
48
30
31
33
33
33
31
31
31
31
31
31
17
17
17
17
17
17
14
14
15
16
29
29
42
42
39
42
39
39
47
47
26
27
26
26
26
26
26
26
29
27
27
15
15
13
15
15
15
15
15
27
27
26
26
26
26
27
27
27
27
10
10
27
10
10
4
10
10
4
4
0
40
40
41
41
40
40
41
41
41
41
29
29
41
41
41
41
41
42
44
44
44
29
29
29
40
40
3
18
5
18
18
48
49
28
49
49
49
49
49
49
49
37
37
47
47
37
37
37
37
47
37
37
37
7
7
7
8
24
23
23
23
23
23
18
18
23
23
37
37
37
37
37
37
37
37
37
44
44
43
43
40
40
43
43
43
43
5
45
45
45
45
34
25
36
36
35
36
5
5
5
5
5
4
5
5
32
33
32
32
34
34
32
32
32
32
33
33
32
32
32
33
32
32
32
32
14
14
24
24
35
35
35
35
35
35
33
9
21
21
15
13
15
15
15
13
13
13
13
24
24
24
24
13
13
42
42
42
20
37
37
19
19
11
19
19
7
7
48
48
48
48
30
7
48
48
42
42
42
42
0
0
22
0
8
39
39
39
38
38
38
38
39
38
38
9
9
36
36
34
34
36
36
34
36
22
18
40
18
18
23
23
22
43
28
32
32
5
5
5
5
44
5
44
44
5
40
5
35
35
35
35
35
35
35
37
37
38
37
37
45
37
37
45
45
35
35
35
36
35
35
40
40
41
41
41
41
41
41
41
47
41
41
41
41
41
43
47
47
12
12
13
13
13
13
24
24
24
24
13
13
0
0
0
0
0
12
5
5
5
8
7
7
7
42
42
42
1
1
39
11
39
39
11
11
39
39
48
48
29
29
29
29
29
29
29
29
22
12
17
17
17
17
17
17
17
3
31
31
4
4
23
25
34
23
25
23
25
18
24
18
23
23
28
28
28
28
25
28
28
42
25
25
42
28
28
33
40
28
28
28
28
43
33
33
43
27
27
27
27
27
29
29
29
43
25
25
36
36
36
36
16
16
30
30
30
30
48
48
48
48
26
26
16
28
2
2
2
2
2
2
2
2
0
0
0
0
2
2
2
2
2
2
2
2
24
24
23
23
18
18
23
23
23
23
34
47
47
47
47
9
18
11
11
11
11
11
11
1
1
47
46
47
47
46
46
46
46
46
46
12
12
21
21
21
12
12
12
12
12
14
24
14
14
12
21
21
21
12
14
12
12
12
12
42
28
28
28
28
28
28
28
25
25
25
39
39
42
42
42
13
14
15
42
42
32
33
32
32
32
32
32
32
33
33
41
41
13
41
41
40
41
41
40
40
14
37
37
37
38
37
37
37
37
45
37
42
42
42
42
23
23
23
23
23
23
44
18
22
22
8
1
1
11
11
11
11
9
9
1
1
49
48
49
49
49
49
49
49
49
20
20
20
20
20
20
20
20
20
20
20
20
20
20
0
0
0
0
0
7
7
7
7
7
35
15
4
1
1
11
11
11
1
9
9
11
11
20
20
20
20
20
6
20
20
32
34
34
34
34
34
44
44
44
44
44
16
16
17
17
17
12
16
17
17
17
32
32
46
39
39
22
22
22
22
20
20
41
41
40
40
39
39
21
21
22
21
22
22
22
22
20
20
20
20
9
40
38
38
41
38
42
25
7
8
8
8
8
8
9
40
25
25
0
4
4
22
39
39
39
39
39
39
39
39
34
34
36
36
45
45
45
20
36
35
45
34
38
38
39
34
39
39
38
38
39
39
38
38
38
38
20
20
38
20
38
20
38
1
1
20
6
6
8
8
8
8
8
8
9
6
18
6
6
6
6
6
6
6
6
6
8
8
8
7
9
9
8
8
9
9
42
8
8
9
42
8
8
8
8
9
9
12
36
36
36
36
36
36
36
36
35
35
35
35
0
0
31
31
31
33
31
33
33
40
40
40
43
43
43
43
43
43
44
9
9
1
1
11
11
34
40
40
43
40
43
43
43
43
45
45
3
3
3
2
1
1
1
3
0
0
33
33
33
0
0
2
2
2
2
2
2
1
1
7
7
7
7
7
7
0
47
38
30
30
48
48
30
30
30
30
30
30
13
13
13
13
13
13
24
24
24
24
18
18
6
6
19
18
6
19
21
21
18
18
22
19
19
19
18
22
22
19
22
22
18
18
19
18
19
19
19
19
22
19
19
19
19
19
28
19
19
28
19
44
44
44
44
6
6
6
6
6
6
18
6
18
18
46
9
11
11
11
11
1
1
1
1
1
11
11
11
12
12
9
9
12
12
12
12
12
12
1
1
0
0
0
0
32
19
28
28
7
7
44
7
7
0
0
2
2
2
2
2
2
2
2
20
20
22
22
27
27
22
22
26
26
27
26
26
26
26
26
7
7
27
27
48
48
7
7
48
48
48
48
26
26
26
26
27
27
27
27
27
27
44
44
45
44
34
34
34
34
34
34
19
7
6
6
12
48
20
11
49
9
11
11
1
11
11
1
1
49
49
22
22
22
22
22
20
20
20
21
21
9
49
49
49
49
46
46
46
46
48
48
1
46
8
8
7
17
9
9
8
26
9
9
26
26
26
27
26
26
26
26
15
27
0
0
0
48
49
16
25
25
26
27
30
26
27
27
27
27
40
43
43
43
43
43
43
43
44
44
13
13
24
24
24
14
14
14
14
13
35
34
45
45
45
45
34
34
34
45
37
26
0
0
2
2
1
1
2
2
2
2
12
0
0
2
2
2
2
2
1
2
2
11
0
0
11
36
24
1
24
24
2
35
2
0
0
0
0
0
12
35
12
35
38
38
38
38
42
42
38
38
35
38
38
33
33
33
33
49
48
49
49
49
49
26
26
48
48
30
48
30
30
30
30
16
33
33
14
12
12
12
12
12
21
12
12
12
12
46
46
47
47
46
46
46
46
46
46
8
8
29
12
29
21
9
21
21
12
12
12
9
39
48
8
7
7
22
19
22
22
22
22
21
21
7
7
7
47
16
16
16
16
16
16
16
17
16
17
17
17
17
14
17
30
30
30
30
48
48
30
30
30
30
43
35
35
16
35
35
35
35
32
15
15
15
14
15
15
15
15
7
45
45
40
45
45
45
40
40
40
40
35
35
35
35
35
35
43
43
43
43
47
47
0
0
44
28
28
28
44
14
14
47
47
41
41
41
47
41
41
41
42
34
34
34
34
45
45
45
45
22
34
34
22
47
47
41
41
41
3
49
49
49
49
47
47
21
45
45
21
37
37
45
45
37
38
37
37
49
49
49
49
46
1
46
46
10
11
10
10
11
9
11
11
35
35
35
34
32
32
35
35
33
32
32
32
32
32
32
34
32
32
33
33
29
29
30
30
48
48
29
29
30
29
27
47
47
26
26
26
26
12
12
17
26
26
14
14
29
29
21
21
21
21
29
29
44
44
29
29
14
29
16
16
16
16
16
14
