32
32
26
32
26
26
27
27
27
27
29
29
29
29
29
29
29
25
36
36
35
35
20
20
20
5
31
33
48
46
25
48
25
25
48
48
48
48
26
26
26
26
26
42
26
26
11
42
42
36
36
36
36
22
22
11
22
22
22
22
22
22
22
22
39
39
38
38
38
38
45
45
44
44
18
18
27
27
27
29
29
14
29
8
10
25
31
31
31
28
25
21
21
21
21
21
21
22
22
22
22
10
10
43
39
39
38
38
38
39
44
44
44
38
27
35
10
33
10
10
11
11
9
9
9
9
40
33
41
41
32
32
41
41
41
33
33
33
39
38
38
38
38
44
44
44
6
8
6
6
39
39
32
32
32
32
25
25
25
25
15
15
28
28
28
28
33
32
30
30
29
29
29
29
29
28
28
25
35
34
34
34
34
34
34
35
34
17
17
12
6
12
12
12
42
42
42
42
42
42
42
42
36
40
40
6
6
6
6
25
29
29
29
30
30
29
29
29
29
24
24
24
23
23
23
23
23
23
23
23
23
23
23
23
23
24
23
24
24
44
44
28
28
46
46
43
43
44
30
28
46
32
32
32
32
32
32
27
27
27
27
49
49
20
20
20
20
48
48
48
48
17
18
18
18
18
18
18
18
18
18
24
18
18
18
18
18
18
18
18
18
3
3
4
10
10
21
14
28
28
30
30
28
28
11
4
0
0
20
0
9
4
8
8
8
8
7
7
7
7
7
7
44
44
44
44
44
44
44
44
43
43
41
26
26
26
26
26
26
26
26
26
11
20
7
6
7
7
7
7
7
7
6
8
11
20
10
10
10
24
24
40
23
23
23
23
24
23
23
17
41
17
10
6
6
39
39
39
7
7
7
7
6
7
7
7
7
7
2
2
7
7
7
6
6
2
0
17
2
2
2
2
25
25
25
25
31
31
31
25
31
31
35
35
33
33
32
32
35
32
35
35
42
42
25
26
43
42
26
26
26
43
26
36
36
36
36
3
32
9
32
39
37
40
40
37
37
37
37
31
6
6
11
7
7
7
11
6
7
7
7
30
30
30
30
30
30
43
43
31
31
31
31
31
25
25
25
25
28
47
47
47
47
47
47
49
49
47
45
17
47
42
12
41
42
20
42
14
12
20
20
40
10
42
17
11
11
11
10
11
11
30
30
30
30
30
9
9
3
3
10
10
3
3
10
10
3
3
43
43
43
7
7
7
7
7
7
6
7
6
6
8
8
8
8
43
8
8
8
8
34
34
34
40
40
34
40
14
14
14
5
14
14
14
14
5
5
36
27
36
27
27
36
36
27
26
6
6
6
6
20
41
32
32
41
32
32
32
32
27
27
27
27
41
41
41
42
41
1
9
27
26
7
5
5
1
1
1
1
1
1
8
8
8
2
36
36
36
8
36
36
20
20
23
36
24
21
24
24
30
11
11
11
29
10
10
11
11
10
10
24
24
24
24
24
24
22
24
24
24
24
24
24
22
45
45
45
45
45
39
38
45
44
45
45
38
38
38
38
22
22
22
22
22
22
22
22
22
22
8
44
44
44
44
43
43
44
44
44
44
2
2
1
1
0
1
1
1
1
1
45
45
45
0
0
15
15
0
0
15
15
15
15
32
41
32
32
41
35
41
41
35
35
4
4
4
4
4
5
5
5
9
4
13
13
13
15
13
13
13
5
5
5
16
16
15
15
16
16
36
37
40
40
40
10
37
10
37
16
6
16
16
16
16
15
15
15
15
8
30
8
27
27
27
29
29
29
29
39
37
39
0
0
2
2
2
2
2
2
2
2
5
5
6
13
13
13
13
5
13
13
13
10
33
33
32
32
32
32
25
25
25
25
29
29
29
29
29
29
30
30
29
25
30
30
16
16
16
16
16
30
30
30
30
30
10
10
16
16
30
30
16
30
30
25
25
39
39
39
31
31
31
31
9
25
25
25
25
31
31
25
31
9
38
38
38
45
45
45
45
45
38
38
0
0
15
15
15
15
15
15
18
18
0
0
5
4
14
14
14
14
14
5
14
14
2
2
2
2
2
2
2
0
0
0
28
42
5
5
5
4
4
20
20
20
20
15
15
15
15
15
15
10
10
9
9
9
9
9
9
10
9
41
12
41
41
17
41
17
41
40
40
17
17
28
4
12
13
40
40
12
42
12
12
42
12
12
12
28
15
15
15
0
28
28
28
0
0
17
13
12
17
12
12
23
12
17
12
30
30
29
29
29
29
29
29
25
29
17
12
17
17
17
17
17
17
17
17
33
33
25
25
25
25
32
32
32
32
28
28
28
17
30
30
28
28
28
28
29
29
30
30
28
28
29
29
28
28
24
10
47
46
46
46
46
46
46
46
46
46
48
48
48
48
48
4
28
28
29
29
28
29
30
30
29
29
12
12
24
22
0
0
12
14
22
22
22
12
22
22
22
22
38
39
39
0
0
17
15
17
16
17
17
17
17
17
17
3
3
3
4
3
3
4
4
4
4
16
16
16
16
16
16
15
15
15
15
38
44
44
44
44
44
44
43
43
44
44
10
11
11
11
11
10
10
11
11
0
0
2
2
2
2
2
2
2
2
49
4
9
4
4
4
4
5
5
5
4
15
15
16
40
14
16
16
16
12
12
12
12
22
22
15
15
30
30
16
16
15
15
16
16
16
16
12
34
24
34
12
12
12
34
14
12
11
11
41
11
11
34
34
35
34
34
34
34
34
35
35
33
33
33
35
33
33
33
33
31
31
2
25
31
31
25
28
25
25
31
25
31
31
25
25
25
25
31
31
11
18
46
46
46
46
46
46
46
46
46
44
0
0
23
48
48
48
48
48
46
48
48
48
48
48
35
48
35
32
35
35
32
32
48
46
28
34
0
9
15
17
17
17
17
17
42
17
17
17
16
16
43
17
16
16
16
16
4
4
4
4
4
17
3
3
5
9
23
13
12
12
12
12
12
12
12
12
12
8
8
8
8
2
7
7
7
8
8
43
1
5
5
1
1
14
1
43
43
1
1
33
33
33
33
33
35
33
33
35
35
4
9
4
4
4
4
5
4
5
5
13
5
13
13
14
13
14
14
5
5
36
36
13
17
8
8
2
8
36
36
17
17
35
35
33
33
35
33
33
33
33
33
43
43
43
43
43
43
42
43
42
34
34
34
34
34
34
35
20
20
20
20
18
18
18
18
18
17
1
1
1
1
1
1
1
1
1
1
19
16
19
19
19
19
19
19
19
19
16
19
19
19
19
19
19
19
19
19
16
19
19
19
19
20
20
20
38
20
20
20
20
19
19
19
19
19
19
40
40
47
47
46
47
46
46
46
46
46
46
5
4
5
5
3
3
4
4
3
9
39
39
38
34
34
35
34
34
34
34
13
13
15
13
0
0
13
13
37
37
0
0
39
39
37
39
2
2
2
2
0
2
0
0
2
2
4
14
14
14
21
14
14
8
8
8
8
43
44
43
43
46
44
44
46
13
13
44
44
13
13
13
13
34
34
34
34
35
35
34
34
43
14
14
13
14
13
13
5
13
5
5
0
25
25
0
0
2
2
2
2
5
5
2
2
4
4
4
4
13
13
13
13
13
5
13
13
5
5
36
36
36
36
43
40
23
23
23
23
24
23
23
23
24
24
5
5
13
13
5
13
13
13
13
13
38
38
45
38
38
38
45
45
45
45
37
37
37
37
40
40
40
37
10
10
10
11
11
11
11
3
11
38
38
45
45
45
45
38
38
38
45
14
14
5
14
14
14
14
14
11
3
11
11
5
5
10
11
45
45
45
45
45
38
38
38
38
16
12
1
1
1
1
1
0
1
1
42
42
44
42
1
1
42
38
22
22
45
45
45
22
21
22
22
22
22
22
22
22
22
4
38
38
39
38
44
44
38
44
39
39
21
21
21
21
22
21
21
21
21
21
3
27
0
45
45
45
38
45
38
38
15
38
15
15
15
15
0
0
44
44
44
44
43
44
43
43
30
49
49
42
46
4
46
6
28
27
6
6
6
6
6
34
12
6
6
6
6
34
28
28
0
28
30
30
28
28
23
23
23
23
0
0
23
24
34
12
1
1
1
1
1
5
1
1
1
1
26
26
20
20
20
20
18
18
18
18
37
39
39
39
37
37
37
37
18
18
18
18
18
18
18
18
14
18
17
23
24
23
23
23
23
23
23
24
24
31
35
10
38
39
39
3
3
3
3
3
3
7
7
7
27
11
11
11
11
11
10
10
10
11
11
41
47
28
46
49
47
47
47
47
47
47
15
28
39
39
39
13
37
24
24
9
9
9
9
9
6
9
9
6
6
28
16
16
40
40
37
40
37
37
37
37
28
8
8
8
6
42
42
42
42
40
40
42
42
40
40
40
40
9
9
9
9
9
9
41
41
41
41
41
41
41
41
6
6
9
9
6
9
9
9
9
9
6
6
10
43
43
43
42
26
26
43
43
10
42
42
40
40
39
42
42
42
42
42
42
40
40
18
18
30
30
40
40
28
28
37
37
37
37
37
40
40
40
28
20
20
20
20
21
48
48
48
48
48
46
48
37
45
37
37
37
45
39
45
48
48
48
48
49
49
32
32
32
32
27
23
6
27
32
32
49
49
47
47
47
47
47
47
45
47
40
40
41
41
41
41
41
41
41
41
46
48
8
8
8
8
8
8
48
48
48
48
39
39
39
37
37
37
37
37
37
37
37
40
37
40
40
22
24
36
8
36
36
7
2
8
7
8
8
3
3
3
3
3
3
3
7
6
6
6
22
24
24
24
24
24
24
22
24
23
23
24
24
23
23
20
35
20
20
40
40
41
41
41
41
41
42
16
16
32
20
3
3
3
3
3
3
3
14
14
14
14
14
14
4
21
21
21
21
21
21
21
21
21
41
45
0
48
49
49
49
48
48
48
15
27
27
27
27
48
27
49
49
49
49
48
49
48
48
41
42
26
26
26
26
26
26
26
26
47
47
46
46
47
47
47
47
47
47
27
27
27
26
27
32
32
21
21
23
41
40
41
40
37
37
37
11
37
11
10
10
30
35
35
35
35
33
33
33
33
33
33
11
11
49
49
49
42
42
42
43
43
43
43
43
43
43
12
35
35
36
36
36
7
4
4
4
7
3
3
3
4
3
3
2
6
0
37
3
24
24
10
12
10
10
47
33
47
47
47
47
49
49
49
47
9
9
9
9
23
23
9
9
36
36
35
35
33
24
27
26
3
17
27
43
26
26
26
26
26
26
26
26
26
41
45
49
49
49
15
49
49
43
49
49
12
27
27
27
27
27
27
49
12
14
34
35
34
34
34
34
34
34
12
19
49
49
49
12
49
49
9
39
43
31
46
31
31
31
33
33
46
35
35
46
46
46
47
46
46
35
47
47
3
47
47
47
47
47
47
46
46
46
46
14
27
17
26
27
36
36
42
31
31
31
31
31
36
36
36
35
35
30
33
33
33
33
35
33
33
33
39
39
39
36
36
31
36
31
31
31
31
36
36
1
11
21
21
21
21
21
21
21
21
21
21
16
19
10
10
20
20
20
20
19
19
19
19
17
18
20
20
20
20
18
18
18
18
21
21
21
21
21
21
21
21
21
31
31
31
31
36
31
36
36
35
35
0
24
14
1
1
19
19
19
19
19
14
19
19
45
45
45
14
16
19
19
19
19
19
19
19
19
19
16
35
49
49
7
34
49
49
49
49
49
39
39
39
39
49
49
49
49
49
