22
22
21
21
21
21
21
21
21
22
22
22
12
13
13
14
14
14
14
14
14
14
13
9
9
9
9
9
9
10
10
10
9
10
10
16
16
13
12
11
13
11
11
10
11
23
12
35
35
42
42
41
41
41
41
32
32
33
32
34
33
34
34
9
23
3
3
47
47
47
47
43
18
18
29
29
29
29
30
30
30
30
30
30
44
44
6
6
25
8
7
8
8
8
8
6
6
37
37
38
14
14
14
38
6
13
14
12
37
13
13
37
37
27
37
8
8
6
6
7
8
8
8
15
15
15
7
15
15
15
15
49
48
49
49
48
48
48
48
48
48
40
40
40
40
40
40
40
25
31
45
45
45
27
45
45
30
30
6
27
46
46
46
46
49
49
46
46
47
47
25
8
36
35
36
36
36
36
32
32
32
36
27
27
2
2
2
2
2
2
2
1
25
3
29
4
30
30
29
42
42
3
3
29
29
1
1
3
3
3
3
3
3
17
17
22
22
17
17
22
22
22
22
15
15
15
15
15
15
10
15
10
10
33
17
17
19
17
45
45
45
45
40
40
40
45
19
3
19
39
39
9
9
39
39
39
39
10
10
10
10
9
9
9
9
45
40
45
45
45
45
45
45
49
49
33
35
35
35
35
49
49
43
43
23
34
23
47
47
46
47
46
46
46
46
27
46
23
23
5
5
3
1
1
1
3
3
3
3
3
3
34
7
7
16
16
17
16
7
7
16
16
18
18
17
17
19
19
19
19
16
16
11
11
11
11
11
13
13
13
11
11
42
29
29
25
25
25
25
25
25
25
25
49
35
35
35
35
35
35
35
49
49
45
40
37
37
37
37
37
37
37
37
48
48
48
48
19
20
20
20
20
20
20
20
2
5
5
3
3
1
3
2
29
30
29
29
30
31
30
30
4
4
5
5
1
26
4
4
2
22
9
31
10
43
43
10
10
34
6
43
43
6
6
49
49
43
4
18
18
37
37
37
37
44
44
37
37
24
24
44
24
24
24
24
24
48
48
48
48
48
48
48
49
49
49
48
48
44
48
49
44
43
49
48
26
26
26
26
35
36
26
26
36
36
36
36
32
32
36
32
2
2
2
1
0
0
0
2
1
1
17
17
17
17
17
19
19
19
19
19
20
20
20
20
20
19
23
29
35
35
32
32
32
33
33
34
34
34
38
38
39
39
39
39
39
39
11
32
9
9
10
10
10
10
10
9
9
9
16
16
19
17
17
17
19
19
19
19
14
45
12
49
49
48
49
48
48
48
48
48
48
22
27
27
26
27
26
26
26
26
1
1
1
1
0
0
0
27
34
34
33
34
32
33
32
32
7
23
34
34
42
18
18
42
29
42
29
4
29
4
30
38
5
30
42
45
6
4
6
30
30
45
45
45
44
44
44
44
44
12
12
30
38
38
38
38
38
38
38
38
48
48
43
43
13
13
43
43
34
34
43
43
43
43
36
36
29
29
31
31
49
49
35
49
35
35
35
26
35
35
37
17
17
22
22
22
22
22
22
17
17
24
20
20
20
20
20
20
20
19
22
24
41
34
41
34
3
1
45
5
5
1
3
43
3
33
6
43
3
13
2
11
2
11
11
16
0
16
9
7
24
48
25
25
2
2
2
2
27
27
2
2
2
2
25
28
28
28
25
25
25
25
0
0
24
24
24
24
12
15
24
22
22
48
48
12
12
12
12
18
18
18
18
24
24
37
39
39
39
39
39
39
39
39
40
40
37
37
37
37
42
42
42
42
45
45
45
45
44
44
45
44
45
34
34
24
24
33
23
23
34
33
24
33
33
48
49
49
49
48
48
48
48
47
47
22
22
37
21
21
21
21
21
21
16
13
5
33
14
47
47
46
46
46
46
46
46
46
46
14
14
14
6
26
1
20
20
14
19
20
14
26
26
26
26
26
26
26
26
27
27
12
14
12
12
12
12
5
5
12
34
34
34
33
33
33
33
33
34
34
3
30
2
2
2
3
29
29
29
28
29
29
28
28
8
8
6
6
8
7
8
8
30
30
6
6
20
20
20
20
20
20
19
20
48
48
49
49
49
48
45
45
37
37
37
37
37
37
37
37
39
3
44
1
1
3
3
3
3
3
3
12
12
12
10
10
10
10
9
9
9
9
12
9
9
24
46
12
46
12
46
46
47
46
46
17
46
17
42
22
22
6
6
6
6
8
8
8
8
8
7
22
22
39
31
46
49
26
26
26
36
26
35
35
35
23
26
35
47
47
46
46
47
46
46
46
46
46
19
19
19
18
18
18
47
24
3
31
36
31
31
36
36
36
36
36
26
49
49
29
29
5
5
29
30
34
34
43
5
43
4
4
4
11
39
31
40
31
41
41
41
18
41
41
41
41
7
7
16
16
16
16
17
16
7
7
19
19
19
19
17
17
19
17
38
16
16
38
38
38
45
45
45
45
45
45
45
45
9
45
44
1
1
42
42
42
42
37
37
37
27
37
37
44
37
11
11
11
10
13
13
13
11
24
10
10
24
17
17
15
15
15
15
7
7
7
7
14
28
28
25
28
25
25
25
25
0
0
17
31
31
31
31
36
36
36
36
36
35
29
29
30
47
47
47
47
47
47
5
5
5
43
4
29
2
2
14
2
27
49
2
39
41
49
2
2
47
47
47
47
47
47
25
25
25
25
25
25
29
29
11
7
11
11
13
11
0
0
47
47
41
41
41
29
41
41
29
17
17
22
22
19
19
17
17
17
22
30
7
7
16
27
16
16
16
16
39
8
7
24
39
41
41
41
41
37
39
5
5
24
12
39
37
38
38
38
38
39
39
39
39
39
39
39
39
16
16
19
19
19
19
17
19
17
17
0
44
0
0
9
28
28
28
28
28
28
40
40
28
28
40
40
40
40
23
23
23
23
9
9
23
23
9
9
9
9
10
10
9
9
5
5
36
31
31
31
36
36
36
36
26
36
8
7
8
8
2
8
6
6
6
6
6
1
1
0
0
0
0
1
1
1
1
14
14
14
14
13
14
14
14
13
13
20
19
21
21
21
21
21
21
47
47
40
42
42
42
41
41
42
42
42
47
34
34
34
33
34
34
33
33
33
33
22
41
41
41
41
41
41
41
41
44
44
44
44
44
44
44
44
31
31
36
31
36
36
36
36
26
36
30
30
30
30
30
30
29
29
29
29
6
19
19
8
8
8
8
8
8
6
6
20
19
20
20
20
20
20
20
17
21
43
6
14
14
33
12
5
4
4
4
4
4
4
4
5
5
13
13
14
13
14
14
14
14
10
10
10
10
15
15
15
15
15
15
42
42
42
42
26
26
26
27
26
26
26
26
27
27
19
2
2
27
26
29
12
30
30
30
30
29
29
30
30
15
15
15
15
7
7
15
15
7
7
27
6
3
3
4
4
4
3
1
1
1
4
47
47
23
23
28
28
46
49
46
46
23
23
46
46
19
38
41
38
38
38
43
43
43
43
43
43
43
43
34
34
9
9
28
10
10
10
10
9
10
9
9
10
28
26
26
26
26
26
26
26
26
27
46
40
40
40
40
40
40
45
45
45
45
39
40
45
45
11
5
5
11
40
8
8
44
44
44
44
45
45
44
45
38
38
38
38
38
38
4
11
11
13
13
13
11
11
11
11
12
12
12
24
1
1
12
39
0
0
1
1
0
0
0
0
33
43
43
33
33
43
34
43
33
33
33
1
1
0
0
0
0
0
0
0
1
27
27
27
27
27
27
26
26
26
26
17
17
22
22
22
22
22
22
17
17
31
31
31
31
31
47
47
31
31
16
16
16
16
16
31
31
31
12
46
44
44
44
43
44
44
44
44
44
43
43
11
11
30
13
34
13
43
43
43
43
43
14
14
13
14
28
28
14
28
13
13
47
46
46
46
46
46
46
46
47
47
16
16
16
16
16
16
7
7
7
8
44
12
6
6
43
14
28
14
14
14
14
13
28
13
13
32
37
37
37
43
37
32
43
44
31
31
42
42
42
42
42
42
18
18
18
18
46
44
5
5
5
5
5
5
4
4
4
4
24
24
24
24
24
24
5
5
4
5
4
4
4
4
1
4
32
3
37
31
31
31
31
31
9
22
22
21
21
21
21
21
21
21
31
31
31
31
34
31
31
31
31
23
16
22
21
16
16
35
36
36
36
36
36
31
31
31
31
40
40
40
40
40
40
40
40
40
40
40
40
42
42
34
34
43
43
13
13
33
33
33
33
34
34
34
34
28
28
28
28
28
28
21
28
28
23
33
39
10
39
39
39
11
11
11
11
11
11
13
13
11
13
23
19
34
32
23
24
17
33
19
24
32
32
32
32
32
17
3
47
47
47
47
47
1
33
23
39
7
23
23
39
23
39
37
23
23
17
13
13
0
0
0
0
0
0
4
0
3
24
24
24
24
24
39
24
24
22
24
24
32
32
32
32
32
41
41
41
18
18
19
24
28
28
32
32
28
32
32
31
39
41
40
39
18
18
40
30
39
5
5
30
39
5
22
22
21
21
21
21
2
21
21
12
22
12
12
22
22
22
22
15
12
34
27
4
26
2
1
35
35
35
35
35
35
35
49
49
49
20
20
12
12
20
20
42
42
42
42
42
42
42
38
40
40
49
49
35
35
49
35
35
35
35
35
47
27
27
30
30
30
30
29
29
25
25
27
25
27
27
27
27
5
5
23
23
29
23
4
4
4
4
5
4
4
4
28
28
9
9
9
9
9
10
28
10
49
10
10
49
6
28
34
28
9
32
32
32
32
9
15
15
7
7
15
17
15
15
7
7
32
32
32
32
32
5
5
5
5
10
10
10
10
5
5
4
4
4
42
37
5
33
37
33
33
5
5
40
40
45
12
12
12
12
12
12
24
12
12
12
21
18
18
25
25
28
28
28
25
18
18
18
0
0
18
18
21
33
33
21
6
18
18
18
18
18
11
4
21
11
1
21
13
13
1
1
3
17
17
0
25
2
2
2
2
1
2
21
21
21
21
21
21
21
21
22
38
38
3
38
38
38
38
38
38
38
7
7
7
7
15
15
15
15
15
15
36
35
36
36
36
36
32
36
32
32
48
48
48
48
49
48
49
49
48
47
25
25
29
25
27
27
27
27
30
30
27
30
29
29
30
30
1
1
43
44
44
44
44
24
44
44
44
0
0
24
0
0
0
0
24
44
23
23
23
23
23
23
23
23
6
6
8
8
8
8
7
8
32
32
6
6
34
38
38
38
38
28
38
15
15
15
12
10
11
38
38
33
33
19
20
20
20
20
20
33
20
33
33
33
41
41
41
41
41
41
18
18
18
18
18
18
18
11
11
13
13
13
11
11
11
11
11
25
25
25
25
25
25
29
29
25
25
18
18
18
18
18
22
23
23
23
23
23
23
24
23
23
27
27
15
15
3
6
7
7
15
15
8
8
8
7
6
6
6
8
48
27
27
40
27
41
41
41
41
42
42
38
42
42
42
42
42
28
7
8
8
8
8
6
6
6
6
6
28
47
16
16
7
7
16
16
16
16
8
7
49
49
35
35
35
35
49
35
35
35
2
2
2
2
2
2
27
27
3
3
3
3
3
3
1
2
12
12
15
20
19
14
14
14
13
14
14
14
14
13
13
20
20
43
