31
31
16
36
18
18
18
18
18
18
16
16
42
42
48
48
42
42
48
48
48
48
48
35
25
25
35
35
35
35
35
35
35
35
18
32
21
24
32
38
38
42
38
39
39
38
38
18
39
2
2
27
27
1
1
2
2
3
3
1
1
20
20
19
19
19
19
19
46
46
49
49
49
49
46
46
46
46
37
37
37
37
46
46
37
37
35
35
37
37
46
46
46
46
49
49
49
49
29
29
29
28
46
46
29
29
8
8
8
8
8
5
8
8
5
5
10
10
9
9
9
9
10
10
6
10
6
6
6
6
0
0
0
0
10
23
37
37
37
37
46
46
37
37
37
37
15
15
5
5
15
15
15
15
5
5
46
46
43
46
43
43
27
43
47
47
24
21
24
24
24
24
23
24
9
9
9
17
17
12
12
12
12
12
12
12
14
20
19
47
40
40
40
1
1
19
14
14
14
1
1
1
1
1
30
29
31
31
31
31
31
31
31
45
29
29
29
29
29
29
29
29
48
48
25
25
25
10
10
6
9
9
10
6
6
6
26
26
42
42
27
27
26
26
48
48
48
48
42
42
48
42
6
6
6
10
6
10
10
10
10
7
7
21
21
21
21
21
7
21
21
4
4
4
5
5
4
5
27
27
43
43
43
43
43
43
12
45
12
12
15
15
17
15
33
39
4
39
39
39
39
39
39
41
39
14
14
14
14
1
1
1
14
4
40
1
11
44
11
45
45
45
5
44
44
44
44
28
28
32
30
28
30
30
28
28
28
28
25
25
25
25
34
34
34
35
35
35
35
35
34
34
20
20
20
20
20
16
16
16
16
16
7
21
21
21
21
21
21
21
7
7
9
9
9
9
17
37
22
27
27
26
26
26
26
39
26
38
38
39
39
42
38
38
38
40
40
40
33
32
19
19
19
19
23
23
23
23
40
40
40
42
14
14
14
14
2
42
21
21
48
7
49
49
49
21
49
38
7
7
18
18
18
43
43
43
43
27
27
33
33
33
6
6
45
45
11
11
10
9
11
5
5
5
8
8
8
8
8
8
8
8
8
8
8
7
7
7
7
5
5
22
22
22
22
21
45
17
27
24
24
24
24
23
23
24
23
26
13
13
13
13
13
13
13
13
14
14
30
30
30
30
30
30
30
30
31
31
9
18
18
24
21
24
42
42
42
42
42
42
42
42
42
42
33
25
25
33
25
25
25
25
33
25
26
26
26
26
26
26
27
27
27
27
35
33
35
11
12
7
7
8
7
8
8
5
8
5
5
17
17
22
17
22
22
22
22
13
13
13
13
13
13
13
17
33
9
28
33
48
20
19
19
19
19
39
39
39
19
39
39
29
29
19
10
10
10
6
6
6
6
6
35
35
10
10
5
5
7
7
4
4
4
0
21
0
35
35
7
7
7
21
24
24
24
24
23
23
15
15
21
15
21
21
21
21
21
21
30
30
31
31
31
31
31
31
30
30
45
45
31
43
27
27
43
43
43
43
2
39
14
2
39
41
39
14
39
39
39
39
1
49
49
1
1
34
13
10
39
2
2
38
38
39
39
38
42
38
38
43
43
27
27
43
43
43
43
45
45
5
4
5
5
4
0
4
4
0
0
12
12
47
15
15
17
17
12
12
12
12
20
20
20
20
16
16
16
20
16
16
46
47
47
47
47
47
47
47
47
32
32
0
0
4
4
5
5
0
4
4
4
33
10
11
11
11
11
11
11
10
6
10
10
6
6
6
6
10
10
0
0
33
0
8
8
8
8
5
5
8
8
5
5
2
45
44
44
44
45
45
45
45
44
27
27
26
26
27
27
26
26
26
26
41
1
3
3
15
15
15
15
3
3
15
15
22
14
2
22
22
22
22
17
22
17
17
17
17
32
32
32
32
32
41
39
39
39
39
39
39
2
2
1
1
2
2
1
1
1
1
20
20
20
46
46
46
46
49
49
49
49
46
46
5
5
8
8
8
5
7
7
8
8
45
48
4
4
35
35
1
1
45
6
14
14
14
14
1
14
1
1
11
0
11
11
11
11
10
32
42
42
42
48
42
42
42
42
32
42
42
33
32
32
4
4
4
0
5
5
4
4
4
0
0
30
30
30
30
46
46
46
46
46
49
49
49
48
48
31
31
32
23
17
17
17
17
17
23
22
22
22
22
37
22
22
3
3
12
12
3
12
15
15
15
15
25
25
25
25
23
23
23
23
24
24
24
24
22
22
7
7
20
41
41
41
41
21
41
21
41
41
41
28
28
28
28
30
28
30
30
28
28
30
30
30
30
30
30
25
25
2
0
0
0
6
6
6
6
10
10
10
6
10
10
39
38
38
38
38
39
38
38
38
6
6
12
14
12
12
16
16
12
12
12
12
43
31
35
35
35
35
35
35
35
35
33
35
48
33
30
29
29
29
28
28
28
28
28
28
45
19
19
19
11
30
18
18
18
18
18
18
16
16
16
16
30
37
23
23
23
24
24
24
24
24
22
38
38
38
38
38
37
45
34
2
2
2
2
3
2
3
3
3
3
41
21
41
20
12
12
12
12
17
7
12
12
7
12
12
2
2
2
3
3
3
3
3
2
2
16
16
20
16
20
20
20
20
34
34
34
34
36
36
16
16
3
3
3
39
2
20
3
20
2
2
30
30
30
30
31
31
30
30
30
30
16
38
38
38
16
37
37
37
37
37
37
26
28
28
26
4
39
39
40
39
27
33
11
11
27
10
11
11
11
32
6
6
16
16
16
16
16
20
20
20
20
20
25
25
30
30
25
25
25
25
34
8
34
34
34
47
47
47
47
47
47
47
47
47
39
38
38
38
38
38
38
38
38
9
9
9
9
9
9
45
45
45
45
44
44
44
44
44
11
18
38
49
48
48
49
49
48
48
48
48
40
40
40
23
23
23
23
24
24
24
24
22
22
2
48
48
49
48
1
1
49
49
46
49
2
2
3
3
47
46
47
47
47
47
47
47
37
26
14
14
13
13
13
13
13
13
13
13
18
18
18
18
36
36
36
36
36
36
45
45
45
44
44
44
44
44
44
31
31
3
3
15
15
15
15
15
12
3
3
37
30
33
8
8
10
8
7
7
6
7
10
10
23
23
23
23
24
24
24
24
22
24
9
9
19
19
19
19
9
9
9
19
20
11
11
11
11
11
10
46
47
49
49
49
49
46
46
46
46
25
25
25
25
45
21
37
37
47
47
47
47
46
46
11
11
11
11
11
11
37
37
18
33
32
40
40
40
40
40
41
41
41
9
40
40
36
36
36
36
36
36
33
33
48
48
29
29
29
29
29
29
29
29
22
17
17
17
22
22
22
22
17
17
45
45
22
19
44
44
44
45
19
19
23
44
19
19
19
19
29
29
29
29
28
28
29
29
28
48
17
37
37
38
37
38
38
37
37
37
37
40
40
14
40
40
40
14
14
14
14
3
3
18
15
15
15
15
18
18
3
3
43
43
43
43
43
27
43
43
45
45
0
0
0
0
7
7
7
7
21
7
42
42
42
34
42
42
42
42
42
42
11
11
11
11
11
11
11
22
22
22
22
17
17
22
17
17
17
9
9
9
9
9
9
6
6
6
6
6
10
10
10
10
10
39
39
39
39
39
39
39
42
47
47
47
47
47
47
47
39
47
47
46
46
46
46
43
43
43
27
10
10
6
6
6
6
10
10
6
10
45
33
45
45
44
45
44
44
44
44
44
23
34
34
36
36
36
36
34
34
34
34
32
32
32
33
14
14
32
32
13
13
13
13
13
13
13
13
33
33
26
26
26
26
27
26
27
27
14
14
13
13
13
13
13
13
13
13
17
17
20
17
17
17
22
20
20
20
31
31
31
31
31
31
31
31
29
31
23
21
0
0
3
3
3
3
2
2
4
4
9
23
9
9
26
26
25
26
32
27
27
32
32
32
32
32
18
9
9
2
2
2
2
7
7
7
7
8
8
8
8
5
5
7
7
34
34
36
35
36
36
34
34
7
34
18
18
16
16
18
18
18
18
16
16
3
3
15
15
15
15
15
15
3
3
25
30
30
28
28
28
27
27
27
27
6
37
37
37
37
37
37
37
37
46
46
6
33
18
33
33
36
36
36
36
36
36
23
15
15
41
41
41
41
41
41
41
41
41
41
33
40
40
40
40
40
40
14
14
14
14
23
37
40
40
0
0
45
45
0
23
43
43
43
38
38
31
31
32
23
23
28
28
31
33
25
25
22
24
24
24
24
24
23
23
23
23
9
9
9
9
9
9
35
30
9
9
9
9
9
0
0
0
30
4
4
4
5
5
5
4
7
7
36
36
36
35
36
7
33
33
33
2
18
25
18
18
34
34
34
34
34
34
36
36
36
36
38
37
1
2
2
14
3
3
3
3
3
28
2
2
28
1
18
18
1
36
36
13
13
34
34
34
34
34
34
1
33
33
33
18
18
23
27
27
43
43
43
43
43
43
45
45
19
40
40
40
19
40
40
31
31
32
32
32
32
32
33
32
32
32
32
17
40
22
31
22
31
22
22
22
22
21
17
17
15
15
15
31
31
31
31
31
31
15
15
21
21
15
21
21
22
21
21
44
44
44
44
44
44
44
47
47
4
4
0
4
5
5
4
4
0
0
17
17
19
19
19
19
19
19
20
20
20
20
17
20
17
17
40
40
40
41
41
41
40
40
40
40
31
1
48
42
48
42
42
42
42
42
7
34
42
48
44
44
44
44
47
47
47
47
49
44
28
28
28
28
29
29
29
29
28
28
2
2
2
2
41
41
41
41
41
41
41
34
41
41
41
41
41
41
41
41
41
41
33
41
41
32
32
32
32
32
32
33
32
35
35
43
3
45
45
18
18
16
16
18
18
18
18
16
16
0
0
0
47
26
26
26
26
27
27
26
26
27
27
34
25
25
25
26
34
44
45
45
45
45
44
44
45
44
14
26
36
36
14
14
30
30
13
16
12
12
12
12
12
12
33
33
33
27
14
48
28
28
28
29
29
29
29
29
29
24
22
24
24
24
24
23
24
23
23
1
1
5
5
8
8
8
8
8
8
5
5
20
20
19
19
16
16
20
16
19
19
23
23
19
19
19
19
14
14
7
7
7
7
8
43
8
8
5
5
34
43
13
13
13
13
33
33
49
49
49
49
48
49
48
48
0
0
0
46
46
1
18
48
35
35
35
35
35
35
35
35
35
1
27
27
25
26
2
25
25
34
34
36
36
36
36
34
34
34
34
28
16
16
28
16
20
16
16
20
20
20
20
25
25
38
20
28
25
25
30
25
44
37
45
33
33
44
44
17
24
29
29
1
49
28
28
28
28
48
48
14
48
49
49
49
49
5
5
4
4
4
4
0
4
0
0
17
17
44
11
11
11
10
11
11
48
48
48
49
49
49
49
49
49
46
4
3
3
3
0
4
4
4
0
0
26
26
27
27
26
25
26
26
27
27
15
15
21
21
21
21
15
21
21
21
12
12
12
12
12
12
16
16
1
1
1
1
1
1
14
12
32
29
36
36
36
36
33
33
33
33
36
36
31
31
