42
42
47
47
42
47
47
47
0
0
0
0
0
0
0
0
0
2
47
25
25
25
25
27
20
25
27
20
20
17
49
12
46
46
46
46
42
42
42
42
42
42
5
11
47
47
47
10
5
10
11
11
9
9
9
9
9
9
41
41
41
40
41
41
40
40
40
40
21
6
21
6
8
6
6
12
8
8
8
36
36
36
36
36
36
36
36
17
34
36
17
2
2
2
2
2
2
2
2
45
44
21
10
10
2
2
2
2
2
2
2
2
10
10
16
16
16
16
13
13
13
13
13
14
47
47
47
47
47
47
42
42
42
42
24
24
23
34
34
34
24
24
23
23
20
20
25
25
25
34
20
20
23
23
44
45
44
44
44
44
46
46
46
46
14
14
14
14
14
14
28
18
1
19
19
18
18
20
19
19
19
18
39
11
11
10
10
10
10
10
10
11
11
40
40
40
40
40
42
42
49
18
18
19
19
19
20
20
20
18
18
30
19
19
19
19
19
19
1
19
1
1
38
4
4
7
7
45
3
45
45
3
3
3
3
8
8
6
8
6
6
6
6
6
11
5
47
47
47
47
15
31
31
31
31
33
33
33
33
33
13
4
13
13
17
17
17
7
10
13
14
42
42
41
4
46
46
42
42
10
46
46
28
5
0
0
43
28
0
5
0
32
28
28
0
5
28
28
28
31
36
33
33
31
31
31
31
9
9
9
9
21
21
24
24
16
16
21
21
16
16
47
37
46
46
44
44
44
3
44
44
3
26
26
17
17
37
37
37
37
26
26
26
37
29
29
29
29
29
29
32
29
29
29
17
17
45
45
49
24
21
21
21
21
21
17
17
49
43
43
43
43
37
37
39
39
39
39
39
39
39
37
11
11
12
4
4
3
3
3
3
45
45
45
45
28
24
17
11
11
11
11
9
10
10
10
1
35
1
1
7
7
7
7
13
1
1
1
1
7
7
1
7
7
7
16
7
21
45
45
45
1
1
1
1
19
19
19
19
19
19
40
40
40
40
40
41
41
41
41
41
24
24
23
23
24
24
34
34
23
23
24
24
48
48
17
17
24
24
21
21
21
21
17
17
4
43
43
27
27
27
26
26
26
49
43
43
12
12
12
12
12
12
24
24
24
35
35
29
29
29
29
29
29
29
29
28
32
17
17
17
17
13
13
13
13
14
13
37
37
26
33
49
49
46
33
46
48
46
33
12
46
48
17
44
17
17
12
13
13
44
16
44
21
21
17
17
24
24
21
21
40
40
40
6
6
6
6
6
7
7
6
7
10
10
10
10
11
11
10
11
11
26
30
30
30
30
30
30
30
26
26
36
36
14
14
31
31
31
31
31
27
27
27
27
27
27
48
27
48
46
19
19
39
43
33
33
33
33
32
32
49
32
32
43
43
28
28
21
34
34
34
35
35
39
38
35
35
35
16
16
16
16
21
21
21
21
24
24
17
16
16
16
16
37
26
26
37
37
37
37
26
37
26
26
26
26
37
37
37
37
37
26
26
26
48
9
9
9
9
36
23
23
34
34
23
23
23
23
22
22
4
4
14
14
14
14
45
45
45
45
3
3
3
3
14
14
14
14
14
14
34
34
35
34
35
35
35
35
35
35
39
14
13
13
13
13
13
16
16
16
16
37
37
42
42
42
41
46
46
42
42
46
46
12
12
12
12
12
12
19
19
27
27
27
27
27
27
27
27
0
41
0
43
3
40
40
40
30
26
26
26
30
30
30
30
26
26
32
48
32
48
37
48
41
41
32
32
48
49
38
37
38
38
38
38
38
38
12
12
37
37
16
16
16
16
13
13
13
13
14
13
13
3
16
16
16
16
13
13
13
16
14
14
14
14
14
14
43
43
26
27
26
26
27
27
27
27
3
45
9
9
9
22
22
22
22
22
22
22
22
9
4
15
9
45
34
34
23
23
23
23
24
24
24
24
36
36
36
36
36
36
36
36
36
8
6
12
8
12
12
28
26
30
26
26
30
30
30
19
26
26
14
14
44
44
44
44
46
46
46
46
44
45
33
12
12
15
4
15
12
17
17
17
15
33
33
33
32
32
32
32
32
32
42
42
4
42
48
27
30
30
39
39
39
39
39
39
5
5
4
4
4
4
5
5
5
5
25
29
29
29
29
29
29
32
29
29
21
21
17
17
21
24
36
36
31
31
31
31
31
17
14
37
43
14
14
14
14
49
39
39
39
39
39
39
6
6
6
6
6
7
7
7
32
6
28
28
9
9
28
28
2
0
0
0
0
0
0
0
0
43
31
31
1
1
38
19
19
19
19
1
19
1
1
33
39
35
35
8
8
15
15
15
15
8
15
8
8
16
39
38
38
38
38
38
38
38
38
41
41
37
24
38
24
24
7
7
18
18
18
18
7
7
7
7
36
36
31
31
31
31
31
31
38
38
32
32
32
33
32
32
33
33
33
27
27
27
27
27
27
26
27
19
19
45
32
32
33
32
33
33
33
32
32
25
25
25
25
20
25
20
20
20
20
45
19
19
27
27
27
27
26
26
27
26
17
17
17
21
21
21
21
21
21
24
44
44
44
44
44
47
47
47
4
4
3
3
3
3
43
43
3
3
20
20
20
20
25
20
25
25
25
25
9
9
9
9
9
9
9
11
11
8
2
2
2
2
2
2
2
2
10
10
15
15
10
10
1
1
1
1
2
2
2
2
49
49
45
45
49
49
49
49
45
45
37
9
43
43
35
3
3
3
3
3
4
3
34
34
6
8
6
6
6
8
8
8
8
38
3
18
18
20
19
20
20
18
18
19
19
28
28
28
28
28
28
30
30
38
38
38
38
38
38
38
38
41
41
1
1
19
19
19
19
1
1
1
19
29
29
29
29
29
29
29
29
25
25
43
26
26
26
26
30
26
30
30
30
30
23
23
34
34
24
24
23
23
24
24
6
7
7
7
11
11
6
6
47
47
11
11
30
43
18
20
20
20
18
18
18
18
18
18
43
43
40
40
40
42
25
43
11
11
11
11
10
10
10
10
9
9
9
9
11
11
11
11
10
10
10
10
1
11
1
1
26
26
26
26
26
30
30
30
30
30
22
22
48
48
41
48
41
41
34
23
23
23
23
23
23
24
18
18
18
18
18
18
20
20
20
20
4
4
4
4
5
5
5
5
5
9
22
24
14
14
8
8
15
15
15
15
15
15
15
8
12
12
12
12
12
12
21
40
40
38
38
38
38
38
38
41
41
39
42
41
42
42
42
42
48
48
46
48
20
20
20
20
27
25
25
25
25
25
33
33
33
33
32
32
32
32
32
32
32
33
33
33
9
32
32
33
33
10
10
2
2
2
10
1
1
1
1
44
47
8
8
8
8
8
18
18
18
8
8
1
1
1
1
2
2
2
2
11
10
10
35
35
34
35
35
35
35
35
34
34
11
16
16
16
16
13
13
13
13
13
13
27
5
7
8
8
8
8
15
15
15
8
8
8
1
41
7
45
45
45
41
7
33
33
32
32
33
33
33
32
32
26
27
5
27
27
27
27
27
19
4
4
4
5
5
5
5
34
34
15
13
35
35
35
36
34
34
35
35
8
31
7
7
8
8
18
18
18
18
48
48
48
48
48
37
37
37
17
49
48
12
1
9
10
28
5
15
22
2
22
22
22
22
22
28
22
22
48
42
49
49
22
15
44
44
49
44
21
21
22
21
22
22
21
21
29
29
29
29
29
29
29
25
25
25
0
9
5
5
5
5
5
4
4
4
4
32
0
28
2
16
16
16
16
0
0
0
11
19
19
19
0
7
6
7
7
0
1
6
6
21
21
16
16
21
30
16
16
18
18
20
20
20
18
18
18
18
18
28
28
28
22
28
7
28
45
44
46
46
46
46
44
44
44
44
40
40
40
40
40
40
42
40
42
42
42
42
47
47
47
47
47
47
4
4
3
3
3
3
45
45
3
3
12
12
15
12
15
15
15
15
15
15
29
29
29
29
25
29
29
29
25
25
37
37
39
39
39
39
39
39
39
22
22
23
23
23
23
23
23
34
23
49
47
36
36
31
31
31
31
31
31
44
43
43
39
39
12
45
39
45
15
15
12
15
15
15
15
15
49
45
45
3
45
3
3
3
3
4
4
46
46
3
4
3
3
0
3
0
0
43
43
22
22
22
22
22
22
22
22
22
15
17
17
49
21
41
21
40
21
40
40
40
40
40
21
24
16
16
16
16
21
14
41
41
41
41
41
41
40
40
40
40
45
38
48
48
48
48
46
37
48
37
42
42
46
46
49
42
42
42
49
47
44
47
47
44
44
44
44
44
44
16
16
24
15
22
22
22
22
22
22
22
22
15
22
24
25
20
20
20
25
25
25
25
20
20
23
48
30
23
35
35
35
35
35
35
34
34
34
34
30
23
5
5
23
4
4
4
5
5
5
5
5
40
40
43
23
43
4
5
4
4
5
5
5
5
5
5
34
49
49
49
49
43
43
43
43
43
43
12
15
15
15
15
15
36
15
31
41
31
31
31
31
12
41
17
17
17
17
13
13
13
13
13
14
35
35
35
46
0
6
6
6
6
6
7
6
7
7
28
28
28
28
28
28
30
28
38
38
38
38
38
38
38
38
49
49
49
49
43
43
43
43
32
33
43
43
43
43
49
49
49
49
33
43
43
47
47
47
47
39
41
47
47
44
17
11
17
10
10
10
10
11
11
10
10
17
13
13
13
13
35
35
37
37
39
39
39
39
37
39
39
11
11
11
11
10
11
10
10
0
34
9
9
9
9
35
11
11
48
48
48
48
48
41
41
41
48
48
48
48
48
48
37
37
37
48
48
49
8
8
8
8
6
6
6
6
6
17
17
4
27
25
27
27
25
25
25
25
20
20
34
34
5
35
35
35
35
34
34
35
35
39
39
37
39
39
39
39
39
37
37
32
32
48
49
37
48
37
37
33
48
32
32
7
7
28
28
28
28
28
1
20
28
30
12
12
12
12
12
12
4
3
18
41
41
41
0
40
41
40
0
0
0
14
14
31
31
9
9
31
31
9
9
36
36
45
45
49
49
49
49
49
49
45
45
45
44
45
14
8
24
8
8
15
15
34
34
8
8
24
24
14
48
6
6
6
6
6
7
7
7
6
14
33
14
25
30
30
30
30
30
30
48
25
22
22
23
23
23
23
23
34
23
23
10
28
28
28
28
28
30
28
2
2
2
2
2
2
30
30
30
30
30
30
25
25
25
25
45
45
45
44
44
44
44
44
44
44
46
46
46
46
49
49
49
47
47
47
47
49
11
46
47
47
14
12
12
12
5
9
14
21
2
5
5
5
4
4
4
4
43
22
24
24
24
0
0
0
0
0
0
0
0
2
0
31
31
33
33
33
31
31
33
33
40
38
40
40
41
41
38
41
41
41
34
34
36
36
36
36
36
36
36
36
34
34
36
36
36
36
36
36
36
36
18
18
18
18
46
46
20
20
42
42
46
46
42
41
42
42
48
7
7
1
1
1
1
7
7
7
1
49
43
