46
43
43
43
26
26
21
24
38
38
24
24
38
38
38
38
42
42
42
42
24
24
24
25
35
35
35
35
36
25
36
49
49
49
49
25
35
35
47
48
47
47
48
49
48
48
46
46
44
25
25
12
26
12
12
12
12
12
12
27
27
27
27
25
44
44
47
47
5
47
47
47
19
15
19
12
12
14
14
8
8
12
12
14
14
8
8
17
21
1
45
45
45
45
45
45
21
21
7
8
7
7
7
7
10
10
10
10
36
48
46
46
49
34
48
48
34
34
46
46
6
6
9
9
21
21
6
21
21
17
47
47
29
29
29
29
28
29
29
29
31
30
30
36
49
36
2
24
34
34
49
8
36
32
36
36
34
36
34
34
39
1
1
3
8
1
1
3
3
3
3
21
21
21
21
21
21
22
22
22
22
8
46
47
47
2
2
2
2
2
2
2
45
47
43
5
5
4
5
34
34
5
34
47
4
4
31
31
33
33
33
33
33
33
46
31
31
43
42
43
43
43
43
43
43
45
42
45
19
18
18
18
19
19
19
19
20
19
6
6
6
6
9
9
6
6
17
17
10
10
31
24
32
32
43
44
43
43
44
44
44
44
17
10
17
12
26
38
38
38
38
38
11
11
19
35
35
11
11
11
11
11
11
13
13
13
14
13
17
16
16
16
16
16
16
16
16
9
9
9
9
30
30
30
9
33
33
33
42
28
33
33
33
31
31
42
18
28
28
39
39
39
39
39
39
28
28
17
39
39
39
39
39
39
28
39
28
28
49
21
48
13
13
13
14
13
23
23
23
23
23
18
18
49
15
49
49
49
32
32
26
32
32
32
32
32
32
49
16
17
16
16
38
17
17
17
37
37
37
37
15
15
49
22
1
1
7
7
4
4
4
4
7
7
11
11
7
7
7
7
22
23
23
47
23
23
18
18
9
9
9
9
30
9
30
30
7
9
9
40
40
40
40
37
40
37
37
39
37
30
45
45
45
45
45
45
45
8
22
7
26
25
25
27
25
27
27
26
26
26
26
44
22
14
14
14
14
14
49
49
18
18
18
18
18
18
18
46
20
20
31
31
29
29
31
31
31
47
2
35
30
7
7
10
10
10
25
27
27
26
26
27
30
27
27
24
30
30
47
24
15
15
15
24
15
12
12
14
14
6
6
12
12
14
14
19
19
19
19
18
18
18
18
19
20
25
49
30
21
49
21
28
29
27
27
29
9
29
29
9
21
21
15
15
15
15
15
1
2
2
2
2
4
4
4
4
4
20
20
18
18
18
18
18
18
18
18
15
15
15
15
15
11
11
11
11
11
11
35
35
11
11
48
43
36
36
21
34
43
48
20
20
20
19
16
16
16
16
34
37
37
37
37
40
37
37
37
39
33
42
33
33
33
33
32
32
32
32
47
32
32
19
23
25
25
25
24
24
24
23
24
24
14
14
14
14
8
14
8
8
8
8
30
30
29
29
29
29
29
29
29
29
35
37
11
11
11
11
11
11
11
11
38
38
36
9
9
9
9
48
49
30
30
49
49
49
49
9
9
24
24
24
24
24
24
25
25
25
25
30
45
45
17
17
46
46
17
17
17
17
48
48
48
48
15
15
48
48
47
47
49
49
47
47
47
47
42
42
46
46
34
34
34
5
5
5
5
4
4
4
19
19
8
8
8
8
8
8
18
18
19
19
19
19
19
19
49
49
49
49
49
49
36
36
36
36
36
35
36
36
35
35
34
34
34
34
34
34
36
36
36
26
26
26
26
27
27
27
27
25
25
3
3
3
3
1
1
1
1
0
1
22
22
28
28
39
39
28
28
41
39
39
39
7
7
11
11
7
7
7
7
7
7
12
17
12
12
12
12
12
12
12
12
0
0
14
21
17
14
20
21
20
20
21
21
20
20
22
22
22
22
22
22
22
22
24
22
47
47
47
47
35
35
35
41
41
35
41
41
41
41
40
40
40
40
3
43
43
43
42
43
47
43
43
45
45
45
45
42
42
45
45
7
7
42
42
36
36
7
46
36
43
7
7
18
18
11
11
7
7
23
23
25
23
23
23
23
23
26
0
3
3
3
3
3
3
3
0
0
4
5
5
5
5
5
35
35
4
4
3
43
38
38
38
38
38
26
38
38
13
26
26
3
3
27
3
3
31
31
33
33
33
33
33
33
31
31
13
13
13
13
13
32
32
32
48
32
32
32
32
48
15
12
17
17
12
17
17
17
17
17
48
38
38
38
38
26
38
38
38
26
26
20
20
20
20
44
44
44
44
44
44
44
44
44
44
17
17
17
17
12
12
17
17
12
12
35
46
45
45
1
2
2
2
37
1
1
1
37
37
37
37
37
37
37
41
41
41
41
41
41
40
40
40
40
11
11
11
11
11
11
35
25
11
11
8
8
8
8
37
8
14
37
38
38
21
1
33
14
7
2
4
4
4
7
7
7
7
7
31
6
22
22
22
22
21
21
21
21
22
22
20
20
20
20
15
15
15
15
35
37
36
36
37
36
37
37
37
13
13
13
13
13
27
27
44
27
43
43
43
43
21
21
21
21
25
21
32
42
13
13
13
13
13
34
46
46
40
46
0
0
1
1
0
0
0
45
45
45
45
45
45
45
45
48
48
48
48
46
46
46
46
49
3
3
3
3
49
49
49
49
49
49
14
14
14
14
14
42
5
49
4
4
2
1
2
2
2
2
39
4
26
7
26
4
35
35
33
31
31
31
7
35
35
35
35
38
38
18
18
18
18
18
10
18
18
25
20
20
16
16
16
19
16
16
16
16
16
47
9
30
0
0
3
0
3
3
3
3
24
24
25
25
47
47
47
24
47
47
47
6
6
47
47
47
47
47
47
24
48
25
48
25
25
24
24
24
48
46
42
42
42
42
42
42
42
42
46
46
46
6
0
6
40
40
40
40
41
41
41
41
41
41
7
43
45
11
1
1
0
1
0
0
0
45
45
3
3
3
3
3
3
3
0
0
0
1
8
3
3
3
3
1
1
1
1
34
36
42
36
32
36
36
0
36
0
0
25
8
25
25
35
2
2
31
31
26
33
33
31
31
33
33
7
33
26
27
27
23
23
23
23
23
27
35
18
18
8
8
37
28
28
28
28
28
28
41
41
41
41
14
14
32
32
43
15
43
43
44
44
15
15
2
2
2
2
2
2
2
43
15
17
15
12
41
44
25
27
41
41
27
44
27
40
26
40
48
48
48
48
48
48
46
46
46
46
13
9
13
13
13
9
46
46
29
28
29
29
29
29
29
29
30
13
8
15
15
8
44
44
44
44
44
44
44
45
44
0
0
0
0
36
32
32
32
32
32
32
32
32
32
32
44
34
41
27
27
15
15
41
15
15
43
41
43
40
43
26
4
43
40
5
5
35
5
5
4
5
5
42
40
40
43
36
26
36
30
30
29
29
29
29
29
29
28
29
14
15
21
16
16
16
16
16
16
16
16
32
13
14
39
39
39
8
39
39
8
26
26
26
14
8
36
12
12
17
17
17
17
12
12
17
36
41
41
41
41
28
28
28
28
49
45
28
28
42
40
40
40
40
41
41
41
40
39
41
26
10
10
6
10
6
6
6
6
6
6
20
20
20
20
34
34
34
34
34
14
12
12
12
12
12
6
6
14
14
31
31
33
33
31
33
33
42
33
33
2
2
2
2
2
4
4
4
4
4
20
20
20
20
16
16
16
16
16
16
16
16
15
15
42
42
35
35
36
36
42
42
36
36
42
36
40
40
40
40
40
41
41
41
41
41
8
12
27
27
25
27
26
26
27
26
25
25
8
32
9
30
30
30
9
9
9
9
9
9
8
14
5
5
4
5
34
34
5
5
10
4
4
46
31
28
14
14
33
41
33
33
33
33
28
28
14
33
33
42
37
38
6
6
6
6
10
10
46
33
38
38
33
33
48
46
40
40
46
30
30
30
30
10
10
10
10
10
10
14
48
48
46
46
32
32
48
21
21
21
21
21
21
21
21
17
13
13
13
13
48
24
49
48
48
35
35
35
35
35
35
31
31
31
31
48
34
34
34
5
5
5
5
4
4
4
49
36
22
22
22
22
22
24
22
22
10
22
22
10
14
14
32
32
33
33
32
32
32
32
20
20
48
48
19
20
20
20
0
0
0
12
0
0
0
0
12
12
10
8
8
7
8
8
8
8
8
44
38
38
38
44
27
23
23
23
23
23
23
23
44
26
35
18
18
6
6
6
6
10
10
6
6
5
6
17
25
25
23
23
23
23
23
23
24
24
42
36
21
38
36
21
21
2
2
4
4
4
4
4
4
2
2
16
22
16
16
16
16
16
16
15
16
12
29
44
0
31
44
31
31
29
29
29
44
44
12
9
10
30
30
30
9
9
9
9
9
43
42
46
43
42
42
42
42
1
1
42
42
0
0
0
14
31
38
38
37
37
37
37
36
43
36
29
29
29
29
29
29
31
31
46
30
29
3
3
3
3
1
1
1
1
1
1
22
22
27
24
12
35
22
35
17
38
25
24
25
25
24
24
24
24
10
10
24
21
30
30
30
30
11
11
35
35
11
11
11
11
11
11
35
26
26
38
38
39
39
39
39
26
39
24
24
23
24
25
25
25
25
48
49
24
24
19
22
22
22
22
24
22
22
22
22
47
47
18
18
19
19
19
47
47
47
19
19
18
22
19
19
19
19
19
19
41
41
40
40
42
40
42
42
42
42
15
15
15
15
15
13
13
13
13
13
31
31
31
31
35
31
10
10
10
10
10
10
10
30
30
30
29
4
27
27
30
27
27
28
27
27
30
30
14
13
13
13
13
14
13
13
32
32
1
1
1
1
1
1
4
4
3
4
1
1
18
18
23
23
23
23
23
28
28
39
41
33
33
28
28
28
28
28
5
5
5
5
34
34
34
5
5
3
15
30
34
34
34
34
34
34
31
27
27
27
27
26
26
6
6
6
6
6
6
6
6
25
10
29
7
7
7
7
11
11
7
7
0
0
0
0
8
8
0
0
2
2
2
2
2
2
2
23
4
25
25
46
46
26
26
26
26
27
27
27
27
40
0
0
0
1
1
1
1
9
24
24
20
23
23
23
23
25
25
23
23
21
40
45
20
20
20
19
20
20
21
21
13
13
13
13
13
38
38
38
38
45
45
45
45
45
45
45
45
4
46
46
48
48
48
48
46
46
48
48
14
12
15
14
17
17
17
12
17
17
17
17
10
10
10
10
6
6
6
6
6
8
31
31
8
8
8
39
28
39
39
39
39
39
39
1
28
28
37
37
40
37
40
40
40
40
10
10
10
10
30
30
37
39
43
43
43
43
42
43
5
43
5
5
5
5
34
5
34
34
30
30
9
30
9
9
9
9
9
9
49
49
49
49
49
49
19
20
19
19
19
18
18
19
19
19
19
44
44
44
44
44
44
44
44
44
44
20
20
20
20
26
26
39
39
39
39
39
39
39
26
28
41
41
41
28
28
28
28
28
28
38
37
37
37
37
37
37
37
37
3
5
5
34
34
34
5
5
5
5
