2565 4979 001
2142 3 2565 3 1514 3 2 3 
1509 3 1 3 2515 2 2141 4 
1722 2 2077 2 2079 1 175 2 
5 2 2515 3 1511 3 2139 2 
4 2 2138 3 1070 1 1510 1 
7 3 1747 2 
6 3 1746 3 1543 2 12 4 
9 1 1549 3 15 3 1741 3 
1740 1 1548 1 8 1 10 1 
11 2 1739 1 1551 3 9 1 
194 2 10 2 1550 3 1738 3 
1745 3 13 3 1545 4 7 4 
14 1 12 3 1744 3 1544 2 
15 3 1325 2 13 1 1743 1 
14 3 8 3 1742 3 1546 3 
1764 1 2081 2 2083 1 2453 1 
508 4 1601 2 84 3 1868 2 
33 2 651 2 
2429 2 84 3 1603 3 
33 3 21 2 1060 3 1311 2 
825 1 20 2 1310 1 735 1 
23 1 2371 2 911 1 1899 2 
22 1 910 2 24 1 1898 2 
913 2 23 1 25 2 960 1 
26 2 1896 4 912 2 24 2 
1895 1 25 2 27 3 907 2 
906 3 28 3 26 3 1894 4 
27 3 1893 1 29 1 909 4 
1201 1 908 1 28 1 30 1 
31 1 915 2 29 1 1232 1 
30 1 1228 2 914 2 2010 3 
1062 1 905 2 1312 2 825 1 
20 3 18 2 694 2 
36 2 2298 2 
1291 4 318 3 36 3 38 2 
34 2 317 3 1290 2 35 3 
38 2 2294 2 320 3 40 2 
37 2 319 1 35 2 1267 2 
40 2 940 3 322 2 1281 3 
39 2 321 2 37 2 2295 2 
854 2 174 3 1498 2 1725 4 
134 3 2382 1 
46 2 1798 2 228 2 838 3 
562 1 66 1 2338 3 2517 1 
840 3 1796 2 48 2 46 1 
839 2 43 2 1795 1 45 1 
842 2 48 3 1794 2 50 2 
47 3 1793 2 45 2 841 3 
1792 2 52 2 50 2 844 2 
843 2 1791 2 47 2 49 2 
52 1 2397 1 846 2 1802 3 
1801 2 51 1 845 1 49 2 
560 4 2338 4 2356 2 355 2 
685 1 210 1 2130 1 55 1 
2129 1 56 1 54 1 684 1 
57 2 55 1 687 1 2128 2 
58 2 56 2 2127 3 686 3 
2134 1 689 1 59 2 57 2 
60 2 58 2 688 3 2133 2 
2132 1 691 2 59 2 61 2 
60 2 62 2 690 2 2131 3 
63 3 693 2 2126 4 61 2 
62 3 692 3 2411 3 2125 3 
557 4 65 4 2365 3 356 4 
556 2 64 4 361 2 66 2 
555 1 44 1 929 2 65 2 
1814 2 1191 3 
1816 2 2010 4 1228 3 1191 4 
2015 3 70 3 526 3 
528 2 2019 2 71 2 69 3 
72 1 527 4 70 2 2018 2 
71 1 73 1 2017 3 530 1 
72 1 75 3 529 4 2016 1 
2423 2 1713 2 2192 2 77 2 
2021 3 73 3 532 3 81 4 
1823 2 2194 2 79 3 77 2 
2193 3 2006 5 76 2 74 2 
1799 1 2196 3 1948 1 79 2 
2195 3 1790 4 76 3 78 2 
1948 2 2428 3 83 2 2198 3 
1897 3 531 2 2020 2 75 4 
2427 2 83 1 233 1 2200 2 
80 2 2426 1 82 1 2199 1 
19 3 1600 4 17 3 2553 2 
1945 2 564 2 113 2 86 2 
112 3 2375 2 85 2 1944 3 
88 3 896 3 1190 4 251 5 
87 3 1189 3 97 3 895 1 
1597 3 92 2 1485 3 90 2 
1596 2 89 2 1024 1 
92 1 94 2 1595 1 1033 1 
91 1 89 2 1031 1 1594 2 
241 3 94 2 1599 1 2261 2 
2260 2 93 2 91 2 1598 3 
1184 1 588 1 898 1 96 1 
1768 1 1183 2 95 1 897 1 
1186 3 904 3 98 3 88 3 
1185 1 903 1 97 3 99 2 
100 3 1188 2 98 2 902 2 
99 3 901 4 1187 3 587 2 
1869 2 605 2 1415 5 102 1 
1416 1 101 1 1993 3 709 2 
104 1 713 1 2001 2 1413 1 
103 1 720 1 2000 2 1414 4 
108 3 106 3 2207 2 1160 2 
105 3 2206 2 1159 2 
108 4 110 3 1158 3 2203 5 
105 3 2202 3 1157 3 107 4 
1156 1 2471 3 110 1 2205 2 
2204 1 1155 2 109 1 107 3 
736 2 122 1 2450 1 921 2 
113 3 86 3 121 4 2396 2 
112 3 2395 5 85 2 114 3 
2394 2 564 3 115 2 113 3 
563 2 116 1 114 2 2393 1 
115 1 117 1 2282 1 2400 3 
916 1 116 1 2399 2 118 2 
586 3 2398 2 119 3 117 2 
2397 2 1802 4 2292 2 118 3 
2392 1 267 1 2380 2 121 3 
2375 3 112 4 2391 4 120 3 
920 2 2449 1 111 1 1711 1 
1962 2 1748 1 2502 1 
191 4 1748 2 
2144 2 126 3 2447 1 876 1 
2135 3 131 3 875 3 125 3 
931 4 2149 2 128 2 882 2 
2148 1 127 2 129 3 881 1 
884 3 2147 4 130 3 128 3 
288 1 2146 1 883 2 129 3 
126 3 132 3 878 1 2153 2 
131 3 877 3 2152 3 133 3 
2151 1 880 2 132 3 931 3 
42 3 2093 4 
146 2 1690 2 1541 1 1081 1 
869 4 137 3 307 3 757 3 
136 3 138 1 868 1 756 1 
139 3 137 1 860 2 752 1 
140 4 751 3 138 3 859 3 
139 4 754 2 862 3 141 2 
142 2 753 1 861 1 140 2 
141 2 143 3 864 4 748 2 
142 3 747 2 144 2 863 2 
750 2 143 2 866 2 145 4 
865 4 144 4 673 4 749 5 
135 2 639 3 158 4 1082 3 
148 2 154 2 2352 3 1454 2 
2491 4 147 2 2351 2 2522 2 
616 3 150 2 152 3 2345 3 
155 1 149 2 2344 1 615 2 
1469 3 152 3 
151 3 1468 2 149 3 2346 3 
2348 2 156 3 612 3 154 2 
147 2 153 2 2347 2 611 2 
156 2 150 1 610 1 2350 2 
155 2 609 2 153 3 2349 3 
1502 1 159 2 161 1 858 3 
146 4 172 3 642 4 1083 3 
157 2 173 3 857 2 1501 3 
856 2 161 2 1504 3 2121 2 
160 2 157 1 1503 4 855 2 
167 2 566 2 399 2 163 3 
2550 3 565 3 823 4 162 3 
171 2 569 1 816 1 165 1 
815 3 568 3 164 1 166 1 
167 2 2367 2 165 1 571 2 
166 2 570 2 162 2 2366 4 
169 1 573 2 341 2 820 2 
168 1 170 1 572 3 819 1 
575 1 818 1 169 1 171 2 
574 2 164 2 170 2 817 4 
1542 3 1084 1 158 3 2087 1 
1053 3 159 3 174 3 852 2 
851 3 1499 2 41 3 173 3 
2545 3 3 2 178 3 176 4 
2077 4 2546 3 181 3 175 4 
2543 2 2080 2 178 3 2563 2 
177 3 2079 2 2544 3 175 3 
180 2 2074 3 2541 2 182 2 
2430 2 179 2 2073 3 1119 1 
182 1 2539 1 2076 2 176 3 
2075 2 2540 1 181 1 179 2 
184 4 2037 2 190 3 928 2 
183 4 927 5 185 4 1142 3 
1927 2 930 2 184 4 
2071 1 1753 2 1119 1 351 2 
924 2 1076 3 188 1 2120 1 
923 1 189 3 187 1 1153 1 
190 4 188 3 1074 4 926 4 
352 3 189 4 183 3 2054 2 
2005 3 192 4 124 4 
1748 2 733 2 191 4 2004 2 
1579 5 194 3 195 3 1399 4 
11 2 1578 1 193 3 1398 2 
1400 2 193 3 1580 1 
1736 1 1226 1 697 2 1728 2 
637 1 2091 1 1080 1 1517 1 
2369 1 554 1 1193 2 404 1 
202 4 200 3 237 3 1012 3 
1011 1 199 3 236 1 205 1 
202 2 918 4 
199 4 917 3 235 2 201 2 
204 2 206 1 1008 2 234 1 
2427 3 203 2 1007 2 233 2 
206 1 1010 1 200 1 232 4 
203 1 231 2 205 1 1009 2 
1422 1 622 1 208 2 1658 3 
621 4 207 2 228 2 1657 3 
211 2 1363 2 
211 2 54 1 1204 1 2520 4 
209 2 210 2 1200 3 2516 2 
1721 3 1022 4 213 4 215 3 
1021 3 406 3 212 4 1720 3 
215 2 217 2 1723 2 1020 1 
1019 3 214 2 1722 3 212 3 
1018 2 217 3 1717 3 219 2 
216 3 1017 3 1716 3 214 2 
1016 3 219 3 1719 3 221 4 
1718 2 218 3 1015 1 216 2 
221 3 2190 2 1030 2 786 3 
220 3 1029 3 218 4 1714 2 
256 2 1875 2 238 2 1382 4 
224 2 2236 4 1046 3 226 4 
1045 1 223 2 2237 1 
1676 1 226 3 1048 3 2234 2 
225 3 223 4 1047 3 2235 3 
1676 2 2232 2 230 3 1050 5 
837 1 1797 3 208 2 43 2 
2239 3 1052 2 1568 2 230 3 
1051 3 1960 2 227 3 229 3 
206 2 232 5 2023 2 234 2 
2022 4 231 5 236 4 205 4 
2025 4 234 1 204 2 82 1 
233 1 2024 1 231 2 203 1 
202 2 237 1 
232 4 200 1 237 1 2056 1 
199 3 2055 1 236 1 235 1 
1874 1 1381 2 1844 1 222 2 
2067 2 240 1 242 2 1448 1 
1447 2 239 1 245 3 2066 1 
93 3 1446 3 2069 5 242 4 
1445 4 2068 2 241 4 239 2 
246 1 2063 2 1452 1 1737 1 
1728 2 490 3 1120 3 1736 1 
246 3 2065 3 1450 4 240 3 
243 1 2064 1 245 3 1449 2 
254 1 482 1 248 1 700 1 
247 1 948 2 1749 1 699 1 
2061 2 1737 1 1453 1 
697 3 1736 2 950 4 1749 2 
252 3 945 5 704 4 87 5 
253 1 944 3 251 3 703 1 
252 1 702 2 254 1 947 1 
247 1 253 1 946 1 701 1 
1659 3 414 3 412 3 987 4 
1876 1 1379 1 598 2 222 2 
260 2 551 1 1573 2 258 2 
548 3 1574 2 717 3 257 2 
1566 3 1806 4 262 4 260 4 
257 2 1805 2 1567 2 259 4 
262 4 1564 3 1808 3 264 4 
261 4 1565 3 259 4 1807 3 
1570 3 266 4 1810 3 264 4 
1571 3 1809 2 263 4 261 4 
1568 2 266 3 2239 3 1812 2 
265 3 1811 4 1569 2 263 4 
2454 4 268 1 120 1 2205 2 
2453 1 267 1 2204 1 269 1 
2203 3 270 2 268 1 2456 1 
271 2 2455 2 269 2 2202 3 
270 2 2207 1 272 1 2452 2 
2451 1 2206 1 271 1 
511 2 534 2 274 2 426 2 
510 2 533 2 283 1 273 2 
1386 2 618 2 286 2 1871 1 
1470 2 2145 1 2143 1 304 1 
278 2 509 3 280 2 536 2 
277 2 1601 1 535 2 508 3 
282 4 507 4 538 4 280 4 
277 2 279 4 506 2 537 1 
540 4 284 3 505 2 282 2 
279 4 504 1 539 1 281 2 
542 2 503 1 274 1 284 2 
281 3 541 2 283 2 502 3 
1756 1 1122 1 1563 2 1051 2 
1385 2 275 2 1870 2 598 3 
1813 2 675 2 288 1 294 3 
130 1 1982 3 287 1 674 1 
673 1 2224 1 290 1 865 1 
672 2 291 3 289 1 2223 3 
290 3 2229 4 669 4 1909 3 
676 2 1908 4 293 2 1819 2 
1818 1 292 2 679 2 294 3 
678 3 1817 4 287 3 293 3 
1615 5 296 4 1841 4 681 4 
297 2 2390 2 680 2 295 4 
296 2 1832 3 683 2 298 3 
682 2 297 3 1826 2 1908 4 
2137 3 300 3 870 4 
2136 5 303 1 299 3 
302 1 2143 1 304 1 
2142 1 301 1 305 2 
304 1 300 1 2145 1 
303 1 276 1 301 1 
306 2 2141 5 302 2 
305 2 2140 2 
517 1 136 3 308 1 648 3 
309 1 647 1 516 2 307 1 
519 3 308 1 650 2 310 2 
311 3 649 4 518 3 309 2 
310 3 644 2 312 4 521 2 
313 4 643 4 520 3 311 4 
646 2 312 4 314 2 523 2 
315 2 313 2 645 2 522 3 
314 2 316 2 653 3 525 3 
2319 1 315 2 652 1 524 2 
318 3 2176 2 36 3 
317 3 2175 3 319 2 35 3 
320 2 318 2 395 2 38 1 
319 2 37 3 321 3 2181 2 
40 2 2180 3 320 3 322 2 
1975 2 2179 2 321 2 39 2 
1255 2 324 1 
2155 1 325 1 1250 1 323 1 
326 1 2154 2 324 1 1249 3 
325 1 2157 2 1248 2 327 1 
2156 1 328 1 326 1 1247 2 
327 1 329 2 2159 1 1254 2 
330 3 1253 2 328 2 2158 3 
329 3 1252 2 2161 2 331 2 
1251 1 460 1 2160 1 330 2 
2168 3 907 3 1742 2 2162 3 
336 4 334 4 2464 5 1582 4 
2463 4 333 4 1581 2 481 1 
338 1 1584 2 2462 1 336 1 
333 4 2461 1 1583 1 335 1 
2460 2 340 3 338 1 1586 1 
2459 1 335 1 1585 1 337 1 
1588 3 2458 4 340 4 342 2 
337 3 1587 4 339 4 2457 3 
1590 3 2470 2 168 2 342 2 
2469 2 341 2 1589 1 339 2 
2168 2 1740 1 913 2 2166 1 
1935 1 1986 2 354 1 345 3 
346 5 1987 4 1934 4 344 3 
345 5 347 3 1937 4 1984 4 
346 3 348 2 1936 1 1985 1 
347 2 1931 2 2317 2 349 3 
2337 3 350 3 1930 3 348 3 
1933 3 349 3 1988 2 351 3 
1932 2 1989 3 186 2 350 3 
782 3 190 3 926 3 928 2 
354 2 1980 4 1929 2 483 2 
353 2 1928 1 344 1 1804 3 
925 2 2504 1 1639 1 53 2 
357 2 1645 3 361 2 64 4 
356 2 2365 1 
1336 4 360 2 363 2 1764 2 
2189 3 1378 1 1401 4 628 1 
620 1 1335 1 358 2 1765 2 
929 2 65 2 1643 1 356 2 
1338 2 1762 4 363 2 365 2 
1763 1 1337 1 362 2 358 2 
365 2 1760 2 1334 3 
364 2 1333 1 362 2 1761 1 
431 3 2151 3 369 3 367 4 
430 2 372 3 2150 2 366 4 
369 1 375 3 2153 2 429 3 
368 1 428 2 366 3 2152 1 
427 1 371 5 2147 2 373 1 
426 5 2146 5 370 5 511 5 
373 2 425 3 367 3 2149 2 
2148 1 424 2 372 2 370 1 
2144 2 423 2 1364 3 375 3 
368 3 422 3 374 3 2135 3 
2288 3 377 3 2185 5 731 3 
730 2 2177 1 2287 1 376 3 
1774 3 379 3 488 4 
378 3 1770 2 487 3 
2403 3 1322 3 2412 3 1248 4 
2104 3 428 3 382 2 2401 2 
2103 2 431 1 383 1 381 2 
430 1 382 1 384 1 2102 1 
425 2 2414 2 2109 2 383 1 
2413 2 1251 1 1317 1 553 2 
387 1 2414 2 2107 1 427 1 
386 1 426 1 2106 1 534 1 
2284 3 727 4 2178 4 398 3 
1771 2 1773 2 2018 2 1101 1 
1729 3 1324 3 391 4 1256 3 
2409 3 1323 3 1255 3 390 4 
393 2 423 3 2101 2 1419 3 
392 2 422 1 2100 2 2401 1 
2182 4 398 3 2286 3 725 4 
2181 2 319 2 2485 2 2175 3 
1618 2 1006 1 397 2 985 1 
984 3 396 2 1788 3 1005 2 
726 3 394 3 2283 2 388 3 
823 3 162 2 2426 2 2366 4 
1552 1 2370 1 403 1 
1752 2 402 2 404 2 2369 2 
2368 2 1536 1 405 2 401 2 
1539 2 554 1 400 1 404 1 
1538 2 403 1 401 2 198 1 
1529 3 406 2 2377 3 402 2 
213 3 1528 2 405 2 2376 1 
2487 2 408 2 1865 1 
407 2 2488 3 1864 2 989 3 
1074 2 411 1 
599 2 1076 4 411 2 
1153 1 410 2 409 1 
986 2 419 2 255 3 1660 4 
2201 3 1469 2 
255 3 984 3 415 2 1889 2 
985 1 1888 1 614 2 414 2 
1664 1 421 3 982 1 417 1 
983 2 416 1 418 1 1663 4 
980 2 419 1 1666 1 417 1 
412 2 418 1 981 3 1665 3 
421 3 978 2 1496 1 2026 2 
420 3 416 3 979 4 1926 4 
423 2 429 3 393 1 375 3 
422 2 392 3 630 3 374 2 
425 3 373 2 427 2 2414 3 
424 3 372 3 384 2 430 2 
371 5 387 1 273 2 427 1 
370 1 424 2 426 1 386 1 
429 4 369 2 381 3 431 2 
2401 3 428 4 422 3 368 3 
367 2 383 1 425 2 431 1 
382 1 366 3 428 2 430 1 
1859 2 1821 1 559 1 433 2 
440 2 1820 2 432 2 1858 2 
437 4 1851 4 435 4 567 4 
1825 2 634 2 434 4 1850 1 
1849 1 439 1 437 1 1828 1 
434 4 1848 1 1827 1 436 1 
441 2 439 2 1830 4 1855 2 
436 1 1829 2 438 2 1854 1 
441 1 589 1 433 2 1853 3 
1852 2 440 1 438 2 1831 2 
664 3 1599 2 2312 3 443 2 
445 1 1598 2 442 2 2311 1 
448 2 2310 3 1593 3 
1595 1 443 1 874 1 446 1 
1594 2 1314 2 445 1 447 2 
2306 2 448 2 446 2 1597 3 
444 2 1308 3 447 2 1596 2 
450 3 1616 3 
449 3 1615 4 2374 3 681 3 
2518 3 452 4 1989 3 1038 3 
1037 3 1988 3 451 4 453 3 
454 2 2337 2 452 3 1036 2 
453 2 455 2 1035 2 2317 2 
1985 1 1042 1 456 1 454 2 
1041 1 455 1 1984 2 457 2 
1987 3 1040 2 456 2 458 2 
1986 2 459 2 1039 1 457 2 
460 2 458 2 1804 4 1044 2 
459 2 331 1 1980 3 1043 1 
1105 2 556 2 462 2 464 3 
555 1 467 3 1106 3 461 2 
464 3 470 2 1107 2 558 2 
557 3 463 3 1108 4 461 3 
560 3 468 1 1327 2 466 1 
1102 2 1821 1 559 1 465 1 
562 3 1331 4 462 3 468 3 
561 2 1332 2 465 1 467 3 
695 1 470 1 1097 3 
463 2 469 1 1098 1 
472 3 474 4 1127 3 1432 3 
1431 2 477 2 471 3 1124 2 
1434 2 474 2 1120 3 1728 2 
1715 3 471 4 473 2 1433 2 
1694 2 478 2 476 2 1428 2 
2269 2 480 2 475 2 1427 3 
472 2 1430 3 478 3 2268 2 
475 2 477 3 2267 2 1429 2 
1454 3 1482 4 949 3 955 3 
1426 1 481 1 2278 4 476 2 
480 1 2277 1 1425 1 334 1 
946 1 948 2 247 1 2040 1 
2160 1 484 1 353 2 
485 2 483 1 2161 1 
486 3 484 2 2158 3 
2159 2 485 3 1770 2 487 3 
486 3 2156 2 488 4 379 3 
2157 4 487 4 378 4 489 3 
1774 2 2154 2 488 3 
244 3 2053 3 491 3 1555 3 
2052 1 490 3 1736 1 950 3 
2379 3 724 3 1444 2 493 2 
1443 2 2378 1 492 2 494 1 
2389 1 495 2 1436 2 493 1 
2388 3 496 3 494 2 1435 2 
495 3 497 3 2387 3 1438 3 
498 2 496 3 1437 2 2386 3 
497 2 2385 1 499 1 1440 1 
500 2 498 1 2384 1 1439 2 
501 4 1442 2 2383 2 499 2 
1441 3 500 4 2382 3 
503 2 505 2 1818 2 284 3 
283 1 502 2 1817 2 510 2 
282 1 505 1 1822 1 507 1 
1819 1 502 2 504 1 281 2 
1832 3 509 3 507 2 280 2 
279 4 1826 1 504 1 506 2 
1841 3 17 4 509 4 278 3 
277 3 506 3 2390 3 508 4 
511 2 274 2 1813 3 503 2 
510 2 1982 3 273 2 371 5 
1913 2 513 2 
1912 2 514 2 512 2 
515 1 513 2 1911 1 
1915 3 514 1 
308 2 517 2 2334 4 519 4 
307 1 757 1 2333 3 516 2 
519 4 521 2 310 3 1174 3 
518 4 309 3 2335 3 516 4 
521 1 312 3 523 1 2330 2 
520 1 2329 1 518 2 311 2 
2332 3 314 3 525 4 523 3 
2331 4 520 1 313 2 522 3 
2327 2 316 2 1163 2 525 3 
2326 2 524 3 522 4 315 3 
528 2 69 3 2364 4 
528 4 71 4 530 4 2362 4 
70 2 2361 1 527 4 526 2 
73 4 2360 4 532 4 530 4 
2359 2 527 4 529 4 72 1 
2358 4 81 2 721 1 532 1 
529 4 75 3 531 1 2357 1 
274 2 1951 2 542 3 534 2 
273 2 1950 2 533 2 387 1 
536 2 761 3 278 2 1955 2 
535 2 1954 2 537 1 277 2 
538 1 536 1 280 1 1953 2 
279 4 537 1 539 1 1952 1 
282 1 538 1 1959 3 540 3 
281 4 1958 4 541 3 539 3 
284 2 540 3 1957 1 542 2 
283 2 533 3 541 2 1956 4 
544 1 1040 1 1116 2 546 2 
543 1 552 2 1039 1 1115 3 
546 2 1042 1 962 2 1114 1 
1113 3 545 2 543 2 1041 2 
550 3 962 3 1112 3 1036 3 
746 3 258 3 1996 2 551 2 
1110 3 550 4 1038 4 759 3 
547 3 549 4 1109 2 1037 2 
1805 1 257 1 740 3 548 2 
544 2 1044 2 1118 2 553 3 
1117 3 1043 2 552 3 385 2 
2370 1 403 1 1192 2 198 1 
462 1 66 1 556 1 562 1 
65 2 557 2 555 1 461 2 
464 3 64 4 558 2 556 2 
557 2 2365 1 463 2 
2356 1 560 3 432 1 466 1 
53 4 559 3 561 4 465 3 
2338 4 468 2 560 4 562 2 
467 3 44 1 561 2 555 1 
1943 3 2282 2 115 2 564 3 
85 2 1942 3 563 3 114 3 
1613 2 163 3 2339 2 566 2 
1612 2 162 2 570 2 565 2 
1297 2 1825 2 1827 1 434 4 
571 4 165 3 1611 3 569 3 
164 1 574 1 1610 1 568 3 
571 2 167 2 1609 4 566 2 
570 2 568 4 1608 3 166 2 
573 4 169 3 575 3 1607 3 
168 2 572 4 1590 3 1606 2 
171 2 575 1 569 1 1605 3 
170 1 574 1 1604 2 572 3 
579 1 577 2 1462 2 2107 1 
576 2 2106 2 1461 4 812 2 
2109 3 1460 2 579 2 581 4 
576 1 1459 2 578 2 2108 3 
1458 2 583 1 2103 2 581 3 
1457 3 2102 3 578 4 580 3 
583 2 2105 2 585 3 1456 3 
580 1 582 2 1455 1 2104 2 
585 2 1464 1 1282 3 2101 1 
584 2 1463 3 2100 3 582 3 
118 3 1938 2 916 2 2292 2 
1182 2 588 1 900 1 100 2 
1181 1 95 1 587 1 899 1 
440 1 1295 2 1831 2 1820 1 
591 1 856 1 600 1 2062 2 
2063 2 590 1 855 2 592 1 
858 3 593 3 2064 1 591 1 
594 4 592 3 857 3 2065 3 
593 4 852 2 2066 2 595 4 
851 4 594 4 596 3 2067 4 
2068 1 854 1 595 3 597 1 
814 1 2069 3 596 1 853 1 
256 2 1877 4 1380 3 286 3 
410 2 848 3 600 1 2060 1 
599 1 847 2 590 1 2061 2 
602 1 608 1 1488 2 1210 1 
603 1 601 1 1211 1 1487 1 
604 1 602 1 1490 1 1208 3 
1890 1 603 1 1489 4 613 1 
606 2 101 2 1484 2 1214 2 
605 2 963 1 607 1 1891 1 
608 1 1486 1 1212 1 606 1 
607 1 1213 2 601 1 966 1 
156 2 610 1 612 2 953 2 
952 1 615 2 609 1 155 1 
955 2 154 2 1454 2 612 3 
954 4 153 3 609 2 611 3 
614 2 1206 2 604 1 1492 2 
1491 2 1207 2 613 2 415 2 
610 2 616 3 959 3 150 2 
149 3 615 3 958 3 1468 2 
1384 3 1873 3 1687 3 618 4 
275 2 1872 3 1383 3 617 4 
1507 2 620 1 1144 1 1924 1 
1143 1 360 1 1925 1 619 1 
921 4 837 3 208 4 622 3 
920 2 207 1 623 1 621 3 
1422 1 624 2 1735 1 622 1 
1421 3 1724 3 623 2 625 3 
1326 2 626 2 624 3 1424 3 
1423 3 1316 1 625 2 627 1 
1401 4 1418 1 626 1 628 1 
629 1 1417 4 359 1 627 1 
628 1 630 2 1378 1 1420 1 
1419 3 1364 4 423 3 629 2 
814 1 853 1 632 3 2314 1 
641 3 631 3 2313 4 813 5 
1541 1 1706 1 1690 2 634 2 
1705 4 435 2 1689 4 633 2 
2088 1 1700 2 636 1 638 4 
1699 2 635 1 1542 3 2087 1 
197 1 638 4 2169 2 849 1 
637 4 1697 5 2091 4 635 4 
2183 2 642 3 146 3 1541 2 
1540 2 2307 2 821 1 
632 3 1547 3 1309 1 824 2 
639 3 1701 2 1542 4 158 4 
312 4 644 2 1236 2 646 2 
649 3 643 2 311 2 1235 1 
653 3 646 2 314 2 1234 4 
313 2 645 2 1233 1 643 2 
648 3 650 2 308 1 1992 1 
1231 5 647 3 869 4 307 3 
644 3 310 4 650 4 1230 4 
1229 3 647 2 649 4 309 2 
1159 2 18 2 694 2 
316 1 653 2 1227 1 1275 1 
315 3 1226 2 652 2 645 3 
1995 3 671 1 836 4 1631 1 
1849 2 1781 2 659 2 
1453 2 663 2 657 2 2119 2 
656 2 2118 3 
1575 3 1855 2 659 2 1776 3 
1854 1 658 2 655 2 1775 3 
2117 3 661 2 1450 3 667 3 
660 2 2116 1 1449 2 662 2 
663 2 2115 3 661 2 1452 2 
2114 2 1451 4 662 2 656 2 
2113 3 665 3 1446 2 442 3 
664 3 1445 4 666 2 2112 2 
667 2 1448 1 2111 1 665 2 
2110 2 666 2 1447 3 660 3 
1909 2 1692 3 669 3 670 3 
668 3 1691 2 291 4 672 3 
1693 2 668 3 1910 2 
835 1 654 1 1630 1 949 1 
290 2 1696 3 673 2 669 3 
289 1 672 2 145 4 1695 1 
1360 4 675 2 883 2 288 1 
287 2 678 2 674 2 1361 2 
292 2 679 2 677 3 1356 2 
682 3 676 3 1908 5 1357 3 
294 3 675 2 679 2 1358 1 
676 2 678 2 1359 3 293 2 
1352 3 296 2 681 2 683 2 
295 4 680 2 1353 2 450 3 
677 3 298 2 1354 2 683 1 
1355 2 297 2 680 2 682 1 
687 1 685 1 55 1 2231 1 
2230 2 54 1 684 1 1204 1 
687 2 2051 2 689 2 57 3 
684 1 686 2 2050 1 56 1 
689 2 691 3 59 3 2049 2 
688 2 2048 3 58 1 686 2 
691 2 2047 3 61 2 693 2 
60 2 690 2 688 3 2046 2 
887 1 2214 1 63 3 693 2 
62 2 692 2 2210 2 690 2 
1160 1 1060 2 651 2 33 2 
469 1 696 2 1312 2 
1313 2 695 2 
698 3 1234 4 250 3 196 2 
697 3 1233 2 1749 2 699 2 
1236 1 698 2 248 1 700 1 
701 1 1235 1 247 1 699 1 
700 1 1230 2 702 2 254 1 
703 2 1229 3 253 2 701 2 
704 2 702 2 1992 1 252 1 
896 2 703 2 1231 4 251 4 
711 4 706 2 2466 3 1732 2 
707 3 705 2 1731 3 2465 1 
708 3 706 3 1730 3 2468 4 
707 3 1324 1 1729 1 2467 1 
713 2 102 2 1411 3 2003 2 
2124 3 1734 3 711 5 
1733 3 705 4 2123 3 710 5 
1808 1 1202 2 734 2 714 1 
103 1 2002 1 1412 2 709 2 
755 1 1892 2 1807 2 712 1 
1997 2 722 3 1409 2 717 3 
719 3 1861 1 2264 2 1976 1 
1410 2 258 3 1996 2 715 3 
1155 3 735 2 905 3 825 2 
1680 3 716 3 737 4 2263 4 
1999 2 104 1 722 2 1407 2 
1897 2 531 1 1812 1 723 2 
715 3 720 2 1408 2 1998 3 
1209 3 777 2 1811 4 721 2 
1242 2 725 3 492 3 2182 3 
724 3 1241 4 394 4 726 4 
398 3 727 4 725 4 1244 3 
1243 2 388 4 728 3 726 4 
727 3 1238 2 729 2 2178 3 
1237 4 730 2 728 2 2177 1 
377 2 1240 2 729 2 731 2 
1239 3 732 2 730 2 376 3 
1246 2 731 2 733 2 2185 4 
192 2 1245 1 732 2 2184 2 
1809 2 1216 4 777 2 712 2 
1060 2 718 2 21 1 1158 1 
111 2 2257 2 742 2 738 4 
846 3 1341 3 719 4 1976 2 
741 3 736 4 1856 4 2256 3 
840 3 1867 2 1857 3 1866 1 
746 4 758 3 1225 3 551 3 
838 2 1866 1 742 1 738 3 
837 1 741 1 736 2 921 2 
1861 3 744 4 1976 3 844 3 
743 4 1860 3 745 2 843 3 
1867 2 1863 3 744 2 842 1 
548 3 740 4 1750 2 2172 3 
143 2 750 2 2128 2 748 1 
753 1 142 2 2127 2 747 1 
2130 2 1695 2 750 3 145 5 
144 2 2129 2 747 2 749 3 
139 3 2132 1 752 1 754 1 
2131 2 751 1 138 1 756 1 
2134 1 141 1 748 1 754 1 
140 2 753 1 751 1 2133 1 
714 1 1806 2 1205 1 758 1 
2126 4 757 1 137 1 752 1 
2125 1 756 1 517 1 136 3 
740 3 1805 1 1203 1 755 1 
1629 1 828 2 549 3 760 1 
767 3 1628 1 827 2 759 1 
1601 2 762 3 535 3 1123 3 
1122 2 761 3 765 2 1600 4 
1404 5 766 3 764 3 
1403 3 769 2 763 3 
766 2 762 2 1603 2 1129 2 
1602 2 763 3 765 2 1128 2 
760 3 768 4 1637 3 830 3 
1636 2 767 4 829 2 2007 2 
1126 1 764 2 
1634 4 1994 3 2007 2 831 2 
776 3 1307 2 772 5 1320 2 
2225 4 1319 5 1306 4 771 5 
2238 1 2219 1 1321 1 2225 1 
2226 2 1324 1 2467 1 776 2 
2408 3 2335 3 2410 3 885 4 
1323 3 771 3 774 2 1846 4 
723 2 1217 2 1810 1 734 2 
780 2 1223 2 930 2 
928 1 780 1 782 2 1963 2 
1224 2 778 2 779 1 927 3 
782 3 926 3 1220 2 784 2 
352 3 1219 4 781 3 779 2 
975 2 1222 2 924 2 784 1 
1221 1 781 2 923 1 783 1 
1180 3 793 2 
1176 3 787 3 1222 3 220 3 
1221 2 786 3 788 3 1175 2 
787 3 1178 3 789 3 1220 2 
1177 2 788 3 790 3 1219 4 
791 2 789 3 1963 3 1172 2 
1171 2 1224 2 792 3 790 2 
1614 3 791 3 1223 3 793 4 
1173 3 792 4 785 2 
2340 4 795 4 1533 3 2098 4 
794 4 2099 3 796 2 1532 3 
1535 2 795 2 2096 1 797 1 
798 3 1534 4 796 1 2097 1 
797 3 799 3 1537 3 2094 5 
798 3 2095 1 
2548 2 802 3 
991 3 2089 3 1531 3 2340 3 
1466 3 2339 4 2549 3 800 3 
1264 4 804 2 806 3 1953 3 
1952 1 803 2 809 1 1263 2 
1955 2 1563 3 1262 2 806 3 
1261 2 803 3 805 3 1954 3 
808 1 810 1 1957 1 1260 2 
807 1 811 2 1259 2 1956 3 
804 1 1959 3 1258 3 810 1 
807 1 1958 2 1257 1 809 1 
1951 2 1266 2 808 2 812 2 
1265 2 1950 2 811 2 577 2 
814 3 824 4 632 5 2260 3 
813 3 631 1 597 1 2261 2 
165 3 816 3 1799 3 2367 4 
1790 3 164 1 815 3 817 3 
818 3 816 3 1823 3 171 4 
819 1 170 1 817 3 2006 5 
818 1 2423 1 820 2 169 1 
2470 2 168 2 819 2 1847 3 
1024 1 640 1 822 1 
1540 2 1485 2 2381 1 821 1 
2427 3 399 3 163 4 1007 2 
813 4 2381 2 1033 2 641 2 
21 1 1313 1 32 1 718 2 
2324 3 2315 2 1268 2 1161 3 
828 3 2519 3 830 2 760 2 
827 3 1038 3 759 2 2518 3 
2528 1 768 2 832 2 830 1 
2527 1 827 2 767 3 829 1 
832 2 2526 2 834 3 770 2 
831 2 2007 2 2525 2 829 2 
836 4 1995 3 834 3 2524 1 
2523 3 833 3 1994 4 831 3 
671 1 836 4 2491 4 2522 2 
833 4 835 4 654 4 2521 5 
742 1 838 2 621 3 228 1 
741 2 837 2 839 3 43 3 
46 2 1866 2 840 4 838 3 
45 3 739 3 841 4 839 4 
840 4 842 2 1867 3 48 3 
843 2 47 2 841 2 745 1 
842 2 50 2 844 2 744 3 
845 1 843 2 49 2 743 3 
52 1 844 1 846 2 1976 1 
2478 3 737 3 51 2 845 2 
848 4 2121 2 856 2 600 2 
599 3 847 4 1076 5 2120 3 
850 1 1517 1 2137 1 637 1 
1516 1 849 1 2136 5 2556 2 
595 4 174 3 854 2 852 2 
857 1 594 2 851 2 173 2 
1725 3 631 1 854 1 597 1 
41 2 851 2 853 1 596 1 
591 2 856 2 858 4 161 2 
160 2 590 1 855 2 847 2 
852 1 159 2 593 3 858 3 
592 3 855 4 157 3 857 3 
860 2 943 3 862 2 139 3 
859 2 942 2 138 2 868 2 
864 3 1028 1 862 2 141 1 
140 3 1027 3 861 2 859 2 
866 2 1026 2 864 3 143 2 
863 3 861 3 142 4 1025 3 
866 2 145 4 1675 3 289 1 
863 2 865 2 1023 3 144 2 
2419 2 1215 3 894 3 1629 2 
869 2 922 1 137 1 860 2 
136 4 868 2 648 4 919 2 
2169 3 871 2 299 4 
870 2 872 1 1697 2 
873 2 1700 2 871 1 
872 2 1699 3 
1314 2 1276 2 445 1 2311 1 
876 1 126 3 878 1 1516 1 
1517 1 875 1 1080 1 125 1 
880 2 878 1 132 3 1512 3 
877 1 131 1 1513 1 875 1 
880 2 1514 1 882 1 931 3 
877 2 879 2 133 2 1515 2 
1508 3 128 1 884 1 882 1 
1509 3 879 1 127 2 881 1 
130 2 674 2 884 2 1510 2 
129 3 1511 2 883 2 881 1 
1907 3 888 2 775 4 886 3 
891 2 1906 4 2408 2 885 3 
692 1 2411 1 1905 2 888 1 
885 2 1904 2 2410 1 887 1 
892 1 890 2 2405 1 1903 1 
893 4 889 2 1902 3 2404 2 
886 2 2407 1 1901 1 892 1 
889 1 1900 1 2406 1 891 1 
890 4 894 4 1215 4 1800 4 
1094 3 893 4 2402 2 867 3 
904 1 896 1 922 1 88 1 
704 2 87 3 919 1 895 1 
1099 2 898 1 1675 3 96 1 
899 1 897 1 95 1 1023 2 
898 1 1026 2 900 1 588 1 
901 3 899 1 587 1 1025 1 
902 3 900 3 1028 3 100 4 
903 1 901 3 1027 2 99 2 
902 1 904 1 98 1 943 3 
903 1 895 1 942 1 97 3 
1156 2 1685 2 718 3 32 2 
2162 2 27 3 909 4 907 2 
332 3 912 2 26 2 906 2 
915 2 909 4 29 1 2164 1 
906 4 908 4 2165 4 28 4 
23 2 2166 2 913 3 911 2 
2167 3 22 1 1131 2 910 2 
907 2 2168 2 913 2 25 2 
24 2 343 2 912 2 910 3 
2170 4 1479 2 915 3 31 2 
908 2 1824 2 914 3 30 2 
117 1 2282 1 586 2 1941 1 
1012 2 918 5 2552 3 202 3 
917 5 999 4 2551 4 201 4 
922 1 1231 3 896 1 869 2 
122 2 622 2 1735 2 921 3 
621 4 111 2 742 2 920 3 
919 1 868 1 942 1 895 1 
926 2 188 1 784 1 924 2 
187 2 1506 2 783 2 923 2 
355 2 1640 2 1576 3 2356 2 
923 2 781 3 352 3 189 4 
930 3 928 3 780 3 184 5 
779 1 927 3 183 2 352 2 
1644 3 361 2 2517 2 66 2 
185 2 927 3 778 2 
2150 3 127 4 133 3 879 3 
933 2 1967 2 941 2 2512 2 
2511 1 932 2 934 1 1966 3 
935 2 2514 1 933 1 1969 2 
1968 3 2513 2 934 2 936 2 
937 1 1971 1 2508 1 935 2 
938 1 936 1 1970 3 2507 1 
937 1 2510 1 1973 2 939 1 
2509 1 1162 1 1972 3 938 1 
941 2 39 3 1975 3 2506 4 
940 2 1974 2 932 2 2505 1 
860 2 904 1 922 1 943 3 
1027 4 942 3 859 3 903 3 
252 3 947 3 945 5 2045 3 
1190 4 944 5 251 5 2044 3 
482 1 2043 3 254 1 947 1 
2042 1 944 3 253 1 946 1 
482 2 248 2 2041 2 951 3 
2491 4 1481 1 479 3 671 1 
951 4 250 4 2039 3 491 3 
950 4 2038 2 948 3 1749 2 
610 1 953 2 959 2 1474 2 
952 2 954 4 609 2 1473 3 
612 4 955 3 1472 3 953 4 
954 3 1471 2 611 2 479 3 
2201 4 957 2 1469 3 1478 3 
1477 1 1468 1 958 2 956 2 
959 3 957 2 1476 2 616 3 
958 3 1475 2 952 2 615 3 
1896 3 1898 2 1667 1 24 1 
1837 4 2211 5 2213 4 1093 3 
1111 2 547 3 1035 2 545 2 
1484 1 606 1 1486 1 1527 2 
1483 2 1493 4 2057 2 1329 2 
2552 4 1012 3 2554 3 
1488 2 1486 1 1525 1 608 1 
968 2 1053 3 974 2 1020 2 
1499 1 1019 2 967 2 969 1 
970 2 1498 1 1022 3 968 1 
1199 2 969 2 1021 2 1497 2 
1504 3 972 2 976 2 1016 2 
1015 1 973 1 971 2 1503 4 
974 1 1502 1 972 1 1018 1 
973 1 967 2 1017 2 1501 2 
783 2 976 2 1506 2 1030 2 
1505 2 975 2 971 2 1029 2 
2001 3 2041 2 1702 2 1704 2 
420 2 979 3 1916 3 1780 2 
982 2 1779 3 978 3 421 4 
981 4 418 2 983 3 1783 3 
986 3 980 4 1782 3 419 3 
979 2 416 1 983 2 1785 2 
417 2 1784 3 980 3 982 2 
985 2 397 3 414 3 987 4 
984 2 1207 1 415 1 396 1 
981 3 412 2 987 3 1789 1 
986 3 984 4 255 4 1788 4 
989 2 2280 1 998 2 1377 2 
1376 4 988 2 408 3 2281 4 
1555 3 1526 3 2053 3 2246 5 
2285 2 992 2 801 3 1384 2 
2286 1 991 2 1383 2 993 1 
992 1 1386 2 2283 2 994 1 
2284 1 995 1 1385 1 993 1 
994 1 996 2 2289 1 1380 2 
1379 2 997 2 995 2 2290 4 
1382 3 996 2 998 2 2287 1 
997 2 1381 3 2288 2 988 2 
2542 1 918 4 
1784 2 1197 1 1791 2 1001 1 
1783 2 1002 2 1794 1 1000 1 
1001 2 1782 2 1793 2 1003 4 
1004 4 1789 3 1796 4 1002 4 
1005 2 1003 4 1795 2 1788 3 
1004 2 1006 1 397 2 1798 1 
1005 1 1280 3 396 1 1797 3 
204 2 1008 2 823 2 2550 1 
1009 3 1007 2 203 2 2549 2 
2548 3 1008 3 1010 2 206 2 
1011 1 2547 3 205 1 1009 2 
200 1 1010 1 2554 1 1012 1 
917 2 965 3 199 3 1011 1 
1802 3 1014 1 1780 1 2292 1 
1013 1 1801 2 1779 2 1197 1 
972 1 1016 1 219 1 1018 1 
1015 1 218 3 971 2 1029 2 
1018 2 217 3 974 2 1020 2 
216 2 1017 2 973 1 1015 1 
1022 4 968 2 215 3 1020 2 
967 2 214 1 1019 2 1017 2 
213 3 970 2 2376 1 1022 3 
1019 4 1021 3 969 3 212 4 
1026 3 866 3 898 2 1675 4 
821 1 1485 2 90 1 
1028 1 864 3 1026 2 900 1 
863 2 899 2 1023 3 1025 2 
943 4 1028 2 862 3 902 2 
1025 1 1027 2 901 3 861 1 
1030 2 221 3 976 2 1016 2 
1029 2 220 2 1222 2 975 2 
1485 2 92 1 1033 1 2381 1 
1479 3 1034 3 1961 3 2170 5 
2260 1 1031 1 824 2 91 1 
1032 3 1480 1 
1036 2 962 2 454 2 1042 1 
1035 2 1037 2 547 3 453 2 
452 3 1038 2 1036 2 550 2 
828 3 549 4 1037 2 451 3 
1044 1 544 1 1040 1 458 1 
543 1 457 2 1039 1 1041 1 
456 1 1042 1 1040 1 546 2 
455 1 1041 1 545 1 1035 1 
1251 1 553 2 1044 1 460 1 
552 2 1039 1 1043 1 459 2 
224 1 1755 1 1046 2 
1754 2 223 3 1047 2 1045 2 
1048 3 1759 2 226 3 1046 2 
1047 3 1049 3 1758 4 225 3 
1050 4 1757 2 1676 1 1048 3 
1049 4 1051 5 1756 4 227 5 
230 3 1052 2 1050 5 285 2 
1051 2 1563 2 229 2 1262 1 
1499 2 1501 3 173 3 967 3 
1730 1 1057 2 1055 1 
1256 1 1729 1 1054 1 
1057 2 1059 4 1732 1 
1056 2 1054 2 1731 4 
1059 5 1734 2 
2266 4 1058 5 1056 4 1733 4 
735 2 20 3 694 2 1157 3 
2336 4 1098 4 1062 4 1686 4 
32 1 1061 4 1097 3 1685 1 
1590 4 2506 5 1064 3 1606 3 
1073 2 1063 3 1589 1 2505 1 
1357 1 1066 2 
1065 2 1979 2 1356 3 1067 3 
1359 3 1978 2 1068 3 1066 3 
1133 2 1977 3 1067 3 1358 2 
1139 3 1584 2 1154 1 2508 1 
1990 2 5 1 1360 4 1133 1 
1139 5 1072 4 1582 3 2510 3 
1269 3 2509 2 1071 4 1581 3 
1152 3 1588 3 1064 2 2512 2 
1153 2 189 4 409 2 2054 2 
1586 2 1152 3 2514 2 1154 2 
187 3 848 5 1153 3 410 4 
2087 2 2446 3 1084 2 1078 2 
1079 3 1077 2 2445 3 2088 1 
2448 4 1078 3 2091 3 1080 3 
197 1 2447 1 876 1 1079 3 
1086 2 2442 2 1082 2 135 1 
1083 2 1081 2 146 3 2441 2 
1082 2 2444 1 1084 1 158 3 
2443 1 1077 2 172 1 1083 1 
1689 3 2450 1 1086 2 1296 3 
1081 2 1690 3 1085 2 2449 2 
1096 1 1088 1 2216 1 2418 1 
2215 2 2417 1 1087 1 1089 1 
2218 2 1090 1 2416 1 1088 1 
2415 3 1089 1 2217 2 1091 3 
1092 3 2422 4 1090 3 2212 4 
2421 1 1091 3 2211 3 1093 1 
1094 2 2420 2 961 3 1092 1 
1093 2 894 3 2213 3 2419 2 
1300 1 1096 1 2209 1 2425 4 
1087 1 1095 1 2424 1 2208 2 
1098 3 1312 4 469 3 1062 3 
1107 1 1097 3 1061 4 470 1 
1100 2 897 2 1768 2 2224 2 
2223 3 1099 2 1103 2 1767 2 
1104 1 2227 2 389 1 
1327 3 2241 2 1305 3 466 2 
1772 4 2229 3 1100 2 1104 2 
1101 1 1771 2 2228 2 1103 2 
2262 1 1108 3 461 2 1106 3 
2291 3 462 3 1105 3 1331 4 
1098 1 2336 1 463 2 1108 3 
2316 3 1105 3 464 4 1107 3 
1112 2 2420 2 1110 1 550 2 
2419 1 549 3 1109 1 1629 1 
2422 2 962 2 1114 1 1112 2 
1109 2 1111 2 547 3 2421 2 
2416 2 546 3 1114 2 1116 3 
1111 1 1113 2 545 1 2415 3 
2418 3 544 3 1118 3 1116 4 
543 2 2417 2 1113 3 1115 4 
553 3 2425 5 1317 2 1118 2 
552 2 1115 3 1117 2 2424 1 
2555 2 186 1 1751 1 180 1 
1715 4 244 3 473 3 1555 3 
1130 2 2353 3 2373 3 
762 2 285 1 1123 2 1129 2 
1563 3 1122 2 761 3 1955 2 
1127 2 1558 2 472 2 2268 2 
1755 1 1126 1 
1754 1 1403 2 769 1 1125 1 
1124 2 1557 1 471 3 1715 2 
1129 2 1404 4 1757 2 766 2 
1128 2 1122 2 1756 2 765 2 
2372 3 1121 2 2354 1 1131 2 
2371 3 1130 2 911 2 2355 3 
1670 1 1405 1 2536 3 1135 3 
1068 2 1991 1 1361 1 1070 1 
2538 3 1668 2 1137 1 1135 3 
1667 3 1134 3 2537 4 1132 3 
1137 2 1406 3 1674 2 2532 3 
2531 1 1136 2 1673 1 1134 1 
1672 2 2534 2 1406 3 1141 2 
1071 5 1069 3 2507 3 1583 3 
1141 2 1662 4 2530 3 1654 3 
1661 1 2529 1 1140 2 1138 2 
1927 1 2037 1 184 3 
620 1 2200 2 1144 1 1335 1 
1143 1 1149 2 619 1 2199 1 
1146 4 1465 4 1495 4 2194 4 
1494 2 1145 4 2193 3 1147 2 
1148 3 2192 2 1146 2 1500 2 
1147 3 2026 3 1496 2 2191 2 
1507 3 1150 2 1144 2 2198 3 
1151 2 1149 2 2197 1 1365 4 
1150 2 2196 4 1402 2 1465 2 
2511 2 1587 3 1073 3 1075 3 
1074 2 411 1 1076 3 188 1 
1069 1 2513 1 1585 1 1075 2 
718 3 1158 2 110 2 1156 2 
109 1 1350 1 905 2 1155 2 
1160 2 108 3 1060 3 1158 2 
1155 2 107 3 1157 2 735 1 
1160 1 651 2 106 2 
1157 2 1159 1 694 1 105 2 
1162 2 1170 3 826 3 1843 2 
1842 2 939 1 1161 2 2315 1 
1164 2 524 2 2319 1 1838 1 
1837 3 2318 2 1165 2 1163 2 
1166 1 1840 1 1164 2 2321 2 
1165 1 2320 1 1839 1 1167 2 
1168 2 1834 2 1166 2 2323 2 
1167 2 1169 1 2322 1 1833 1 
1836 1 2325 3 1170 2 1168 1 
2324 3 1169 2 1161 3 1835 3 
1937 3 791 2 1614 2 1172 2 
1936 1 1171 2 790 2 1177 1 
793 3 1180 4 1614 2 1935 2 
2335 2 2408 2 2329 2 518 3 
1933 2 1178 2 1176 2 787 2 
786 3 1175 2 1932 2 2190 2 
1178 2 789 2 1931 1 1172 1 
1177 2 1175 2 788 3 1930 3 
1180 3 1929 1 
1179 3 785 3 1173 4 1928 3 
1184 1 588 1 1217 2 1182 2 
587 2 1187 3 1216 4 1181 2 
96 2 2020 2 1897 3 1184 2 
1181 1 95 1 1209 2 1183 2 
98 1 1188 1 1186 1 1205 1 
97 3 1203 1 1185 1 1189 3 
1188 2 1202 3 1182 3 100 3 
1187 2 99 2 1185 1 1892 2 
1190 4 88 3 1186 3 1225 3 
945 4 1189 4 1750 2 87 4 
67 3 1815 3 68 4 2009 3 
1193 3 1196 3 554 2 2503 2 
1192 3 2500 2 1194 2 198 2 
2369 1 1193 2 1348 2 1195 1 
1198 2 2368 2 1347 1 1194 1 
2370 2 1192 3 1351 2 
1785 2 1792 1 1014 1 1000 1 
1199 2 1195 2 2377 3 2490 2 
970 2 2376 1 1198 2 2489 1 
1204 2 211 3 1592 2 
1672 1 1232 1 29 1 1893 1 
712 2 1187 3 1216 4 1892 3 
1186 1 1205 1 1225 1 758 1 
1591 1 1200 2 210 1 685 1 
1203 1 1185 1 755 1 1892 2 
1890 2 613 2 1207 2 1619 3 
985 1 614 2 1206 2 1618 2 
1890 3 1211 3 603 3 1625 4 
723 3 1184 2 1217 3 1897 3 
1211 1 1627 1 601 1 1213 2 
1210 1 1208 3 1626 2 602 1 
1891 1 1621 1 607 1 1213 2 
608 2 1620 3 1212 2 1210 2 
1623 3 1891 1 1415 5 605 2 
1902 3 1628 2 867 3 893 4 
1217 4 734 4 1202 4 1182 4 
1216 4 777 2 1209 3 1181 2 
1254 2 1638 3 2403 1 2328 1 
1963 4 782 4 789 4 1220 3 
1221 1 781 2 788 2 1219 3 
787 2 1220 1 1222 2 784 1 
1221 2 1030 2 786 3 783 2 
1224 2 778 2 792 3 
780 2 1223 2 791 2 1963 3 
740 3 1750 1 1203 1 1189 3 
1227 1 653 2 196 1 1234 3 
1226 1 652 1 1434 2 1728 2 
68 3 1232 2 31 2 1662 4 
650 3 702 3 1230 3 1992 2 
701 2 1229 3 1235 2 649 4 
919 3 704 4 1992 3 648 5 
1661 1 1228 2 1201 1 30 1 
698 2 646 1 1234 3 1236 1 
697 4 1226 3 1233 3 645 4 
700 1 1236 1 1230 2 644 1 
643 2 699 1 1233 1 1235 1 
1238 4 2495 4 729 4 1240 4 
1237 4 1243 1 728 2 2494 1 
731 3 1246 3 1240 3 2493 3 
1239 3 730 2 1237 4 2492 1 
2499 3 725 4 1244 3 1242 3 
724 2 1444 1 1241 3 2498 2 
1238 1 727 2 2497 1 1244 1 
1241 3 2496 1 1243 1 726 3 
2502 1 1748 1 733 1 1246 1 
732 2 1239 3 2501 1 1245 1 
1254 3 2403 2 1248 3 327 2 
1249 4 326 2 1247 3 380 4 
1248 4 1250 3 2412 3 325 3 
1249 3 2409 2 1255 2 324 1 
1252 1 1043 1 331 1 385 1 
1251 1 2413 2 330 2 1253 1 
1254 2 329 2 1638 3 1252 1 
1218 2 1247 3 1253 2 328 2 
1256 2 391 3 1250 2 323 2 
1255 2 390 3 1055 1 
1260 2 1565 2 810 1 1258 3 
1263 4 1564 3 809 3 1257 3 
1266 2 1567 2 808 2 1260 3 
1257 2 1259 3 1566 2 807 2 
806 2 1262 1 1264 3 1569 1 
1261 1 805 2 1568 1 1052 1 
1258 4 1571 3 1264 4 804 2 
1570 3 803 4 1263 4 1261 3 
812 2 1266 2 1461 4 1574 2 
1259 2 811 2 1265 2 1573 2 
1291 4 1605 4 2294 2 38 2 
826 2 1426 1 1269 2 1274 2 
2315 2 1072 3 1268 2 1425 2 
1308 3 2293 1 2299 2 1437 1 
1272 3 1278 3 2323 2 1430 3 
2322 2 1273 3 1429 2 1271 3 
1272 3 1428 3 1274 3 2325 4 
2324 3 1273 3 1427 3 1268 2 
2319 1 2122 3 1434 2 652 1 
874 2 2304 2 2296 4 1436 3 
2321 3 1432 2 2122 4 1278 3 
1431 3 1271 3 2320 2 1277 3 
1619 2 1280 3 1289 1 1658 3 
1657 4 1006 3 1279 3 1618 4 
2506 4 2295 3 1606 2 39 3 
1623 5 1651 5 584 3 1283 3 
1284 1 1650 1 1622 1 1282 3 
1283 1 1285 4 1621 1 1653 2 
1284 4 1286 4 1652 4 1620 5 
1287 1 1647 1 1285 4 1627 1 
1286 1 1646 1 1626 2 1288 1 
1289 1 1649 2 1287 1 1625 2 
1288 1 1648 1 1624 2 1279 1 
1291 3 1611 1 2298 2 36 2 
1267 4 1290 3 35 4 1610 3 
1829 3 1299 2 2253 2 1293 2 
1294 1 1292 2 2252 1 1830 3 
1293 1 1831 2 2255 3 1295 2 
1294 2 589 2 2254 3 1304 3 
1297 4 2257 3 1085 3 1825 4 
567 2 1296 4 1298 3 2256 2 
2259 3 1827 2 1297 3 1299 2 
1828 1 1298 2 1292 2 2258 2 
2030 2 1095 1 2222 1 1301 2 
2029 2 1302 3 1300 2 2221 4 
2032 2 1301 3 1303 3 2220 2 
2219 2 1302 3 2238 2 2031 2 
1305 3 2264 3 1820 2 1295 3 
1304 3 2263 3 1102 3 1821 2 
1307 1 2240 1 2036 1 772 4 
1306 1 2035 1 1846 3 771 2 
2306 3 1270 3 2310 4 448 3 
1347 1 641 1 2313 2 2305 1 
1311 1 1313 1 21 1 
1310 1 20 2 
1313 2 1097 4 32 2 695 2 
696 2 1312 2 1310 1 825 1 
874 2 2306 2 446 2 2296 4 
2328 1 1318 2 1638 3 2220 1 
626 1 1326 1 1710 1 1401 4 
1318 2 1117 2 2222 1 385 1 
1317 2 1315 2 2413 3 2221 4 
2412 2 772 5 1322 2 1320 2 
1323 2 1319 2 2409 2 771 2 
2403 1 1322 1 2328 1 773 1 
2225 1 380 3 1321 1 1319 2 
391 3 776 3 1320 2 1324 2 
774 1 390 3 708 1 1323 2 
1546 2 14 2 1544 3 1884 4 
625 2 1709 1 1316 1 1724 2 
1102 3 2247 3 465 2 1332 3 
1493 3 1329 1 2343 1 
1328 1 2342 3 1330 2 964 2 
1483 2 1329 2 2341 2 1405 2 
467 4 2279 4 1332 3 1106 4 
468 2 2265 2 1331 3 1327 3 
2056 1 365 1 1338 1 1334 2 
2055 2 1333 2 364 3 
360 1 1143 1 1336 3 2025 4 
358 4 2024 3 1337 3 1335 3 
363 1 1336 3 1338 1 2023 1 
362 2 1333 1 2022 1 1337 1 
2480 2 1342 3 1340 2 1678 4 
1339 2 2479 1 1345 1 2070 1 
1680 2 2478 3 737 3 1342 3 
1339 3 2477 2 1341 3 1679 2 
1682 2 1346 2 1344 1 2476 1 
2475 4 1681 2 1343 1 1349 3 
1340 1 2474 1 1346 2 1684 1 
1343 2 2473 2 1683 4 1345 2 
1309 1 2490 1 1348 2 1195 1 
1347 2 2500 2 1194 2 2305 2 
2472 4 1686 3 1350 3 1344 3 
1156 1 1349 3 1685 1 2471 3 
2503 1 2309 1 1196 2 
680 3 1355 3 1353 3 
2374 2 1352 3 681 2 
1357 2 1355 3 682 2 
1354 3 1352 3 683 2 
1359 3 1357 2 1066 3 676 2 
1354 2 1356 2 1065 1 677 3 
1361 1 1359 2 1068 2 678 1 
1356 3 1067 3 679 3 1358 2 
674 4 1510 4 1361 4 1070 4 
1358 1 1360 4 675 2 1133 1 
1363 2 1692 2 
1362 2 1691 2 209 2 2516 2 
1378 3 630 4 374 3 2187 4 
1922 5 1507 5 1402 4 1150 4 
2191 3 2432 3 1367 3 2026 4 
1370 1 1926 2 1366 3 2431 1 
2434 2 1666 1 1369 2 1371 1 
1368 2 1665 4 2433 2 1374 2 
2436 1 1367 1 1664 1 1371 1 
2435 2 1663 4 1370 1 1368 1 
1375 1 1889 1 1373 1 2438 1 
2437 1 1519 3 1888 1 1372 1 
1375 1 1660 3 2440 1 1369 2 
1659 2 1374 1 1372 1 2439 1 
989 4 1377 4 1845 3 1864 3 
1381 3 1844 2 1376 4 988 2 
1364 3 359 1 629 1 2186 1 
996 2 1382 3 256 1 1380 2 
995 2 1379 2 598 3 1385 2 
1377 3 238 2 1382 4 998 3 
997 3 1379 3 1381 4 222 4 
1386 3 992 2 1384 2 618 3 
617 3 1531 2 991 2 1383 2 
1386 2 286 2 994 1 1380 2 
1383 3 275 2 1385 2 993 2 
2436 1 2458 3 1388 1 1397 3 
2435 2 1389 2 1387 1 2457 1 
2460 3 1388 2 1390 3 2434 3 
1391 5 1389 3 2459 2 2433 2 
1392 4 1390 5 2440 4 2462 4 
1391 4 1393 1 2461 1 2439 1 
1392 1 2438 1 1394 1 2464 2 
1554 3 2437 1 2463 4 1393 1 
1465 2 1495 2 1402 2 1920 3 
1847 2 1397 3 2432 1 2470 1 
2469 4 1396 3 2431 3 1387 3 
1399 3 194 2 2014 2 1550 3 
2013 2 1398 3 193 4 1400 3 
195 2 1399 3 
359 4 2188 4 627 4 1316 4 
1151 2 1365 4 1395 2 1921 3 
1759 3 1126 2 764 3 1404 5 
763 5 1128 4 1758 5 1403 5 
1132 1 2535 2 1330 2 1669 1 
1671 3 1136 3 1138 3 2533 3 
1408 2 1414 5 1460 2 720 2 
1407 2 722 2 1409 1 1459 2 
1462 2 715 2 1408 1 1410 1 
1461 3 717 2 1574 1 1409 1 
1456 3 709 3 1412 3 1416 2 
1413 2 713 2 1411 3 1455 2 
1414 4 1412 2 103 1 1458 2 
1413 4 1407 5 1457 4 104 4 
1416 5 101 5 1464 5 1214 5 
1415 5 102 1 1463 2 1411 2 
1418 4 1420 4 1653 5 628 4 
1417 4 1423 3 627 1 1652 1 
1651 4 630 3 1420 2 392 3 
1417 4 629 1 1419 2 1650 1 
1422 2 624 3 1424 3 1649 3 
207 1 1421 2 623 1 1648 1 
626 3 1647 3 1418 3 1424 4 
1646 2 1421 3 625 3 1423 4 
1426 1 1581 2 481 1 1269 2 
480 1 1427 2 1425 1 1268 1 
1426 2 1274 3 476 3 1428 3 
1429 2 1273 3 475 2 1427 3 
1272 2 1430 2 1428 2 478 2 
1431 3 477 3 1429 2 1271 3 
472 2 1430 3 1278 3 1432 2 
471 3 1433 1 1277 2 1431 2 
2122 3 474 2 1432 1 1434 2 
473 2 1227 2 1433 2 1275 2 
1436 2 495 2 2296 3 1438 2 
1443 3 1276 3 494 2 1435 2 
1440 1 1438 2 1270 1 497 2 
1437 2 496 3 2293 2 1435 2 
1442 2 1440 2 2300 2 499 2 
1437 1 1439 2 498 1 2299 2 
501 3 1442 1 
1439 2 500 2 1441 1 
1436 3 493 2 2304 2 1444 2 
2303 1 492 2 1242 1 1443 2 
242 4 1448 3 1446 3 665 4 
664 2 241 3 1445 3 1599 1 
240 2 1448 2 667 3 1450 3 
1445 3 1447 2 666 1 239 1 
1452 2 1450 3 661 2 246 2 
660 3 1449 3 245 4 1447 3 
663 4 1452 4 1737 4 1453 4 
1451 4 243 1 1449 2 662 2 
656 2 249 1 1451 4 
2491 4 479 3 147 2 611 2 
1458 2 583 1 1456 2 1412 2 
1463 3 1411 3 1455 2 582 3 
1458 2 1460 1 581 3 1414 4 
580 2 1457 2 1455 2 1413 2 
579 2 1462 3 1460 2 1408 2 
1457 1 578 2 1407 2 1459 2 
1410 3 1265 4 577 4 1462 4 
576 2 1409 2 1459 3 1461 4 
1456 3 585 3 1416 2 1464 2 
1623 3 584 1 1415 5 1463 2 
1395 2 2195 2 1145 4 1151 2 
802 3 1467 2 
1613 3 1466 2 2339 3 
1469 2 152 2 957 1 616 2 
151 3 1468 2 956 3 413 2 
276 2 1512 4 2565 2 2556 3 
1482 3 2047 4 955 2 1472 2 
2046 1 1473 2 954 3 1471 2 
1474 3 1472 2 2049 2 953 3 
1473 3 1475 2 2048 4 952 2 
959 2 1476 1 2051 1 1474 2 
1475 1 1477 1 958 2 2050 1 
2231 1 957 1 1476 1 1478 2 
1949 3 1477 2 956 3 2230 3 
1032 3 914 2 1480 1 2010 3 
2009 1 1479 1 1034 1 
2214 1 949 1 1630 1 1482 2 
1471 3 2210 2 479 4 1481 2 
1669 1 964 2 1330 2 2058 3 
963 1 1526 1 605 2 1869 2 
1031 2 89 3 822 2 1024 2 
607 1 963 1 966 1 1524 1 
1488 2 602 1 1523 1 1490 1 
966 2 1487 2 1522 2 601 2 
1490 4 604 4 1521 4 1492 5 
1489 4 1520 2 603 1 1487 1 
1888 1 614 2 1519 3 1492 2 
1518 3 1491 2 1489 5 613 2 
964 4 1328 3 2059 3 
1146 2 1918 2 1500 2 1495 2 
1395 2 1145 4 1919 1 1494 2 
1500 1 1916 2 1148 2 420 1 
2489 1 1498 1 1725 3 970 2 
969 1 1497 1 1499 1 41 2 
1053 2 968 1 174 2 1498 1 
1496 1 1917 2 1494 2 1147 2 
1053 3 1502 2 159 3 974 2 
973 1 157 1 1501 2 1503 4 
1504 5 161 4 972 4 1502 4 
1503 5 971 3 160 3 1505 3 
976 2 1506 2 2121 2 1504 3 
924 2 2120 1 1505 2 975 2 
1149 3 1365 5 619 2 1923 2 
1511 4 1509 5 881 3 2515 4 
882 3 1514 3 1508 5 2 3 
1511 2 1360 4 5 1 883 2 
1510 2 1508 4 884 2 4 3 
1513 3 1470 4 1515 3 877 3 
1512 3 2556 2 878 1 1516 1 
1509 3 1515 1 1 3 879 1 
1514 1 2565 1 880 2 1512 3 
850 1 1517 1 1513 1 875 1 
876 1 1516 1 849 1 197 1 
1521 2 1492 3 2243 2 1519 4 
1373 3 1491 3 2242 3 1518 4 
1490 2 1523 2 1521 2 2249 4 
1518 2 2248 2 1520 2 1489 4 
1525 1 1488 2 1523 1 2251 1 
1522 1 1520 2 2250 2 1487 1 
1527 2 1486 1 2245 2 1525 1 
2244 2 1522 1 966 1 1524 1 
1484 1 990 3 1707 2 1527 2 
2246 4 1524 2 1526 2 963 2 
2276 2 406 2 1529 3 1720 2 
1536 2 405 3 1528 3 2275 3 
1688 2 1533 2 2340 3 1531 3 
1384 2 1687 2 801 3 1530 3 
1535 3 2084 2 1533 2 795 3 
794 3 2078 2 1530 2 1532 2 
2072 4 797 4 1537 4 1535 5 
1677 3 796 2 1532 3 1534 5 
1529 2 402 1 1752 1 2274 2 
798 3 1534 4 
404 2 1752 2 2272 3 1539 3 
403 2 1552 2 2271 3 1538 3 
2308 3 822 2 640 2 1547 4 
633 1 1703 2 135 1 639 2 
172 3 642 4 2174 3 636 3 
7 2 1545 2 
1325 3 1545 3 13 2 1887 3 
1544 3 1886 2 1543 2 12 4 
1325 2 1885 2 1549 3 15 3 
2305 3 1540 4 641 3 2381 3 
1883 2 9 1 1549 3 1551 3 
1546 3 1548 3 8 3 1882 5 
11 3 1881 2 1551 4 1398 3 
10 3 1548 3 1550 4 1880 4 
2270 2 400 1 1539 2 
1554 3 2278 4 1562 1 2243 1 
1553 3 1394 3 2277 3 2242 3 
1556 1 990 3 490 3 1120 3 
1557 1 1555 1 1715 2 2246 3 
2245 2 1556 1 1127 1 1558 1 
1124 2 2244 2 1557 1 1559 1 
2268 1 2251 1 1560 1 1558 1 
2250 2 1561 1 1559 1 2267 1 
2249 3 1562 1 1694 2 1560 1 
1561 1 1553 1 2248 2 2269 1 
1123 3 805 3 1052 2 285 2 
1258 3 261 3 1565 2 1571 2 
1566 2 262 3 1257 2 1564 2 
259 3 1565 2 1260 2 1567 1 
1259 2 1566 1 260 2 1573 2 
265 2 1569 1 229 2 1262 1 
266 2 1568 1 1570 1 1261 1 
1264 3 263 3 1571 2 1569 1 
264 3 1263 3 1570 2 1564 2 
1778 1 1577 1 1853 3 1575 2 
1574 2 1266 2 257 2 1567 2 
1573 2 1410 1 258 2 1265 2 
658 3 1852 3 1777 3 1572 2 
1859 3 1787 2 925 3 1577 2 
1786 3 1572 1 1576 2 1858 1 
194 1 2355 2 1579 3 1738 2 
193 5 1580 3 1578 3 2354 3 
2353 2 1579 3 195 1 
1582 2 1072 3 1425 2 334 2 
1583 1 1581 2 1071 3 333 4 
1582 1 336 1 1139 3 1584 2 
1585 2 1069 2 335 2 1583 2 
1584 2 338 1 1586 1 1154 1 
1075 2 1585 1 1587 2 337 1 
1152 3 1588 3 340 4 1586 2 
1587 3 339 3 1073 3 1589 2 
1590 2 342 1 1064 1 1588 2 
1063 4 341 3 1589 2 573 3 
1204 1 2230 2 1592 1 1949 2 
1591 1 1200 2 
444 3 1596 3 
446 2 1595 2 1597 3 92 2 
445 1 1594 2 91 1 1598 2 
90 2 1593 3 1597 3 448 2 
89 3 447 3 1596 3 1594 3 
443 2 1599 2 1595 2 94 3 
1598 2 93 1 442 2 1446 1 
1601 3 762 4 84 4 1603 4 
761 2 1600 3 17 2 278 1 
1603 2 766 2 
1602 2 19 3 1600 4 765 2 
575 2 2294 2 1607 2 1605 4 
1610 3 1267 4 574 3 1604 4 
1281 2 1063 3 1607 1 573 2 
1606 1 2295 2 1604 2 572 3 
1611 2 1609 5 571 3 2298 3 
1612 4 570 4 1608 5 2297 4 
1605 3 1611 1 569 1 1291 3 
1290 1 1608 2 1610 1 568 3 
1609 4 2302 3 566 2 1613 2 
565 2 1467 3 2301 2 1612 2 
792 3 1171 2 1173 2 1934 2 
1868 2 450 4 295 5 1616 4 
449 3 2553 3 1617 3 1615 4 
2429 1 1616 3 
396 2 1619 3 1207 2 1280 4 
1624 3 1279 2 1618 3 1206 3 
1627 2 1213 3 1621 2 1285 5 
1212 1 1622 1 1284 1 1620 2 
1623 3 1283 1 1621 1 1891 1 
1214 3 1622 3 1464 3 1282 5 
1890 2 1625 3 1619 3 1289 2 
1626 3 1624 3 1208 4 1288 2 
1625 3 1211 2 1627 2 1287 2 
1210 1 1620 2 1626 2 1286 1 
1637 1 1215 2 760 1 1629 1 
759 1 867 2 1110 1 1628 1 
671 1 1631 1 1481 1 1905 2 
1904 2 1632 1 1630 1 654 1 
1907 2 1995 3 1631 1 1633 1 
1634 3 1632 1 1994 2 1906 3 
770 4 1633 3 1635 4 1901 3 
1900 2 1634 4 2007 2 1636 2 
1903 1 768 2 1637 1 1635 2 
1628 1 1902 2 767 3 1636 1 
1218 3 1253 3 1315 3 2413 4 
355 1 1642 1 1640 1 
1787 1 925 2 1639 1 
1642 2 1644 3 2517 2 
1641 2 2504 1 1639 1 
361 1 1644 2 1645 2 
929 3 1641 3 1643 2 
356 3 1643 2 
1424 2 1287 1 1647 1 1649 2 
1423 3 1286 1 1646 1 1652 1 
1289 1 1649 2 1658 3 1422 1 
1288 2 1648 2 1646 2 1421 3 
1651 3 1283 1 1653 2 1420 1 
1419 4 1650 3 1282 5 2101 3 
1653 2 1418 1 1285 4 1647 1 
1652 2 1417 5 1650 2 1284 2 
1816 2 1655 3 1981 2 1140 3 
1803 2 1654 3 1656 3 1815 2 
1655 3 1983 3 1814 3 
1280 4 1658 4 1797 4 208 3 
1657 4 207 3 1648 3 1279 3 
1660 4 1375 2 255 3 1889 2 
1659 4 412 4 1665 5 1374 3 
1141 1 1672 1 1232 1 1662 3 
1816 3 1140 4 1661 3 1228 4 
1371 4 1666 4 1664 4 417 4 
416 1 1370 1 1926 2 1663 4 
1660 5 419 3 1369 4 1666 3 
1368 1 418 1 1663 4 1665 3 
1135 3 1668 2 1670 1 960 1 
1134 2 1667 2 1896 4 1673 2 
1483 1 1899 2 1670 1 1405 1 
1132 1 1898 2 1667 1 1669 1 
1674 2 1406 3 1672 2 1893 2 
1201 1 1661 1 1138 2 1671 2 
1674 1 1895 1 1137 1 1668 2 
1671 2 1673 1 1136 2 1894 2 
2224 3 897 3 1023 4 865 3 
1049 1 227 2 225 1 2233 1 
1535 3 2072 2 2084 2 
1679 3 2070 3 1339 4 2265 3 
1678 3 2247 2 1680 1 1342 2 
1341 2 719 3 2241 1 1679 1 
1686 2 1682 3 1344 2 2336 2 
2316 2 1343 2 1681 3 1683 4 
1684 3 2262 3 1346 4 1682 4 
1683 3 2291 1 2070 1 1345 1 
1686 1 1350 1 905 2 1062 1 
1685 1 1349 3 1681 2 1061 4 
1688 1 1531 2 617 3 2012 3 
2011 1 1687 1 1530 2 2078 2 
1085 3 1825 4 1690 4 634 4 
1086 3 135 2 1689 4 633 2 
1363 2 1692 2 669 2 1696 2 
668 3 1691 2 1362 2 1693 2 
670 2 1692 2 
475 2 2267 2 2269 2 1561 2 
2520 4 749 2 1696 2 673 1 
2516 2 1691 2 672 3 1695 2 
1700 3 2169 3 638 5 871 2 
2042 1 1998 2 2163 3 2171 4 
636 2 2174 2 873 3 1700 3 
1697 3 635 2 872 2 1699 3 
642 2 2174 1 2183 1 
2002 1 2038 1 977 2 2173 1 
1541 2 1706 2 2183 2 
2040 1 2000 2 2163 3 977 2 
1706 3 1850 3 634 4 
1705 3 633 1 1703 2 
1526 2 1708 3 1869 3 2053 2 
2173 2 1707 3 2052 2 1993 4 
2444 1 1326 1 1710 1 1712 2 
1709 1 1316 1 2443 1 2188 1 
1735 1 1712 2 122 1 2442 2 
1724 3 1711 2 2441 2 1709 2 
2432 1 2191 1 74 2 1847 2 
2190 1 1719 1 2555 2 221 2 
1120 4 474 3 1127 2 1556 2 
217 3 1717 3 2076 3 1723 3 
2075 3 216 3 1716 3 1718 3 
2074 3 219 2 1719 2 1717 3 
2073 3 218 3 1714 1 1718 2 
1721 2 2080 1 1528 2 213 3 
2079 2 1722 3 1720 2 212 3 
1721 3 3 2 1723 3 215 3 
1722 3 214 2 2077 3 1716 3 
624 3 1712 3 1735 2 1326 2 
853 3 2314 3 1497 3 41 4 
1878 5 1727 4 1965 4 1981 4 
1726 4 1803 1 1964 3 
244 2 1227 2 473 2 196 2 
390 3 708 1 1730 1 1055 1 
1054 1 1729 1 707 3 1731 3 
1732 3 706 3 1057 4 1730 3 
1731 3 1056 1 705 2 1733 1 
711 3 1734 1 1732 1 1059 4 
1733 1 1058 2 710 3 
1711 1 920 2 1724 2 623 1 
196 1 250 2 491 1 244 1 
249 1 243 1 1451 4 2062 2 
11 3 1739 2 1578 2 2167 4 
1740 1 10 1 2166 1 1738 2 
343 1 1739 1 9 1 1741 3 
2168 4 1742 3 8 3 1740 3 
332 2 1741 3 1743 1 15 3 
1744 3 1742 1 14 1 2162 2 
2165 3 1743 3 13 3 1745 3 
2164 1 12 3 1746 2 1744 3 
7 3 1747 2 1745 2 1824 2 
1746 2 2170 3 6 2 1961 1 
192 2 1245 1 124 2 123 1 
250 2 248 1 698 2 951 2 
746 2 1225 1 1190 2 2044 1 
1753 2 2430 2 2519 2 1119 1 
401 2 2273 1 1536 1 1538 2 
1751 2 186 2 1989 3 2518 3 
1126 1 1046 2 1755 1 1759 2 
1125 1 1754 1 1045 1 
285 1 1757 2 1050 4 1129 2 
1049 2 1758 3 1756 2 1128 2 
1757 3 1759 3 1404 5 1048 4 
1403 3 1758 3 1754 2 1047 2 
2086 1 1761 1 364 2 
2085 2 1760 1 365 1 1762 3 
1763 3 362 4 2082 4 1761 3 
1762 3 363 1 1764 1 2081 2 
16 1 1765 2 1763 1 358 2 
1764 2 1925 2 360 2 2083 2 
1799 1 1948 1 2367 2 2428 2 
2021 2 1772 4 1768 2 1100 2 
96 1 1099 2 1767 2 2020 1 
2015 2 1773 2 
486 2 379 2 
389 2 1104 2 1772 4 2017 4 
2016 3 1103 4 1771 4 1767 4 
389 2 2019 2 1769 2 
489 2 378 3 
1781 3 1776 4 659 3 
1775 4 1777 3 658 3 
1778 2 1776 3 1575 3 
1572 1 1777 2 1786 3 
979 3 1785 3 1014 2 1780 2 
1013 1 1939 2 978 2 1779 2 
1775 3 655 2 
981 3 1783 2 1789 1 1002 2 
1001 2 1782 2 980 3 1784 3 
983 3 1785 3 1000 2 1783 3 
1197 2 1779 3 1784 3 982 2 
1577 3 1787 3 1778 3 
1640 1 1576 2 1786 3 
1004 3 397 3 1789 2 987 4 
1782 1 1003 3 1788 2 986 1 
1799 3 816 3 79 4 1823 3 
50 2 1792 2 1794 2 1000 2 
49 2 1197 1 1791 2 1801 2 
1796 2 48 2 1002 2 1794 1 
47 2 1001 1 1791 2 1793 1 
46 1 1004 2 1798 1 1796 2 
45 2 1793 2 1795 2 1003 4 
1798 3 1657 4 228 3 1006 3 
43 2 1797 3 1795 1 1005 1 
78 1 1766 1 1790 3 815 3 
2404 2 2326 2 2402 2 893 4 
52 2 1014 2 1802 4 1792 2 
1013 3 119 4 1801 4 51 3 
1655 2 1983 2 1981 1 1727 1 
1986 4 459 4 354 3 1980 5 
551 1 758 1 260 2 1806 2 
1807 3 259 4 755 2 1805 2 
1808 2 1806 3 262 3 714 2 
712 1 1807 2 1809 1 261 3 
734 2 1810 1 1808 1 264 2 
1811 3 1809 1 777 1 263 3 
1812 3 723 4 1810 3 266 4 
1811 3 2358 4 265 2 721 1 
1982 4 287 2 510 3 1817 3 
67 2 1815 2 1656 3 
1814 2 1655 2 1191 3 1816 1 
1662 3 1654 2 68 2 1815 1 
294 4 1818 2 503 2 1813 3 
1819 1 1817 2 293 1 502 2 
505 1 1818 1 1822 1 292 2 
1821 1 1304 2 433 2 589 1 
1820 1 1305 2 432 1 466 1 
1908 3 1819 1 504 1 1826 1 
76 2 2006 5 1790 3 817 3 
915 2 2164 1 1746 2 2170 3 
435 2 1689 4 567 2 1296 4 
507 1 1832 2 1822 1 298 2 
1298 2 1828 1 437 1 567 1 
1299 1 1829 2 1827 1 436 1 
1292 3 1828 2 1830 4 439 2 
1829 4 1831 4 438 4 1293 3 
1294 2 1830 4 589 2 441 2 
2390 3 506 3 297 3 1826 2 
1836 1 1834 1 2218 2 1168 1 
1839 1 2217 2 1833 1 1167 2 
1836 2 2216 2 1170 3 1843 2 
1169 1 1833 1 1835 2 2215 2 
1164 3 961 4 1838 2 1840 2 
1837 2 2213 2 2327 1 1163 1 
1840 1 1834 1 2212 2 1166 1 
1839 1 1837 2 1165 1 2211 3 
508 3 1868 1 295 4 2390 2 
1162 2 1843 2 1972 4 2209 2 
1842 2 2208 2 1835 2 1161 2 
1879 2 1377 2 1845 1 238 1 
1878 2 1844 1 1965 1 1376 3 
2028 4 1307 3 776 4 2226 4 
1396 2 820 3 2423 2 1713 2 
1851 1 437 1 1849 1 
655 2 436 1 1848 1 1854 1 
1705 3 435 1 1851 1 
1848 1 434 4 1850 1 
1853 4 441 2 1575 3 1855 2 
1852 4 1858 3 440 3 1572 3 
659 1 439 1 1855 1 1849 1 
658 2 1854 1 1852 2 438 2 
1866 2 2259 3 1857 4 738 4 
2258 4 1862 4 1856 4 739 3 
1853 3 1859 2 1577 1 433 2 
1576 3 2356 2 432 2 1858 2 
2255 4 1861 2 1863 4 744 3 
1860 2 743 3 2254 2 716 1 
1857 4 1867 3 2253 2 1863 4 
1860 4 745 3 2252 3 1862 4 
1865 1 1965 1 408 2 1376 3 
1864 1 1964 3 407 1 
839 2 1856 2 741 1 739 1 
745 2 739 2 841 3 1862 3 
1615 2 2553 1 1841 1 17 2 
101 2 1707 3 1993 4 1484 2 
1877 3 2538 3 286 2 1871 1 
1872 2 1870 1 2537 2 275 1 
2536 4 618 3 1873 2 1871 2 
617 3 2012 3 1872 2 2535 2 
238 1 2534 1 1879 2 1875 1 
2533 2 1876 1 222 2 1874 1 
2532 2 256 1 1875 1 1877 3 
1870 3 598 4 2531 3 1876 3 
1879 3 1726 5 1845 2 2530 3 
1878 3 1844 2 1874 2 2529 2 
1881 2 1883 3 1551 4 
2014 1 1880 2 1550 2 
1915 5 1885 4 1549 5 1883 4 
1548 2 1880 3 1914 2 1882 4 
1885 4 1912 3 1887 4 1325 4 
1911 2 1884 4 1546 2 1882 4 
1545 2 1887 2 
1884 4 1886 2 1913 3 1544 3 
1491 1 1373 1 415 1 1889 1 
1372 1 1659 2 414 2 1888 1 
1624 2 1206 2 1208 3 604 1 
1212 1 1622 1 606 1 1214 1 
714 2 1188 2 1205 2 1202 3 
1894 2 28 1 1671 2 1201 1 
1895 2 27 4 1893 2 1674 2 
1896 3 26 1 1894 2 1673 1 
1895 3 25 4 960 3 1668 4 
81 3 721 2 1183 3 1209 3 
23 2 1670 2 960 2 1899 3 
1669 2 1898 3 2058 4 22 2 
1635 2 892 1 1901 1 1903 1 
1906 3 891 1 1900 1 1634 3 
1215 3 1903 2 1637 2 890 3 
1636 1 1902 2 1900 1 889 1 
1631 2 888 2 1905 3 1907 3 
2214 2 1904 3 887 2 1630 2 
1901 3 1907 4 886 4 1633 3 
885 3 1632 2 1906 4 1904 3 
1822 3 292 4 677 5 298 4 
668 2 1910 1 291 3 2228 2 
2227 2 1909 1 670 2 
1885 2 1915 3 514 1 1912 1 
1913 2 513 2 1884 3 1911 1 
1912 2 512 2 1887 3 
1915 3 1883 2 
1882 5 515 3 1914 3 1911 3 
1496 2 1939 3 978 3 1917 3 
1938 2 1500 2 1918 2 1916 3 
1494 2 1919 1 1941 1 1917 2 
1918 1 1940 1 1495 1 1920 2 
1943 3 1919 2 1921 4 1395 3 
1922 4 1942 4 1920 4 1402 3 
1921 4 1365 5 1923 2 1945 3 
1924 1 1922 2 1944 2 1507 2 
1923 1 1947 3 1925 1 619 1 
1765 2 620 1 1924 1 1946 1 
1367 2 1664 2 2026 3 421 4 
185 2 1142 1 
1929 1 354 1 1935 1 1180 3 
1928 1 353 2 1179 1 
1933 3 1931 2 349 3 1178 3 
1930 2 348 2 1177 1 1936 1 
2071 1 351 2 1933 2 1176 2 
1930 3 1175 2 1932 2 350 3 
1937 3 1935 2 345 4 1614 2 
344 1 1934 2 1928 1 1173 2 
1937 2 347 1 1172 1 1931 1 
1934 3 1171 3 346 4 1936 2 
1917 2 586 2 1941 1 1939 2 
1916 3 1780 2 1938 2 2292 2 
1943 2 1941 1 1919 1 2282 1 
1940 1 1918 1 1938 1 916 1 
564 3 1945 3 1921 4 1943 3 
563 3 1940 2 1920 3 1942 3 
1947 4 1923 2 1945 3 86 3 
85 2 1942 3 1944 3 1922 3 
2380 2 2083 1 1925 1 1947 3 
1924 3 1944 4 1946 3 2375 3 
80 2 1766 1 78 1 2197 1 
1478 3 1591 2 2201 4 
812 2 534 2 1951 2 2106 2 
811 2 533 2 1950 2 1956 3 
804 1 1959 3 1953 2 538 1 
1954 3 803 3 1952 2 537 2 
1955 2 536 2 1953 3 806 3 
1954 2 805 2 1123 2 535 2 
1957 3 808 3 1951 3 542 4 
1956 3 1958 2 807 1 541 1 
1959 4 540 4 1957 2 810 2 
1958 4 809 3 1952 3 539 3 
230 2 2357 1 2232 1 2239 2 
1032 3 1747 1 
2118 4 123 2 
1219 4 790 3 779 2 1224 3 
1965 3 1865 3 1727 3 
1964 3 1726 4 1864 1 1845 1 
2036 3 1967 3 1969 4 933 3 
2035 1 1974 2 932 2 1966 3 
1971 2 1969 3 935 3 2034 2 
1968 3 2033 2 934 2 1966 4 
2032 3 1971 3 937 3 1973 4 
1968 2 2031 1 936 1 1970 3 
2030 4 1842 4 939 3 1973 4 
2029 2 938 2 1970 4 1972 4 
2028 3 941 2 1967 2 1975 3 
322 2 2027 2 1974 3 940 3 
743 3 737 2 845 1 716 1 
1068 3 1978 2 1991 2 
1977 2 1067 2 1979 1 
1066 2 1978 1 
2160 3 353 4 1804 5 460 3 
2530 2 1803 1 1654 2 1726 4 
511 3 2146 3 1813 4 288 3 
1803 2 1656 3 
1987 3 346 4 456 2 1985 2 
455 1 347 1 2317 1 1984 2 
344 2 1804 4 458 2 1987 3 
457 3 1984 3 345 4 1986 3 
2337 2 1989 2 452 3 350 2 
1988 2 351 3 1753 3 451 3 
1991 2 1070 2 2138 4 
1990 2 1133 1 1977 2 
1231 3 703 1 1229 2 647 1 
2003 3 102 3 1869 4 1708 4 
770 3 1633 2 834 4 1995 4 
654 3 833 3 1632 3 1994 4 
548 2 2172 2 717 2 1997 1 
2171 4 715 2 1996 1 1998 2 
1999 3 1698 2 722 3 1997 2 
1998 3 2163 4 720 2 2000 3 
1704 2 2001 3 1999 3 104 2 
977 3 103 2 2002 2 2000 3 
1702 1 713 1 2001 2 2003 1 
1993 3 2173 1 2002 1 709 2 
2184 2 2005 1 2488 2 192 2 
191 3 2004 1 2487 2 
2423 5 818 5 1823 5 77 5 
832 2 770 2 1635 2 768 2 
2343 2 2078 3 2011 2 
1480 1 2010 3 1191 3 
68 4 2009 3 31 3 1479 3 
1688 1 2012 3 2342 3 2008 2 
2011 3 1873 3 2341 3 1687 3 
1399 2 2014 1 
1881 1 2013 1 1398 2 
69 3 1769 2 2019 2 
2017 3 1772 3 2021 1 73 1 
2016 3 72 3 1771 4 2018 4 
2019 2 71 2 389 2 2017 4 
2018 2 70 2 1773 2 2015 2 
1183 2 2021 1 81 2 1768 1 
75 3 1767 2 2016 1 2020 1 
2056 1 232 4 1338 1 2023 1 
231 2 2022 1 2024 1 1337 1 
1336 3 234 1 2023 1 2025 4 
233 4 2200 5 2024 4 1335 4 
1148 3 1366 4 420 2 1926 3 
2226 2 2179 2 1975 2 2028 2 
1974 3 1846 4 2027 2 2035 2 
1301 2 2030 2 1973 2 2032 1 
1300 2 1972 4 2029 2 2209 2 
1971 1 2034 1 2032 1 1303 2 
1302 2 1970 3 2031 1 2029 1 
1969 2 2036 1 2240 1 2034 1 
2031 1 1968 2 2238 1 2033 1 
1967 1 2036 1 1307 1 2028 2 
1306 1 2035 1 2033 1 1966 3 
183 2 1142 1 2054 1 
2039 1 2041 1 951 2 1702 1 
2038 1 2173 1 950 3 2052 1 
1704 1 2043 3 2041 1 482 1 
977 2 2038 1 948 2 2040 1 
947 1 1698 1 2045 1 2043 3 
2040 3 2163 5 946 3 2042 3 
2045 1 2172 2 1750 1 945 3 
2171 4 2044 1 2042 1 944 3 
1472 1 2049 1 2047 3 691 2 
1471 4 690 3 2210 3 2046 3 
689 3 2049 3 1474 4 2051 3 
2048 3 2046 1 1473 2 688 2 
2231 1 687 1 1476 1 2051 1 
1475 1 686 2 2050 1 2048 3 
2053 1 491 1 1708 2 2039 1 
2052 1 490 3 990 3 1707 2 
2037 1 190 2 1074 2 
1334 2 2056 1 237 1 
1333 1 2022 1 2055 1 236 1 
2058 3 964 2 2372 3 2059 1 
2057 3 2371 4 1483 3 1899 4 
1493 3 2057 1 2373 2 
2061 2 599 1 
2060 2 2062 3 249 2 600 2 
2061 3 2063 3 1737 2 590 2 
2064 2 243 2 591 2 2062 3 
2063 2 246 1 2065 1 592 1 
2064 1 245 3 2066 1 593 3 
594 2 2065 1 2067 2 240 1 
239 2 2066 2 2068 2 595 4 
596 1 242 2 2069 3 2067 2 
2261 4 241 5 597 3 2068 3 
1678 3 1340 1 1684 1 2279 3 
1932 1 186 1 2555 2 2190 1 
1534 4 1677 2 
2555 4 1719 3 2074 4 180 3 
1718 3 179 3 2073 4 2075 3 
182 2 1717 3 2074 3 2076 3 
181 2 2075 3 1716 3 2077 3 
3 2 1723 3 176 4 2076 3 
1533 2 1688 2 2008 3 2084 2 
1721 2 178 2 2080 1 3 1 
2276 1 177 2 1720 1 2079 1 
2456 2 16 2 2082 3 1763 2 
2085 3 1762 4 2081 3 2455 2 
1946 1 2454 4 16 1 1765 2 
1532 2 2078 2 1677 2 
2082 3 2452 3 1761 2 2086 2 
1760 1 2451 1 2085 2 
1077 2 2088 1 636 1 172 1 
635 1 2091 1 2087 1 1078 1 
2379 3 2090 2 801 3 2285 2 
2378 1 2089 2 2340 2 2098 2 
197 1 2088 1 1079 3 638 4 
2095 2 2383 2 2093 3 
2382 2 134 4 2092 3 
798 5 2095 3 2097 3 2385 3 
2092 2 2094 3 2384 1 799 1 
2097 1 796 1 2099 2 2387 2 
2096 1 2094 3 2386 2 797 1 
2389 2 2099 3 794 4 2090 2 
2098 3 795 3 2096 2 2388 3 
2101 2 393 2 585 3 2105 2 
2100 2 584 1 392 2 1651 3 
2103 2 581 3 2109 2 383 1 
382 2 2104 3 2102 2 580 2 
2103 3 381 3 2105 2 583 2 
2401 1 582 2 2100 2 2104 2 
577 2 1950 2 2107 1 387 1 
2108 3 2106 1 386 1 576 1 
2107 3 2414 4 579 3 2109 4 
578 3 2102 2 384 2 2108 4 
2117 2 667 2 2497 1 2111 1 
2112 1 666 1 2110 1 2496 1 
2499 1 2111 1 2113 2 665 2 
664 3 2312 3 2498 3 2112 2 
663 2 2493 2 2115 3 2119 2 
2114 3 662 3 2492 2 2116 2 
2495 1 661 1 2115 2 2117 2 
2110 2 2494 2 660 3 2116 2 
2119 3 1962 4 2502 3 657 3 
2118 3 2501 1 2114 2 656 2 
1506 1 2121 1 848 3 187 1 
847 2 2120 1 160 2 1505 2 
1433 3 1275 3 1277 4 2318 3 
2466 2 2124 1 711 3 2482 1 
2123 1 710 3 2481 2 
757 1 2333 3 2126 4 63 3 
2131 5 756 4 62 4 2125 4 
2134 2 57 3 2128 3 748 2 
2127 3 747 2 2129 2 56 2 
750 2 55 1 2128 2 2130 1 
749 2 54 1 2520 4 2129 1 
2126 5 2132 2 752 2 61 3 
60 1 2131 2 751 1 2133 1 
2134 1 2132 1 59 2 754 1 
753 1 58 1 2127 2 2133 1 
2153 2 126 3 2144 2 375 3 
300 5 2137 5 2145 5 850 5 
2136 5 849 1 299 3 2169 2 
5 3 2139 3 1990 4 
2140 2 4 2 2138 3 
2139 2 2141 5 306 2 2515 3 
2140 5 305 5 2 4 2142 4 
302 1 1 3 2143 1 2141 4 
2142 1 2565 1 301 1 276 1 
374 2 2187 3 2135 2 125 2 
276 1 2556 2 2136 5 303 1 
1982 3 130 1 2147 2 371 5 
129 4 2146 2 370 2 2148 2 
373 1 2149 1 128 1 2147 2 
2148 1 2150 1 127 2 372 2 
2149 1 931 3 2151 1 367 2 
2152 1 2150 1 366 3 133 1 
2153 2 2151 1 132 3 369 1 
2135 2 2152 2 131 2 368 2 
489 2 325 2 2157 3 2155 2 
324 1 2154 2 
327 1 2159 1 487 2 2157 2 
326 2 488 4 2154 3 2156 2 
485 3 2159 2 2161 2 329 3 
486 2 2158 2 2156 1 328 1 
483 1 1980 3 331 1 2161 1 
2158 2 330 2 2160 1 484 1 
906 2 2165 2 1743 2 332 3 
1999 4 2043 5 1704 3 1698 3 
1745 1 1824 1 908 1 2165 1 
1744 3 2162 2 909 4 2164 1 
343 1 2167 3 1739 1 910 2 
911 3 2166 3 2355 4 1738 4 
1741 4 343 2 332 3 912 2 
870 3 1697 3 2137 2 637 2 
914 4 1747 3 1824 3 1032 5 
2045 4 1997 4 2172 5 1698 4 
746 3 1996 2 2044 2 2171 5 
1708 2 2003 1 2039 1 1702 1 
1701 1 1699 2 1542 3 
2482 2 2176 2 318 3 395 3 
2175 2 2481 2 317 2 
2178 2 377 1 729 1 2290 3 
2289 2 2177 2 388 4 728 3 
2027 2 2484 2 322 2 2180 3 
2483 2 321 3 2181 2 2179 3 
395 2 2486 2 2180 2 320 2 
2285 2 394 4 2379 3 724 3 
639 2 1703 2 1701 1 
2185 4 2281 4 2004 2 733 2 
2184 4 2280 3 732 4 376 5 
2448 2 2189 3 2187 2 1378 1 
2144 3 2447 2 1364 4 2186 2 
2446 2 2189 3 1401 4 1710 1 
359 3 2445 5 2188 3 2186 3 
2071 1 1714 1 220 2 1176 2 
1366 3 2192 1 1713 1 1148 2 
1147 2 2193 3 2191 1 74 2 
2192 3 1146 3 77 3 2194 3 
76 2 2195 2 1145 4 2193 3 
79 3 1465 2 2194 2 2196 4 
78 3 1151 4 2197 3 2195 4 
2198 2 2196 3 1150 1 1948 1 
80 3 2199 2 2197 2 1149 3 
2200 2 2198 2 83 1 1144 1 
2025 5 2199 2 1143 2 82 2 
956 4 1949 4 413 3 
108 3 2207 2 270 3 2203 4 
2204 3 269 3 2202 4 107 5 
2203 3 110 1 268 1 2205 2 
267 2 2204 2 109 2 2392 2 
272 1 2207 1 106 2 
2202 2 2206 1 105 2 271 1 
2209 2 1843 2 2216 2 1096 2 
2208 2 1095 1 2030 2 1842 2 
1482 2 2214 1 2047 3 693 2 
2212 4 961 5 1092 3 1840 3 
2211 4 1839 2 2217 3 1091 4 
1094 3 961 4 1838 2 2402 2 
1905 2 692 1 1481 1 2210 1 
1088 2 2218 3 2216 2 1836 2 
1835 2 2215 2 2208 2 1087 1 
1090 2 2218 3 2212 3 1834 2 
1089 2 2215 3 2217 3 1833 2 
1303 2 2220 1 773 1 2328 1 
2219 1 2221 3 1315 1 1302 2 
2220 3 1301 4 2222 3 1318 4 
2425 4 1300 1 1317 1 2221 3 
1100 3 2224 3 2229 4 290 3 
2223 3 1675 3 289 1 1099 2 
1322 1 772 4 2240 1 773 1 
774 2 2027 2 2484 2 1846 4 
2228 3 1910 2 1101 2 
2227 3 1104 2 2229 3 1909 2 
1103 3 291 4 2223 4 2228 3 
685 2 2231 2 1591 2 1478 3 
1477 1 2230 2 2050 1 684 1 
2360 1 227 2 2233 1 1960 1 
2232 1 2234 2 1676 1 2359 2 
2362 2 2235 2 2233 2 225 2 
2234 2 2236 3 226 3 2361 1 
2364 5 2235 3 2237 3 223 4 
2236 3 224 1 2363 1 
773 1 1303 2 2240 1 2034 1 
229 3 265 3 2358 5 1960 2 
1306 1 2225 1 2238 1 2033 1 
2263 2 1102 2 1680 1 2247 2 
2437 1 1519 3 1554 3 2243 1 
2248 2 1518 2 2242 1 1553 1 
1525 2 1558 2 2251 2 2245 3 
1557 2 2246 4 2244 3 1524 2 
1527 4 2245 4 990 5 1556 3 
2265 2 2241 2 1679 2 1327 3 
2249 4 2243 2 1521 2 1562 2 
1561 3 2248 4 2250 4 1520 4 
2249 4 1560 2 2251 2 1523 2 
1522 1 1559 1 2244 2 2250 2 
1863 3 2253 1 2255 3 1293 1 
1292 2 2252 1 1862 2 2258 2 
2255 4 1295 3 2264 3 1861 2 
1860 4 2254 4 1294 3 2252 3 
2257 1 1297 2 2259 2 738 3 
2256 1 736 2 1296 3 2450 1 
1857 4 1299 2 2259 3 2253 2 
1298 3 1856 3 2258 3 2256 2 
1033 1 94 2 2261 2 813 3 
2069 4 2260 2 814 2 93 2 
1683 3 1105 1 2316 1 2291 1 
2241 2 1305 3 2264 3 719 4 
2263 3 2254 3 1304 3 716 2 
2247 2 1332 2 2279 3 1678 3 
1059 4 
1694 2 2268 1 478 2 1560 1 
2267 1 1559 1 477 2 1124 2 
1694 2 476 2 2278 4 1562 1 
1552 2 2557 2 2271 3 
2272 3 1539 3 2270 3 2560 3 
2271 3 2559 3 1538 3 2273 2 
1752 1 2562 1 2274 2 2272 2 
2561 3 2273 2 2275 3 1536 2 
1529 3 2274 3 2276 2 2564 3 
1528 2 2080 1 2563 1 2275 2 
2463 4 2278 4 1554 3 481 1 
480 4 2277 4 2269 4 1553 4 
2265 3 1331 4 2291 3 2070 3 
988 1 2185 3 2281 3 2288 1 
2488 4 2184 4 989 4 2280 3 
563 2 916 1 1940 1 116 1 
2284 2 398 2 2286 2 993 2 
388 3 994 1 2283 2 2289 1 
2182 2 991 2 2089 2 2286 1 
992 1 2283 2 394 3 2285 1 
2290 3 377 1 997 1 2288 1 
376 3 998 2 2287 1 2280 1 
2178 2 2284 1 995 1 2290 3 
2287 3 2289 3 2177 3 996 4 
1106 3 1684 1 2279 3 2262 1 
119 2 1939 2 1013 1 586 2 
1270 1 2296 3 2306 1 1438 2 
37 2 1604 2 2295 2 1267 2 
1281 3 2294 2 1607 2 40 2 
2293 3 1276 4 1314 4 1435 3 
2298 2 2302 3 1609 4 
2297 2 1290 2 34 2 1608 3 
1270 2 2310 3 2300 2 1440 2 
1439 2 2299 2 
1613 2 2302 3 
1612 3 2301 3 2297 3 
2304 1 2498 2 1444 1 2312 2 
2303 1 1276 2 2311 1 1443 2 
1547 3 2308 2 1309 1 1348 2 
1308 3 1314 2 447 2 2293 1 
2308 3 2309 2 640 2 2503 2 
1540 3 2305 2 2307 3 2500 2 
1351 1 2307 2 
444 3 1308 4 2299 3 
2312 2 2304 1 443 1 874 1 
2113 3 2311 2 442 3 2303 2 
632 4 2490 2 1309 2 2314 2 
2489 1 1725 3 2313 2 631 1 
1269 2 1162 1 826 2 2509 1 
1682 2 2336 1 1108 3 2262 1 
2337 2 348 2 454 2 1985 1 
2321 2 1164 2 2122 3 2319 1 
316 1 1275 1 1163 1 2318 1 
2321 2 1166 1 1278 2 2323 1 
1277 3 2320 2 2318 2 1165 2 
2323 1 1272 2 2325 3 1168 1 
2322 1 2320 1 1271 2 1167 2 
826 3 1170 3 1274 3 2325 4 
1169 3 2322 3 1273 4 2324 4 
2327 1 2332 1 1800 2 525 2 
524 2 2326 1 1838 1 2402 1 
1315 1 1218 1 1321 1 2219 1 
521 1 2407 1 1174 2 2330 2 
2406 2 2331 5 2329 2 520 2 
523 4 2332 4 2405 4 2330 5 
2326 1 522 3 2331 4 2404 1 
2334 5 2411 3 2125 3 517 3 
2333 5 2410 3 516 4 2335 3 
1174 2 775 3 519 3 2334 3 
1061 4 2316 1 1107 1 1681 2 
1988 2 349 3 2317 2 453 2 
561 4 2504 3 53 4 44 3 
802 4 2550 2 1467 3 565 2 
794 4 1530 3 801 3 2090 2 
2535 2 1330 2 2342 3 2012 3 
1329 3 2341 3 2011 3 2343 3 
2008 2 2342 3 1328 1 
2345 2 2557 1 150 1 2350 2 
2346 3 2344 2 2558 2 149 3 
2345 3 152 3 
2352 3 2348 2 2561 3 154 2 
2347 2 153 2 2562 1 2349 2 
2559 3 2350 3 156 3 2348 2 
2560 3 2349 3 155 2 2344 2 
148 2 2543 2 2563 2 2352 3 
2347 3 147 3 2564 3 2351 3 
2354 2 1121 3 1580 2 
2353 2 1130 1 2355 2 1579 3 
2354 2 1578 2 2167 4 1131 3 
559 1 53 2 1859 2 925 2 
1960 1 2360 1 2358 4 532 1 
531 4 1812 4 2357 4 2239 5 
2362 2 2360 2 530 2 2233 2 
2232 1 2357 1 2359 2 529 4 
528 1 2362 1 2364 3 2235 1 
2234 2 2359 2 2361 1 527 4 
2364 3 2237 1 
2236 5 2363 3 2361 3 526 4 
64 3 357 1 558 1 
2367 4 2428 4 167 4 399 4 
166 2 2366 4 815 4 1766 2 
2369 2 402 2 2377 3 1195 2 
198 1 1194 1 2368 2 401 2 
1196 2 554 1 400 1 
1131 3 22 2 2372 4 2058 4 
1130 3 2371 4 2057 3 2373 4 
1121 3 2372 4 2059 2 
1353 2 450 3 
121 3 86 2 2380 2 1947 3 
1199 1 1021 1 2377 2 406 1 
1198 3 2368 3 2376 2 405 3 
2090 1 2379 2 2389 1 493 1 
2378 2 2089 3 492 3 2182 3 
1946 2 2454 5 120 2 2375 2 
824 2 822 1 1547 3 1031 1 
2093 2 501 3 2383 1 42 1 
500 2 2384 1 2092 2 2382 1 
2385 1 2383 1 2095 1 499 1 
2384 1 2386 2 498 1 2094 3 
2385 2 2387 3 2097 2 497 3 
2386 3 2096 2 496 3 2388 3 
495 3 2389 2 2099 3 2387 3 
2098 2 494 1 2388 2 2378 1 
1832 3 296 2 509 3 1841 2 
2472 3 2396 2 121 4 2392 2 
120 1 2471 3 2391 2 2205 2 
2400 3 2394 1 115 1 2474 1 
114 2 2393 1 2395 4 2473 1 
113 5 2476 4 2394 4 2396 4 
2391 2 112 2 2395 4 2475 4 
119 2 51 1 2398 1 2478 2 
118 2 2477 1 2399 2 2397 1 
2400 4 2398 2 117 2 2480 2 
2393 3 2399 4 2479 3 116 3 
2105 1 429 3 393 1 381 2 
1800 2 894 2 2213 2 2327 1 
380 3 1218 1 1321 1 1247 2 
2405 1 1800 2 2332 1 890 2 
2404 1 2406 1 2331 4 889 1 
2405 1 892 1 2330 2 2407 1 
2329 1 2408 1 891 1 2406 1 
775 3 2407 1 1174 2 886 2 
391 3 1250 2 2412 2 1320 2 
2411 1 2334 3 775 3 888 1 
2410 1 887 1 2333 3 63 3 
1319 2 2409 2 1249 3 380 3 
1252 2 385 2 1318 3 1638 4 
384 2 386 2 424 3 2108 4 
1090 3 2416 3 1114 3 2422 4 
1113 2 2415 3 1089 1 2417 1 
2418 1 1116 2 1088 1 2416 1 
2417 1 1115 3 2424 1 1087 1 
1094 2 2420 2 1110 1 867 2 
2421 2 1109 2 2419 2 1093 2 
1092 1 2420 2 2422 2 1112 2 
1111 2 1091 4 2421 2 2415 4 
74 2 819 1 2006 5 1847 2 
1096 1 2425 4 2418 1 1118 1 
1117 5 2222 4 2424 4 1095 4 
2428 2 83 1 399 2 2427 2 
204 3 82 2 823 3 2426 2 
2426 2 80 3 2366 4 1766 2 
19 2 2553 1 1617 1 
180 2 2527 2 2541 2 1751 2 
1397 3 2436 1 2432 1 1367 1 
1713 1 1366 3 1396 1 2431 1 
2434 2 1369 2 2440 1 1390 2 
2435 3 1368 2 2433 2 1389 3 
2434 3 1388 2 2436 2 1371 2 
1370 1 1387 1 2435 2 2431 1 
1373 1 2242 1 1394 1 2438 1 
2439 1 1372 1 2437 1 1393 1 
2440 1 2438 1 1375 1 1392 1 
2439 1 1391 4 1374 1 2433 1 
2444 1 1712 2 2442 2 1082 2 
1081 2 2449 2 2441 2 1711 2 
1084 1 2444 1 2446 2 1710 1 
1709 1 2443 1 2441 1 1083 1 
2189 5 2446 4 2448 4 1078 3 
2188 2 1077 3 2445 4 2443 2 
2448 2 2187 2 1080 1 125 1 
2447 2 1079 4 2186 2 2445 4 
122 1 2442 2 2450 1 1086 2 
111 1 1085 1 2449 1 2257 1 
2086 1 2452 2 272 1 
2451 2 2085 3 2455 2 271 2 
268 1 2454 4 16 1 2456 1 
2380 5 267 4 2083 4 2453 4 
2456 1 270 2 2452 2 2082 2 
2081 2 2455 1 269 1 2453 1 
2458 3 2460 2 1388 1 340 3 
2457 3 1387 3 2469 4 339 4 
2460 2 338 1 2462 1 1390 2 
337 2 1389 3 2459 2 2457 2 
1392 1 2464 2 2462 1 336 1 
2461 1 2459 1 335 1 1391 4 
2277 4 334 4 1394 4 2464 5 
2461 2 333 5 2463 5 1393 2 
2486 2 706 1 2466 2 2468 2 
2123 2 2485 2 705 3 2465 2 
774 1 708 1 2468 2 2484 1 
2483 2 2467 2 2465 2 707 4 
2470 2 1397 4 342 2 2458 4 
2469 2 341 2 820 2 1396 1 
109 3 2392 3 2472 4 1350 3 
2475 5 2391 3 1349 4 2471 4 
1346 2 2474 1 2394 1 2476 1 
2479 1 2473 1 1345 1 2393 1 
2472 5 1344 4 2476 4 2396 4 
2395 4 2475 4 1343 1 2473 1 
1342 2 2398 1 2478 2 2480 1 
846 3 1341 3 2477 2 2397 2 
1340 1 2400 3 2474 1 2480 1 
1339 2 2399 2 2477 1 2479 1 
2176 2 2124 2 2482 2 
2175 2 2485 1 2481 2 2123 1 
2180 2 2486 2 2468 2 2484 1 
2179 2 2483 1 2226 2 2467 1 
2482 1 2466 2 395 2 2486 2 
2181 2 2465 2 2483 2 2485 2 
2488 3 407 2 2005 2 
2487 3 2281 4 408 3 2004 2 
2490 1 1497 1 2314 1 1199 1 
2489 1 1347 1 1198 2 2313 2 
148 4 1454 4 949 4 835 4 
2115 2 2493 1 1240 1 2495 1 
2114 2 1239 3 2492 1 2501 1 
2495 1 2117 2 2497 1 1238 1 
2494 1 2116 1 1237 4 2492 1 
2499 1 2497 1 1244 1 2111 1 
2494 1 2110 1 1243 1 2496 1 
2303 2 2113 3 1242 2 2499 2 
2112 1 1241 3 2496 1 2498 2 
1193 2 2308 2 1348 2 2503 1 
1246 1 2119 1 2502 1 2493 1 
1245 1 2501 1 2118 3 123 1 
1351 1 2307 2 1192 2 2500 1 
355 1 2338 3 1642 1 2517 1 
2512 1 2506 3 1064 1 941 1 
1281 4 1063 5 2505 3 940 4 
2508 1 1139 3 937 1 2510 1 
2507 1 936 1 1069 1 2513 1 
2510 1 939 1 1072 2 2315 1 
2509 1 2507 1 938 1 1071 3 
1152 2 933 1 2514 1 2512 1 
2505 1 1073 2 932 2 2511 1 
2514 1 935 2 1154 1 2508 1 
2513 1 934 1 1075 2 2511 1 
4 3 2 2 1508 4 2140 3 
1696 2 2520 4 211 2 1363 2 
1641 2 2504 1 929 2 44 1 
451 3 828 3 1753 3 2519 3 
2527 2 827 3 1751 2 2518 3 
1695 4 2130 4 2516 4 210 4 
2544 3 2522 3 2524 2 836 5 
2543 2 2521 3 835 2 148 2 
834 3 2526 2 2524 1 2546 1 
833 1 2521 2 2545 2 2523 1 
2540 1 2528 1 832 2 2526 2 
831 2 2539 2 2523 2 2525 2 
2519 2 2430 2 830 1 2528 1 
2525 1 2541 1 829 1 2527 1 
2534 1 2530 2 1141 1 1879 2 
2529 2 1981 2 1140 3 1878 3 
1137 1 2538 3 1877 3 2532 2 
1876 2 2533 3 1136 3 2531 2 
1875 2 2532 3 2534 2 1406 3 
2529 1 1874 1 1138 2 2533 2 
2341 2 2536 4 1405 2 1873 2 
2537 4 1872 4 2535 4 1132 3 
2536 4 1135 4 2538 4 1871 2 
1870 3 1134 3 2531 3 2537 4 
2540 1 2526 2 181 1 2546 1 
2525 1 182 1 2539 1 2541 1 
2528 1 2430 2 179 2 2540 1 
999 1 2551 1 
177 2 2544 2 2522 2 2351 2 
2543 2 2521 3 2545 3 178 3 
2544 3 2524 2 175 3 2546 2 
2539 1 2545 2 2523 1 176 3 
2548 4 2554 3 1010 3 
1009 3 2547 4 800 2 2549 2 
2550 1 802 3 1008 2 2548 2 
163 3 2549 1 2339 2 1007 1 
2552 2 2542 1 918 4 
2551 2 965 4 917 3 
1616 3 1868 1 2429 1 84 2 
2547 3 1011 1 965 3 
2071 2 2073 4 1119 2 1714 2 
1513 2 2145 2 1470 3 850 2 
2560 2 2558 1 2344 1 2270 2 
2557 1 2345 2 
2349 3 2562 2 2272 3 2560 3 
2557 2 2559 3 2350 3 2271 3 
2347 3 2562 2 2274 3 2564 3 
2561 2 2348 1 2273 1 2559 2 
2564 2 2276 1 177 2 2351 2 
2563 2 2561 3 2275 3 2352 3 
1 3 1515 1 2143 1 1470 2 
