2503 4877 001
2350 5 1714 5 1688 5 2380 3 
3 3 5 5 680 6 1399 5 
1398 2 2 3 58 4 104 3 
56 4 52 4 1416 5 1438 7 
54 5 1400 4 102 5 2 5 
1436 6 56 3 7 3 1418 4 
8 2 1435 3 6 3 1417 4 
7 2 1434 6 9 4 1420 4 
1433 3 8 4 1419 5 
2384 6 1563 4 1532 3 1231 6 
670 9 1273 4 12 4 2373 5 
1396 4 54 5 669 6 11 4 
1442 7 2045 5 14 5 1422 8 
1421 9 1441 5 50 6 13 5 
26 2 16 7 531 5 255 5 
527 9 780 6 2321 8 15 7 
1837 9 2228 10 18 10 1207 8 
1565 10 2227 11 17 10 1208 6 
556 6 2344 4 72 6 245 7 
21 7 70 9 432 8 1212 14 
20 7 2218 3 1837 5 1209 4 
246 3 2342 5 2246 4 1709 7 
2083 5 442 4 24 5 1215 6 
1216 4 23 5 30 8 25 6 
436 8 1213 5 1889 6 24 6 
1750 3 15 2 571 4 2305 2 
175 6 755 6 1545 7 315 9 
1170 6 1172 5 936 6 714 8 
524 5 1232 5 1175 1 1482 4 
2007 9 436 10 442 7 24 8 
32 1 940 2 1174 5 718 4 
33 5 31 1 118 3 943 1 
942 9 1170 7 32 5 716 7 
950 13 1638 10 35 9 1562 6 
47 9 1637 7 34 9 1561 9 
41 7 1653 4 37 5 1618 6 
2395 6 1617 10 36 5 1289 4 
39 6 1274 7 45 7 1620 7 
1946 7 38 6 2274 6 40 5 
41 8 1945 7 39 5 1622 5 
1944 9 40 8 1621 9 36 7 
123 4 1624 5 1951 8 43 9 
1950 11 44 8 42 9 1623 7 
45 5 1949 6 43 8 1626 7 
44 5 1948 6 38 7 1625 4 
48 5 2171 5 839 4 1731 2 
35 9 1553 7 1636 8 49 6 
46 5 1501 8 1730 7 911 5 
1188 5 1552 4 1635 4 47 6 
1414 4 1440 8 14 6 52 4 
1938 3 57 4 820 3 198 5 
4 4 1439 4 1413 2 50 4 
59 9 2183 6 1765 6 1036 9 
5 5 1401 5 103 5 12 5 
231 4 846 6 1722 7 2166 9 
4 4 1437 4 1415 3 6 3 
1941 3 51 4 197 3 819 3 
93 5 3 4 1402 4 
53 9 1768 9 2182 11 1039 6 
1737 9 61 10 63 10 2095 9 
60 10 1344 10 1736 8 66 9 
2163 4 2432 6 63 7 1739 12 
1738 7 60 10 2162 10 62 7 
67 6 1733 6 65 6 2091 6 
1732 3 64 6 68 5 2090 4 
67 7 2089 8 1735 9 61 9 
66 7 64 6 1734 3 2088 7 
2087 7 65 5 
163 6 2033 6 
20 9 2220 5 1211 7 1889 6 
1178 6 710 7 1342 7 712 4 
2295 5 19 6 2244 9 2342 6 
272 3 1403 4 
348 9 644 5 1055 4 75 7 
80 6 1054 9 74 7 347 7 
1053 9 644 8 87 9 350 10 
643 2 568 4 86 3 846 5 
79 3 1051 4 81 9 344 3 
192 3 78 3 1050 3 343 5 
346 2 75 6 81 8 1049 3 
80 8 1048 10 345 9 78 9 
664 9 914 9 560 5 822 5 
1214 9 1246 9 659 10 1381 9 
822 8 562 8 839 10 85 10 
561 5 911 4 182 7 84 10 
661 6 77 3 564 4 845 4 
76 9 658 5 351 6 1045 7 
664 11 843 9 661 10 566 8 
1750 4 252 6 567 8 1709 6 
108 8 2065 6 707 7 91 9 
107 7 2064 6 90 9 188 10 
1383 12 967 11 1244 8 659 10 
104 4 58 5 2304 3 
2466 3 110 5 2073 4 95 4 
109 7 2072 8 94 4 96 5 
2071 7 95 5 112 6 97 8 
2070 7 96 8 98 7 111 8 
99 3 114 5 97 7 2069 6 
100 5 113 3 2068 5 98 3 
2067 8 99 5 707 7 116 7 
706 5 1057 4 
2309 4 103 5 5 5 680 6 
669 6 54 5 102 5 2308 6 
680 6 1206 6 93 4 3 3 
677 9 932 7 1066 8 679 7 
1166 5 387 4 1389 4 466 2 
730 3 91 7 2495 5 108 6 
90 8 729 9 115 8 107 6 
95 7 175 6 110 8 112 8 
216 4 94 5 109 8 722 7 
721 4 114 6 112 6 97 8 
720 3 111 6 109 8 96 6 
99 3 114 5 116 5 727 8 
111 6 113 5 98 5 726 7 
116 7 707 7 108 8 725 9 
115 7 724 5 113 5 100 7 
206 5 192 5 812 4 1940 9 
32 3 716 5 718 6 728 5 
400 3 543 6 1021 8 120 5 
2488 7 701 4 1022 3 119 5 
865 6 696 4 122 9 1095 6 
864 6 1675 8 1094 8 121 9 
2412 7 1412 6 42 4 124 5 
1411 5 123 5 131 7 2411 7 
1404 5 2420 8 126 7 128 7 
1403 8 125 7 2419 8 272 7 
130 4 128 5 2418 1 1406 5 
2417 7 127 5 125 7 1405 8 
1408 10 2416 5 130 6 132 6 
1407 9 127 4 129 6 2415 4 
1410 8 132 7 124 7 2414 6 
2413 4 131 7 129 6 1409 4 
1449 6 134 8 425 6 1003 8 
133 8 1002 6 424 4 139 6 
998 6 136 7 419 5 142 5 
137 9 997 5 135 7 660 4 
138 6 136 9 1000 10 417 10 
656 5 137 6 283 5 999 6 
994 4 140 6 667 8 134 6 
141 4 139 6 993 5 422 7 
140 4 996 5 142 2 665 1 
141 2 663 3 995 5 135 5 
2195 9 1588 8 1878 6 1003 7 
2198 8 2213 8 1112 9 2194 7 
325 4 1947 5 2273 4 146 2 
2272 3 147 6 145 2 1272 2 
1957 6 146 6 2267 7 148 9 
149 10 1956 6 147 9 2266 5 
148 10 2265 8 150 10 1959 10 
151 5 1958 8 2264 8 149 10 
1953 6 152 5 150 5 2271 6 
151 5 1952 9 153 6 2270 8 
2269 5 152 6 1955 3 154 7 
2268 6 153 7 630 8 1954 9 
996 8 1874 4 167 7 158 7 
157 7 162 8 510 9 1830 8 
156 7 332 6 1829 2 509 7 
1873 9 995 7 170 5 155 7 
160 3 1818 6 166 5 501 2 
500 6 159 3 161 9 1817 10 
160 9 162 8 1816 9 503 10 
502 4 161 8 1815 7 156 8 
69 6 164 7 1822 8 505 5 
504 6 163 7 489 4 165 8 
1820 9 164 8 166 9 507 7 
1819 7 506 8 159 5 165 9 
993 5 1875 7 155 7 1479 7 
835 4 1870 5 1000 6 2203 2 
1639 7 1839 5 349 4 1619 4 
1872 5 2203 2 158 5 998 4 
321 10 1713 8 1719 5 2111 8 
2205 4 2202 5 1106 4 2200 8 
2423 8 1057 5 174 6 
1067 6 2422 5 1058 8 173 6 
109 6 27 6 720 1 722 5 
177 6 482 10 179 9 
481 5 176 6 180 3 
480 6 179 8 706 6 
176 9 178 8 479 8 
476 3 177 3 
1876 6 2461 5 196 4 1935 4 
396 4 1929 6 654 7 85 7 
184 3 1874 2 2500 3 1935 4 
185 5 183 3 2499 6 1873 7 
184 5 2457 7 186 7 1872 7 
185 7 2493 4 187 6 1871 8 
1870 6 188 8 186 6 2459 6 
2495 8 1869 9 187 8 91 10 
649 6 190 3 382 5 389 4 
388 3 191 7 189 3 648 5 
190 7 647 9 1960 9 391 10 
79 3 117 5 205 4 811 8 
1960 4 653 3 194 2 385 3 
1994 8 384 5 193 2 652 4 
2490 9 1576 11 1878 9 196 9 
1877 9 181 4 2489 4 195 9 
198 4 204 2 57 3 1277 4 
197 4 199 8 1276 8 51 5 
1938 6 1345 8 198 8 200 10 
670 13 1937 8 199 10 1273 8 
206 5 202 4 1940 9 1283 3 
1280 4 203 7 201 4 1939 5 
1942 10 202 7 2334 9 204 7 
1278 7 197 2 203 7 1941 2 
2325 9 192 4 206 4 343 6 
117 5 201 5 205 4 2324 6 
2471 1 1359 4 214 1 208 2 
209 4 207 2 1358 2 2470 2 
210 6 208 4 2473 6 1357 7 
209 6 215 6 1356 5 2472 9 
1355 2 2475 5 362 5 212 5 
1354 8 213 7 211 5 2474 6 
2477 6 214 4 212 7 1353 9 
207 1 1352 4 213 4 2476 4 
1351 3 216 4 2467 5 210 6 
110 4 215 4 1350 6 2466 2 
1890 7 218 6 2055 8 1301 7 
217 6 1300 2 225 6 1888 4 
589 5 222 4 1985 4 220 6 
365 5 1795 6 588 7 219 6 
222 4 224 4 587 7 1838 3 
221 4 586 6 219 4 2032 6 
585 5 224 4 226 4 837 5 
221 4 1892 4 223 4 2104 8 
226 7 1891 10 218 6 583 7 
225 7 1879 9 223 4 582 4 
1563 6 574 7 1774 7 1424 7 
2152 5 1741 6 1138 5 
383 6 230 6 1896 10 237 11 
584 3 382 4 229 6 389 3 
1455 4 55 4 1723 4 847 4 
381 4 233 5 
576 5 232 5 234 5 380 7 
377 4 581 7 235 5 233 5 
580 6 234 5 236 6 376 8 
237 9 579 5 235 6 379 9 
236 9 229 11 378 9 578 10 
2406 10 239 10 2496 8 242 10 
2458 9 2405 7 238 10 240 5 
2408 5 241 4 239 5 2494 6 
243 6 240 4 1596 4 2407 3 
2404 5 2460 5 238 10 
241 6 2410 7 244 5 2492 6 
2491 5 402 9 2409 3 243 5 
2080 7 1263 9 2295 6 19 7 
22 3 247 4 2313 5 2081 5 
2295 5 2342 6 2082 6 246 4 
249 12 2371 5 285 6 2294 8 
248 12 284 11 757 16 2370 14 
251 5 2365 5 291 2 2327 5 
2312 5 250 5 2364 5 290 9 
2311 8 2075 9 89 6 2313 9 
2312 3 2293 4 2366 7 288 4 
2327 5 656 6 283 6 1628 4 
2084 7 2321 6 2305 5 15 5 
1351 4 263 6 1337 6 257 7 
315 7 1336 7 1350 8 256 7 
1353 6 261 4 259 5 1331 5 
1330 6 258 5 264 8 1352 8 
426 8 1329 9 261 7 1355 4 
1328 4 258 4 260 7 1354 8 
1335 7 263 6 265 5 1357 8 
256 6 262 6 1334 7 1356 4 
265 5 1333 7 259 8 1359 7 
1332 5 264 5 262 5 1358 2 
1906 7 606 7 269 8 267 11 
605 11 270 7 1905 9 266 11 
604 4 269 7 
1907 6 268 7 266 8 603 7 
271 4 267 7 600 5 1904 5 
270 4 1903 6 1979 6 2351 6 
73 3 2275 4 126 7 
810 3 274 4 
273 4 806 8 275 7 
276 8 274 7 807 6 
275 8 277 8 808 11 
437 5 809 9 278 6 276 8 
802 5 277 6 441 8 279 6 
278 6 803 5 280 6 440 5 
439 6 281 6 804 10 279 6 
280 6 805 7 438 9 798 8 
283 9 1242 7 2327 8 291 5 
1241 9 282 9 138 5 254 6 
285 5 1238 5 249 11 451 5 
284 5 248 6 286 7 1237 8 
287 5 2294 9 1240 7 285 7 
286 5 1239 4 2293 3 288 3 
289 5 253 4 1234 6 287 3 
288 5 2312 4 1233 5 290 8 
251 9 291 6 1236 7 289 8 
1235 4 250 2 282 5 290 6 
1567 6 774 9 304 7 2502 5 
1042 11 2186 11 1036 14 1771 11 
301 4 295 7 638 6 2260 6 
294 7 296 8 637 9 2261 8 
636 6 295 8 2262 8 297 9 
2204 8 635 10 2263 8 296 9 
303 5 2256 6 299 6 642 5 
2257 7 298 6 641 8 300 10 
301 5 640 9 2258 5 299 10 
300 5 294 4 639 1 2259 2 
634 6 2254 6 455 5 303 8 
298 5 633 8 302 8 2255 9 
1566 7 777 9 292 7 1001 4 
330 2 313 7 810 3 
332 8 307 3 509 9 805 6 
804 8 306 3 331 7 308 2 
309 4 334 7 307 2 803 3 
308 4 802 5 333 6 310 5 
311 4 336 6 809 8 309 5 
335 4 808 8 310 4 312 3 
807 4 338 6 313 8 311 3 
337 8 312 8 305 7 806 11 
1533 9 1383 11 1943 7 316 10 
257 7 722 8 1544 6 27 9 
317 6 1532 6 1382 9 314 10 
316 6 1535 7 318 6 1381 4 
1380 6 1534 9 317 6 
1712 10 324 10 320 7 2130 9 
2129 4 1711 5 319 7 2429 3 
171 10 322 9 2123 9 328 7 
321 9 2122 8 323 4 1713 7 
2121 3 324 7 1716 3 322 4 
1715 9 323 7 2120 13 319 10 
2127 7 326 9 1718 4 145 4 
1717 8 2126 8 325 9 327 7 
632 5 326 7 752 1 328 1 
2124 1 1719 2 327 1 321 7 
2315 6 330 2 
305 2 2314 5 329 2 337 3 
334 12 332 12 2372 9 307 7 
306 8 331 12 157 6 2322 8 
1252 9 334 9 336 7 309 6 
333 9 331 12 308 7 2320 11 
311 4 336 6 338 7 2319 4 
333 7 310 6 2318 5 335 6 
1251 3 313 8 338 6 330 3 
312 6 335 7 337 6 2316 8 
758 5 729 8 1538 6 764 7 
1425 7 675 7 1456 10 930 9 
494 5 621 4 2229 2 753 3 
2252 5 1126 7 513 6 
631 8 344 5 205 6 79 5 
345 3 615 6 343 5 78 3 
344 3 81 9 1580 6 346 3 
80 2 522 2 347 3 345 3 
348 9 346 3 75 7 1652 5 
74 9 349 9 347 9 1639 12 
348 9 644 5 169 4 350 7 
1619 7 351 7 349 7 76 10 
2193 6 352 5 350 7 87 6 
351 5 658 4 867 4 2192 4 
740 5 1519 9 643 3 719 5 
357 9 355 8 1091 6 408 8 
354 8 407 9 364 5 1090 4 
359 8 1093 9 357 10 406 8 
405 7 354 9 356 10 1092 8 
359 5 404 5 361 5 1087 8 
358 5 403 3 356 8 1086 5 
2491 9 1089 9 402 13 361 8 
401 9 1088 4 358 5 360 8 
1169 4 1148 9 211 5 363 6 
1147 9 362 6 
365 2 1085 3 355 5 410 2 
220 5 364 2 409 3 1084 2 
367 5 686 6 373 10 1459 3 
1460 8 366 5 368 6 685 8 
367 6 684 6 369 3 1457 5 
1458 7 552 3 368 3 683 3 
371 6 375 4 690 8 1463 6 
370 6 1464 5 372 7 689 5 
1461 5 371 7 373 14 688 8 
687 13 372 14 366 10 1462 11 
682 6 1465 9 1348 6 375 4 
370 4 681 4 1466 5 374 4 
379 11 235 8 557 8 377 7 
380 6 234 4 1298 5 376 7 
1297 8 383 4 237 9 379 9 
1296 6 378 9 376 11 236 9 
1293 13 377 6 381 6 233 7 
380 6 232 4 540 4 
230 4 189 5 383 4 1287 5 
229 6 378 4 382 4 1286 6 
194 5 385 6 1166 7 387 6 
1165 7 390 8 384 6 193 3 
466 3 430 7 1980 8 387 5 
106 4 386 5 1994 9 384 6 
190 3 389 4 1162 5 391 6 
388 4 1161 3 230 3 189 4 
385 8 391 10 1960 9 2487 9 
1159 5 390 10 388 6 191 10 
393 4 737 3 399 4 749 8 
392 4 748 6 736 4 394 4 
747 5 739 5 395 3 393 4 
746 5 1848 4 394 3 738 3 
182 4 1154 3 561 2 430 5 
732 8 398 5 
399 5 751 5 397 5 735 4 
750 5 734 9 398 5 392 4 
1023 9 535 2 119 3 2488 5 
361 9 2269 9 402 14 404 9 
244 9 401 14 360 13 2268 9 
359 3 2271 5 404 3 406 3 
358 5 401 9 403 3 2270 7 
357 7 408 6 406 5 2265 4 
2264 7 356 8 405 5 403 3 
2267 7 408 9 355 9 410 6 
2266 5 407 9 405 6 354 8 
410 3 365 3 588 5 2273 5 
409 3 2272 3 364 2 407 6 
745 8 984 7 412 10 2027 8 
411 10 2026 8 744 11 413 9 
2029 7 743 3 412 9 
945 5 1796 5 433 5 1303 4 
1271 4 1827 3 
657 8 1979 7 2351 7 2207 7 
656 9 2217 5 137 10 660 5 
2205 3 657 5 662 4 2349 4 
663 3 135 5 660 2 2219 5 
662 4 2211 8 2355 4 421 6 
2354 8 666 5 2212 6 420 6 
665 4 140 7 667 9 2224 5 
2352 6 666 2 2210 5 668 4 
667 6 425 2 2226 6 134 4 
960 3 424 2 2225 6 133 6 
2345 9 1148 10 427 9 260 8 
2343 9 1147 11 426 9 428 5 
2341 3 1149 2 427 5 
2001 3 2218 3 1837 5 2228 6 
386 7 396 5 1929 7 2480 14 
2217 2 1721 3 656 6 1628 4 
20 8 2003 3 2218 4 2220 4 
591 8 414 5 
2378 5 660 2 2219 5 2217 2 
665 1 2377 3 2222 2 2224 2 
25 8 30 10 2221 7 2004 8 
441 7 277 5 
613 9 990 7 281 9 439 9 
280 6 438 9 440 5 
441 7 279 5 439 5 
437 7 278 8 440 7 
23 4 2006 5 1264 4 30 7 
1932 3 1077 5 1952 7 1934 4 
1438 5 769 6 447 3 445 4 
444 4 449 8 1437 6 768 4 
452 4 447 3 767 3 1440 6 
446 3 444 3 1439 5 766 2 
1434 8 765 6 450 6 
763 9 450 8 445 8 1436 9 
1435 5 448 6 449 8 762 6 
452 5 1442 7 284 5 757 10 
446 4 451 5 756 3 1441 5 
776 7 474 9 614 8 782 10 
992 3 2118 6 775 6 
486 5 2400 4 456 4 302 5 
457 8 2401 8 485 6 455 4 
456 8 2402 8 458 8 484 11 
483 5 457 8 2403 5 459 6 
2396 6 488 8 458 6 460 7 
461 6 459 7 2397 5 487 7 
460 6 2398 6 
470 6 463 8 609 11 
469 5 612 8 462 8 782 8 
779 13 1257 10 781 10 1213 10 
2481 5 1579 9 1429 5 467 4 
386 3 1388 4 2480 10 106 2 
773 4 1153 6 1578 5 465 4 
474 7 469 5 782 8 
468 5 463 5 470 3 
462 6 469 3 
1806 7 2051 3 2339 6 1493 3 
574 6 1770 10 1428 5 1311 7 
776 3 474 5 
468 7 453 9 473 5 
1070 4 476 4 478 5 
481 5 1071 3 475 4 180 3 
478 6 1072 5 
477 6 475 5 1073 9 
480 6 1066 6 482 9 179 8 
479 6 1067 6 178 6 1058 8 
1068 8 177 5 482 9 476 5 
1069 9 481 9 176 10 479 9 
458 5 1317 5 488 7 484 8 
1316 10 457 11 483 8 485 9 
456 6 484 9 486 7 1319 9 
455 5 634 6 1318 6 485 7 
488 8 460 7 
487 8 483 7 459 8 1320 7 
1820 5 164 4 2420 6 1822 5 
2215 4 1158 7 1265 8 1821 6 
1936 4 1930 5 1083 8 1272 4 
941 4 499 4 2085 7 852 3 
1826 5 2093 4 1824 7 1349 7 
341 5 1267 7 1823 9 1821 6 
497 5 1486 1 612 6 790 4 
1823 9 1269 6 1340 6 1825 7 
495 5 797 7 1487 9 611 8 
1488 6 511 7 790 6 610 5 
940 4 789 7 492 4 1510 4 
160 6 1489 5 503 7 501 5 
1488 5 506 5 159 2 500 5 
1487 7 162 4 510 5 503 6 
1486 4 500 7 502 6 161 10 
164 6 505 4 507 5 
504 4 163 5 
501 5 166 8 507 6 1484 7 
1483 6 506 6 504 5 165 7 
796 8 1515 4 792 3 1262 4 
510 9 1481 8 306 9 157 7 
1480 8 509 9 502 5 156 9 
1484 8 791 7 498 7 
513 7 517 12 875 7 865 8 
512 7 864 2 342 6 1171 4 
857 2 515 5 521 4 871 5 
516 8 886 8 514 5 870 8 
873 9 515 8 1047 8 517 10 
512 12 872 8 1044 7 516 10 
867 4 1062 8 658 4 519 6 
866 9 518 6 1061 8 520 6 
869 8 521 6 1060 6 519 6 
868 6 520 6 858 5 514 4 
1580 5 346 2 1652 4 1844 6 
1175 2 525 2 524 6 1282 3 
29 5 1281 7 523 6 672 6 
1176 3 523 2 
624 4 1290 9 1704 5 1288 5 
1919 7 16 9 531 7 1255 6 
552 6 1673 6 683 6 529 9 
551 9 536 8 1672 7 528 9 
2204 7 541 5 1679 9 2113 7 
527 7 571 7 1918 6 15 5 
533 6 546 3 1665 4 539 3 
534 10 532 6 1664 7 545 9 
533 10 544 5 1667 5 535 6 
400 2 1666 3 534 6 543 5 
550 7 529 8 537 6 1669 9 
549 5 1668 4 538 6 536 6 
548 7 539 6 537 6 1671 11 
1670 6 538 6 547 4 532 3 
1583 3 1293 11 381 4 
530 5 2110 6 1686 5 1292 5 
1295 4 553 7 2111 6 1685 4 
1662 7 119 6 544 4 535 5 
1663 3 534 5 543 4 545 4 
1660 7 546 6 533 9 544 4 
545 6 1661 8 547 4 532 3 
546 4 1658 7 548 5 539 4 
1659 5 538 7 549 6 547 5 
537 5 1656 6 550 6 548 6 
536 7 1657 5 549 6 551 8 
529 9 1654 6 552 6 550 8 
528 6 369 3 1655 3 551 6 
1682 8 542 7 2328 10 2240 8 
2245 3 2177 4 2371 4 827 4 
1082 8 1681 6 1299 6 2107 4 
1754 6 19 6 1926 6 2244 9 
2440 5 1298 6 1296 3 376 8 
2369 5 570 7 2179 6 827 4 
924 3 562 3 822 3 560 3 
82 5 565 5 1397 5 559 3 
85 5 922 4 396 2 562 3 
921 3 84 8 559 3 561 3 
564 3 920 2 566 3 661 5 
568 5 919 7 563 3 86 4 
664 9 560 5 918 8 566 6 
563 3 1384 6 565 6 88 8 
2249 8 89 8 1923 8 2251 9 
564 5 77 4 569 7 916 6 
643 5 719 7 568 7 915 6 
558 7 2248 8 2366 10 2172 8 
1921 7 531 7 26 4 2251 6 
2156 7 799 5 1512 7 1798 4 
2174 5 2248 6 2250 6 2364 4 
472 6 1773 8 227 7 1423 7 
1646 6 1327 4 2035 10 
581 7 233 5 
1426 3 1804 7 1772 6 1311 7 
1896 9 579 6 2048 7 237 10 
236 5 578 6 2047 4 580 5 
235 6 2050 5 581 8 579 5 
576 7 580 8 234 7 2049 6 
2121 3 583 4 585 5 226 4 
1888 5 582 4 2120 10 225 7 
230 3 1161 3 2052 4 1896 7 
223 5 582 5 2122 9 1892 5 
589 7 222 6 632 8 587 9 
1892 7 2124 6 221 7 586 9 
2127 7 409 5 220 7 589 6 
586 7 219 5 2126 5 588 6 
1310 7 1010 6 1184 2 1308 8 
2152 8 433 8 1303 7 
1579 12 1429 8 1767 9 1312 7 
1804 9 1432 8 1766 5 1315 8 
1314 5 2025 4 1180 7 1006 2 
602 7 1784 3 596 3 906 2 
597 3 595 3 905 5 1783 7 
598 7 596 3 1782 5 908 3 
1781 11 597 7 907 10 607 9 
1780 4 1983 4 902 9 764 6 
605 9 1644 5 270 5 1979 7 
904 10 1778 14 602 15 1983 11 
595 7 903 8 601 15 1777 9 
1650 6 604 4 606 6 269 7 
268 4 1651 3 603 4 
267 11 1648 6 600 9 606 7 
266 7 1649 5 605 7 603 6 
1776 6 910 3 598 9 608 6 
1775 6 1193 6 607 6 909 8 
790 9 610 8 612 11 462 11 
609 8 498 5 
614 7 612 9 782 9 497 8 
495 6 463 8 611 9 609 11 
614 7 438 9 798 8 776 6 
797 6 453 8 613 7 611 7 
344 6 1846 11 631 9 1580 9 
617 8 1339 7 
616 8 618 8 2304 7 1338 9 
619 5 617 8 1341 6 1206 6 
618 5 620 4 2310 9 1340 5 
619 4 621 4 753 3 2309 3 
622 12 2308 6 620 4 341 4 
2229 10 621 12 645 13 623 12 
818 4 1150 6 2215 3 622 12 
2408 4 627 4 625 2 526 4 
624 2 2407 2 1288 3 629 5 
627 9 628 10 1291 7 2406 9 
626 9 624 4 2405 7 1290 9 
1285 8 626 10 2404 6 
2410 7 630 7 1167 5 625 5 
2409 5 1294 7 629 7 154 8 
343 8 2325 11 615 9 1845 6 
327 5 2124 5 2126 6 586 8 
642 8 1095 6 634 6 303 8 
486 6 302 6 633 6 1094 5 
1678 9 297 10 1101 6 636 7 
1100 5 296 6 637 7 635 7 
295 9 636 7 1103 7 638 8 
639 3 1102 3 294 6 637 8 
640 5 638 3 1097 2 301 1 
639 5 300 9 641 7 1096 7 
642 7 1099 6 299 8 640 7 
641 7 633 8 1098 9 298 5 
77 2 569 5 847 3 353 3 
1052 6 74 5 349 5 76 8 
2308 7 669 7 1150 7 622 13 
653 6 1960 7 2013 7 647 7 
648 7 646 7 191 9 2012 7 
647 7 649 8 1497 8 190 5 
189 6 1495 7 648 8 1287 6 
2009 2 651 3 1980 6 655 4 
652 5 650 3 1994 9 2008 4 
651 5 653 5 194 4 2011 6 
646 6 2010 6 193 3 652 5 
911 4 182 7 655 7 1501 7 
1500 7 1929 6 654 7 650 4 
417 9 138 5 254 6 431 6 
416 8 2208 10 2350 6 418 5 
1046 4 518 4 87 5 352 4 
1382 8 1243 7 92 10 83 10 
434 2 419 2 136 4 417 5 
86 6 844 9 563 5 88 10 
420 4 2206 8 418 4 2348 5 
665 2 419 3 2222 3 142 3 
842 8 82 9 565 9 88 11 
663 2 422 4 435 1 141 1 
2209 6 423 2 421 5 2353 3 
424 6 139 8 2223 8 422 9 
2213 5 1263 7 1531 7 423 4 
103 6 670 11 645 7 12 6 
200 13 11 9 1150 11 669 11 
1064 4 672 2 674 6 935 3 
671 2 1063 3 1482 5 524 6 
674 8 1073 8 1454 4 676 8 
673 8 671 6 926 8 1072 8 
676 8 1071 3 340 7 678 7 
675 8 1070 8 673 8 1456 11 
931 7 105 9 1069 7 678 9 
930 9 675 7 677 9 1068 10 
933 8 1067 5 2422 4 105 7 
104 6 2310 10 2 6 102 6 
690 8 682 6 375 4 1478 6 
1824 7 1477 7 374 6 681 6 
684 6 1473 4 528 6 369 3 
1472 5 683 6 685 8 368 6 
1475 6 367 8 684 8 686 9 
687 9 685 9 366 6 1474 7 
686 9 373 13 688 7 1469 8 
689 6 1468 6 687 7 372 8 
688 6 690 7 1471 4 371 5 
681 8 1470 8 689 7 370 8 
1103 5 694 7 692 5 1060 7 
1102 2 691 5 858 3 697 4 
1101 4 1062 9 881 7 694 7 
691 7 1061 8 1100 7 693 7 
1099 6 696 3 1047 7 698 5 
121 4 695 3 1044 1 1098 5 
857 4 1097 4 698 5 692 4 
697 5 886 6 695 5 1096 5 
700 11 702 11 1017 10 2485 8 
1018 6 704 5 699 11 2484 9 
1015 4 2483 3 120 4 702 5 
2482 7 1016 7 701 5 699 11 
1275 4 705 6 
1019 7 700 5 2479 4 705 6 
1020 5 703 6 704 6 2478 9 
101 5 1058 8 178 6 
115 7 100 7 90 7 2066 5 
711 3 713 4 1525 5 723 5 
2185 6 1034 7 2181 4 
71 7 1343 5 1179 6 897 7 
708 3 712 2 1524 4 1342 5 
711 2 71 4 713 3 1173 4 
714 6 708 4 712 3 1172 3 
713 6 723 7 28 8 715 10 
716 8 717 8 1170 8 714 10 
715 8 731 7 118 5 33 7 
723 5 715 8 1523 4 731 7 
740 6 719 6 118 6 31 4 
1174 7 569 7 718 6 353 5 
112 3 175 1 755 1 721 1 
111 4 726 5 720 1 754 2 
1350 9 175 5 315 8 110 7 
714 7 717 5 708 5 1522 5 
727 8 759 5 116 5 725 7 
758 7 115 9 724 7 729 10 
727 10 721 5 761 6 114 7 
726 10 724 8 760 7 113 8 
740 5 731 7 118 5 1521 7 
108 9 339 8 725 10 730 6 
107 3 764 5 902 8 729 6 
716 7 728 7 717 7 1520 7 
397 8 735 7 733 8 873 11 
732 8 872 4 741 6 
735 8 399 9 871 11 737 8 
732 7 734 8 870 5 398 4 
869 7 393 4 737 3 739 5 
392 3 736 3 734 8 868 4 
867 3 2192 3 739 5 395 3 
394 5 738 5 866 9 736 5 
718 6 353 5 728 5 1518 7 
742 6 875 5 733 6 
1171 5 741 6 
413 3 744 5 
745 9 743 5 412 11 
411 8 744 9 1395 5 
1465 9 1348 6 395 5 747 7 
394 5 1349 8 746 7 748 7 
393 6 1346 4 749 10 747 7 
750 9 1347 8 748 10 392 8 
399 5 749 9 751 5 
398 5 750 5 
2105 1 1719 2 327 1 1717 2 
1823 7 341 3 620 3 1340 4 
755 2 761 3 1547 4 721 2 
1546 5 754 2 27 6 720 1 
1901 3 452 3 767 2 757 8 
1900 11 756 8 249 16 451 10 
725 7 2034 8 759 5 339 5 
724 5 760 4 758 5 1542 6 
1541 3 759 4 761 3 727 7 
754 3 726 6 1540 4 760 3 
763 7 1898 7 450 6 765 6 
762 7 1897 8 449 9 768 5 
730 5 599 6 339 7 1539 7 
1899 6 448 6 762 6 
769 5 1894 5 767 2 447 2 
756 2 1893 7 446 3 766 2 
801 5 769 6 763 5 445 4 
1895 7 768 6 766 5 444 6 
2159 12 1248 10 1793 9 1302 10 
1254 4 975 2 772 2 1208 2 
785 6 1253 4 771 2 1207 4 
1569 3 774 7 467 4 1164 5 
1568 7 773 7 292 9 1163 8 
778 6 1571 8 454 6 
990 4 453 7 473 3 613 6 
778 8 1160 8 304 9 1573 8 
777 8 775 6 1572 4 
1256 6 464 13 780 5 1216 6 
1255 3 779 5 16 6 1215 4 
784 5 464 10 2385 7 1258 6 
453 10 463 8 611 9 468 8 
1260 3 784 4 1212 9 786 7 
783 4 1259 5 1211 7 781 5 
1210 5 772 6 1262 7 786 11 
1209 9 1261 9 785 11 783 7 
794 5 788 5 1258 6 1511 6 
787 5 1510 5 1257 5 789 8 
499 7 788 8 1256 6 2085 10 
609 9 1489 5 498 6 495 4 
511 7 1483 6 
1261 4 793 2 508 3 1514 3 
792 2 794 4 1260 3 1517 3 
787 5 793 4 1516 10 1259 5 
1004 6 796 11 1803 7 1254 8 
508 8 795 11 1253 9 1504 8 
614 6 497 7 798 7 1480 8 
797 7 613 8 281 8 1481 6 
1306 7 1797 6 2155 4 572 5 
966 4 1444 5 968 5 2190 5 
768 5 1895 6 2099 10 1897 8 
278 5 809 8 803 4 309 5 
802 4 804 9 279 5 308 3 
307 8 803 9 805 11 280 10 
804 11 1481 5 281 7 306 6 
807 7 274 8 810 7 313 11 
312 4 806 7 808 9 275 6 
311 8 276 11 809 12 807 9 
802 8 277 9 310 8 808 12 
273 3 806 7 305 3 
812 7 1128 7 1050 8 192 8 
117 4 811 7 815 4 1127 6 
816 7 1942 9 814 8 1130 5 
1129 6 819 4 1941 4 813 8 
1940 9 1132 8 816 5 812 4 
813 7 1939 6 815 5 1131 8 
818 7 1134 11 820 7 1938 7 
817 7 623 4 1937 4 1133 4 
814 4 57 3 1136 2 820 2 
817 7 51 3 1135 3 819 2 
2185 4 1284 4 1548 6 
84 8 559 3 840 6 82 5 
2161 4 2189 2 934 9 
1304 6 2181 2 2161 4 
1217 6 1116 4 1065 6 1202 3 
1602 8 1921 5 1369 3 828 5 
2178 6 2368 5 554 4 558 4 
1601 6 1920 6 829 6 826 5 
1923 4 828 6 1363 4 1600 5 
831 4 1362 6 2172 5 988 4 
983 7 830 4 2179 6 832 4 
1366 5 2178 6 831 4 982 5 
1152 7 850 4 1911 6 1130 4 
1367 5 1365 4 1927 4 1604 7 
1869 6 999 8 168 4 1749 6 
2027 11 984 10 2176 8 1366 10 
1879 10 2104 9 860 9 223 5 
1702 6 925 4 1270 8 912 3 
911 4 46 4 84 10 840 8 
914 10 822 6 2171 9 839 8 
913 6 848 6 1267 8 1705 9 
664 8 843 6 2165 7 914 8 
842 6 844 8 88 9 2164 4 
845 7 843 8 661 9 2167 8 
844 7 2166 9 846 6 86 4 
847 6 55 6 77 5 845 6 
846 6 1519 9 643 3 231 4 
1266 4 841 6 1699 4 849 7 
1075 9 1265 10 1700 6 848 7 
1129 3 1910 5 833 4 1155 5 
1390 9 2106 7 1692 9 2116 9 
1369 3 1598 4 1919 5 492 3 
2168 5 1360 6 1368 4 991 6 
855 4 2330 7 861 3 1838 4 
854 4 2329 7 2032 5 856 3 
2332 8 1985 4 855 3 1056 5 
697 4 514 2 858 3 886 5 
857 3 1060 5 521 5 692 3 
2333 8 1059 4 860 9 1879 10 
2336 7 859 9 861 6 837 9 
2335 3 2104 6 860 6 854 3 
1264 6 1301 6 863 10 2006 7 
1059 7 1300 7 862 10 2326 10 
122 6 865 3 513 2 2252 1 
1044 3 121 6 512 8 864 3 
519 9 739 9 869 11 867 7 
518 4 738 3 866 7 352 4 
871 7 869 8 521 6 737 4 
868 8 520 8 736 7 866 11 
735 5 871 8 873 9 515 8 
868 7 734 11 870 8 514 5 
875 3 517 8 873 7 733 4 
516 9 872 7 732 11 870 9 
2216 5 1124 5 1887 7 1809 4 
872 3 1171 4 512 7 741 5 
1885 6 877 7 1811 7 2216 7 
1810 3 876 7 1884 5 878 5 
1813 3 879 8 1883 6 877 5 
880 6 878 8 1812 9 1882 11 
1881 5 879 6 1814 6 
882 5 1046 6 1379 5 693 7 
1378 5 881 5 1045 5 883 2 
884 4 1373 5 1053 4 882 2 
1372 4 883 4 1052 7 885 6 
2096 3 1055 4 884 6 1371 4 
1047 8 698 6 515 8 857 5 
888 12 2096 7 1377 10 1049 8 
887 12 1048 9 1376 8 889 9 
890 8 1375 8 1051 5 888 9 
1128 6 889 8 1050 7 1374 8 
1485 5 896 6 1138 6 892 7 
934 11 1137 5 891 7 2189 4 
1144 7 900 9 894 7 929 7 
1143 7 928 6 893 7 895 7 
896 6 1146 6 927 6 894 7 
895 6 1453 6 891 6 1145 5 
1476 4 898 4 1140 6 710 7 
1139 3 897 4 2024 5 899 4 
900 8 1142 8 1467 7 898 4 
899 8 893 9 2115 6 1141 11 
1983 3 904 2 2459 4 902 8 
2495 10 599 9 901 8 730 8 
906 3 602 8 2457 5 904 3 
901 2 601 10 2493 2 903 3 
2500 4 596 5 906 4 908 5 
903 3 595 2 905 4 2499 6 
2461 7 598 10 910 4 908 6 
597 3 2497 5 905 5 907 6 
910 5 2490 7 608 8 1629 7 
909 5 607 3 907 4 2489 2 
839 4 85 4 654 4 48 5 
1703 4 1269 4 913 3 838 3 
1704 3 841 6 1268 4 912 3 
840 10 82 9 2170 12 842 8 
1174 6 916 5 569 6 1598 4 
919 8 915 5 568 6 1597 6 
989 6 1385 6 
1384 8 1599 10 1397 8 565 8 
564 7 916 8 1602 11 920 6 
1601 4 563 2 1384 5 919 6 
562 3 924 3 1604 7 922 4 
561 4 1603 6 1154 5 921 4 
1250 4 1385 4 983 6 
1605 4 921 3 559 3 1397 5 
838 4 1271 6 1701 4 
674 8 1454 4 935 5 1428 5 
928 5 1184 3 1453 6 895 6 
1187 7 927 5 929 6 894 6 
1186 6 928 6 2115 4 893 7 
931 7 678 9 1432 8 340 9 
930 7 932 5 677 7 1431 6 
931 5 933 8 105 7 1430 8 
679 8 1429 9 932 8 2481 9 
892 11 1485 9 1191 13 823 9 
1482 6 1423 6 926 5 671 3 
1517 5 28 6 937 3 939 5 
1170 3 942 5 936 3 1516 7 
1173 4 1515 4 1498 2 939 4 
1172 4 936 5 938 4 1514 4 
499 4 941 4 943 2 31 2 
492 4 1174 7 940 4 1598 5 
33 9 943 5 937 5 1511 9 
1510 2 942 5 940 2 32 1 
947 7 1881 7 945 5 1796 5 
944 5 414 5 1880 4 
949 3 1794 4 1883 6 947 7 
944 7 1793 7 1882 10 946 7 
1179 4 1803 5 1182 5 1498 3 
946 3 1799 5 1884 3 1496 6 
951 12 1798 11 34 13 1887 13 
1886 10 950 12 1797 6 1496 9 
953 8 1811 7 955 7 1832 7 
1810 4 952 8 1831 5 957 6 
1204 6 1834 10 1809 4 955 5 
1833 6 952 7 1808 6 954 5 
1814 9 958 6 
1836 5 958 5 1813 3 953 6 
1812 6 956 6 1835 5 957 5 
1564 5 2486 6 1529 6 976 9 
425 3 1528 6 2180 6 1449 3 
962 6 1448 6 964 6 2184 4 
961 6 1528 8 2183 6 1447 7 
1446 5 964 6 966 4 2187 7 
963 6 1445 9 2186 6 961 6 
1499 3 1550 7 1543 3 970 3 
800 4 2188 5 963 4 1443 3 
92 11 1593 8 968 7 1452 5 
1451 7 1592 6 967 7 800 5 
1543 6 972 7 1041 6 970 6 
1040 3 980 8 965 3 969 6 
1537 8 974 12 972 8 1043 7 
971 8 969 7 1698 5 1536 7 
2486 2 974 8 1037 3 976 5 
1530 10 971 12 973 8 1641 15 
771 2 1984 4 976 6 1529 3 
973 5 975 6 1038 7 959 9 
1647 5 1836 4 
979 6 1834 11 1244 5 1218 6 
978 6 1243 6 1833 6 1645 4 
1550 12 1582 9 981 7 970 8 
1034 5 980 7 1548 6 2185 4 
1250 6 983 8 985 6 832 5 
831 7 988 7 923 6 982 8 
411 7 985 6 836 10 1395 4 
1366 6 984 6 1228 5 982 6 
1361 9 987 4 989 4 
1360 5 991 5 986 4 
989 5 983 7 830 4 1385 5 
988 5 917 6 1362 7 986 4 
776 4 438 7 
987 5 853 6 992 3 
454 3 1368 1 991 3 
167 5 994 3 140 5 996 6 
139 4 1479 5 993 3 1002 4 
998 6 158 7 996 8 142 5 
995 8 141 5 155 8 993 6 
136 5 1000 6 998 4 2203 2 
995 6 135 6 997 4 170 4 
1241 10 835 8 1000 10 138 6 
137 10 997 6 999 10 168 6 
2502 2 1160 3 304 4 
2195 8 1003 6 134 6 994 4 
1002 6 143 7 1223 9 133 8 
1005 9 795 6 1313 3 1984 4 
1004 9 2025 11 1038 10 1006 9 
1005 9 1007 2 594 2 1037 4 
1314 5 1008 4 1641 8 1006 2 
1009 8 1309 5 1007 4 1043 6 
1010 9 1698 6 1008 8 1308 11 
1009 9 590 6 1011 8 1041 7 
1012 9 1010 8 1040 4 1310 9 
1013 9 1305 6 1011 9 1582 9 
1034 7 1012 9 2181 4 1304 8 
1151 6 2501 7 1127 6 1916 8 
701 4 1401 5 1016 6 1022 3 
1017 6 702 7 1015 6 1400 5 
1016 6 1018 5 1399 5 699 10 
700 6 1017 5 1398 4 1019 8 
704 7 1402 6 1020 6 1018 8 
705 5 1019 6 
1662 9 2373 9 119 8 1022 6 
1396 2 1015 3 1021 6 120 3 
1666 10 400 9 1412 13 1024 13 
1029 8 2488 9 1023 13 1411 6 
1406 10 1032 6 2479 8 1026 7 
1027 6 2478 6 1405 5 1025 7 
1026 6 1275 7 1902 9 1404 7 
1394 5 1570 7 1161 3 2052 4 
2483 5 1024 8 1410 8 1030 9 
1031 10 1409 6 1029 9 2482 9 
1030 10 1032 5 2485 5 1408 12 
1025 6 1407 6 2484 6 1031 5 
1809 5 1204 7 1124 6 1065 8 
981 5 1582 7 1013 7 709 7 
1592 8 1986 7 1943 6 1773 9 
293 14 53 9 1766 6 2184 7 
1038 5 973 3 1641 10 1006 4 
1037 5 1005 10 1984 5 976 7 
2383 2 59 6 1767 5 2180 5 
970 3 1041 3 1011 4 1582 4 
969 6 1040 3 1010 7 1698 4 
293 11 1987 3 2187 7 1772 6 
1641 10 971 7 1698 4 1008 6 
865 3 517 7 696 1 1047 5 
1053 7 87 7 882 5 1046 6 
658 4 1062 8 881 6 1045 6 
886 8 516 8 1044 5 695 7 
1049 5 888 9 81 10 1051 5 
1048 5 1054 6 80 3 887 8 
1051 4 890 7 811 8 79 3 
78 4 889 5 1050 4 1048 5 
1053 7 644 6 884 7 1055 5 
1045 7 76 9 1052 7 883 4 
75 9 2096 5 1055 6 1049 6 
885 4 74 4 1054 6 1052 5 
1113 7 1795 5 2331 4 856 5 
1058 7 101 4 173 5 
1057 7 480 8 174 8 706 8 
863 7 859 4 1891 6 1279 2 
1061 8 858 5 691 7 520 6 
1060 8 1062 10 694 8 519 8 
1061 10 518 8 1046 8 693 9 
1281 4 672 3 1064 5 
671 4 1072 6 1063 5 
1125 6 1205 8 825 6 1033 8 
479 6 1069 6 105 8 1067 6 
480 6 174 6 679 5 1066 6 
481 8 1071 6 1069 8 678 10 
482 9 1066 6 1068 8 677 7 
1071 3 475 4 676 8 1073 8 
1070 3 476 3 675 3 1068 6 
477 5 1073 8 1064 6 674 8 
673 8 1072 8 1070 8 478 9 
1915 5 1932 3 1075 5 1077 5 
849 9 1914 8 1933 6 1074 5 
1934 4 1079 2 1913 7 1077 5 
443 5 1912 8 1076 5 1074 5 
1928 2 1911 4 1079 2 1081 5 
1078 2 1076 2 1910 5 1168 8 
1083 6 1909 3 1930 3 1081 4 
1908 7 1080 4 1078 5 1931 5 
1917 8 1936 6 555 8 1083 10 
1080 6 1916 12 491 8 1082 10 
1113 5 1795 3 1085 3 365 2 
1090 2 364 3 1112 5 1084 3 
1087 8 1093 6 1107 8 359 5 
1086 8 1088 7 1106 7 358 8 
1087 7 361 4 1105 2 1089 5 
1088 5 360 9 1792 6 1104 5 
1085 2 1111 4 1091 2 355 4 
1090 2 354 6 1092 5 1110 8 
1093 7 2253 9 1091 5 357 8 
1092 7 1086 6 356 9 1108 7 
1318 5 1095 5 122 8 634 5 
1094 5 1098 7 633 6 121 6 
1099 6 1097 4 640 7 698 5 
1096 4 697 4 1102 2 639 2 
1095 7 642 9 1099 8 696 5 
695 6 1096 6 641 6 1098 8 
636 5 1101 4 694 7 1103 5 
1100 4 635 6 693 4 1379 2 
692 2 1097 2 638 3 1103 2 
691 5 1102 2 1100 5 637 7 
1105 2 1321 4 2201 3 1089 5 
1106 2 1104 2 2200 6 1088 2 
1105 2 1087 7 172 4 1107 7 
1086 8 2202 8 1108 9 1106 7 
2197 6 2253 9 1107 9 1093 7 
2252 2 1674 9 
1111 10 2199 8 2253 12 1091 8 
1090 4 1110 10 2198 6 1112 7 
1113 7 1085 5 1111 7 144 9 
2194 5 1084 5 1112 7 1056 7 
2062 7 1115 8 2001 6 2284 7 
2289 5 2061 4 1114 8 2000 4 
825 4 1117 6 1636 6 1125 4 
1217 8 1116 6 1635 6 1118 7 
1634 6 1119 6 1581 5 1117 7 
1120 3 1118 6 1633 6 2151 4 
1121 3 1632 4 1575 2 1119 3 
1120 3 1631 5 1122 4 1574 8 
1630 4 1577 3 1123 3 1121 4 
2490 4 1629 4 1576 6 1122 3 
1638 8 1125 4 874 5 1033 6 
1637 4 1124 4 1065 6 1116 4 
1171 5 342 7 
1128 6 1132 10 1014 6 812 6 
890 6 1127 6 2501 7 811 7 
814 6 850 3 1130 3 1136 4 
1131 6 1129 3 833 4 813 5 
1130 6 1132 11 816 8 1152 9 
1151 10 815 8 1127 10 1131 11 
1158 6 1134 8 818 4 2215 3 
1133 8 817 11 1157 9 1135 7 
1136 3 1156 3 820 3 1134 7 
1155 6 1135 3 1129 4 819 2 
892 5 1138 4 
1145 5 891 6 1137 4 228 5 
1747 3 898 3 1142 7 1140 5 
897 6 1343 4 1746 9 1139 5 
1745 7 1144 9 1142 11 900 11 
899 8 1141 11 1139 7 1744 11 
894 7 1146 6 1743 5 1144 7 
893 7 1141 9 1742 7 1143 7 
1138 5 1741 6 1146 5 896 5 
1740 8 895 6 1145 5 1143 6 
427 11 1148 12 363 9 1149 8 
426 10 1147 12 362 9 1355 6 
428 2 1147 8 
1937 6 670 11 623 6 645 7 
1014 6 1132 10 1909 7 1152 8 
833 7 1151 8 1908 7 1131 9 
1164 7 2423 9 467 6 2481 7 
2480 12 396 3 1386 3 922 5 
1156 6 1136 6 1913 10 850 5 
1155 6 1135 3 1912 6 1157 5 
1134 9 1156 5 1158 7 1915 7 
1133 6 490 7 1914 8 1157 7 
1393 4 391 5 2487 4 1162 4 
777 8 1001 3 
389 3 584 3 1028 3 1162 4 
388 5 1159 4 1161 4 1394 6 
1164 6 2502 4 774 8 
1163 6 1153 7 2421 4 773 5 
385 7 1391 9 2487 8 1166 8 
1390 6 106 5 384 7 1165 8 
1294 5 1288 3 629 5 1699 4 
1934 10 1958 12 1928 8 1079 8 
362 4 2475 4 
937 3 28 6 33 7 715 8 
742 5 875 4 1126 5 513 4 
939 4 28 5 1173 4 713 3 
938 4 1178 6 1172 4 712 4 
915 6 719 7 941 7 31 5 
523 2 1176 3 1231 5 29 1 
525 3 1175 3 1177 5 1230 7 
1176 5 1229 5 
1498 4 71 6 1173 6 1179 5 
948 4 710 6 1476 3 1178 5 
1181 10 1467 11 594 7 1183 10 
1180 10 1186 6 1314 8 2115 4 
1313 4 1476 4 1183 6 948 5 
2024 7 1182 6 2025 7 1180 10 
1185 2 927 3 590 2 1187 5 
1190 3 1184 2 1453 5 1310 7 
1181 6 1187 7 929 6 1309 4 
928 7 1308 11 1186 7 1184 5 
1189 6 49 5 1555 5 1634 6 
1188 6 1194 5 1554 3 1633 6 
1185 3 1485 3 1191 7 1305 2 
1304 10 1190 7 2161 8 934 13 
1193 7 1195 7 1559 8 1630 7 
1558 7 608 6 1192 7 1629 5 
1557 6 1189 5 1632 6 1195 5 
1192 7 1631 5 1556 6 1194 5 
1589 5 1199 4 1577 5 1197 5 
1588 6 1576 6 1878 4 1196 5 
1591 7 1575 5 1201 6 1199 4 
1590 5 1196 4 1574 6 1198 4 
1585 4 1201 4 1203 4 1581 3 
1200 4 1198 6 1584 5 2151 4 
1587 6 1203 4 1205 5 825 3 
1202 4 1217 7 1200 4 1586 10 
954 6 1033 7 1595 5 1205 7 
1594 11 1204 7 1065 8 1202 5 
104 6 2310 10 618 6 2304 5 
1208 4 1210 3 17 8 772 4 
1207 4 1529 3 771 2 18 6 
786 9 21 4 1210 3 1212 11 
1837 4 785 5 1209 3 1207 3 
2385 9 1212 12 784 7 70 7 
1211 12 783 9 1209 11 20 14 
25 5 2385 7 464 10 1216 3 
83 9 1245 7 1380 4 
1216 5 2321 6 780 4 23 6 
1215 5 24 4 779 6 1213 3 
1581 6 825 6 1117 8 1203 7 
978 6 1219 6 1452 3 1595 4 
1451 8 1224 6 1594 11 1218 6 
1591 4 1448 4 1221 3 1227 1 
1222 5 1447 6 1590 7 1220 3 
1223 8 1221 5 1450 7 1589 4 
1222 8 1003 9 1449 7 1588 10 
1587 7 1225 8 1444 5 1219 6 
1443 7 1224 8 1586 13 1226 8 
1227 3 1446 5 1585 5 1225 8 
1226 3 1445 6 1584 3 1220 1 
1395 3 985 5 1250 5 
1549 3 1177 5 1230 7 
2384 9 1231 9 1229 7 1176 7 
1232 9 1230 9 1175 5 10 6 
29 5 1231 9 1424 8 1563 7 
289 5 1234 6 2042 6 1236 4 
2041 9 1233 6 1239 7 288 6 
291 4 1753 6 1236 5 1242 6 
1751 5 1233 4 290 7 1235 5 
1240 8 1238 8 2046 8 285 8 
284 5 1237 8 1442 7 2045 5 
1240 6 2044 6 287 4 1234 7 
1239 6 1237 8 2043 7 286 7 
1242 7 283 9 999 10 1749 8 
1241 7 282 7 1748 5 1235 6 
1246 6 1244 5 979 6 659 7 
1243 5 978 5 92 8 1452 2 
1214 7 1647 8 1246 7 
1243 6 83 9 1245 7 1645 4 
2338 11 2435 9 2456 8 
770 10 1794 5 1307 5 2160 4 
2455 8 2435 9 2443 7 
923 4 982 6 1228 5 
337 3 1944 5 2314 5 2316 5 
333 9 1948 8 2318 7 2320 11 
1262 5 1254 6 772 4 796 9 
1253 6 795 8 771 4 1984 6 
2085 8 780 3 1256 4 527 6 
779 6 1255 4 1257 3 789 6 
1258 6 464 10 1256 3 788 5 
1257 6 787 6 1259 6 781 6 
784 5 1260 4 1258 6 794 5 
783 3 1259 4 793 3 1261 5 
792 4 1262 5 1260 5 786 9 
1253 5 1261 5 508 4 785 7 
668 7 245 9 2214 8 2344 6 
2326 6 862 6 442 4 2083 5 
1914 9 849 10 490 8 1266 7 
1267 6 848 4 1265 7 1821 5 
1266 6 494 7 1268 6 841 8 
1823 8 1269 5 913 4 1267 6 
1268 5 496 6 912 4 1270 9 
1271 10 838 8 1825 10 1269 9 
925 6 1270 10 415 4 1828 9 
1957 2 491 4 146 2 1947 5 
1610 8 11 4 1345 6 200 8 
38 7 1948 6 2318 5 1946 8 
1027 7 703 4 2478 7 
1345 8 198 8 1277 8 1612 6 
1278 9 1276 8 1611 7 197 4 
204 7 1277 9 2334 9 1614 9 
2077 6 2333 6 2326 5 1059 2 
202 4 1283 3 1616 5 2334 6 
1063 4 1282 4 524 7 
1281 4 523 3 
1615 1 1280 3 2324 4 201 3 
2346 5 821 4 2503 5 
628 8 1701 5 1291 5 
1287 7 1297 10 2437 6 383 6 
2436 6 1286 7 649 6 382 5 
1705 6 625 3 1167 3 526 5 
1653 3 2315 6 2135 3 37 4 
526 9 627 9 1291 7 1703 8 
1702 6 626 7 1285 5 1290 7 
2109 6 1295 6 541 5 1687 5 
380 13 2442 11 540 11 1298 12 
630 7 1954 8 1167 5 1700 4 
1684 8 542 4 1292 6 2112 3 
2439 3 379 6 557 3 1297 5 
378 8 1286 10 2438 9 1296 5 
2243 6 377 5 557 6 1293 12 
2108 5 2240 5 1680 5 555 6 
1891 6 863 7 1301 3 218 2 
2286 6 1300 3 862 6 217 7 
2158 7 1796 6 1303 5 770 10 
2157 8 1302 5 591 7 414 4 
1305 5 824 6 1191 10 1013 8 
1304 5 1012 6 1310 6 1190 2 
799 7 1800 8 1307 5 2154 7 
1306 5 2153 4 1248 5 1799 6 
1187 11 1009 11 1309 8 590 8 
1008 5 1186 4 1308 8 1314 6 
590 7 1305 6 1185 7 1011 9 
1427 10 1769 7 577 7 472 7 
1315 6 1430 8 1768 6 592 7 
1182 4 1004 3 1803 4 2025 5 
1007 5 1181 8 594 5 1309 6 
1765 6 1431 7 1312 6 593 8 
1319 10 484 10 1317 7 1677 6 
1320 5 1316 7 483 5 
1094 5 1675 5 486 6 1319 8 
1316 10 1674 13 1318 8 485 9 
1317 5 488 7 
1104 4 1322 7 2040 4 1792 5 
1325 11 1321 7 2039 8 1791 7 
2036 5 1326 6 1324 7 1790 3 
1323 7 1789 6 2035 12 1327 6 
1322 11 1788 10 1326 10 2038 11 
1323 6 1325 10 2037 6 1787 6 
575 4 1786 5 1324 6 
2434 5 261 4 1331 5 1329 6 
260 9 1328 6 2143 9 2345 10 
2146 6 259 6 1333 5 1331 6 
1328 5 2145 8 258 5 1330 6 
265 5 2148 7 1333 7 1335 7 
1332 7 264 7 1330 5 2147 8 
1335 8 2441 8 1337 7 263 7 
1334 8 2149 7 262 7 1332 7 
257 7 1337 6 1544 6 2142 7 
1336 6 1334 7 2141 4 256 6 
1828 9 1341 7 1339 8 617 9 
1827 7 616 7 1338 8 
1341 6 619 5 496 6 753 4 
1340 6 618 6 1825 7 1338 7 
71 7 1527 6 711 5 1343 5 
1526 5 1140 4 710 5 1342 5 
2089 9 61 10 2465 10 2095 9 
199 8 1276 8 1273 6 1609 7 
748 4 1826 3 1347 2 1349 5 
749 8 1346 2 
1349 7 746 6 374 6 1824 7 
1348 7 747 8 1346 5 493 7 
722 9 216 6 1351 5 257 8 
256 4 215 3 1350 5 1356 2 
214 4 1359 7 1353 9 259 8 
258 6 1352 9 1354 10 213 9 
212 8 1355 5 1353 10 261 8 
211 2 1354 5 260 4 1148 6 
1357 6 1351 2 263 4 210 5 
1356 6 1358 5 262 8 209 7 
1359 4 208 2 1357 5 265 2 
207 4 1358 4 1352 7 264 7 
987 5 853 6 2175 5 1361 10 
1362 12 2174 10 986 9 1360 10 
1361 12 2173 6 830 6 989 7 
1599 7 1364 4 1922 5 829 4 
1363 4 1365 5 1606 3 1925 7 
834 4 1924 8 1364 5 1605 5 
2177 5 832 5 985 6 836 10 
834 5 1926 6 2150 4 1603 7 
992 1 2118 4 853 4 2169 2 
1597 4 852 3 1918 4 826 3 
1371 8 1685 9 2096 7 1377 10 
1370 8 1684 7 885 4 1372 2 
884 4 1373 5 1687 2 1371 2 
1378 8 883 5 1372 5 1686 8 
1681 6 1375 8 2501 9 890 8 
1680 7 1374 8 1376 7 889 8 
1377 6 1683 4 1375 7 888 8 
1682 6 1376 6 1370 10 887 10 
1679 9 882 5 1379 5 1373 8 
1378 5 1678 5 1101 2 881 5 
318 6 1381 4 1214 4 
1382 7 1380 4 83 9 317 4 
659 8 1381 7 1383 10 316 9 
314 11 92 12 1382 10 1593 9 
1600 6 918 8 566 6 920 5 
923 4 917 6 988 5 
1387 3 2150 1 1154 3 1603 4 
1386 3 1388 6 2480 12 2144 7 
2117 5 1387 6 466 4 1389 6 
1390 5 1388 6 106 4 2116 5 
1166 6 1391 7 851 9 1389 5 
1390 7 1165 9 1392 6 2106 5 
2487 5 1393 5 1391 6 2128 7 
1392 5 2125 8 1159 4 1394 6 
1028 5 2119 4 1393 6 1162 6 
1228 3 745 5 984 4 
12 4 1022 2 2373 5 1401 4 
560 5 924 5 918 8 1606 4 
3 2 1402 2 1018 4 1399 4 
1400 4 2 5 1398 4 1017 5 
1401 4 5 4 1399 4 1016 5 
1400 4 54 5 1015 5 1396 4 
1398 2 58 4 1019 6 
1404 6 126 8 1902 8 73 4 
1405 6 125 5 1403 6 1027 7 
1404 6 1026 5 1406 8 128 8 
1025 10 1407 10 1405 8 127 5 
130 9 1032 6 1406 10 1408 13 
129 10 1409 8 1407 13 1031 12 
1410 5 1030 6 1408 8 132 4 
131 8 1029 8 1409 5 1411 6 
124 5 1410 6 1412 6 1024 6 
123 6 1023 13 1624 7 1411 6 
1416 3 2473 5 52 2 1414 2 
50 4 1421 7 1413 2 2472 6 
56 3 1416 4 2471 3 1418 4 
1413 3 4 5 1415 4 2470 2 
1420 6 1418 5 2477 6 7 4 
1417 5 2476 5 6 4 1415 4 
1420 5 9 5 2475 6 
2474 5 1417 6 1419 5 8 4 
1422 12 14 9 1414 7 2467 9 
2073 7 2466 6 1421 12 13 8 
1428 6 935 6 1424 7 574 7 
1232 8 227 7 1482 7 1423 7 
1426 3 340 7 1804 7 1432 6 
1425 3 577 3 1456 6 1427 6 
1454 7 1311 10 1426 6 1428 8 
1423 6 472 5 926 5 1427 8 
933 9 592 8 465 5 1430 9 
1431 9 1429 9 932 8 1312 8 
1315 7 1432 7 1430 9 931 6 
593 8 1431 7 930 8 1425 6 
1434 5 9 3 
1433 5 448 8 8 6 1435 7 
450 5 7 3 1436 6 1434 7 
6 6 1437 7 449 9 1435 6 
1436 7 56 4 1438 7 445 6 
444 5 1437 7 1439 7 4 7 
1438 7 1440 8 52 4 447 5 
50 8 1441 7 1439 8 446 6 
14 5 452 5 1442 7 1440 7 
13 7 451 7 1238 7 1441 7 
1225 7 1446 4 1444 4 966 3 
1224 5 800 5 1443 4 1451 7 
964 9 1227 6 1446 8 1448 9 
963 5 1443 4 1226 5 1445 8 
1221 6 1450 8 1448 7 962 7 
961 6 1220 4 1447 7 1445 9 
1450 6 133 6 1223 7 960 3 
1449 6 1447 8 1222 7 1528 9 
968 7 1219 8 1452 5 1444 7 
1451 5 1244 2 967 5 1218 3 
1185 5 927 6 896 6 1485 5 
1427 7 1456 7 926 4 673 4 
231 4 1505 7 1995 4 1519 9 
1426 6 1454 7 340 10 676 11 
1846 9 1458 9 1460 7 368 5 
1457 9 1845 8 369 7 1655 7 
1460 6 1462 4 366 3 1844 7 
367 8 1457 7 1843 6 1459 6 
1842 3 1462 2 372 5 1464 3 
1841 4 1461 2 373 11 1459 4 
1466 7 1840 7 1464 5 370 6 
371 5 1461 3 1463 5 1839 6 
746 9 374 9 1848 8 1466 10 
1463 7 1847 6 375 5 1465 10 
2115 5 2024 8 1180 11 899 7 
688 6 1469 7 1868 5 1471 4 
1474 6 687 8 1468 7 1867 9 
690 8 1866 6 1471 5 1478 6 
689 4 1865 3 1470 5 1468 4 
684 5 1473 3 1864 8 1475 3 
1863 6 1472 3 1673 4 683 4 
1862 6 1475 4 1469 6 686 7 
685 6 1474 4 1861 6 1472 3 
897 4 1182 4 2024 5 1179 3 
1860 6 682 7 1478 7 2092 9 
1477 7 1859 7 681 6 1470 6 
1876 8 994 5 2195 9 167 7 
510 8 1481 7 797 8 1487 10 
509 8 1480 7 805 5 798 6 
935 6 1424 7 672 5 29 4 
507 6 791 6 1484 7 
1488 7 511 8 506 7 1483 7 
891 5 1190 3 1453 5 934 9 
1487 5 495 1 503 4 1489 2 
502 7 1486 5 1480 10 497 9 
498 6 501 5 1489 5 1484 7 
1488 5 790 5 500 5 1486 2 
1491 6 1907 7 1805 7 
1906 4 1492 2 1490 6 1807 4 
1493 2 1491 2 1905 3 1806 6 
1492 2 1494 6 1904 6 471 3 
2339 9 1493 6 1903 7 1689 6 
1497 7 649 7 2436 7 1968 5 
1800 10 1885 7 951 9 949 6 
1495 7 2012 8 1967 7 648 8 
1178 4 938 2 1504 2 948 3 
965 3 2359 5 2340 7 2347 7 
1501 7 655 7 1962 7 2009 5 
48 8 1500 7 1961 7 654 7 
1503 5 1557 7 1509 7 1997 8 
1556 5 1996 4 1502 5 1801 6 
1498 2 1515 4 1803 4 796 8 
1801 9 1558 9 1455 7 1723 7 
1993 7 1507 12 1513 5 1553 6 
1506 12 1552 11 1508 11 1992 12 
1509 6 1991 4 1555 4 1507 11 
1508 6 1990 7 1554 4 1502 7 
1511 6 943 2 788 5 499 4 
1510 6 1516 11 942 9 787 6 
1513 7 572 7 1562 7 1989 8 
1988 5 1561 6 1506 5 1512 7 
1515 4 1517 4 792 3 939 4 
938 4 1514 4 508 4 1504 4 
1511 11 794 10 1517 9 937 7 
936 5 1514 4 793 3 1516 9 
1521 9 1995 6 740 7 1519 11 
353 9 847 9 1455 9 1518 11 
1523 4 1997 7 1521 7 731 7 
1518 9 1520 7 1996 7 728 7 
1525 5 1523 4 1991 4 723 5 
1520 4 1522 4 1990 5 717 4 
711 4 1525 6 1993 7 1527 5 
1992 6 1522 5 1524 6 708 5 
1527 6 1343 5 1989 7 1746 10 
1526 6 1524 5 1342 6 1988 5 
962 8 2182 10 960 6 1450 9 
1565 7 959 6 975 3 1208 3 
974 10 2486 4 1560 6 1537 6 
2344 6 2352 9 668 7 1752 7 
1535 7 316 6 1533 5 10 3 
314 9 1563 6 1774 7 1532 5 
1549 5 1535 10 318 9 
1532 7 1534 10 2384 10 317 7 
1551 6 1537 7 1543 6 972 7 
971 8 2063 6 1536 7 1530 6 
1539 6 1962 7 339 6 2034 9 
1961 6 1538 6 1780 5 764 7 
1964 5 761 4 1541 4 1547 5 
760 3 1542 5 1963 3 1540 4 
1541 5 2034 9 1966 7 759 6 
969 6 1536 6 965 3 2340 7 
1968 5 1545 4 1336 6 315 6 
1544 4 1546 6 27 7 1967 4 
755 5 1545 6 1970 10 1547 7 
1969 6 1546 7 754 4 1540 5 
2346 7 981 6 1550 11 821 6 
1534 5 1229 3 2384 5 
980 12 965 7 1548 11 2347 11 
2063 5 1536 6 2357 5 2340 7 
49 4 1507 11 1555 4 1553 5 
47 7 1561 7 1506 6 1552 5 
1557 4 1189 3 1509 4 1555 2 
1508 4 1552 4 1554 2 1188 5 
1503 5 1195 6 1557 7 1559 7 
1554 4 1194 6 1556 7 1502 7 
1193 7 1505 9 1559 8 1775 7 
1801 8 1192 8 1558 8 1556 7 
2063 6 1530 6 2074 10 2363 7 
1513 6 1553 7 1562 6 35 9 
1798 4 1561 6 1512 7 34 6 
1533 6 227 6 10 4 1232 7 
959 5 2074 7 1565 6 2361 4 
2360 6 1529 7 1564 6 18 10 
1567 6 304 7 1573 6 2019 6 
1566 6 292 6 1568 4 2018 5 
774 7 2017 3 1569 3 1567 4 
773 3 2016 2 1578 4 1568 3 
1028 7 1689 6 2119 6 2339 9 
2022 8 2118 8 775 8 1572 6 
778 4 1571 6 2021 5 1573 4 
2020 5 777 8 1572 4 1566 6 
1575 7 1577 7 1199 6 1121 8 
1574 7 2151 3 1198 5 1120 2 
1123 6 1197 6 195 11 1577 6 
1122 3 1574 7 1196 5 1576 6 
1579 10 1569 4 2015 7 467 5 
1578 10 592 12 465 9 2014 12 
522 5 345 6 615 9 1843 6 
1217 6 2151 3 1200 3 1118 5 
1034 7 980 9 1012 9 1040 4 
540 3 2444 3 2145 4 2442 3 
1227 3 1585 5 1201 5 1591 6 
1200 4 1226 5 1586 10 1584 5 
1587 12 1585 10 1203 10 1225 13 
1224 7 1586 12 1202 6 1594 12 
1197 6 143 8 1589 6 1223 10 
1590 6 1196 5 1588 6 1222 4 
1589 6 1199 5 1221 7 1591 8 
1220 4 1198 7 1590 8 1584 6 
1593 7 1035 8 968 6 2190 6 
1592 7 967 8 1943 5 1383 9 
1595 9 1205 11 1219 11 1587 12 
1204 5 1594 9 1834 9 1218 4 
2494 6 1788 5 241 4 2492 4 
1369 4 1602 9 1598 5 916 6 
941 5 915 4 1597 5 852 4 
1600 8 1363 7 918 10 1606 6 
1599 8 1384 6 1601 5 829 5 
920 4 828 6 1602 9 1600 5 
1601 9 826 8 1597 9 919 11 
1604 9 1386 4 1367 7 922 6 
1605 8 1603 9 921 7 834 7 
924 4 1606 3 1604 8 1365 5 
1605 3 1599 6 1364 3 1397 4 
1655 5 2325 11 1608 11 1845 6 
1654 9 2324 11 1615 8 1607 11 
1663 6 1345 7 1610 9 1612 5 
1273 8 1662 9 2373 9 1609 9 
1614 7 1661 9 1612 5 1277 7 
1660 5 1611 5 1276 6 1609 5 
1614 7 2334 7 1659 5 1616 6 
1611 7 1613 7 1658 9 1278 9 
1283 1 1616 3 1608 8 1657 2 
1656 6 1615 3 1280 5 1613 6 
1618 11 1673 8 1863 10 37 10 
1617 11 36 6 1621 8 1672 7 
350 7 1840 7 2193 6 169 4 
1670 7 2274 7 1625 4 38 7 
41 9 1622 6 1669 9 1618 8 
2274 6 1668 4 1621 6 40 5 
1667 1 1624 3 1626 6 43 7 
1623 3 42 5 1666 4 1412 7 
1665 4 45 4 1620 4 1626 6 
44 7 1623 6 1664 7 1625 6 
2363 6 2074 9 1758 7 2361 6 
2362 5 2241 4 254 4 431 4 
1123 4 1193 5 1630 5 909 7 
1631 5 1122 4 1192 7 1629 5 
1630 5 1632 6 1195 5 1121 5 
1631 6 1120 4 1194 6 1633 7 
1634 6 1189 6 1119 6 1632 7 
1118 6 1635 5 1633 6 1188 6 
1634 5 49 4 1117 6 1636 6 
1637 6 47 8 1116 6 1635 6 
1125 4 1636 6 1638 8 35 7 
1124 8 1887 10 1637 8 34 10 
1652 8 1842 8 169 7 348 12 
2347 11 1642 8 1764 12 2359 9 
974 15 1043 10 1037 10 1007 8 
2346 4 2503 4 1640 8 1763 7 
2040 4 1644 3 1979 5 2207 5 
1643 3 600 5 1648 2 2039 4 
1647 5 1246 4 979 4 1832 4 
575 6 1651 6 
1645 5 977 5 1245 8 1831 5 
605 6 1649 4 1644 2 2038 6 
1650 5 2037 5 1648 4 606 5 
1651 5 603 6 1649 5 2036 5 
604 3 1650 5 2035 10 1646 6 
522 4 1639 8 1841 5 347 5 
2314 6 1944 6 36 4 1289 3 
1608 9 1655 3 551 6 1657 3 
1654 3 1607 5 552 3 1458 7 
549 6 1616 6 1657 5 1659 5 
550 5 1656 5 1654 3 1615 2 
1661 11 1614 9 1659 7 547 7 
548 5 1613 5 1658 7 1656 5 
545 7 1612 5 1663 6 1661 9 
1658 11 546 8 1611 9 1660 9 
543 7 1021 9 1610 9 1663 6 
1609 6 544 3 1662 6 1660 6 
1665 5 1667 2 533 7 1626 7 
1664 5 1670 7 1625 4 532 4 
1023 10 1667 2 1624 4 535 3 
1623 1 1666 2 1664 2 534 5 
1622 4 1669 7 537 4 1671 9 
1672 8 1668 7 1621 9 536 9 
539 6 1665 7 1620 7 1671 11 
2274 11 1670 11 538 11 1668 9 
1673 4 529 7 1669 8 1618 7 
1672 4 1617 8 528 6 1473 4 
1677 9 1675 10 1319 13 1109 9 
1674 10 2252 3 122 8 1318 5 
2092 7 1860 4 
1674 9 1316 6 
635 9 1379 5 1679 9 2204 7 
1378 9 530 9 1678 9 1686 9 
1375 7 1681 5 1299 5 1683 4 
1374 6 1680 5 1917 6 555 6 
1377 6 553 8 1685 5 1683 4 
2240 4 1376 4 1680 4 1682 4 
1295 8 1371 7 1685 8 1687 7 
1684 8 1370 9 1682 5 542 4 
541 5 1687 5 1679 9 1373 8 
1686 5 1292 5 1684 7 1372 2 
1691 4 1 5 1689 4 2119 4 
1570 6 1494 6 1688 4 2380 2 
1720 2 1693 6 1691 2 2128 6 
1688 4 2125 6 1714 4 1690 2 
1695 5 1693 8 1710 7 851 9 
1692 8 1708 8 2106 6 1690 6 
1707 4 1697 9 1695 6 2117 5 
1692 5 1694 6 1706 5 2116 5 
1697 8 1926 5 2150 3 1754 5 
1752 8 1696 8 2144 10 1694 9 
1009 6 972 5 1041 4 1043 4 
1705 7 1700 3 848 4 1167 4 
849 6 1699 3 1933 3 1294 4 
925 4 1285 5 1702 6 
838 6 1291 6 1703 7 1701 6 
912 4 1702 7 1704 4 1290 8 
913 3 1705 6 1703 4 526 5 
1288 6 1699 7 1704 6 841 9 
1707 3 1710 7 2353 5 1695 5 
1706 3 1694 4 2352 5 1752 3 
1720 4 1693 8 1710 7 2355 5 
2249 6 22 7 89 6 2313 9 
2354 8 1706 7 1692 7 1708 7 
1975 6 320 5 1712 8 2114 7 
319 10 2113 9 1711 8 1715 9 
171 8 2112 5 1716 6 322 7 
1691 4 2349 5 1 5 1720 4 
324 9 1716 5 2110 8 1712 9 
1715 5 1713 6 323 3 2109 4 
326 8 752 2 2108 4 1718 3 
2107 2 325 4 1947 5 1717 3 
328 2 752 2 2328 6 171 5 
1708 4 1690 2 2348 4 1714 4 
431 3 2023 2 2241 3 2381 5 
1725 9 55 7 1723 7 1776 8 
1505 7 1775 5 1722 7 231 4 
2167 8 1782 9 1727 7 1725 9 
1781 9 1724 9 2166 11 1722 9 
1727 4 2165 6 1729 5 1784 4 
1726 4 1783 7 1724 7 2164 3 
1729 6 1778 8 2171 7 1731 4 
1728 6 1777 6 2170 10 1726 5 
1731 4 1961 6 1780 5 48 7 
1779 5 1730 4 1728 4 46 2 
1733 3 2399 1 65 3 
1732 3 1734 3 64 6 2398 6 
1735 5 2397 2 1733 3 67 3 
1734 5 1736 8 2396 7 66 9 
2403 6 1735 8 1737 7 61 8 
60 9 1736 7 1738 6 2402 6 
63 7 2401 8 1739 12 1737 6 
1982 15 2400 12 1738 12 62 12 
2158 9 1146 8 1743 7 1741 9 
2157 10 1145 6 1740 9 228 6 
2160 4 1144 7 1745 5 1743 5 
2159 7 1740 7 1143 5 1742 5 
1745 7 2154 9 1747 7 1142 11 
1141 7 1742 5 1744 7 2153 4 
1140 9 2156 11 1747 7 1526 10 
1139 3 2155 2 1746 7 1744 7 
2065 4 1753 5 1242 5 1749 6 
2064 5 835 6 1748 6 1241 8 
2251 5 89 4 26 3 2311 6 
2067 7 1753 6 2042 7 1236 5 
1697 8 1754 5 1707 3 1531 7 
1751 6 2066 5 1748 5 1235 6 
1752 5 556 6 1696 5 2344 4 
1756 7 1758 8 2453 5 2361 7 
2452 7 1755 7 1999 6 2360 4 
2451 7 2363 7 1758 8 1760 8 
1755 8 1757 8 2450 8 1627 7 
1760 8 1762 6 2357 6 2449 6 
1759 8 1757 8 2356 7 2448 8 
2359 6 1762 6 2447 5 1764 9 
1759 6 2358 5 2446 10 1761 6 
2443 8 1764 11 2455 9 1642 7 
2454 9 1763 11 1640 12 1761 9 
1315 6 53 6 1766 3 1768 6 
593 5 1771 3 1765 3 1036 6 
1768 8 1039 5 592 9 2014 9 
1767 8 59 9 1312 6 1765 6 
1772 6 1770 10 1311 7 1987 3 
1773 12 472 10 1986 10 1769 10 
1772 6 1766 3 293 11 1804 7 
1771 6 1769 6 577 6 1042 6 
1770 12 574 8 1774 8 1035 9 
1533 7 227 7 1943 5 1773 8 
608 6 1723 5 1776 6 1558 7 
607 6 1775 6 1781 8 1722 8 
1729 6 1784 5 1778 8 602 9 
1728 8 1779 9 601 14 1777 8 
1731 5 1778 9 1983 6 1780 6 
599 4 1730 5 1539 5 1779 6 
598 11 1725 9 1782 9 1776 8 
1783 9 1724 9 597 5 1781 9 
1782 9 1727 7 1784 7 596 7 
595 3 1783 7 1777 5 1726 4 
2498 6 1786 7 
1789 5 1327 5 1785 7 2460 5 
2494 7 1790 3 1326 6 1788 6 
1325 10 1596 5 1787 6 1791 6 
2496 3 1786 5 1790 2 1324 6 
2458 6 1789 2 1787 3 1323 3 
2492 5 1792 5 1322 7 1788 6 
1089 6 2491 6 1791 5 1321 5 
1794 4 947 7 770 9 1796 5 
1793 4 1799 6 1248 5 946 4 
220 6 1056 5 1084 3 1985 4 
1302 6 944 5 414 5 1793 5 
799 6 951 6 1798 5 1800 7 
950 11 1562 4 1797 5 572 4 
1794 6 1800 9 1307 6 949 5 
1306 8 1496 10 1799 9 1797 7 
1505 9 1559 8 1503 6 1995 6 
2054 3 2284 5 2452 6 1999 5 
795 7 1313 4 948 5 1504 4 
593 9 577 7 1425 7 1771 7 
1490 7 1807 5 2050 4 
2048 8 471 7 1807 8 1492 6 
1491 4 1806 8 1805 5 2047 5 
2216 6 1809 5 955 6 1811 6 
1033 5 1808 5 874 4 954 4 
953 4 1811 3 877 3 1813 1 
1810 3 952 7 1808 6 876 7 
1814 9 958 6 879 9 1813 4 
878 3 1812 4 1810 1 957 3 
1812 9 956 9 880 6 
2414 8 1830 7 162 7 1816 8 
1817 10 2413 3 1815 8 161 9 
2416 10 1818 13 160 10 1816 10 
159 6 1817 13 2415 6 1819 8 
1820 7 166 7 1818 8 2418 3 
489 5 1819 7 165 9 2417 7 
494 6 490 6 1266 5 2229 3 
163 8 2033 8 2419 8 489 5 
1268 8 496 9 753 7 494 9 
682 7 2092 9 1348 7 493 7 
1341 7 1270 10 496 7 1828 9 
2094 4 493 5 1346 3 
1828 8 1339 7 415 3 
1827 8 1271 9 1338 9 1825 9 
1830 3 2322 4 2412 7 157 2 
1829 3 2411 5 1815 7 156 8 
1832 4 953 5 1647 5 1836 4 
1831 4 952 7 1833 6 1645 4 
955 6 979 6 1832 6 1834 11 
978 11 954 10 1595 9 1833 11 
958 5 1836 5 
977 4 957 5 1835 5 1831 4 
17 9 21 5 1210 4 429 5 
2104 7 2032 5 221 3 854 4 
1840 8 169 5 1842 6 1464 6 
1619 7 1839 8 1847 6 1463 7 
1462 4 1652 5 1844 7 1842 5 
1461 3 1639 8 1839 6 1841 5 
1844 7 1460 6 1846 8 1580 6 
1843 7 522 6 1841 7 1459 7 
1458 8 631 6 1846 8 1607 6 
1457 9 615 11 1843 8 1845 8 
2193 5 1848 4 1840 6 1466 6 
2192 4 1847 4 395 4 1465 8 
2435 6 2455 5 2338 8 1850 4 
1855 4 2337 7 1849 4 2454 6 
1858 8 2451 5 1852 5 2465 6 
1853 8 1851 5 2464 5 2450 7 
1852 8 2463 7 2453 6 1854 8 
2462 10 2054 4 2452 7 1853 8 
2447 3 1850 4 2469 6 1856 2 
2446 8 2468 3 1857 4 1855 2 
1858 10 1856 4 2323 9 2449 6 
1851 8 2317 11 1857 10 2448 10 
1478 7 1860 6 2387 5 1866 7 
1477 6 1676 4 1859 6 2386 4 
1475 6 1862 8 1864 11 2393 7 
1474 6 1861 8 1867 9 2392 8 
1473 6 1864 11 1617 10 2395 6 
1863 11 2394 15 1861 11 1472 8 
1868 4 1471 3 2389 4 1866 4 
2388 8 1470 6 1859 7 1865 4 
1868 7 1862 9 2391 8 1469 9 
1867 7 2390 3 1865 4 1468 5 
835 6 188 9 2064 5 1870 7 
1871 8 187 6 1869 7 168 5 
2203 5 1870 8 1872 8 186 8 
1871 8 170 5 1873 9 185 7 
1874 6 158 9 184 7 1872 9 
1873 6 155 4 183 2 1875 4 
1876 8 167 7 1935 6 1874 4 
1875 8 1479 8 181 6 1877 11 
196 9 2195 12 1878 9 1876 11 
143 6 1197 4 1877 9 195 9 
1891 12 837 10 226 9 859 10 
1881 6 945 4 
880 5 1880 6 944 7 1882 10 
1883 9 1881 10 879 11 947 10 
1882 9 1884 6 878 6 946 6 
1883 6 1885 4 877 5 949 3 
876 6 1886 8 1496 7 1884 4 
951 10 1885 8 1887 11 2216 9 
1638 10 874 7 1886 11 950 13 
583 5 1890 5 218 4 2130 7 
2221 5 2385 8 25 6 70 6 
217 7 2299 4 1888 5 2129 4 
1879 12 1300 6 225 10 1059 6 
224 4 587 7 585 5 2123 4 
2102 8 1901 8 1894 10 767 7 
1895 7 1893 10 2101 9 766 5 
769 7 1894 7 801 6 2100 4 
578 9 229 10 2051 6 584 7 
2103 6 763 8 801 8 1898 8 
762 7 1899 7 1897 8 
765 6 1898 7 
2098 5 757 11 1901 6 2370 9 
756 3 1893 8 1900 6 2097 3 
1027 9 1403 8 
271 6 1904 7 1494 7 2380 3 
1905 7 1903 7 1493 6 270 5 
1904 7 1906 5 1492 3 267 9 
1491 4 1905 5 266 7 1907 5 
269 6 1906 5 1490 7 
1081 7 1911 6 1909 6 1152 7 
1080 3 1151 7 1908 6 1916 9 
1911 7 850 5 1913 10 1079 5 
1910 7 1078 4 833 6 1908 6 
1915 8 1077 8 1913 10 1156 6 
1155 10 1910 10 1912 10 1076 7 
1265 9 1075 8 1158 8 1915 8 
1074 5 1912 8 1914 8 1157 7 
1917 10 1083 12 1014 8 1909 9 
1082 8 1916 10 2501 9 1681 6 
1919 6 1369 4 1921 6 531 6 
1918 6 527 7 2085 9 852 5 
1921 6 828 6 2251 5 1923 4 
1920 6 571 7 826 5 1918 6 
2249 5 1923 5 1363 5 1925 8 
829 4 1920 4 1922 5 567 8 
2247 8 1365 8 1927 8 1925 10 
2246 6 1364 7 1922 8 1924 10 
1927 5 1696 5 556 6 1367 6 
1926 5 834 4 1924 8 2244 8 
1959 4 1078 2 1931 2 1168 8 
182 6 1980 8 655 6 430 7 
1080 3 491 5 1957 3 1931 4 
1956 4 1928 2 1081 5 1930 4 
443 3 1955 2 1933 4 1074 3 
1954 7 1932 4 1075 6 1700 3 
1953 7 1076 4 1168 10 443 4 
181 4 2497 5 183 4 1875 6 
491 4 2107 2 1947 5 1082 6 
1938 4 1150 6 200 8 818 4 
1937 4 199 6 51 3 817 7 
1940 10 816 6 1942 8 202 5 
1939 10 815 9 117 9 201 9 
814 4 57 3 1942 5 204 2 
203 10 813 9 1941 5 1939 8 
1774 5 314 7 1035 6 1593 5 
41 9 1945 8 1653 6 1251 5 
1944 8 2316 8 40 7 1946 9 
39 7 2319 6 1274 8 1945 9 
1718 5 145 5 1936 5 1272 5 
45 6 1274 6 1252 8 1949 7 
1950 9 2320 10 44 6 1948 7 
1949 9 2372 7 43 11 1951 10 
2412 11 42 8 2322 8 1950 10 
152 9 1953 10 1955 6 443 7 
151 6 1958 9 1934 7 1952 10 
1933 7 1955 5 1294 8 154 9 
1954 5 1932 2 1952 6 153 3 
1931 4 1957 3 148 6 1959 6 
147 6 1956 3 1272 2 1930 3 
1953 9 1959 8 150 8 1168 12 
1928 4 1958 8 1956 6 149 10 
646 7 193 4 390 9 191 9 
1539 6 1730 6 1501 7 1962 7 
1538 7 1961 7 1500 7 1965 7 
1964 4 2011 5 1966 5 1541 3 
1963 4 2010 6 1540 5 1969 6 
1966 7 2034 9 2009 5 1962 7 
2008 5 1963 5 1965 7 1542 7 
1497 7 1970 8 1968 5 1545 4 
1544 5 2142 6 1495 5 1967 5 
1547 6 1970 9 1964 6 2013 7 
1546 10 2012 9 1969 9 1967 8 
1972 7 2425 6 2259 5 1978 7 
1971 7 1973 9 2258 4 2424 8 
2257 7 1974 6 1972 9 2427 10 
2256 6 1973 6 1981 2 2426 2 
1711 6 2263 7 2429 4 1976 7 
2428 7 1975 7 2262 7 1977 7 
2431 5 1978 7 2261 8 1976 7 
2260 6 1971 7 2430 5 1977 7 
416 7 1643 5 271 6 600 7 
1994 12 1929 8 650 6 386 8 
1974 2 2255 6 2433 5 1982 7 
2432 9 1739 15 2254 8 1981 7 
901 3 599 4 1779 6 601 11 
1038 5 975 4 1254 6 1004 4 
856 4 2032 6 1795 4 219 4 
1770 10 1035 7 1987 3 2190 5 
2188 4 1042 3 1986 3 1769 3 
1513 5 1527 5 1993 7 1989 6 
1988 6 1526 7 2156 8 1512 8 
1991 5 1997 8 1509 7 1523 5 
1508 4 1990 5 1992 5 1522 4 
1991 5 1525 6 1507 12 1993 7 
1506 7 1524 7 1988 7 1992 7 
194 8 1980 12 651 9 387 9 
1455 4 1996 4 1518 6 1801 6 
1995 4 1503 4 1997 7 1521 7 
1990 8 1996 7 1520 7 1502 8 
2284 5 1999 5 2001 4 2228 7 
1756 6 2227 9 1998 5 1802 5 
2218 2 2001 2 1115 4 2003 1 
429 3 2000 2 1998 4 1114 6 
2290 3 2005 7 2003 3 2220 4 
2289 2 432 3 2002 3 2000 1 
2007 7 2005 8 2288 4 436 8 
2287 9 2004 8 2002 7 2221 7 
2007 7 442 5 862 7 2286 7 
2006 7 30 9 2285 6 2004 7 
1966 5 2011 5 651 4 2009 3 
650 2 1965 5 2008 3 1500 5 
2013 7 653 6 1964 6 2011 7 
1963 5 2010 7 652 6 2008 5 
2013 7 1497 8 1970 9 647 7 
2010 7 2012 7 646 7 1969 7 
2015 9 2383 6 1579 12 1767 9 
2382 8 2014 9 1578 7 2016 5 
1569 2 2375 5 2017 2 2015 5 
2374 5 1568 3 2018 4 2016 2 
2017 4 2377 5 2019 5 1567 5 
2376 5 2020 5 2018 5 1566 6 
1573 5 2379 7 2021 6 2019 5 
2378 7 2020 6 1572 5 2022 7 
1571 8 2381 7 2021 7 2023 4 
1721 2 2169 2 2118 4 2022 4 
1183 7 1467 8 898 5 1476 5 
1005 11 1313 5 594 4 1183 7 
2277 6 2027 6 2029 6 412 8 
2276 10 2026 6 836 11 411 8 
2282 4 2029 8 2031 5 
413 7 2026 6 2028 8 2281 8 
2280 5 2031 3 
2030 3 2279 6 2028 5 
1838 5 1985 6 222 6 855 5 
2275 5 1822 8 69 6 
758 8 1542 9 1965 9 1538 9 
1651 10 575 10 2036 10 1324 12 
1323 5 2037 5 2035 10 1650 5 
1649 5 2036 5 1326 6 2038 7 
1325 11 1648 6 2039 8 2037 7 
1322 8 2040 5 2038 8 1644 4 
1643 4 1321 4 2039 5 2201 3 
1234 9 2044 8 2069 9 2042 9 
2068 8 1751 7 1233 6 2041 9 
2046 7 2044 7 1240 7 2071 8 
2041 8 2043 7 1239 6 2070 5 
13 5 2046 5 1238 5 2073 4 
2043 7 1237 8 2045 5 2072 9 
2048 5 2050 4 579 4 1807 5 
2051 4 1806 8 2047 5 578 7 
2050 3 581 6 
580 5 2047 4 1805 4 2049 3 
2048 4 471 3 1896 6 2052 3 
2339 6 584 4 2051 3 1028 4 
2284 6 2062 6 2054 4 2307 9 
1802 3 2306 2 1854 4 2053 4 
2056 8 2299 5 217 8 2286 7 
2057 8 2298 6 2055 8 2285 7 
2056 8 2288 4 2058 8 2297 4 
2059 6 2296 8 2057 8 2287 9 
2058 6 2060 4 2290 2 2303 2 
2289 4 2302 4 2059 4 2061 3 
2301 2 2060 3 2062 3 1115 4 
1114 7 2300 4 2061 3 2053 6 
1551 5 1537 6 1560 6 2356 5 
1749 5 2065 3 1869 5 91 6 
2066 4 90 6 2064 3 1748 4 
2065 4 2067 6 1753 5 707 5 
100 8 2066 6 2068 8 1751 7 
2042 8 2069 8 2067 8 99 5 
2068 8 2041 9 2070 6 98 6 
2044 5 97 7 2069 6 2071 6 
96 7 2043 8 2070 6 2072 10 
95 8 2073 8 2046 9 2071 10 
1422 7 94 4 2072 8 2045 4 
1627 9 1564 7 2486 8 1560 10 
2076 9 252 9 2336 6 2078 5 
2313 9 2075 9 2081 9 2335 7 
2078 5 1279 6 2305 6 2084 8 
2077 5 2333 5 2311 4 2075 5 
2332 11 2082 7 2080 7 2295 6 
245 7 2331 3 2214 6 2079 7 
2330 9 2076 9 246 5 2082 7 
2079 7 247 6 2329 8 2081 7 
2321 5 23 5 2084 6 1264 5 
255 7 2083 6 2326 7 2077 8 
1255 8 1919 9 492 7 789 10 
2338 7 2456 4 2087 5 
2086 5 2337 9 2090 6 68 7 
2323 10 2089 8 2091 7 67 7 
66 8 2088 8 2317 8 1344 9 
2469 6 2087 6 2091 4 65 4 
2088 7 2468 5 2090 4 64 6 
1676 7 1477 9 1824 9 2093 6 
2094 3 493 4 2092 6 
1826 4 2093 3 
2464 5 2162 9 1344 9 60 9 
885 3 1054 5 1370 7 887 7 
2102 3 2098 2 2277 5 1901 3 
1900 5 2276 7 2245 2 2097 2 
2280 10 2100 8 801 10 2103 8 
2099 8 2279 6 2101 6 1895 4 
1894 9 2102 7 2100 6 2282 5 
2097 3 1893 8 2281 6 2101 7 
1897 6 2099 8 
1838 7 861 6 837 9 224 8 
752 1 2108 3 2328 5 2240 3 
2128 6 1693 6 851 7 1391 5 
1718 2 1936 2 2108 3 555 4 
1299 5 2105 3 1717 4 2107 3 
1292 6 2112 3 2110 7 1716 4 
541 6 2109 7 1715 8 2113 8 
2328 9 542 6 2112 5 171 8 
2109 3 1713 5 2111 5 1295 3 
2114 8 1712 9 2110 8 530 7 
2204 8 2263 8 2113 8 1711 7 
900 6 1181 4 1467 5 929 4 
2117 4 1389 5 851 9 1695 5 
1388 5 2144 6 2116 4 1694 5 
1368 4 1571 8 2023 4 454 6 
1394 4 1570 6 2125 6 1688 4 
324 13 2130 12 583 10 2121 9 
323 3 582 3 2122 7 2120 9 
2121 7 585 9 322 8 2123 8 
1892 4 321 9 2124 3 2122 8 
632 5 328 1 587 6 2123 3 
1691 6 1393 8 2128 10 2119 6 
326 8 632 6 589 5 2127 6 
325 7 588 7 2126 6 2273 7 
2106 6 2125 10 1690 6 1392 7 
320 4 2234 7 2130 6 1890 4 
2120 12 2129 6 319 9 1888 7 
2391 5 2138 6 2132 2 
2390 1 2133 4 2131 2 
2134 4 2389 6 2132 4 
2139 3 2133 4 2388 6 
2191 4 2136 5 1289 3 2395 5 
2394 10 2135 5 2137 3 
2393 4 2138 5 2136 3 
2137 5 2392 8 2131 6 
2134 3 2140 3 2387 3 
2139 3 2386 3 
2441 5 2437 2 1337 4 2142 5 
2436 8 1968 6 1336 7 2141 5 
2291 6 2434 8 2445 7 1329 9 
2117 6 1697 10 1387 7 2150 5 
2434 8 1331 8 1583 4 2146 8 
1330 6 2442 7 2145 8 2147 9 
2243 7 2148 8 1333 8 2146 9 
1332 7 2147 8 2149 7 2440 6 
1335 7 2148 7 2439 6 2441 7 
1696 3 1386 1 2144 5 1367 4 
1575 3 1581 3 1119 4 1201 4 
228 5 591 8 2157 9 
2160 3 1307 4 2154 6 1745 4 
2153 6 1306 7 1744 9 2155 4 
1747 2 799 4 2154 4 2156 6 
572 7 1746 11 1989 8 2155 6 
1741 10 1303 8 2152 9 2158 10 
1740 9 2159 9 1302 7 2157 10 
2160 6 770 12 2158 9 1743 7 
2153 3 2159 6 1742 4 1248 4 
823 4 1191 8 824 4 
2463 8 2095 9 2163 7 63 10 
2462 8 2231 5 62 4 2162 7 
2167 4 2165 5 843 4 1727 3 
1726 6 842 7 2164 5 2170 11 
1725 11 845 9 55 9 2167 10 
1724 8 844 8 2164 4 2166 10 
853 5 2169 3 2175 4 2242 4 
2168 3 2241 3 2023 2 1368 2 
914 12 1729 10 2165 11 2171 11 
46 5 840 9 1728 7 2170 11 
2173 5 830 5 570 8 2179 7 
1362 6 2172 5 2174 4 2248 5 
1361 10 573 5 2175 5 2173 4 
1360 5 2174 5 2250 6 2168 4 
2276 7 2245 2 836 8 2177 3 
1366 5 554 4 2178 6 2176 3 
2179 8 827 6 832 6 2177 6 
2178 8 558 6 831 6 2172 7 
960 6 1039 5 2182 10 2225 9 
824 2 1013 4 709 4 
59 11 1528 10 2183 8 2180 10 
53 6 2184 4 962 6 2182 8 
2186 4 961 4 2183 4 1036 7 
821 4 709 6 981 4 
293 11 964 6 2184 4 2187 7 
2188 8 1042 7 2186 7 963 7 
1987 4 2187 8 966 5 2190 6 
823 2 892 4 
1592 6 1986 5 2188 6 800 5 
2315 7 2135 4 
1848 4 738 3 2193 5 352 4 
1847 5 351 6 1619 6 2192 5 
1113 5 2331 2 144 7 2214 5 
1002 8 143 9 1877 12 1479 9 
2197 8 2199 7 2212 7 2253 11 
2202 5 2196 8 1108 6 2211 9 
144 8 1111 6 2210 6 2199 4 
2209 7 1110 8 2198 4 2196 7 
2208 12 2201 7 1105 6 172 8 
2207 4 2200 7 1104 3 2040 3 
2197 5 2206 8 172 5 1107 8 
1871 5 170 2 997 2 168 2 
530 7 2114 8 297 8 1678 7 
418 3 172 4 2208 8 2206 7 
2202 8 662 8 2211 12 2205 7 
2201 4 2208 9 1643 5 416 7 
2200 12 2205 8 2207 9 657 10 
2199 7 666 6 2210 9 2212 7 
2209 9 423 5 2198 6 2213 6 
420 8 2206 12 2197 9 2212 8 
2209 7 2196 7 421 6 2211 8 
144 8 668 5 2214 6 2210 6 
2213 6 1263 8 2080 6 2194 5 
490 4 623 3 2229 1 1133 3 
1808 6 874 5 1886 9 876 7 
431 2 417 5 2381 4 434 2 
2000 2 21 3 429 3 432 4 
2222 5 2379 8 434 5 419 5 
70 5 2221 4 432 4 2002 4 
1889 5 2220 4 436 7 2005 7 
663 3 435 2 2219 5 2376 4 
2226 8 667 8 2375 7 2224 4 
435 2 2374 5 422 5 2223 4 
2383 6 425 6 2226 10 2180 9 
2223 8 424 6 2225 10 2382 9 
1999 9 2228 11 2360 7 18 11 
2227 11 1998 7 17 10 429 6 
622 10 341 2 2215 1 1821 3 
2237 5 2433 5 2307 7 2231 5 
2432 7 2163 5 2230 5 2306 5 
2297 3 2235 5 2233 5 2431 4 
2430 4 2238 9 2232 5 2296 6 
2299 7 2429 6 2235 8 2129 7 
2298 4 2232 5 2428 6 2234 8 
2427 9 2239 7 2237 8 2301 6 
2300 5 2426 5 2230 5 2236 8 
2239 9 2425 9 2233 9 2303 7 
2238 9 2424 7 2236 7 2302 4 
1683 4 1299 5 553 8 2105 3 
2169 3 1628 4 1721 3 2242 4 
2250 6 2168 4 2362 5 2241 4 
2147 7 1298 6 2442 5 2440 5 
72 9 2247 8 556 9 1927 8 
2370 6 554 3 2098 2 2176 2 
1925 6 22 4 2249 3 2247 4 
1924 8 2342 5 2244 8 2246 4 
573 6 2367 5 2173 5 570 8 
1709 6 567 8 1922 5 2246 3 
2242 6 2175 6 573 6 2365 7 
1750 5 1920 5 571 6 567 9 
1109 2 1675 3 342 5 864 1 
1110 12 1108 9 1092 9 2196 11 
302 6 1982 8 2400 5 2255 7 
1981 6 2256 10 2254 7 303 9 
1974 6 2257 7 298 6 2255 10 
1973 7 299 7 2256 7 2258 2 
1972 4 300 5 2257 2 2259 2 
1971 5 2260 4 2258 2 301 2 
1978 6 2259 4 294 6 2261 7 
2262 8 295 8 1977 8 2260 7 
2261 8 2263 7 296 8 1976 7 
1975 7 2114 8 297 8 2262 7 
406 7 150 8 2265 6 2271 9 
2266 3 149 8 2264 6 405 4 
408 5 2265 3 2267 3 148 5 
407 7 2266 3 2272 4 147 7 
2409 3 154 6 2269 4 402 9 
153 5 2270 7 401 9 2268 4 
2269 7 404 7 152 8 2271 9 
151 6 403 5 2264 9 2270 9 
410 3 146 3 2267 4 2273 5 
145 4 2272 5 409 5 2127 7 
1622 6 1671 11 39 6 1620 7 
2033 5 272 4 2419 5 
2027 10 2176 7 2098 7 2277 10 
2281 8 2026 6 2276 10 2097 5 
2445 7 2291 6 
2282 5 2100 6 2280 8 2031 6 
2099 10 2030 5 2279 8 
2277 8 2102 6 2282 4 2029 8 
2279 5 2028 4 2281 4 2101 5 
2341 4 2292 5 
1802 5 1998 5 2053 6 1114 7 
2007 6 2286 6 2056 7 2288 3 
1301 6 2285 6 2055 7 2006 7 
2005 9 2290 5 2288 5 2058 9 
2287 5 2057 4 2004 4 2285 3 
2060 4 2003 2 2290 2 1115 5 
2002 3 2287 5 2289 2 2059 2 
2345 7 2292 6 2143 6 2278 6 
2291 6 2343 8 2283 5 
2294 7 253 4 2369 5 287 3 
2293 7 286 9 2368 8 248 8 
247 5 72 5 245 6 2079 6 
2058 8 2297 4 2233 6 2303 4 
2232 3 2296 4 2298 2 2057 4 
2235 4 2056 6 2299 3 2297 2 
2234 7 2298 3 2055 5 1890 4 
2237 5 2301 3 2307 7 2062 4 
2061 2 2300 3 2236 6 2302 3 
2060 4 2303 2 2301 3 2239 4 
2302 2 2238 7 2296 4 2059 2 
93 3 1206 5 617 7 
2077 6 2311 5 255 5 26 2 
2462 8 2054 2 2231 5 2307 7 
2300 7 2230 7 2053 9 2306 7 
645 7 621 6 103 6 2309 5 
102 4 2310 8 2308 5 620 3 
1206 10 619 9 2309 8 680 10 
252 8 2305 5 2078 4 1750 6 
289 4 251 5 253 3 2367 3 
2076 9 1709 9 246 5 252 9 
2315 9 1653 6 330 5 1251 5 
2191 7 329 6 2314 9 1289 6 
1945 8 2319 5 1251 5 338 8 
1858 11 2089 8 2465 9 2323 10 
336 5 1274 5 1252 7 2319 3 
1946 6 2316 5 335 4 2318 3 
2372 8 1949 10 334 11 1252 11 
2083 5 1215 6 255 6 16 8 
1829 4 2372 5 1951 8 332 8 
2088 10 2468 8 2317 10 1857 9 
2325 11 1283 4 1608 11 206 6 
205 9 631 11 2324 11 1607 11 
1264 6 1279 5 2084 7 863 10 
254 5 2362 6 282 8 250 5 
2111 9 553 10 2105 5 1719 6 
2330 10 855 7 2082 8 2332 12 
2335 7 854 7 2081 9 2329 10 
2332 7 2194 2 2080 3 1056 4 
2079 11 2331 7 856 8 2329 12 
859 8 1279 6 2078 5 2336 6 
1278 9 1613 7 203 9 1280 6 
2336 4 2330 7 861 3 2076 7 
2335 4 860 7 2333 6 2075 6 
2338 11 2469 9 2087 9 1850 7 
1247 11 2086 7 2337 11 1849 8 
2052 6 1494 9 471 6 1570 9 
2358 7 1499 7 1551 7 1543 7 
428 3 2283 4 2343 7 
247 6 22 5 72 6 2247 5 
427 9 2345 9 2341 7 2292 8 
1531 6 19 4 1754 4 1263 6 
2291 7 426 9 2343 9 1329 10 
1642 4 1284 5 1548 7 2347 7 
1640 11 1499 7 1550 11 2346 7 
2349 5 2355 5 1720 4 662 5 
1714 5 2348 5 2350 5 418 4 
1 5 657 6 2351 5 2349 5 
416 7 2380 3 2350 5 271 6 
423 6 1531 9 1707 5 2353 7 
1706 5 2354 6 2352 7 666 3 
1710 8 421 8 2355 6 2353 6 
420 4 2348 5 2354 6 1708 5 
2357 5 2363 6 1760 7 2063 5 
2356 5 1759 6 2358 5 1551 5 
2359 5 1762 5 2340 7 2357 5 
2358 5 1761 6 1499 5 1640 9 
1565 6 2361 4 2227 7 1756 4 
2360 4 1564 4 1627 6 1755 7 
1628 5 2327 6 2242 5 2365 6 
1627 6 2356 6 1757 7 1560 7 
251 5 2367 3 573 4 2365 5 
250 5 2250 7 2364 5 2362 6 
2367 7 2369 8 253 7 570 10 
2366 7 2248 5 2364 3 2312 3 
2369 6 827 5 2294 8 2371 5 
2366 8 2368 6 558 5 2293 5 
2245 6 2371 7 249 14 1900 9 
2370 7 554 4 248 5 2368 5 
2320 8 1950 7 331 9 2322 5 
1021 9 1396 5 1610 9 11 5 
2017 5 2375 8 2377 6 2224 5 
2382 8 2374 8 2016 5 2223 7 
2377 5 2019 5 2222 4 2379 7 
2376 5 435 3 2374 6 2018 5 
2021 7 434 5 2381 7 2379 8 
2020 7 2219 8 2378 8 2376 7 
2351 3 1903 3 1689 2 1 3 
2022 7 2378 7 2217 4 1721 5 
2015 8 2375 8 2226 9 2383 5 
2225 6 1039 2 2382 5 2014 6 
10 6 1230 9 1549 5 1535 10 
1889 8 1211 9 1213 7 781 7 
1860 4 2140 3 2387 3 
2388 6 2139 3 1859 5 2386 3 
2389 8 2387 6 1866 8 2134 6 
2388 8 2133 6 2390 3 1865 4 
2132 1 1868 3 2389 3 2391 4 
2392 7 2131 5 2390 4 1867 8 
2391 7 2393 7 2138 8 1862 8 
2137 4 2394 11 2392 7 1861 7 
1864 15 2393 11 2136 10 2395 10 
37 6 2135 5 1863 6 2394 10 
459 6 1735 7 2403 5 2397 4 
1734 2 2396 4 2398 5 460 5 
2399 4 2397 5 1733 6 461 6 
2398 4 1732 1 
455 4 1739 12 2254 5 2401 8 
456 8 1738 8 2400 8 2402 8 
457 8 2403 5 2401 8 1737 6 
1736 6 458 5 2402 5 2396 5 
242 5 628 6 2406 5 
239 7 627 7 2408 7 2406 7 
238 10 2405 7 626 9 2404 5 
2410 4 2408 4 625 2 241 3 
240 5 624 4 2407 4 2405 7 
2268 3 244 3 630 5 2410 5 
2407 4 629 7 243 7 2409 5 
2412 9 1830 5 2414 6 124 7 
2411 9 1951 11 123 7 1829 7 
132 4 1816 3 2414 3 2416 3 
2411 6 1815 8 2413 3 131 6 
2416 3 1818 6 2418 1 130 4 
1817 10 2415 3 129 5 2413 3 
128 7 2420 8 1820 7 2418 3 
127 1 2415 1 2417 3 1819 3 
2420 9 1822 8 126 8 2275 5 
2419 9 2417 8 489 6 125 8 
2423 6 1164 4 
2481 5 2423 7 679 4 174 5 
2421 6 1153 9 2422 7 173 8 
2239 7 1972 8 2425 7 2427 9 
2238 9 1971 6 2430 4 2424 7 
2427 6 1974 2 2237 5 2433 5 
2426 6 2236 9 1973 10 2424 9 
2429 4 2235 6 1976 7 2431 5 
2428 4 1975 4 2234 6 320 3 
2425 4 2233 4 1978 5 2431 3 
1977 5 2232 4 2428 5 2430 3 
1982 9 2433 7 2231 7 62 6 
2432 7 1981 5 2230 5 2426 5 
1328 5 2145 8 2143 8 2444 7 
1849 6 1247 9 1249 9 
1287 6 2437 5 2142 8 1495 7 
2436 5 1286 6 2438 5 2141 2 
2439 7 2441 8 2437 5 1297 9 
2438 7 1296 3 2440 5 2149 6 
557 5 2439 5 2148 6 2243 5 
1334 8 2438 8 2141 5 2149 7 
1293 11 2243 5 2146 7 1583 3 
1763 8 2503 5 1249 7 
1583 3 2445 6 2434 7 
2278 7 2143 7 2444 6 
1856 8 2449 10 1762 10 2447 9 
2454 5 1855 3 1761 5 2446 9 
2449 6 1858 10 2451 7 1760 8 
2446 10 2448 6 1857 6 1759 6 
2451 7 1758 8 2453 5 1852 7 
2450 7 1757 7 1851 5 2448 7 
2453 5 1756 7 1854 7 1802 6 
2452 5 1853 6 1755 5 2450 5 
2447 5 1764 9 2455 7 1850 6 
1849 5 1249 8 1763 9 2454 7 
2086 4 1247 8 
2499 8 185 7 903 5 2493 4 
1790 6 239 9 2494 10 2496 7 
901 4 2495 6 2493 4 187 6 
2498 4 242 5 2496 3 1786 5 
907 7 181 5 2497 6 2489 5 
2463 9 2163 8 1854 10 2306 8 
2462 9 2162 8 1853 7 2464 4 
2095 5 2465 6 1852 5 2463 4 
2317 9 1344 10 2464 6 1851 6 
2467 3 94 3 1422 6 216 2 
2466 3 2472 8 1421 9 215 5 
2323 8 1856 3 2091 5 2469 7 
2090 6 1855 6 2337 9 2468 7 
2473 4 208 2 2471 1 1416 2 
207 1 2470 1 2476 4 1415 3 
2467 8 2473 9 1414 6 210 9 
209 6 2470 4 2472 9 1413 5 
1420 5 2475 6 2477 5 212 6 
2474 6 1169 4 211 5 1419 6 
2477 6 1418 5 2471 4 214 4 
213 6 2476 6 1417 6 2474 5 
1026 6 2479 7 1275 7 705 9 
1025 8 2478 7 704 4 2484 8 
1154 12 466 10 1387 12 430 14 
465 5 2422 5 1153 7 933 9 
702 7 2483 5 2485 4 1030 9 
2488 6 1029 5 2482 5 701 3 
2485 6 1032 6 2479 8 700 9 
2484 6 2482 4 1031 5 699 8 
973 2 959 6 2074 8 1530 4 
1392 5 1165 8 1159 4 390 9 
2483 6 120 7 1024 9 400 5 
2461 5 196 4 910 2 2490 4 
1123 4 195 9 909 7 2489 4 
2492 6 244 5 360 9 1792 6 
2491 6 1791 5 1596 4 243 6 
904 2 186 4 2459 4 2457 4 
1596 6 240 6 2458 10 1787 7 
188 8 902 10 2459 6 107 5 
1789 3 238 8 2460 3 2458 7 
2461 6 908 5 2500 4 1935 5 
2460 4 1785 6 
2457 8 184 6 2500 6 906 6 
905 4 183 3 2499 6 2497 4 
1374 9 1917 9 1128 7 1014 7 
1001 2 1163 4 292 5 
1642 4 2443 5 1284 5 
