2453 4779 001
1968 8 1842 7 2 5 675 9 
1843 2 5 3 674 3 1 5 
1838 3 4 3 671 3 6 4 
1839 4 3 3 670 5 9 4 
1840 5 673 3 6 6 2 3 
5 6 1841 10 672 7 3 4 
10 2 8 6 667 4 1834 4 
666 9 2311 5 1835 7 7 6 
1836 6 10 2 669 3 4 4 
7 2 9 2 1837 2 668 4 
1259 5 584 1 2093 1 1449 3 
2004 7 631 8 
1325 7 1852 5 1874 3 
1272 5 2343 4 215 4 109 6 
1267 4 176 7 112 5 16 4 
111 4 1266 4 15 4 17 5 
114 6 1265 6 18 8 16 5 
17 8 1264 7 19 8 113 6 
20 5 116 7 1271 6 18 8 
115 2 19 5 21 4 1270 4 
20 4 118 6 1269 6 22 5 
215 5 117 5 1268 7 21 5 
2225 6 603 4 240 7 24 5 
604 4 2345 7 2224 6 23 5 
237 6 791 8 1058 4 
605 6 238 4 236 6 2217 7 
794 6 1063 8 241 9 235 10 
505 5 607 2 2219 5 238 3 
237 4 792 5 235 5 1065 5 
1060 2 243 2 799 3 31 2 
1059 3 2002 4 798 4 30 2 
33 4 2223 3 611 3 236 5 
32 4 239 4 612 5 2222 7 
35 6 37 5 313 5 1081 6 
40 4 34 6 1080 5 312 7 
37 5 315 5 1079 9 1659 4 
36 5 34 5 314 3 1078 4 
39 3 41 2 1077 2 317 2 
38 3 1076 5 316 6 42 4 
35 4 1075 2 41 3 319 5 
318 3 38 2 1074 5 40 3 
1073 3 43 6 311 4 39 4 
1072 8 42 6 310 6 210 7 
45 2 2366 2 1414 5 1201 4 
44 2 1413 5 1200 6 48 6 
1203 2 47 7 822 3 49 4 
52 11 46 7 1202 8 821 7 
49 8 1205 5 45 6 820 6 
819 5 1204 11 48 8 46 4 
1207 7 53 5 826 6 51 4 
825 2 1372 6 50 4 1206 4 
47 11 1209 7 53 7 824 11 
52 7 50 5 823 3 1208 5 
1816 4 1259 5 584 1 55 3 
1815 3 54 3 56 6 1258 4 
2373 7 1818 4 57 8 55 6 
2372 7 1817 7 56 8 58 8 
1812 5 2379 4 57 8 59 7 
60 8 2378 4 1811 4 58 7 
59 8 2377 8 61 7 1814 6 
60 7 2376 4 1813 5 
72 11 64 7 63 9 
489 10 2322 3 71 4 62 9 
70 3 62 7 
69 4 493 3 66 4 
494 5 65 4 
490 5 68 4 
491 5 69 5 67 4 
65 4 481 5 68 5 
1149 6 64 3 72 7 
72 6 1151 3 63 4 74 4 
71 6 62 11 70 7 1150 9 
1333 5 1796 4 492 4 74 4 
489 10 1795 4 73 4 71 4 
1210 6 737 5 2388 6 
737 4 2401 8 790 5 
78 3 655 2 2007 7 
2006 3 79 4 77 3 654 5 
78 4 653 3 2009 7 80 4 
2008 3 652 3 81 2 79 4 
2011 3 80 2 651 1 82 1 
650 5 2010 7 83 4 81 1 
84 6 2018 8 82 4 649 4 
83 6 648 3 85 5 2012 5 
2024 5 647 5 84 5 86 5 
2245 6 2023 5 85 5 646 6 
2059 4 2226 4 763 7 
89 8 1846 6 
1845 10 1071 7 88 8 90 9 
91 5 1848 9 89 9 1070 4 
1069 4 92 3 90 5 1847 3 
1068 4 91 3 93 3 1850 3 
1067 4 92 3 256 4 1849 9 
780 8 97 9 1348 4 95 8 
779 7 1347 6 94 8 102 6 
2120 6 97 10 1346 5 99 5 
96 10 781 8 94 9 1345 7 
1352 3 784 4 101 2 99 2 
1351 1 98 2 783 3 96 5 
101 4 646 7 786 7 2245 7 
98 2 1349 4 100 4 785 3 
488 3 778 3 103 4 95 6 
777 4 485 3 102 4 266 5 
108 5 160 6 149 4 105 5 
2429 7 148 6 159 6 104 5 
145 6 107 5 155 5 
106 5 158 3 108 7 144 4 
104 5 143 10 157 8 107 7 
1982 6 14 6 292 8 110 6 
1983 2 109 6 215 4 117 4 
16 4 1986 5 112 5 114 5 
15 5 1987 4 111 5 1412 4 
114 4 116 5 1984 6 18 6 
17 6 1985 4 113 4 111 5 
20 2 118 4 1990 2 116 4 
19 7 113 5 115 4 1991 5 
118 6 22 5 1988 7 110 4 
117 6 115 4 1989 5 21 6 
2422 9 946 13 816 11 120 9 
945 5 121 4 815 4 119 9 
120 4 944 5 2398 4 122 6 
943 5 1744 6 121 6 
124 1 214 5 2108 3 132 4 
123 1 686 1 213 2 2109 3 
310 6 2102 7 210 7 126 10 
209 8 2103 8 127 9 125 10 
128 5 2100 4 126 9 212 6 
2101 3 129 7 127 5 211 2 
130 9 128 7 206 7 2106 7 
129 9 205 8 2107 5 131 5 
132 5 208 3 2104 8 130 5 
207 4 131 5 2105 5 123 4 
2199 5 136 3 134 3 1303 4 
1302 7 133 3 2198 6 139 3 
142 4 136 5 2201 5 1301 7 
133 3 135 5 2200 5 1300 3 
1299 6 2195 5 138 5 140 6 
2194 4 1252 3 1298 6 137 5 
1297 3 2197 3 134 3 140 4 
2196 4 1296 5 139 4 137 6 
142 3 697 5 1295 4 2203 7 
141 3 135 4 1294 1 2202 6 
1232 9 108 10 149 9 144 7 
145 5 107 4 1231 4 143 7 
106 6 1234 8 144 5 
1708 6 1730 4 429 2 1608 3 
1729 5 151 3 154 4 1611 6 
105 6 149 5 328 4 2122 6 
148 5 2121 5 143 9 104 4 
152 6 713 5 445 5 2157 4 
147 3 179 2 1610 4 429 3 
2156 9 150 6 618 9 712 9 
1605 5 154 4 175 3 1293 5 
174 7 147 4 153 4 1604 5 
106 5 158 3 385 5 
1725 9 1293 10 1283 8 1607 8 
158 4 160 9 108 8 384 5 
157 4 107 3 155 3 383 4 
349 5 160 7 105 6 382 5 
159 7 157 9 104 6 381 10 
1286 5 1093 8 1292 6 2288 9 
163 6 530 7 1839 4 169 6 
162 6 1838 6 164 6 529 6 
916 6 1841 9 165 3 163 6 
170 2 164 3 1840 3 915 1 
914 5 1835 5 367 6 167 6 
1834 6 168 5 913 4 166 6 
169 5 912 2 167 5 1837 3 
911 5 168 5 1836 8 162 6 
165 2 171 5 1843 3 2099 5 
2095 6 1842 6 731 7 170 5 
968 9 1727 6 698 7 173 8 
697 6 2203 8 172 8 967 7 
154 7 260 8 1729 8 175 6 
1724 3 174 6 153 3 259 3 
1412 6 15 7 177 5 357 11 
180 5 176 5 356 4 1411 4 
301 4 354 5 1416 4 181 3 
151 2 1731 4 254 4 1729 4 
1418 8 177 5 352 9 181 6 
1417 5 351 3 180 6 178 3 
183 4 1420 3 1339 3 350 3 
182 4 349 6 1419 6 382 6 
348 5 1339 3 1422 7 301 4 
963 7 1726 5 1728 6 693 8 
1721 9 962 5 187 5 696 7 
1728 3 186 5 961 6 695 3 
790 5 2035 4 395 4 
192 6 1389 6 2048 8 1964 5 
203 5 1001 6 1038 6 
2050 6 192 7 1962 8 194 8 
189 6 191 7 2049 4 1961 6 
196 5 1960 5 194 5 2052 4 
1959 5 193 5 2051 4 191 8 
2054 6 196 7 1399 6 1958 7 
195 7 193 5 2053 6 1957 7 
198 6 200 7 1005 4 1035 6 
197 6 1034 8 2167 8 1004 3 
1037 8 200 6 202 4 1003 4 
1036 8 197 7 199 6 1002 5 
202 3 1009 3 204 4 1031 4 
1030 5 1008 2 201 3 199 4 
190 5 1007 8 1033 7 204 3 
1032 6 1006 7 203 3 201 4 
208 6 206 6 130 8 856 6 
205 6 129 7 855 6 211 2 
214 5 132 4 208 2 854 4 
205 6 207 2 131 3 853 6 
210 5 212 5 126 8 852 6 
209 5 851 3 125 7 43 7 
128 2 212 3 206 2 850 4 
849 9 209 5 127 6 211 3 
2170 6 214 6 848 4 124 2 
207 5 213 6 123 5 847 7 
22 5 1273 6 14 4 110 4 
217 5 649 3 219 4 1903 4 
216 5 223 4 648 3 1904 6 
651 2 221 3 219 3 1901 6 
216 4 650 6 1902 3 218 3 
221 4 1899 6 222 5 653 3 
220 4 1900 7 218 3 652 3 
654 6 220 5 1898 3 
217 4 1579 5 647 4 224 4 
1580 9 646 6 223 4 786 6 
226 3 1328 2 232 4 606 3 
225 3 605 5 227 4 1327 3 
226 4 608 5 1326 5 228 5 
1325 7 607 3 1874 3 227 5 
230 3 610 6 1324 5 234 6 
229 3 609 3 1323 6 231 2 
612 4 1322 5 232 4 230 2 
1321 8 231 4 611 4 225 4 
1318 2 234 4 434 6 604 2 
229 6 233 4 603 5 1317 5 
795 5 1064 6 27 10 29 5 
606 5 2216 4 32 5 26 6 
25 6 29 4 1066 9 793 7 
2218 3 26 4 608 4 28 3 
2221 3 33 4 609 4 240 6 
610 8 23 7 239 6 2220 7 
27 9 243 5 797 8 1062 5 
1432 4 466 2 1568 2 480 6 
796 6 30 2 1061 3 241 5 
245 4 1001 3 1145 3 
244 4 1139 5 1007 10 246 7 
1140 7 1006 9 247 7 245 7 
248 4 1009 4 1137 6 246 7 
247 4 1138 5 1008 2 249 3 
1003 3 248 3 1143 3 250 9 
1144 9 1002 9 249 9 251 9 
1141 4 252 5 1005 2 250 9 
1142 7 464 8 251 5 1004 4 
260 6 254 6 842 3 1729 6 
255 7 253 6 179 4 841 5 
840 6 1731 7 254 7 256 6 
1730 6 839 4 93 4 255 6 
1725 7 846 8 258 9 262 8 
1724 6 259 6 257 9 845 7 
260 5 258 6 844 6 175 3 
259 5 843 5 253 6 174 8 
471 5 262 7 838 4 1723 5 
837 9 261 7 1722 6 257 8 
264 7 1199 5 2246 6 587 2 
263 7 586 7 1198 7 271 8 
268 2 266 3 1104 3 1193 1 
593 7 1192 9 265 3 103 5 
596 5 270 3 1191 5 268 4 
1190 4 265 2 267 4 595 6 
590 7 270 2 272 3 1197 3 
267 3 1196 2 589 6 269 2 
264 8 592 5 272 4 1195 5 
271 4 1194 5 591 5 269 3 
274 6 276 7 358 6 
496 8 273 6 355 3 
276 5 380 6 
275 5 1754 5 273 7 
278 5 1320 2 544 5 1334 5 
277 5 1333 7 1796 6 543 5 
286 7 280 7 797 7 1037 8 
279 7 1036 9 281 6 796 9 
1035 4 280 6 282 2 799 4 
507 1 1034 6 281 2 798 3 
287 7 284 5 793 5 1033 8 
285 7 792 8 1032 7 283 5 
284 7 286 8 795 4 1031 6 
279 7 285 8 1030 8 794 5 
283 7 791 11 1038 7 
295 3 2351 5 289 7 2128 4 
288 7 2350 9 518 8 2129 7 
2341 10 2136 9 293 9 291 7 
2137 3 290 7 2340 3 296 3 
2134 4 293 6 2343 6 109 8 
2342 4 292 6 2135 6 290 9 
2337 6 295 6 2132 6 297 6 
2336 4 288 3 2133 3 294 6 
2339 4 291 3 2130 7 297 4 
2131 5 2338 4 294 6 296 4 
550 5 1539 7 300 5 1338 5 
875 7 754 5 1392 4 302 5 
1337 4 1315 4 549 4 298 5 
178 4 1415 4 353 5 184 4 
753 4 477 4 874 5 299 5 
1070 1 304 4 380 5 305 4 
1069 6 1754 5 303 4 306 9 
1071 5 1753 6 303 4 
358 8 1068 8 307 7 304 9 
524 3 355 2 1067 4 306 7 
1872 4 309 4 1935 2 
1934 6 308 4 1871 7 862 8 
125 6 2280 3 43 6 311 4 
310 4 316 6 2281 5 42 4 
313 6 2277 8 319 8 35 7 
2278 3 312 6 34 5 314 3 
2275 7 315 3 313 3 37 3 
36 5 2276 4 314 3 1255 4 
317 5 39 6 2273 5 311 6 
316 5 38 2 318 3 2274 2 
41 3 2271 4 317 3 319 5 
2272 4 312 8 40 5 318 5 
321 6 1129 7 323 7 2016 7 
320 6 2015 4 334 7 1128 4 
1250 7 325 6 1127 7 323 6 
320 7 2017 7 1126 8 322 6 
327 5 1125 3 325 3 2020 2 
2019 7 1124 5 324 3 322 6 
2320 5 2022 6 1123 5 327 6 
324 5 326 6 1122 5 2021 8 
1050 5 329 7 2429 5 148 4 
328 7 2428 6 330 8 1049 6 
2427 7 1052 6 331 7 329 8 
330 7 2426 7 1051 4 332 6 
1054 4 333 4 2433 4 331 6 
332 4 2432 6 1053 5 857 3 
1252 7 321 7 1121 6 2014 7 
2430 4 2125 5 1055 5 857 5 
2135 5 1540 5 339 3 337 7 
550 8 1539 10 2134 6 336 7 
1538 3 339 3 341 4 2137 4 
2136 4 338 3 336 3 1537 5 
341 4 1536 5 343 4 2131 5 
340 4 2130 7 338 4 1535 9 
343 4 2133 3 1534 7 345 5 
342 4 2132 4 340 4 1533 4 
866 6 1542 9 2129 4 345 6 
1541 5 342 5 2128 6 344 6 
473 3 876 5 751 3 479 5 
1339 4 2427 6 350 4 348 6 
184 5 353 6 347 6 2426 7 
183 6 159 5 2429 6 350 5 
2428 3 349 5 347 4 182 3 
181 3 352 6 354 5 2431 4 
180 9 356 8 351 6 2430 5 
2433 4 348 6 301 5 354 6 
178 5 2432 8 351 5 353 6 
307 2 1584 6 358 3 274 3 
357 10 177 4 352 8 2425 9 
2424 8 356 10 1267 8 176 11 
355 3 306 8 273 6 1754 4 
360 6 368 7 745 4 1712 4 
359 6 361 4 744 11 1711 5 
360 4 1714 3 362 2 743 4 
363 3 1713 3 742 2 361 2 
362 3 741 3 364 4 1716 3 
740 6 363 4 1715 3 365 6 
366 7 739 5 1718 7 364 6 
365 7 2325 4 1717 6 738 6 
736 5 1710 5 368 8 166 6 
359 7 735 6 367 8 1709 6 
1117 5 561 7 1826 5 370 7 
371 7 1116 6 1825 4 369 7 
1828 4 372 6 370 7 1115 5 
1827 5 373 4 1114 6 371 6 
372 4 1113 7 374 6 1822 2 
373 6 1112 8 375 10 1821 7 
376 6 1111 10 1824 8 374 10 
375 6 1110 4 377 2 1823 1 
1820 4 376 2 378 4 1119 2 
1118 5 895 4 1819 7 377 4 
665 5 1750 7 1242 5 1755 6 
1753 7 275 6 303 5 1754 6 
384 6 382 8 160 10 1244 5 
1243 8 381 8 183 6 159 5 
385 6 384 5 1246 8 158 4 
381 6 1245 3 383 5 157 5 
1247 3 383 6 155 5 
387 7 972 5 1732 5 1860 3 
386 7 388 8 973 7 1859 5 
1862 4 387 8 389 5 974 6 
975 4 390 7 1861 6 388 5 
976 7 391 7 389 7 1856 7 
977 2 390 7 392 4 1855 4 
391 4 978 4 1858 7 393 3 
394 1 392 3 1857 2 979 2 
980 2 393 1 1854 2 395 2 
394 2 981 3 1853 4 188 4 
441 5 407 9 2151 6 720 5 
1810 3 400 7 398 3 1910 3 
1909 2 397 3 403 4 1809 1 
1808 5 1912 3 1398 2 400 6 
397 7 399 6 1911 7 1807 9 
404 2 1906 4 1806 2 402 5 
1805 5 1905 5 405 7 401 5 
1804 8 398 4 1908 5 404 4 
401 2 1907 1 1803 4 403 4 
402 7 406 5 1802 8 734 6 
1801 6 405 5 570 6 1570 4 
2150 11 396 9 444 8 719 10 
411 3 1629 4 409 3 1516 4 
1515 3 408 3 416 4 1628 3 
411 7 1518 7 413 10 1627 6 
410 7 408 3 1626 2 1517 2 
415 2 1625 2 413 6 1520 3 
1624 7 410 10 412 6 1519 6 
1522 1 948 3 415 1 1623 4 
1521 3 412 2 414 1 1622 2 
417 5 1631 4 409 4 1514 4 
1513 4 416 5 1092 4 1630 5 
643 5 1018 3 1852 5 
1732 7 443 7 420 6 972 7 
427 2 419 6 442 3 1733 2 
422 6 424 9 435 7 2344 8 
421 6 604 3 2345 6 434 7 
424 9 2346 8 437 6 426 8 
421 9 423 9 436 6 2347 5 
431 4 2348 4 426 6 428 4 
2349 7 425 6 430 6 423 8 
420 2 433 3 1756 2 428 2 
1760 5 425 4 432 5 427 2 
1609 2 151 3 146 2 1731 5 
437 4 426 6 1159 5 431 4 
1158 7 425 4 432 5 430 4 
433 6 431 5 1157 5 428 5 
1156 6 432 6 427 3 442 4 
1155 7 233 6 435 8 422 7 
436 4 421 7 1154 7 434 8 
435 4 437 3 1153 4 424 6 
1152 4 430 4 436 3 423 6 
2155 7 439 5 1734 5 716 6 
2154 4 438 5 440 4 715 4 
441 6 439 4 718 5 2153 7 
440 6 717 5 396 5 2152 4 
443 4 1147 4 433 4 420 3 
442 4 419 7 2408 7 1146 5 
445 5 722 3 407 8 2149 3 
444 5 2148 6 721 4 150 5 
448 2 1898 1 748 2 
747 3 1900 7 448 3 450 2 
746 3 447 3 446 2 1899 5 
1902 5 450 4 452 6 752 9 
449 4 751 1 447 2 1901 5 
454 4 750 4 1904 6 452 5 
749 6 449 6 1903 4 451 5 
627 3 1580 7 454 2 754 2 
451 4 753 4 453 2 1579 5 
2375 6 456 3 595 6 458 5 
455 3 596 4 461 4 807 9 
458 5 644 2 593 6 810 3 
457 5 1104 6 455 5 809 8 
591 8 462 6 804 5 460 7 
592 5 803 5 463 6 459 7 
589 8 456 4 462 4 806 7 
590 7 459 6 805 3 461 4 
464 8 818 5 586 5 460 6 
463 8 587 5 252 8 817 10 
468 3 1430 3 1576 2 466 1 
465 1 1575 4 242 2 1429 2 
1428 8 1694 4 468 4 470 4 
465 3 1691 7 467 4 1427 5 
472 2 470 4 1572 2 1426 3 
469 4 1425 4 1571 7 467 4 
1574 3 1424 5 261 5 472 2 
469 2 471 2 1423 2 1573 7 
747 2 474 3 346 3 883 3 
746 4 882 3 473 3 475 6 
476 4 748 5 881 7 474 6 
475 4 880 7 
478 3 750 4 302 4 879 6 
477 3 749 4 479 3 878 3 
752 8 478 3 877 7 346 5 
642 7 1431 8 242 6 1567 8 
493 4 69 5 491 5 1587 5 
1354 6 733 4 483 4 1970 3 
1971 4 482 4 732 4 1357 7 
1913 4 486 4 1875 6 
929 2 103 3 1192 7 488 2 
484 4 487 4 1877 8 1915 5 
1876 4 661 5 1914 5 486 4 
928 6 102 3 1347 3 485 2 
2321 8 74 10 63 10 492 10 
1586 5 67 5 491 6 
481 5 490 6 68 5 1588 4 
2320 6 2022 7 73 4 489 10 
481 4 65 3 494 4 1583 2 
495 4 493 4 1582 4 66 5 
1585 4 494 4 496 7 
274 8 495 7 1584 11 
498 3 1683 6 500 4 620 6 
506 5 497 3 1681 3 619 3 
1680 8 502 11 622 10 500 9 
497 4 499 9 621 3 1678 4 
502 8 616 6 504 6 1578 7 
615 6 499 11 501 8 1577 7 
504 5 618 7 1685 5 712 7 
503 5 501 6 1684 5 617 5 
28 5 1356 5 1543 5 508 7 
498 5 1665 5 614 4 507 4 
1569 1 282 1 613 1 506 4 
505 7 1544 8 1355 7 
676 7 2147 10 1695 11 510 8 
2146 7 1696 8 511 6 509 8 
510 6 2143 4 1688 3 512 5 
1689 4 2142 3 513 4 511 5 
1686 2 2145 5 514 3 512 4 
515 4 1687 4 2144 7 513 3 
514 4 2139 5 1692 4 516 5 
1693 7 517 4 2138 4 515 5 
518 4 1690 3 516 4 2141 5 
517 4 289 8 2293 6 2140 6 
522 8 1588 6 520 7 844 9 
1587 5 843 4 525 6 519 7 
846 4 528 4 522 4 
519 8 1586 5 521 4 845 6 
1585 5 526 8 524 4 840 5 
307 3 1584 7 523 4 839 3 
1583 4 520 6 526 9 842 4 
1582 7 841 7 523 8 525 9 
528 6 2450 6 838 3 
837 9 527 6 521 4 
530 7 916 6 1226 5 163 6 
529 7 1225 6 162 7 911 6 
2251 3 710 4 1634 3 532 3 
531 3 535 6 2250 2 1633 4 
534 2 536 5 2255 5 1642 5 
1641 5 539 2 533 2 2254 3 
2036 6 536 9 2257 6 532 6 
1639 7 535 9 533 5 2256 7 
2259 5 1638 4 538 4 540 6 
2258 2 1637 3 537 4 2126 4 
534 2 2261 4 540 4 1636 5 
2260 7 1635 6 539 4 537 6 
542 8 544 9 1985 7 1320 6 
1319 6 541 8 1984 7 547 3 
1469 3 1987 3 278 5 544 5 
1986 6 277 5 541 9 543 5 
548 4 1989 4 546 8 1316 5 
1315 7 545 8 1988 10 549 7 
1991 2 548 2 1314 2 542 3 
545 4 547 2 1313 6 1990 3 
1983 2 300 4 550 4 546 7 
337 8 298 5 1982 4 549 4 
2387 8 2080 4 1378 4 552 4 
2386 3 2079 5 1373 3 551 4 
554 4 560 6 602 5 1658 4 
555 3 553 4 601 5 1657 4 
554 3 2335 2 556 3 925 4 
555 3 1495 2 924 5 2334 2 
562 8 923 6 558 8 1662 6 
922 8 1661 7 559 6 557 8 
560 5 558 6 1664 6 921 3 
553 6 559 5 1663 5 920 6 
562 8 369 7 1652 4 929 5 
557 8 561 8 2323 6 928 9 
2297 3 564 3 1770 4 2262 3 
565 5 563 3 2296 5 1769 5 
566 5 564 5 1466 6 1772 8 
565 5 567 5 1771 5 1248 4 
568 5 566 5 1766 6 2301 6 
567 5 1765 2 2300 2 569 3 
1768 6 568 3 2299 6 570 6 
1767 5 406 6 2298 8 569 6 
2389 4 2084 7 1374 5 573 7 
1496 6 2262 3 
1210 6 2083 5 571 7 2388 6 
575 8 1870 3 2299 7 577 5 
574 8 1869 7 1181 7 2298 9 
2301 6 577 6 1868 7 579 6 
576 6 2300 3 1867 4 574 5 
1866 6 579 6 581 8 1466 6 
1248 5 578 6 576 6 1865 3 
583 5 2297 3 581 6 1864 4 
2296 8 580 6 578 8 1863 6 
1496 7 1872 5 583 6 
1493 6 580 5 1871 8 582 6 
11 1 1083 2 54 1 1285 4 
1954 7 598 5 951 6 588 5 
264 7 587 2 463 5 592 4 
586 2 464 5 1142 4 263 2 
1953 2 950 4 585 5 930 6 
461 8 590 11 596 8 270 6 
462 7 589 11 269 7 591 9 
459 8 592 6 590 9 272 5 
460 5 591 6 271 5 586 4 
266 7 457 6 1104 7 777 6 
598 4 953 3 1952 4 600 3 
1104 7 596 7 455 6 268 6 
267 5 595 7 589 8 456 4 
1393 6 1391 6 718 6 2353 6 
594 4 1951 5 585 5 952 5 
955 3 600 3 1950 5 927 5 
1949 3 599 3 954 1 594 3 
1352 5 925 6 602 6 554 5 
553 5 920 5 1351 3 601 6 
23 4 610 5 234 5 604 3 
24 4 422 3 233 2 603 3 
26 6 608 6 226 5 606 5 
236 5 611 3 605 5 225 3 
228 3 28 2 1543 2 608 3 
605 6 238 4 227 5 607 3 
239 4 230 3 612 5 610 6 
229 6 240 8 603 5 609 6 
612 4 232 4 606 3 32 3 
231 4 611 4 33 5 609 5 
614 1 2002 3 507 1 798 3 
506 4 613 1 2001 4 619 2 
2000 3 502 6 616 4 622 5 
1999 8 615 4 501 6 617 5 
618 7 1998 3 616 5 504 5 
503 7 617 7 152 9 1997 7 
620 6 614 2 498 3 1996 4 
619 6 621 5 497 6 1995 6 
620 5 622 4 500 3 1994 3 
1993 6 499 10 615 5 621 4 
630 10 635 8 624 9 2359 8 
634 5 623 9 2358 7 625 4 
1794 3 637 7 624 4 626 2 
1793 3 636 2 632 2 625 2 
2355 5 628 5 453 3 639 7 
629 7 627 5 638 3 2354 4 
628 7 641 7 630 8 2353 6 
623 10 2352 6 640 8 629 8 
1830 9 2332 9 12 8 2005 9 
633 3 1798 4 626 2 645 3 
644 2 2360 4 632 3 810 3 
624 5 637 8 635 4 781 5 
640 6 623 8 634 4 2120 3 
779 4 637 7 645 3 626 2 
636 7 780 10 634 8 625 7 
639 5 785 3 628 3 641 3 
1580 11 638 5 627 7 786 8 
641 7 635 6 630 8 783 7 
640 7 784 5 629 7 638 3 
480 7 1249 5 1390 4 
418 5 1312 4 2421 6 
633 2 777 2 457 2 645 2 
778 3 636 3 644 2 632 3 
100 7 224 6 647 6 86 6 
648 3 223 4 85 5 646 6 
647 3 649 1 217 3 84 3 
216 3 648 1 650 5 83 4 
82 5 649 5 219 6 651 5 
218 2 652 2 650 5 81 1 
80 3 653 2 651 2 221 3 
79 3 652 2 654 4 220 3 
655 4 78 5 222 6 653 4 
654 4 77 2 
657 2 1752 3 1784 5 659 3 
662 4 656 2 1751 5 1783 6 
1750 9 665 7 1786 7 659 6 
1749 5 1785 4 658 6 656 3 
1788 7 661 6 663 4 1748 6 
660 6 487 5 1787 7 1747 8 
657 4 1746 6 1790 6 663 4 
1745 2 1789 3 660 4 662 4 
1792 3 1755 6 1916 7 665 5 
658 7 379 5 664 5 1791 5 
8 9 2088 6 835 5 667 7 
668 6 7 4 2087 6 666 7 
667 6 2086 5 10 4 669 5 
670 4 2085 5 668 5 9 3 
669 4 671 5 2092 5 4 5 
670 5 2091 3 672 6 3 3 
2090 4 671 6 673 4 6 7 
5 3 2089 2 672 4 674 3 
675 7 2 3 673 3 2094 4 
674 7 1236 6 2093 5 1 9 
509 7 1992 4 1831 3 
678 7 2169 6 2439 6 
2168 3 677 7 2438 8 679 6 
2441 5 678 6 680 6 725 8 
723 4 681 5 679 6 2440 5 
680 5 2173 5 682 4 2435 6 
2172 5 683 3 681 4 2434 3 
682 3 2171 3 684 2 2437 4 
2170 5 683 2 2436 3 848 3 
686 3 2171 4 1943 5 688 3 
685 3 2170 5 1944 3 124 1 
688 4 690 4 1941 7 2173 6 
687 4 1942 2 2172 4 685 3 
692 4 690 3 1939 5 725 7 
687 4 723 2 689 3 1940 4 
692 5 1937 8 2169 5 
689 4 1938 2 2168 2 691 5 
694 6 1528 8 700 5 185 8 
693 6 695 4 1527 9 1728 4 
1526 4 696 5 694 4 187 3 
695 5 1525 6 1781 7 186 7 
141 5 173 6 698 5 1532 6 
172 7 1531 6 697 5 699 6 
1727 5 700 5 1530 7 698 6 
1529 5 699 5 1726 2 693 5 
1851 5 1782 5 
703 5 705 5 2067 3 1057 3 
702 5 2066 5 2184 5 861 5 
1474 6 705 6 2073 4 707 6 
1473 6 702 5 704 6 2072 4 
1472 2 709 1 707 4 2075 3 
1471 6 2074 6 706 4 704 6 
2069 4 2292 4 709 2 711 2 
706 1 708 2 2068 6 1040 4 
531 4 711 3 1468 6 2071 5 
2070 1 710 3 1467 4 708 2 
1388 7 713 8 152 9 503 7 
721 4 150 5 1387 6 712 8 
2124 4 1829 6 1831 3 
1393 5 716 5 718 5 439 4 
715 5 875 5 1392 2 438 6 
441 5 718 4 720 5 1391 4 
717 4 715 5 440 5 597 6 
720 6 722 5 1397 6 407 10 
717 5 719 6 396 5 1396 5 
722 2 713 4 445 4 1395 4 
1394 4 721 2 444 3 719 5 
680 4 725 6 690 2 2173 4 
1679 6 1682 9 1846 9 1778 10 
2168 5 723 6 679 8 689 7 
1358 5 1100 6 729 7 727 5 
732 4 1357 7 1099 3 726 5 
1098 7 729 9 1360 6 
1097 8 728 9 726 7 1359 6 
1354 7 733 5 1632 4 731 6 
171 7 1103 7 1353 8 730 6 
733 4 727 4 1102 2 483 4 
732 4 730 5 482 4 1101 5 
1570 5 1362 6 1905 4 405 6 
1434 3 368 6 736 3 745 3 
367 5 1433 5 735 3 914 4 
918 3 76 4 75 5 
1436 4 1972 4 739 4 366 6 
738 4 365 5 1435 5 740 5 
364 6 741 5 1438 6 739 5 
740 5 363 3 742 2 1437 3 
1440 4 743 4 741 2 362 2 
742 4 744 11 361 4 1439 4 
745 9 360 11 743 11 1442 10 
744 9 1441 3 359 4 735 3 
448 3 474 4 747 3 748 3 
447 3 473 2 751 2 746 3 
475 5 746 3 446 2 
478 4 752 9 750 5 452 6 
477 4 749 5 451 4 753 4 
747 2 450 1 752 6 346 3 
479 8 749 9 449 9 751 6 
454 4 302 4 754 4 750 4 
2355 4 299 5 753 4 453 2 
2062 4 1282 5 1574 3 756 4 
1573 9 2061 4 757 5 755 4 
1572 3 756 5 2064 6 758 5 
2063 6 759 4 1571 7 757 5 
1694 4 2058 3 758 4 760 4 
2057 7 1691 7 761 8 759 4 
1576 7 762 6 2060 6 760 8 
761 6 763 5 1575 4 2059 2 
762 5 87 7 764 5 1568 5 
1567 4 763 5 
772 4 2084 6 
2065 5 771 5 1612 5 1494 7 
1621 7 768 4 774 4 1486 6 
1620 3 767 4 1485 4 769 4 
770 4 1488 3 1619 5 768 4 
769 4 1618 4 1487 3 
1617 5 766 5 1490 5 2097 6 
2096 6 765 4 2081 6 
2097 7 774 5 1615 6 1492 5 
767 4 1491 5 773 5 1614 6 
1108 6 782 7 1915 6 776 6 
957 6 1107 4 775 6 1914 6 
644 2 103 4 778 3 593 6 
645 3 777 3 779 4 102 3 
636 4 95 7 780 7 778 4 
637 10 94 8 779 7 781 7 
2120 4 97 8 780 7 634 5 
775 7 1109 5 1913 6 
2120 4 640 7 784 5 99 3 
98 4 641 5 785 5 783 5 
786 6 638 3 784 5 101 3 
785 6 224 6 100 7 639 8 
1851 6 1829 6 960 5 
1410 5 789 6 1121 4 2225 7 
1218 4 1120 6 788 6 2224 6 
188 5 76 5 981 4 
793 9 287 11 25 8 
284 8 795 5 29 5 793 8 
791 9 283 5 792 8 237 7 
797 5 27 6 795 1 286 5 
235 5 794 1 285 4 792 5 
797 9 243 6 799 7 280 9 
796 9 794 5 279 7 241 8 
31 4 799 5 282 3 613 3 
796 7 798 5 30 3 281 4 
1566 11 801 7 2411 6 
2412 5 802 6 800 7 1565 2 
1564 7 801 6 2413 9 994 12 
460 5 818 4 2165 5 804 3 
805 2 803 3 2164 1 459 5 
804 2 806 6 2163 7 462 3 
805 6 2162 5 807 12 461 7 
806 12 2161 10 456 9 2375 12 
2374 5 813 5 2206 3 
2375 9 2159 6 810 6 458 8 
2158 4 809 6 457 3 633 3 
814 7 812 3 2211 3 
1744 4 2210 6 811 3 
814 9 808 5 2209 7 
2208 8 813 9 811 7 
120 4 816 6 2398 4 2215 3 
1011 4 2214 7 815 6 119 11 
1004 6 818 7 464 10 2167 11 
463 5 803 4 817 7 2166 2 
49 5 2149 3 820 3 822 4 
1413 5 819 3 48 6 2148 4 
822 3 2151 4 824 7 47 7 
821 3 2150 7 46 3 819 4 
2153 4 824 7 53 3 826 4 
823 7 821 7 2152 8 52 11 
51 2 1896 5 2155 3 826 4 
825 4 2154 7 50 6 823 4 
1919 4 2313 7 828 5 834 3 
2312 6 1918 6 827 5 829 3 
1917 2 830 3 2315 4 828 3 
2314 5 1755 7 829 3 1916 8 
836 3 832 5 2317 6 1923 4 
1922 7 833 5 831 5 2316 8 
834 2 1921 2 832 5 2319 3 
1920 1 833 2 2318 2 827 3 
1925 4 836 2 2311 1 666 5 
1924 3 831 3 835 2 2310 2 
528 9 838 6 262 9 846 9 
1424 4 837 6 261 4 527 3 
256 4 840 4 1067 4 524 3 
255 6 841 4 523 5 839 4 
526 7 842 2 840 4 254 5 
843 2 841 2 253 3 525 4 
520 4 260 5 842 2 844 6 
845 7 843 6 259 6 519 9 
844 7 522 6 846 6 258 7 
521 4 845 6 257 8 837 9 
848 5 2283 3 854 6 214 7 
847 5 213 4 684 3 2282 4 
852 10 2289 9 212 9 850 10 
2288 8 855 8 211 4 849 10 
852 4 210 3 2291 1 1072 4 
851 4 849 10 2290 7 209 6 
856 6 2285 5 854 8 208 6 
2284 8 853 8 847 6 207 4 
2287 7 856 6 850 8 206 6 
853 6 855 6 205 6 2286 2 
2431 4 1056 3 335 5 333 3 
1929 5 859 4 1868 6 865 7 
858 4 860 3 1867 3 1928 5 
1870 2 859 3 861 3 1927 5 
1926 3 860 3 1869 3 703 5 
1864 8 1933 6 863 11 309 8 
1932 8 864 7 1863 7 862 11 
863 7 1866 4 865 6 1931 5 
1930 7 858 7 864 6 1865 5 
1673 4 2293 7 867 4 344 6 
1690 2 866 4 868 2 1672 3 
1671 5 869 4 1693 6 867 2 
1670 8 1692 4 870 5 868 4 
1677 4 871 4 869 5 1687 5 
870 4 1686 2 872 4 1676 4 
873 5 871 4 1675 3 1689 4 
872 5 1688 3 2123 3 1674 5 
875 7 1735 11 302 5 879 7 
874 7 299 7 1734 4 716 5 
877 7 883 5 346 5 1737 4 
876 7 1736 8 479 7 878 7 
879 6 1739 4 478 3 877 7 
1738 5 878 6 477 6 874 7 
881 10 1741 10 476 7 1082 8 
1740 5 880 10 882 4 475 7 
883 3 881 4 474 3 1743 3 
1742 8 882 3 876 5 473 3 
1935 2 885 3 2147 7 
1934 5 888 5 884 3 2146 5 
1931 6 887 6 889 8 2145 6 
1930 6 2144 9 886 6 892 6 
885 5 889 9 2143 5 1933 4 
1932 8 888 9 886 8 2142 6 
1927 4 891 2 2141 4 893 2 
1926 3 1484 5 890 2 2140 5 
2139 5 893 4 887 6 1929 5 
1928 5 892 4 2138 3 890 2 
942 5 1309 8 897 8 895 5 
1308 6 2205 4 378 4 894 5 
897 5 899 3 919 3 1311 1 
896 5 1310 6 902 6 894 8 
1719 9 901 8 899 9 1305 11 
982 4 898 9 896 3 1304 4 
1643 5 901 4 1307 5 
958 4 898 8 900 4 1306 4 
988 4 919 4 897 6 942 3 
906 5 904 5 2406 3 2385 3 
2405 4 2384 5 903 5 917 3 
906 4 908 4 2404 4 2387 7 
905 4 903 5 2403 3 2386 4 
910 3 2381 4 908 5 2410 5 
2409 8 2380 3 905 4 907 5 
1146 8 2408 10 910 6 2383 8 
907 3 909 6 2407 3 2382 2 
912 2 169 5 1228 3 530 6 
911 2 913 1 168 2 1227 1 
912 1 167 4 914 3 1230 3 
166 5 1229 7 913 3 736 4 
2099 4 916 4 1224 3 165 1 
164 6 529 6 915 4 1223 5 
2389 1 2402 3 918 2 904 3 
737 3 2401 7 2388 4 917 2 
982 4 902 4 896 3 987 7 
921 4 602 5 560 6 1346 3 
922 5 1345 3 920 4 559 3 
921 5 923 6 558 8 1348 4 
922 6 928 7 557 6 1347 4 
2023 6 2245 7 925 6 556 5 
601 6 555 4 924 6 1349 6 
1948 4 957 5 927 4 1107 3 
926 4 956 4 1947 6 599 5 
488 6 923 7 929 6 562 9 
485 2 1117 3 928 6 561 5 
1946 5 949 6 931 6 588 6 
948 4 1522 2 1945 3 930 6 
2257 5 933 7 1958 7 941 4 
2256 6 1957 7 932 7 934 5 
1960 5 935 3 2255 6 933 5 
1959 3 936 2 934 3 2254 3 
935 2 1962 4 937 3 2261 4 
2260 6 938 3 936 3 1961 6 
2259 3 939 2 1964 2 937 3 
938 2 2258 2 1963 4 1546 2 
1182 6 2251 4 941 3 1956 4 
2250 1 940 3 932 4 1955 3 
894 5 989 5 2205 4 902 3 
944 4 122 5 
121 5 943 4 945 6 
946 9 120 5 944 6 
945 9 1136 6 119 13 
1502 5 1450 6 1448 6 1554 9 
931 4 1792 4 414 3 949 4 
1791 3 950 4 930 6 948 4 
588 4 949 4 951 5 1786 6 
952 6 1785 4 585 6 950 5 
951 6 953 4 1784 8 598 5 
594 3 954 1 1783 5 952 4 
1790 4 953 1 955 1 600 1 
956 2 954 1 599 3 1789 2 
955 2 957 5 927 4 1788 6 
776 6 926 5 956 5 1787 7 
901 4 984 4 1719 5 1643 5 
960 5 962 4 1668 8 1721 8 
1667 7 1720 5 959 5 787 5 
1675 5 962 6 964 7 187 6 
1674 4 186 5 961 6 959 4 
1677 4 964 5 185 7 966 5 
1728 4 1676 5 963 5 961 7 
966 5 1671 6 1727 4 968 7 
965 5 1670 8 1726 3 963 5 
968 8 1168 4 173 7 1673 4 
172 9 967 8 1672 7 965 7 
1174 6 1640 3 1243 7 
1510 8 1458 5 1963 4 1546 2 
1455 8 2087 5 1457 5 1091 6 
2408 7 386 5 973 5 419 7 
2407 5 387 7 974 5 972 5 
2410 5 973 5 388 6 975 5 
976 4 389 4 974 5 2409 8 
975 4 390 7 2404 4 977 2 
391 2 2403 1 976 2 978 2 
2406 2 979 3 392 4 977 2 
978 3 2405 3 980 3 393 2 
394 2 981 3 2402 4 979 3 
980 3 395 3 2401 7 790 4 
919 4 899 4 1719 4 986 2 
2253 6 1643 6 984 5 
2252 4 958 4 983 5 985 5 
1719 6 1222 7 984 5 986 4 
987 5 1221 6 982 2 985 4 
986 5 988 7 919 7 2249 8 
902 4 987 7 2248 4 989 6 
990 4 2247 8 942 5 988 6 
2246 5 1199 4 989 4 2205 3 
1206 4 2243 5 992 3 1372 6 
999 4 1371 2 991 3 2244 3 
994 9 2239 6 1380 4 996 5 
993 9 1379 10 2240 10 802 12 
1382 4 998 5 996 7 2241 5 
995 7 1381 4 993 5 2242 6 
1000 2 2235 2 1384 2 998 2 
995 5 1383 3 2236 2 997 2 
992 4 2237 7 1000 4 1386 3 
997 2 1385 2 999 4 2238 2 
1007 9 190 6 244 3 
1005 2 200 5 1003 3 250 9 
1008 2 249 3 199 4 1002 3 
817 6 1005 1 252 4 198 3 
197 4 1004 1 251 2 1002 2 
1009 6 204 7 1007 12 246 9 
203 8 1006 12 1001 9 245 10 
202 2 1003 2 1009 2 248 2 
1006 6 247 4 201 3 1008 2 
1013 5 2026 5 1011 3 2423 3 
2422 2 816 4 2025 2 1010 3 
1013 6 1015 8 2415 6 2030 6 
1010 5 1012 6 2414 4 2029 5 
2417 6 2028 6 1015 6 1017 5 
1012 8 1014 6 2027 6 2416 9 
2419 6 2034 5 1019 5 1017 6 
2033 5 2418 5 1014 5 1016 6 
2032 4 1019 3 418 3 2421 4 
2420 5 1018 3 2031 4 1016 5 
1530 6 1021 4 1023 3 1862 3 
1861 6 1020 4 1529 5 1026 3 
1860 2 1023 2 1219 5 1532 5 
1022 2 1020 3 1859 1 1531 4 
1526 6 1025 7 1858 8 1027 6 
1024 7 1857 5 1028 6 1525 6 
1027 4 1856 3 1528 6 1021 3 
1855 5 1527 9 1026 4 1024 6 
1029 6 1854 4 1524 5 1025 6 
1028 6 1523 5 1853 6 
202 5 1037 9 286 8 1031 6 
1032 6 285 6 201 4 1030 6 
204 6 1031 6 284 7 1033 10 
203 7 1038 8 283 8 1032 10 
198 8 282 6 1035 8 1569 6 
281 4 1036 7 1034 8 197 6 
200 8 1037 10 1035 7 280 9 
199 8 1030 9 1036 10 279 8 
287 7 1033 8 190 6 
1459 6 1178 5 1465 5 1148 6 
1482 4 2292 6 709 4 1472 5 
1102 3 1042 5 1048 4 1311 3 
1101 5 1310 4 1043 8 1041 5 
1309 10 1044 7 1042 8 1632 7 
1043 7 1103 5 2127 4 1308 6 
1307 4 1098 4 1046 3 
1306 4 1097 5 1047 3 1045 3 
1305 6 1048 3 1046 3 1100 5 
1047 3 1099 2 1041 4 1304 3 
1052 4 1554 7 1050 4 329 6 
328 5 1049 4 2122 7 1553 5 
1052 3 1552 2 331 4 1054 2 
330 6 1049 4 1051 3 1551 5 
1054 5 1550 7 333 5 1056 5 
332 4 1549 4 1053 5 1051 2 
1096 8 335 5 1548 4 1056 3 
857 3 1547 4 1053 5 1055 3 
1473 4 2184 3 1483 6 702 3 
2193 2 1066 7 25 4 
31 3 1060 3 2192 5 1600 5 
30 2 2191 6 1059 3 1061 3 
2190 4 243 3 1062 3 1060 3 
1063 4 2189 4 1061 3 241 5 
2188 5 1062 4 1064 4 27 8 
1065 6 1063 4 235 6 2187 3 
1064 6 1066 10 2186 6 29 5 
1065 10 1058 7 2185 8 237 9 
307 4 93 4 1068 5 839 4 
1069 5 92 4 1067 5 306 8 
1068 5 91 4 304 6 1070 3 
1069 3 303 1 1071 2 90 4 
89 7 305 5 1070 2 
43 8 2111 4 1073 5 851 4 
1072 5 42 3 1076 4 2110 5 
1077 5 2113 4 41 5 1075 4 
1080 3 40 2 2112 5 1074 4 
2115 8 39 5 1073 4 1077 4 
1074 5 38 2 2114 4 1076 4 
2117 7 1079 8 1081 5 37 4 
1078 8 36 9 2295 9 2116 10 
1075 3 2119 5 1081 5 35 5 
34 6 2118 5 1080 5 1078 5 
1581 4 880 8 
584 2 1449 4 1105 2 1284 4 
1257 3 1085 4 
1084 4 1086 5 1262 6 
1085 5 1087 4 1263 6 
1260 3 1088 3 1086 4 
1261 5 1087 3 1089 6 1757 4 
1090 10 1254 6 1759 8 1088 6 
2276 8 1255 8 1089 10 1758 7 
1092 6 1095 7 971 6 1291 7 
1091 6 417 4 1290 3 1457 5 
161 8 1095 6 1456 6 2279 4 
2258 5 1546 5 1096 11 2126 7 
1091 7 1093 6 1292 4 1455 9 
1545 7 1055 8 1094 11 2125 8 
729 8 1046 5 1098 6 1100 7 
1045 4 728 7 1097 6 
1102 1 1100 4 1048 2 727 3 
726 6 1099 4 1047 5 1097 7 
1102 3 1632 4 1042 5 733 5 
1099 1 1041 3 1101 3 732 2 
731 7 1044 5 1632 5 2095 6 
595 7 458 6 593 7 265 3 
1106 5 1289 5 1452 2 1083 2 
1451 7 1105 5 2270 9 1288 7 
1108 4 776 4 1800 3 926 3 
775 6 1107 4 1799 5 1109 4 
782 5 1797 3 1108 4 
1111 8 376 4 1119 4 1195 6 
1110 8 1112 8 375 10 1194 8 
374 8 1113 9 1111 8 1197 5 
373 7 1196 7 1112 9 1114 9 
1191 6 372 6 1115 5 1113 9 
1116 4 1190 4 1114 5 371 5 
1115 4 1117 4 1193 3 370 6 
1116 4 369 5 1192 8 929 3 
378 5 2205 5 1199 6 1119 3 
1110 4 1198 2 1118 3 377 2 
1298 8 789 6 1121 4 1252 5 
788 4 334 6 1120 4 1128 3 
1123 4 1125 3 327 5 1404 4 
1122 4 326 5 1403 4 2357 9 
1127 6 1125 5 1406 7 325 5 
1124 5 1122 3 324 3 1405 6 
1129 8 1127 9 1408 9 323 8 
1124 6 1407 6 1126 9 322 7 
1129 5 1121 3 1410 4 321 4 
1128 5 1126 8 320 7 1409 7 
2421 6 1131 4 1312 4 
2420 4 1130 4 
1133 5 2416 5 
1134 6 1132 5 2415 7 
1135 3 2414 3 1133 6 
1134 3 1136 2 2423 2 
946 6 1135 2 2422 2 
1222 7 1140 6 1138 7 247 6 
248 5 1137 7 1221 9 1143 5 
1145 4 2253 5 245 5 1140 5 
2252 5 246 7 1137 6 1139 5 
1144 4 1142 6 251 4 2247 7 
2246 8 252 7 1141 6 587 4 
2249 5 1144 3 1138 5 249 3 
2248 3 1141 4 1143 3 250 9 
1139 4 244 3 
909 8 2207 7 1147 5 443 5 
1156 6 442 4 2206 4 1146 5 
1149 7 1039 6 
70 6 1465 6 1148 7 1150 8 
1464 6 1151 6 72 9 1149 8 
1463 4 1150 6 71 3 1795 3 
1153 5 437 4 1159 5 2213 4 
1152 5 436 4 1154 7 2212 6 
2215 5 1155 6 435 7 1153 7 
1318 3 2214 5 1154 6 434 7 
433 6 1147 6 1157 5 2209 7 
2208 4 1156 5 432 5 1158 7 
431 7 1159 8 1157 7 2211 7 
1152 5 1158 8 2210 7 430 5 
1167 5 1161 8 1538 6 2197 6 
1537 7 1160 8 2196 5 1162 6 
1540 6 1163 6 1161 6 2195 4 
1162 6 1539 8 2194 6 1338 6 
1169 6 1534 10 2201 6 1165 7 
1166 5 2200 6 1533 4 1164 7 
1165 5 2199 6 1536 6 1167 3 
1535 7 1160 5 1166 3 2198 5 
2203 5 1169 2 967 4 1542 7 
1164 6 2202 7 1541 3 1168 2 
1411 7 1470 6 1171 7 1177 6 
1469 5 1170 7 1987 5 1412 5 
1421 11 1173 9 1175 9 1460 7 
1172 9 1459 7 1422 9 1178 6 
1419 7 969 6 1175 7 1462 5 
1420 5 1172 9 1461 9 1174 7 
1464 6 1179 6 1177 7 1417 8 
1463 5 1170 6 1418 6 1176 7 
1415 4 1179 4 1173 6 1039 5 
1178 4 1176 6 1416 4 1465 4 
1181 6 2067 6 1802 9 1189 6 
2066 3 1180 6 1801 6 575 7 
1183 6 940 6 1808 7 2071 6 
1182 6 1184 9 2070 3 1807 7 
2069 9 1810 7 1185 8 1183 9 
1186 4 1809 2 2068 7 1184 8 
1185 4 1804 7 2075 5 1187 4 
1188 2 2074 4 1803 5 1186 4 
1187 2 2073 2 1189 2 1806 1 
1805 3 1188 2 1180 6 2072 2 
268 4 1191 5 1115 4 1193 3 
1114 6 267 5 1190 5 1196 4 
266 9 1193 7 1117 8 485 7 
1192 7 1116 3 265 1 1190 3 
1195 6 1111 8 272 5 1197 5 
1194 6 1110 6 1198 4 271 5 
1113 7 1197 3 270 2 1191 4 
1196 3 1112 5 1194 5 269 3 
264 7 1119 2 1195 4 1199 5 
263 5 990 4 1118 6 1198 5 
45 6 1201 8 2055 9 1205 5 
1370 5 2056 5 1200 8 44 4 
2051 2 1209 4 47 8 1203 3 
1204 9 46 2 2052 4 1202 3 
1205 8 1203 9 49 11 2053 10 
1204 8 2054 3 48 5 1200 5 
2047 4 991 4 1207 7 51 4 
50 7 1206 7 1208 7 2048 9 
2049 4 1207 7 1209 5 53 5 
52 7 1202 4 2050 4 1208 5 
573 6 75 6 
1212 7 2393 4 1220 4 1301 6 
1211 7 2392 5 1300 6 1213 7 
2391 7 1303 5 1214 8 1212 7 
1213 8 2390 8 1302 11 1215 6 
2397 1 1297 2 1216 2 1214 6 
1217 5 1215 2 1296 4 2396 4 
1299 6 1216 5 1218 5 2395 5 
789 4 2394 4 1298 6 1217 5 
1022 5 2400 8 1295 5 1220 5 
2399 3 1294 2 1211 4 1219 5 
2249 9 986 6 1138 9 1222 9 
2252 6 1137 7 985 7 1221 9 
1226 4 1224 4 1824 4 916 5 
1233 6 1223 4 915 3 1823 3 
1822 2 1226 4 1228 3 530 6 
1223 4 1225 4 1821 5 529 5 
1828 1 1230 3 1228 2 912 1 
1827 4 911 3 1225 3 1227 2 
914 7 1230 7 1433 8 1826 6 
1229 7 1825 3 1227 3 913 3 
1234 7 1232 6 1344 6 144 4 
2121 5 143 9 1343 8 1231 6 
1224 6 2099 7 2127 6 1820 6 
1342 7 145 8 1231 7 
1238 9 2269 8 1969 7 1236 6 
1968 5 675 6 1235 6 2268 5 
1238 6 1971 3 2267 2 2204 4 
1235 9 1237 6 1970 6 2266 7 
2265 10 2204 7 1966 6 1241 5 
1242 5 2314 4 2182 5 1755 6 
2263 4 1967 5 1239 5 
1240 5 379 5 1251 6 2183 6 
382 8 969 7 1419 8 1244 5 
1245 2 381 5 1243 5 
384 3 1244 2 1246 6 
1247 5 1245 6 383 8 
385 3 1246 5 
1466 5 579 5 2301 5 566 4 
1431 6 642 5 
322 7 2017 8 1329 8 2019 8 
2174 4 1750 8 1253 6 1242 6 
334 7 2013 4 138 3 1120 5 
1749 6 1251 6 1511 5 2175 5 
1660 6 1261 5 1089 6 1255 4 
1090 8 1659 3 1254 4 315 4 
1257 3 1650 5 
1256 3 1084 3 1262 5 1649 4 
2269 5 2373 5 1259 6 55 4 
11 5 54 5 1258 6 2268 8 
1654 4 1263 5 1087 3 1261 5 
1254 5 1088 5 1653 6 1260 5 
1257 5 1656 6 1085 6 1263 7 
1260 5 1655 6 1086 6 1262 7 
18 7 1636 7 1265 5 1271 5 
17 6 1635 5 1264 5 1266 5 
16 4 1638 4 1267 4 1265 5 
15 4 1637 3 1266 4 357 8 
1273 8 2036 6 22 7 1269 8 
1268 8 1639 6 1270 6 21 6 
1271 5 1642 7 1269 6 20 4 
1270 5 1641 6 19 6 1264 5 
14 5 1273 7 1634 5 1479 6 
1633 6 1268 8 1272 7 215 6 
2004 6 1275 2 1877 6 1281 2 
2005 4 1876 4 1274 2 1508 8 
1280 6 1277 7 1648 5 2411 4 
1278 7 1276 7 1647 8 
1277 7 1646 5 
1280 4 2413 6 1645 4 1501 4 
1279 4 1276 6 1644 6 2412 6 
1875 6 2003 4 1274 2 
1723 5 755 5 1603 6 1283 5 
1602 5 1722 4 156 8 1282 5 
1289 7 2283 3 1083 4 1285 6 
2282 5 1816 7 584 4 1284 6 
161 5 2279 1 1287 5 2287 3 
1288 7 2270 9 2286 5 1286 5 
2285 3 1287 7 1106 7 1289 7 
1284 7 1105 5 1288 7 2284 9 
1092 3 1513 3 2291 2 1291 4 
1292 4 2290 6 1091 7 1290 4 
1291 4 161 6 1095 4 2289 4 
1606 5 156 10 1724 5 153 5 
1220 2 142 1 1295 2 1301 4 
1532 5 1294 2 141 4 1219 5 
1216 4 1297 4 140 5 1299 5 
1302 7 1215 2 139 3 1296 4 
1120 8 1218 6 1299 7 138 6 
137 6 1217 6 1298 7 1296 5 
1303 4 1212 6 1301 5 136 3 
1294 4 1300 5 135 7 1211 6 
1297 7 134 7 1214 11 1303 8 
1300 4 1213 5 133 4 1302 8 
1305 6 899 4 1311 2 1048 3 
1304 6 1047 6 898 11 1306 7 
1046 4 1305 7 1307 5 901 4 
1045 4 900 5 1306 5 
895 6 1309 9 1819 9 1044 6 
1308 9 1043 10 1310 6 894 8 
897 6 1309 6 1042 4 1311 2 
1310 2 896 1 1304 2 1041 3 
643 4 1130 4 
1316 7 1314 6 548 6 1330 6 
1329 6 1313 6 547 2 1319 5 
1332 2 1316 4 300 4 546 7 
1315 4 1313 7 1331 8 545 5 
1318 3 234 5 1324 4 2026 4 
1155 3 1317 3 233 2 2025 3 
542 6 1320 4 1336 9 1314 5 
277 2 1335 1 1319 4 541 6 
1322 9 232 8 1328 6 2028 10 
1321 9 231 5 2027 5 1323 9 
1324 8 230 6 1322 9 2030 8 
1323 8 229 5 2029 5 1317 4 
1326 7 228 7 13 7 2032 8 
1327 4 1325 7 227 5 2031 4 
1328 2 1326 4 2034 4 226 3 
1327 2 2033 2 225 2 1321 6 
1336 10 1314 6 1250 8 1330 6 
2017 6 1313 6 1329 6 1331 7 
2016 8 1316 8 1332 6 1330 7 
1315 2 1331 6 2015 3 1337 2 
73 5 1334 7 278 7 2022 8 
1335 4 1333 7 277 5 2021 7 
1334 4 2020 2 1320 1 1336 6 
2019 10 1329 10 1335 6 1319 9 
300 4 2014 3 1332 2 1338 4 
1163 6 2013 5 298 5 1337 4 
347 4 184 3 182 3 1421 7 
1553 4 1645 4 2122 6 1341 4 
2121 4 1343 7 1340 4 1644 6 
1234 7 1344 6 1646 4 
1648 6 1344 8 1232 8 1341 7 
1647 8 1343 8 1342 6 1231 6 
921 3 97 7 1348 2 1346 2 
1351 1 96 5 920 3 1345 2 
1348 2 95 6 488 3 923 4 
1347 2 922 4 1345 2 94 4 
2245 7 1352 5 101 4 925 6 
1591 4 1355 6 
99 1 1352 2 1346 1 602 3 
98 3 601 5 1351 2 1349 5 
1354 9 1842 7 1968 8 731 8 
1353 9 730 7 482 6 1969 7 
1356 5 1350 6 508 7 1590 5 
1355 5 505 5 2219 5 1589 4 
727 7 1965 5 483 7 1358 7 
726 5 1359 4 1966 4 1357 7 
1358 4 1360 3 729 6 1967 6 
1359 3 728 6 
1362 5 2363 3 1557 5 1570 4 
1361 5 734 6 1363 6 2362 5 
1362 6 1364 3 2369 4 1905 4 
1363 3 2368 2 1365 3 1906 3 
2371 5 1907 3 1364 3 1366 4 
2370 4 1367 3 1365 4 1908 3 
2365 2 1909 3 1366 3 1368 4 
1369 3 2364 5 1367 4 1910 3 
2367 2 1911 3 1368 3 1370 2 
1201 5 1912 3 1369 2 2366 3 
1386 1 1372 5 992 2 1897 4 
1896 9 1371 5 51 6 991 6 
2385 2 1374 3 2082 5 552 3 
2081 6 1373 3 2384 4 571 5 
2383 4 2374 5 1376 7 
1377 10 2382 7 1375 7 2076 8 
1376 10 1378 6 2078 8 2381 6 
1377 6 2380 2 2077 9 551 4 
1380 5 1564 5 994 10 1895 6 
1381 3 1379 5 1894 5 993 4 
1380 3 1382 1 1893 2 996 4 
995 4 1383 2 1381 1 1892 2 
1382 2 998 3 1384 3 1891 4 
1385 2 1383 3 1890 3 997 2 
1386 1 1384 2 1889 1 1000 2 
1385 1 1371 1 1888 1 999 3 
1388 5 713 6 1395 6 1798 5 
712 7 1387 5 2360 5 1685 5 
1510 9 189 6 1963 5 2047 4 
1567 5 642 4 
597 6 2352 4 1396 4 717 4 
716 2 299 4 2355 3 1393 2 
715 5 2354 3 597 6 1392 2 
1794 4 1395 6 722 4 1397 5 
1394 6 1793 6 721 4 1387 6 
2359 4 1391 4 1397 5 720 5 
1394 5 719 6 1396 5 2358 7 
1399 3 399 2 2056 2 1956 2 
1398 3 195 6 1955 5 2055 7 
2449 4 1401 7 
2448 10 1400 7 1402 6 
2447 4 1401 6 
1123 4 2219 4 1589 3 1404 4 
2218 5 1122 4 1403 4 1405 7 
2217 8 1406 8 1125 6 1404 7 
1407 7 1124 7 1405 8 2216 5 
1127 6 1406 7 2223 4 1408 6 
1409 8 2222 8 1407 6 1126 9 
1408 8 1129 7 1410 6 2221 6 
788 5 1409 6 2220 4 1128 4 
1170 7 1418 7 1412 5 177 4 
176 6 1171 5 112 4 1411 5 
1414 8 45 5 820 5 2157 6 
2156 9 1413 8 1593 5 44 5 
1178 4 301 4 1416 4 1422 7 
1415 4 1179 4 178 4 1417 6 
181 5 1418 7 1176 8 1416 6 
180 8 1417 7 1177 6 1411 7 
1174 7 183 6 1243 8 1420 5 
1175 5 1421 7 182 3 1419 5 
1172 11 1420 7 1422 11 1339 7 
1421 11 1173 9 1415 7 184 7 
1424 5 2451 2 472 2 1426 3 
838 4 1423 5 2450 7 471 5 
2453 3 470 4 1426 3 1428 8 
2452 4 469 3 1425 3 1423 3 
2447 6 1428 9 1430 5 468 5 
467 8 2446 11 1427 9 1425 8 
2449 4 1432 4 466 2 1430 4 
465 3 1427 5 2448 7 1429 4 
1249 6 480 8 1432 6 2445 4 
242 4 1431 6 1429 4 2444 4 
736 5 1652 4 1434 5 1229 8 
1441 3 735 3 2323 3 1433 5 
2335 4 1436 5 1438 6 739 5 
738 4 2334 2 1435 5 1613 7 
1658 3 1438 4 1440 5 741 3 
740 6 1657 5 1435 6 1437 4 
1440 4 1442 3 1664 5 743 4 
742 4 1439 4 1437 5 1663 5 
745 3 1434 3 1442 4 1662 4 
1441 4 1661 5 1439 3 744 10 
1548 6 1500 7 1444 4 1458 7 
1445 2 1499 3 1547 3 1443 4 
1444 2 1446 5 1550 5 1498 2 
1445 5 1497 8 1447 6 1549 6 
1504 4 1448 5 1552 4 1446 6 
1447 5 1503 6 947 6 1551 5 
2094 4 1083 4 1452 4 11 3 
947 6 1645 5 1501 5 1553 5 
1106 7 2090 3 1454 6 1452 4 
2089 3 1451 4 1105 2 1449 4 
1454 5 1456 4 2092 4 2279 2 
1451 6 2270 8 2091 4 1453 5 
971 8 1456 9 1095 9 2086 8 
1093 6 1455 9 1453 4 2085 6 
1630 6 971 5 1092 5 2088 5 
970 5 1545 4 1443 7 1509 7 
1460 5 1039 6 1173 7 
1459 5 1172 7 1461 7 
1175 9 1462 7 1460 7 
1461 7 1640 2 1174 5 
1470 5 1151 4 1177 5 1464 4 
1176 6 1150 6 1463 4 1465 4 
1149 6 1039 5 1179 4 1464 4 
1248 5 2296 6 565 6 578 6 
1480 5 1468 7 711 4 2292 6 
1467 7 1479 6 710 6 1634 5 
1171 5 1796 4 1470 4 543 3 
1170 6 1463 5 1795 4 1469 4 
1474 6 1472 4 707 6 1476 7 
706 2 1471 4 1475 4 1040 5 
1478 4 1474 6 705 6 1057 4 
1477 6 1471 6 1473 6 704 6 
1476 7 2339 4 1482 3 1472 4 
1475 7 2338 7 1471 7 1477 7 
1474 6 1478 4 2337 4 1476 7 
1473 4 1477 4 2336 4 1483 6 
2343 5 1468 6 1272 6 1480 4 
1467 5 2342 3 1481 6 1479 4 
2341 8 2292 7 1482 5 1480 6 
1481 5 1475 3 1040 4 2340 3 
1484 8 1057 6 1478 6 2351 8 
2184 5 1483 8 2350 7 891 5 
1488 3 1486 6 768 4 2009 7 
1485 6 2008 5 1491 7 767 6 
1488 2 2007 7 770 3 
1487 2 1485 3 769 3 2006 2 
1492 5 2018 8 1490 6 2097 7 
1494 7 2012 5 1489 6 771 5 
774 5 1486 7 2011 6 1492 5 
2010 8 1489 5 773 5 1491 5 
583 6 1496 7 2297 4 2262 4 
2024 7 1490 7 1495 5 766 7 
2023 3 2065 3 556 2 1494 5 
582 7 572 6 1493 7 
2236 5 1498 5 1504 6 1446 8 
1499 3 1497 5 2235 2 1445 2 
1498 3 1444 3 1500 6 2238 3 
1443 7 1499 6 2237 8 1509 7 
1502 4 1279 4 2240 5 1450 5 
1503 5 947 5 1501 4 2239 6 
1502 5 2242 6 1448 6 1504 5 
1497 6 1447 4 2241 3 1503 5 
2178 4 1512 6 1746 5 1506 4 
1507 6 1745 3 1505 4 2179 3 
1506 6 2180 6 1508 10 1748 7 
2181 8 1747 11 1275 8 1507 10 
1510 10 2244 5 1458 7 1500 7 
970 8 1389 9 1509 10 2243 10 
2176 6 1512 6 1752 4 1253 5 
1505 6 2177 8 1751 8 1511 6 
417 4 2111 2 1290 3 1514 3 
1515 3 1513 3 2110 5 416 4 
409 3 1514 3 1516 4 2115 7 
2114 5 1515 4 1517 3 408 4 
2113 1 411 2 1518 2 1516 3 
1519 3 410 7 1517 2 2112 6 
1518 3 2119 4 413 6 1520 3 
2118 4 1521 4 412 3 1519 3 
1520 4 415 3 2117 7 1522 3 
2116 5 1521 3 414 1 931 2 
1782 5 1524 4 1029 5 
1525 5 1028 5 1781 6 1523 4 
696 6 1524 5 1526 5 1025 6 
695 4 1024 6 1527 9 1525 5 
1027 9 1526 9 694 9 1528 11 
1529 8 693 8 1527 11 1026 6 
700 5 1528 8 1530 7 1021 5 
1020 6 1529 7 699 7 1531 7 
698 6 1023 4 1530 7 1532 7 
1295 5 1022 5 697 6 1531 7 
1534 7 1165 4 343 4 1536 5 
1541 7 1533 7 342 7 1164 10 
1167 7 1538 8 1536 10 341 9 
340 5 1166 6 1535 10 1533 5 
1538 5 1161 7 1540 7 339 5 
1537 5 338 3 1535 8 1160 6 
298 7 337 10 1163 8 1540 8 
1162 6 336 5 1537 7 1539 8 
1534 7 345 5 1169 3 1542 8 
344 9 1541 8 1168 7 1673 7 
1874 2 505 5 607 2 1544 6 
1873 8 1543 6 508 8 
1096 7 1548 3 1458 4 1546 1 
1094 5 970 2 1545 1 939 2 
1444 3 1548 5 1056 4 1550 6 
1443 6 1545 3 1547 5 1055 4 
1552 4 1054 4 1550 6 1446 6 
1445 5 1547 6 1053 7 1549 6 
1552 4 1448 5 1052 5 1554 8 
1549 4 1051 2 1447 4 1551 4 
1554 8 1340 4 1050 5 1450 5 
1553 8 1049 7 947 9 1551 8 
1558 9 2190 10 1556 8 1765 8 
1766 3 1555 8 1561 1 2189 3 
1558 5 1767 4 2192 7 1361 5 
1555 9 1557 5 1768 6 2191 6 
1562 7 1769 5 1560 5 2186 3 
1559 5 1770 6 2185 6 1563 7 
2188 3 1556 1 1562 6 1771 4 
1559 7 1772 10 2187 7 1561 6 
2193 4 1560 7 1764 6 
1763 6 802 7 1379 5 1565 3 
1566 6 1762 5 1564 3 801 2 
1565 6 1761 10 800 11 
1568 4 764 4 1390 5 480 8 
1575 4 1567 4 242 2 763 5 
2167 6 507 1 1665 2 1034 6 
734 5 1361 4 1767 3 406 4 
758 7 470 7 1694 7 1572 5 
1573 7 757 3 469 2 1571 5 
1572 7 756 9 472 7 1574 8 
1723 3 471 3 755 3 1573 8 
1568 4 762 4 466 4 1576 5 
761 7 465 2 1575 5 1691 6 
502 7 1578 6 2161 5 1680 4 
1684 6 2160 6 1577 6 501 7 
223 5 1580 10 454 5 1904 7 
639 11 224 9 1579 10 453 7 
1082 4 1832 5 1741 6 
526 7 1585 4 1583 2 494 4 
525 4 1582 2 1587 3 493 2 
1585 8 355 6 524 7 496 11 
1584 8 495 4 523 5 1582 4 
522 5 490 5 1588 3 
520 5 1583 3 481 5 1588 4 
519 6 1586 3 1587 4 491 4 
1590 4 2357 8 1356 4 1403 3 
1589 4 2356 2 1591 3 1355 5 
2361 4 1350 4 1590 3 
1595 10 2367 6 1998 5 1593 5 
1997 3 1414 5 2366 2 1592 5 
1597 3 2365 2 2000 3 1595 7 
1999 11 1592 10 2364 8 1594 7 
1599 4 1994 5 2371 5 1597 4 
1993 4 1594 3 1596 4 2370 4 
1996 7 1601 8 1599 6 2369 6 
1596 4 2368 3 1598 6 1995 3 
1601 7 2363 5 2002 6 1059 5 
1600 7 1598 8 2001 7 2362 5 
1283 5 1603 6 2046 4 1607 5 
2062 5 1602 6 2045 9 1282 6 
1611 7 1605 6 154 5 2040 3 
153 5 1604 6 1606 5 2039 4 
1293 5 2038 3 1607 3 1605 5 
1606 3 156 8 2037 4 1602 5 
1773 4 2044 3 1609 3 146 3 
429 2 1608 3 1610 3 2043 2 
151 4 1611 7 2042 7 1609 3 
1610 7 1604 7 147 6 2041 8 
766 5 1973 8 1617 5 1613 8 
1972 7 2065 8 1436 7 1612 8 
1621 9 1615 7 1975 7 774 6 
1616 3 1614 7 773 6 1974 9 
1977 8 1615 3 2097 4 1617 3 
771 5 1976 4 1612 5 1616 3 
1619 5 1979 3 770 4 
1620 4 1618 5 769 5 1978 7 
768 3 1619 4 1981 5 1621 6 
767 7 1980 8 1614 9 1620 6 
1917 3 1625 2 1623 5 415 2 
1792 5 1622 5 1916 9 414 4 
413 7 1627 3 1625 3 1919 4 
1624 3 412 2 1622 2 1918 4 
1629 3 1921 1 411 2 1627 1 
1624 3 1626 1 410 6 1920 1 
1629 4 1631 3 409 3 1923 4 
1922 6 1626 3 408 4 1628 4 
1457 6 1631 4 1925 6 417 5 
1924 3 1630 4 1628 3 416 4 
1101 4 730 4 1103 5 1043 7 
1634 4 1273 6 2036 4 532 4 
1633 4 531 3 1272 5 1468 5 
540 6 1265 5 1638 4 1636 7 
1264 7 1641 8 1635 7 539 5 
1638 3 1267 3 538 3 2424 3 
1637 3 537 4 1635 4 1266 4 
2036 4 536 7 1269 6 1642 7 
969 3 1462 2 
534 5 1271 6 1642 8 1636 8 
1270 7 1641 8 1639 7 533 5 
900 5 983 6 958 5 
1280 6 1645 6 1648 5 1341 6 
1644 6 1340 4 1279 4 1450 5 
1342 4 1278 5 1647 6 
1344 8 1648 6 1277 8 1646 6 
1647 6 1343 6 1276 5 1644 5 
1656 5 1257 4 2305 4 1650 6 
1651 5 2304 8 1256 5 1649 6 
1650 5 2303 6 
2323 2 1826 2 561 4 1433 4 
1654 5 1261 6 1660 7 2309 8 
1260 4 1655 5 2308 8 1653 5 
1654 5 2307 3 1263 6 1656 5 
1649 5 2306 4 1262 6 1655 5 
1658 4 1438 5 2335 3 554 4 
1437 3 1657 4 1663 3 553 4 
1660 5 2295 4 1255 3 36 4 
1254 6 2294 8 1659 5 1653 7 
1442 5 558 7 1662 5 1664 7 
1441 4 1661 5 2323 4 557 6 
560 5 1658 3 1440 5 1664 6 
1439 5 1661 7 559 6 1663 6 
506 5 2166 2 1681 3 1569 2 
1848 8 1776 4 1679 3 1669 9 
960 7 1668 10 2124 6 1829 8 
1674 8 1667 10 959 8 2123 6 
1707 9 1847 8 1775 10 1666 9 
1671 9 869 8 1677 7 966 8 
1670 9 1672 6 868 5 965 6 
1671 6 1673 3 968 7 867 3 
1672 3 866 4 1542 7 967 4 
962 4 1675 3 1668 8 873 5 
1674 3 961 5 1676 3 872 3 
871 4 964 5 1677 4 1675 3 
963 4 870 4 1670 7 1676 4 
1683 6 1680 3 2163 7 500 4 
1845 5 724 6 1666 3 1777 1 
499 8 2162 2 1678 3 1577 4 
1683 6 1665 3 498 3 2165 4 
724 9 1779 8 1844 7 
2164 5 1678 6 1681 6 497 6 
1578 6 1685 5 2159 4 504 5 
2158 5 1684 5 503 5 1388 5 
1689 2 871 2 1687 3 513 2 
1692 4 1686 3 870 5 514 4 
873 3 1689 2 511 3 1696 5 
1686 2 512 4 1688 2 872 4 
1693 6 2293 5 867 2 517 3 
760 7 468 7 1694 7 1576 6 
1693 6 1687 4 869 4 515 4 
1692 6 1690 6 516 7 868 6 
759 4 467 4 1691 7 1571 7 
2124 8 1831 7 509 11 1696 11 
510 8 2123 5 1688 5 1695 11 
1698 3 1735 9 1897 5 1700 4 
1697 3 2155 4 1734 2 1896 6 
1889 2 1739 3 1700 4 1702 3 
1888 3 1738 4 1697 4 1699 4 
1704 6 1891 5 1737 4 1702 4 
1736 5 1890 3 1701 4 1699 3 
1743 5 1893 4 1704 6 1706 3 
1701 6 1703 6 1892 5 1742 9 
1706 1 1832 3 1741 4 1895 4 
1705 1 1894 3 1740 2 1703 3 
1669 9 1708 8 1774 4 1850 4 
1707 8 1849 13 146 6 1773 7 
2310 2 1710 3 1712 3 368 6 
1835 4 367 5 1709 3 2311 2 
1714 4 2316 6 1712 3 360 5 
2317 6 1711 3 359 4 1709 3 
2318 3 362 3 1714 4 1716 3 
1711 4 361 3 1713 4 2319 4 
2312 4 1716 2 364 3 1718 4 
363 3 2313 6 1715 2 1713 3 
2182 6 366 6 2314 5 1718 6 
2315 7 365 7 1717 6 1715 4 
898 9 982 4 985 6 958 5 
960 5 1851 6 1782 6 1721 8 
186 9 1781 9 1720 8 959 8 
1725 5 1283 4 262 6 1723 4 
1574 3 1282 5 261 5 1722 4 
1725 4 175 3 258 6 1293 5 
1724 4 1722 5 257 7 156 9 
700 2 966 3 185 5 1727 2 
699 5 172 6 965 4 1726 2 
187 3 964 4 185 6 694 4 
147 5 174 8 179 4 253 6 
256 6 146 4 1849 11 1731 7 
255 7 179 4 429 5 1730 7 
419 7 386 5 1733 3 2400 7 
1756 2 1732 3 2399 2 420 2 
1735 8 875 4 438 5 1698 2 
1734 8 1697 9 1738 9 874 11 
1702 5 1737 5 1739 5 877 8 
1701 4 1736 5 1742 7 876 4 
879 5 1700 4 1735 9 1739 3 
1699 3 1736 5 1738 3 878 4 
881 5 1706 2 1741 5 1743 4 
1581 6 880 10 1705 4 1740 5 
883 8 1737 7 1743 8 1704 9 
1703 5 882 3 1740 4 1742 8 
812 4 2213 4 2398 4 122 6 
663 2 1506 3 1748 4 1746 4 
662 6 1751 7 1505 5 1745 4 
661 8 1508 11 1876 7 1748 8 
1745 4 1747 8 1507 7 660 6 
1750 8 1253 6 659 5 1752 5 
1749 8 658 9 1251 8 379 7 
1746 7 1752 6 1512 8 657 5 
1751 6 656 3 1511 4 1749 5 
380 7 305 6 
304 5 276 5 380 6 358 4 
830 7 664 6 379 6 1240 6 
1733 2 2393 3 427 2 1760 5 
1759 6 1088 4 
1882 5 1090 7 1759 5 
1757 6 1089 8 1758 5 
2392 4 2348 5 428 5 1756 5 
1762 9 1566 10 
1763 8 1761 9 1565 5 1833 6 
1762 8 1564 6 1832 6 1895 7 
1770 5 2262 4 1563 6 
1766 3 1555 8 568 2 1768 5 
1765 3 1556 3 1771 6 567 6 
1557 4 1768 5 570 5 1570 3 
569 6 1558 6 1767 5 1765 5 
1559 5 1772 8 564 5 1770 6 
1764 5 1560 6 563 4 1769 6 
1766 6 1772 8 566 5 1561 4 
1562 10 1771 8 1769 8 565 8 
1608 4 1887 2 1774 3 1708 7 
1886 5 1775 5 1707 4 1773 3 
1774 5 1776 5 1669 10 1881 4 
1777 2 1775 5 1666 4 1880 3 
1778 5 1776 2 1679 1 1879 4 
1779 9 1777 5 1878 5 724 10 
1778 9 1682 8 1885 8 1780 5 
1884 3 1779 5 
1782 7 1721 9 1524 6 696 7 
1781 7 1720 6 1523 5 701 5 
953 5 1784 9 657 6 1790 8 
1785 6 952 8 656 5 1783 9 
1784 6 951 4 1786 5 659 4 
1791 5 1785 5 658 7 950 6 
1788 8 661 7 1914 7 957 7 
660 7 1787 8 1789 6 956 6 
663 3 1790 5 1788 6 955 2 
954 4 1789 5 662 6 1783 8 
1792 3 1786 5 949 3 665 5 
664 3 1791 3 948 4 1623 5 
1798 5 1794 4 1395 6 626 3 
1394 4 1793 4 625 3 2358 6 
1796 4 74 4 1470 4 1151 3 
1795 4 73 4 1469 4 278 6 
1799 4 1109 3 
1793 5 2360 5 632 4 1387 5 
2443 4 1797 4 1108 5 1800 4 
1948 4 1799 4 1107 3 2442 5 
1802 9 406 6 1181 6 2298 8 
1801 9 1180 9 405 8 1805 6 
1187 5 1806 4 1804 8 404 4 
1186 7 403 8 1809 5 1803 8 
1189 3 402 5 1806 2 1802 6 
1805 2 1803 4 401 2 1188 1 
1808 8 400 9 1183 7 1810 5 
399 5 1807 8 1956 5 1182 7 
1185 2 1804 5 398 1 1810 1 
397 3 1184 7 1809 1 1807 5 
1814 2 1812 2 59 4 2441 2 
58 5 1811 2 1817 4 2440 4 
1814 4 2439 4 61 5 
1813 4 1811 2 2438 7 60 6 
55 3 1816 4 2437 3 1818 1 
1815 4 54 4 2436 6 1285 7 
57 7 2435 6 1812 4 1818 3 
2434 2 1817 3 56 4 1815 1 
2127 7 378 7 1308 9 1820 7 
377 4 1233 6 1819 7 1823 3 
1822 3 1226 5 1824 5 374 7 
1225 2 1821 3 1827 3 373 2 
1224 3 1820 3 1824 3 376 1 
1223 4 375 8 1821 5 1823 3 
1826 2 1828 1 1230 3 370 4 
1652 2 1825 2 369 5 1229 6 
372 5 1228 4 1822 3 1828 3 
1227 1 371 4 1825 1 1827 3 
714 6 787 6 1667 8 
631 9 1979 3 
1695 7 676 3 714 3 
1581 5 1705 3 1763 6 1833 4 
1762 6 1832 4 
167 6 1837 4 1835 5 7 4 
8 7 1710 4 166 5 1834 5 
9 6 1839 6 1837 6 169 8 
1836 6 10 2 1834 4 168 3 
3 3 1841 9 163 6 1839 4 
4 4 1836 6 162 4 1838 4 
1843 4 5 5 165 3 1841 9 
1838 9 164 9 6 10 1840 9 
1353 7 171 6 1843 4 1 7 
1840 4 1842 4 2 2 170 3 
1846 7 1682 7 
89 10 1679 5 1846 8 1848 10 
724 9 1845 8 88 6 1844 7 
91 3 1850 3 1669 8 1848 7 
1666 8 90 9 1847 7 1845 10 
1708 13 93 9 1730 11 1850 9 
1847 3 1849 9 92 3 1707 4 
787 6 1720 6 701 5 
13 5 2032 6 418 5 
2035 4 1854 4 395 4 1029 6 
1853 4 1028 4 394 2 1857 3 
1027 5 1858 7 1856 4 391 4 
1861 6 1026 3 390 7 1855 4 
1858 6 1025 5 1854 3 393 2 
1855 7 1024 8 1857 6 392 7 
1862 1 387 5 1023 1 1860 1 
1022 2 386 3 2400 5 1859 1 
1856 6 1021 6 1862 5 389 6 
1859 1 1861 5 388 4 1020 3 
863 7 1864 4 1866 4 581 6 
862 8 1871 7 1863 4 580 4 
1866 3 865 5 1868 4 579 3 
578 6 864 4 1865 3 1863 4 
859 3 1870 2 1868 5 577 4 
858 6 576 7 1867 5 1865 4 
2066 3 575 7 861 3 1870 2 
860 2 574 3 1867 2 1869 2 
1864 7 309 7 1872 7 583 8 
308 4 582 5 1871 7 
1874 4 1544 8 
1873 4 1543 2 228 3 13 3 
1281 6 1877 10 484 6 
487 4 1275 4 1877 8 1747 7 
1875 10 1876 8 486 8 1274 6 
1885 4 1778 5 2272 1 1879 4 
2271 6 1880 5 1878 4 1777 4 
1881 2 1879 5 1776 3 2274 2 
1880 2 1886 4 2273 2 1775 4 
2276 6 1758 5 1883 4 
1882 4 2275 6 1884 3 
2278 4 1885 6 1780 3 1883 3 
1878 4 2277 7 1779 8 1884 6 
1881 4 1774 5 1887 4 2281 6 
2280 2 1886 4 1773 2 2044 1 
1700 3 1897 4 1386 1 1889 1 
1385 1 1699 2 1888 1 1890 2 
1891 4 1702 3 1384 3 1889 2 
1890 4 1892 4 1701 5 1383 4 
1891 4 1893 3 1704 5 1382 2 
1703 4 1892 3 1894 4 1381 2 
1706 3 1380 5 1893 4 1895 6 
1763 7 1894 6 1705 4 1379 6 
1372 9 825 5 1698 6 1897 8 
1888 4 1697 5 1371 4 1896 8 
1899 4 446 1 222 3 
1898 4 220 6 1900 9 448 5 
447 7 1899 9 221 7 1901 10 
1902 6 1900 10 218 6 450 5 
449 5 1901 6 1903 3 219 3 
1904 5 1902 3 452 4 216 4 
1903 5 451 6 1579 7 217 6 
1906 4 402 5 734 4 1363 4 
1905 4 401 4 1364 3 1907 3 
1365 3 1908 2 404 1 1906 3 
1907 2 403 5 1909 3 1366 3 
398 2 1367 3 1910 2 1908 3 
1909 2 1911 3 397 3 1368 3 
1369 3 1910 3 1912 4 400 7 
399 3 2056 3 1370 3 1911 4 
1915 5 484 4 782 6 
1915 6 487 5 1787 7 776 6 
1913 5 1914 6 775 6 486 5 
1917 7 664 7 830 8 1623 9 
829 2 1916 7 1622 3 1918 5 
1919 5 1917 5 828 6 1625 4 
827 4 1918 5 1624 4 1920 2 
834 1 1919 2 1921 1 1627 1 
1626 1 833 2 1920 1 1922 4 
1629 6 832 7 1923 6 1921 4 
1922 6 1924 4 1628 4 831 4 
1631 3 836 3 1923 4 1925 5 
835 4 1630 6 1924 5 2088 5 
861 3 891 3 2184 3 1927 5 
890 4 1926 5 860 5 1928 7 
893 5 859 5 1927 7 1929 6 
858 5 892 5 1930 5 1928 6 
1931 6 887 6 865 7 1929 5 
886 6 1930 6 1932 6 864 5 
863 8 889 8 1931 6 1933 3 
862 6 1934 4 888 4 1932 3 
309 6 1935 4 885 5 1933 4 
884 2 1934 4 308 2 
2226 3 1937 6 
1936 6 1938 5 691 8 2232 8 
2231 2 692 2 1939 3 1937 5 
1938 3 1940 6 2234 8 689 5 
1941 7 2233 7 1939 6 690 4 
1940 7 1942 5 2228 8 687 7 
688 2 1941 5 2227 7 1943 4 
2230 4 1944 5 685 5 1942 4 
2109 5 2229 3 1943 5 686 3 
2116 6 1946 2 931 3 2295 5 
930 5 1945 2 2294 4 1953 1 
1950 6 2303 8 927 6 1948 6 
926 4 1800 4 2302 3 1947 6 
2305 4 1952 4 600 3 1950 5 
1947 6 2304 7 599 5 1949 5 
598 5 1952 5 1954 7 2307 4 
1951 5 594 4 1949 4 2306 3 
588 2 1954 4 2309 6 1946 1 
585 7 1951 7 1953 4 2308 9 
1956 4 1399 5 1958 6 941 3 
1955 4 1808 5 1398 2 940 4 
933 7 1958 7 1960 7 196 7 
1957 7 195 7 1955 6 932 7 
935 3 1960 5 194 5 1962 5 
1959 5 934 5 193 5 1957 7 
1962 7 1964 5 937 6 192 6 
936 4 1959 5 191 8 1961 7 
1964 4 970 4 1389 5 939 4 
938 2 1963 4 189 5 1961 5 
1971 2 2204 3 1357 5 1966 2 
1967 6 1358 4 1965 2 1239 6 
1966 6 1241 5 1359 6 
1 8 1236 5 1353 8 1969 6 
1970 4 1235 7 1354 7 1968 6 
1238 6 1969 4 1971 3 482 3 
483 4 1965 2 1237 3 1970 3 
738 4 1613 7 1973 7 2325 2 
1972 7 2324 8 1612 8 1976 7 
1975 9 2329 10 1977 14 1615 9 
1974 9 2328 3 1614 7 1980 6 
1617 4 2327 2 1973 7 1977 9 
2326 8 1616 8 1974 14 1976 9 
1981 8 2333 6 1979 5 1619 7 
1978 5 1618 3 1830 3 2332 3 
2331 6 1981 7 1621 8 1975 6 
1978 8 1980 7 1620 5 2330 6 
2134 2 1983 2 550 4 109 6 
110 2 1982 2 549 2 1988 5 
1985 6 1991 6 542 7 113 6 
1984 6 114 4 1986 4 541 7 
1985 4 544 6 111 5 1987 4 
1171 5 112 4 1986 4 543 3 
546 10 1989 6 117 7 1983 5 
1990 3 118 5 545 4 1988 6 
1989 3 1991 3 548 3 115 2 
547 2 1984 6 1990 3 116 5 
2147 7 676 4 
1597 4 1994 5 622 6 2000 4 
1995 4 1993 5 1596 5 621 3 
1994 4 1996 4 1599 3 620 6 
1598 7 1995 4 2001 6 619 4 
2156 7 1593 3 1998 3 618 7 
1999 6 1592 5 617 3 1997 3 
616 8 1595 11 1998 6 2000 7 
615 3 1999 7 1993 4 1594 3 
1996 6 1601 7 614 4 2002 6 
2001 6 31 4 613 3 1600 6 
1281 4 2004 8 
1274 6 12 7 2005 8 2003 8 
1275 4 2004 8 2181 4 631 9 
78 3 2009 6 2007 7 1488 2 
1487 7 77 7 2006 7 
80 3 2011 4 1486 5 2009 6 
2006 6 79 7 2008 6 1485 7 
2018 11 1492 8 2011 9 82 7 
2008 4 81 3 2010 9 1491 6 
1490 5 2024 5 84 5 2018 7 
1252 4 2014 4 2194 5 1338 5 
2013 4 334 7 1337 3 2015 4 
321 4 1332 3 2016 5 2014 4 
2017 7 1331 8 320 7 2015 5 
2016 7 1330 6 323 7 1250 8 
2010 11 83 8 1489 8 2012 7 
1336 10 2020 6 325 7 1250 8 
2019 6 1335 2 2021 5 324 2 
2022 8 2020 5 1334 7 327 8 
326 6 2021 8 492 7 1333 8 
1495 3 924 6 2024 5 86 5 
1494 7 85 5 2023 5 2012 5 
2214 5 1318 3 1011 2 2026 4 
1010 5 2029 5 2025 4 1317 4 
2028 6 2030 4 1015 6 1322 5 
2027 6 2033 6 1014 6 1321 10 
2030 5 2026 5 1324 5 1013 5 
2029 5 2027 4 1012 6 1323 8 
2032 5 2034 4 1019 4 1326 4 
2031 5 1018 4 1325 8 1852 6 
1017 5 2028 6 1328 2 2034 4 
2031 4 1016 5 1327 4 2033 4 
1853 4 188 4 
1639 4 1633 4 535 6 1268 6 
2046 3 2038 4 2105 4 1607 4 
1606 3 2039 2 2037 4 2104 8 
2040 1 2107 2 2038 2 1605 4 
2106 2 2041 4 2039 1 1604 3 
2040 4 2101 5 2042 8 1611 8 
2041 8 1610 7 2043 6 2100 5 
2103 4 2042 6 2044 2 1609 2 
1608 3 2043 2 2102 3 1887 1 
2109 9 2046 7 2229 7 1603 9 
2037 3 2108 3 2045 7 1602 4 
1206 4 2048 6 1389 4 2243 5 
2047 6 1207 9 189 8 2049 6 
2050 3 1208 4 192 4 2048 6 
191 6 2049 3 1209 4 2051 2 
1202 2 2052 3 194 4 2050 2 
2051 3 2053 5 193 4 1203 4 
2054 5 2052 5 196 6 1204 10 
195 6 2053 5 2055 7 1205 3 
2054 7 1399 7 2056 6 1200 9 
1201 5 1398 2 1912 3 2055 6 
760 7 2060 5 2234 10 2058 6 
2063 5 759 3 2233 5 2057 6 
87 4 2232 5 762 2 2060 2 
2231 2 2057 5 761 6 2059 2 
756 4 2230 3 2064 5 2062 4 
755 4 1603 5 2061 4 2229 3 
2064 7 2058 5 758 6 2228 8 
2063 7 2227 9 757 6 2061 5 
766 5 1495 3 1613 8 2334 3 
2067 3 1869 3 703 5 1181 3 
2066 3 2072 2 1180 6 702 3 
1185 7 2069 8 709 6 2075 8 
708 4 1184 9 2068 8 2070 3 
711 1 2071 3 1183 3 2069 3 
2251 4 2070 3 1182 6 710 5 
2067 2 2073 2 705 4 1189 2 
2074 4 2072 2 1188 2 704 4 
2073 4 1187 4 707 6 2075 5 
1186 5 2074 5 706 3 2068 8 
2078 6 1376 8 
2078 11 1378 9 2080 9 
2077 11 1377 8 2076 6 
552 5 2082 7 2080 5 2098 5 
551 4 2079 5 2077 9 
1374 6 2082 8 2084 8 772 6 
2096 8 2081 8 2079 7 1373 5 
573 5 2084 5 
571 7 2081 8 2083 5 765 6 
669 5 2092 6 2086 5 1456 6 
668 5 2087 5 2085 5 1455 8 
2088 5 971 5 2086 5 667 6 
2087 5 666 6 1457 5 1925 5 
2090 2 1452 3 673 2 2094 3 
1451 3 2089 2 672 4 2091 1 
2092 3 1454 4 671 3 2090 1 
2091 3 670 5 2085 6 1453 4 
2094 2 11 1 2268 4 675 5 
2093 2 1449 4 2089 3 674 4 
171 6 2127 5 2099 6 1103 6 
772 6 2082 8 2098 6 
773 7 1616 4 771 6 1489 7 
2096 6 2079 5 
915 4 1233 7 2095 6 170 5 
2103 3 127 4 2101 2 2042 5 
128 3 2041 5 2100 2 2106 3 
2103 5 2280 4 125 7 2044 3 
2043 4 2100 3 2102 5 126 8 
2107 8 2105 8 131 8 2038 8 
2104 8 2108 4 132 5 2037 4 
2040 2 2107 3 2101 3 129 7 
2104 8 2039 2 2106 3 130 5 
2046 3 123 3 2105 4 2109 5 
2045 9 1944 5 124 3 2108 5 
2115 9 2111 4 1073 5 1514 5 
2110 4 1513 2 1072 4 2291 1 
1075 5 2113 5 1518 6 2119 7 
1074 4 1517 1 2112 5 2114 3 
1516 5 1077 4 2115 8 2113 3 
2110 9 1076 8 2114 8 1515 7 
1945 6 1522 5 2117 9 1079 10 
1078 7 1521 7 2116 9 2118 7 
2119 5 1520 4 1081 5 2117 7 
2118 5 1080 5 1519 4 2112 7 
783 4 781 4 96 6 635 3 
1232 5 149 5 1341 4 2122 6 
1050 7 2121 6 1340 6 148 6 
2124 2 1696 5 873 3 1668 6 
714 4 1667 6 1695 8 2123 2 
2126 4 2425 7 335 5 1096 8 
2125 4 2424 4 1094 7 538 4 
1233 6 1819 7 2095 5 1044 4 
2129 4 288 4 2133 4 345 6 
2293 5 2128 4 289 7 344 4 
2131 8 341 7 2137 7 296 7 
2130 8 297 5 2132 5 340 5 
343 4 2131 5 2133 3 294 6 
342 3 295 3 2128 4 2132 3 
1982 2 292 4 2135 4 337 6 
2134 4 2136 6 293 6 336 5 
2135 6 339 4 290 9 2137 5 
2130 7 338 4 291 3 2136 5 
2141 5 893 3 2139 4 516 4 
2144 8 892 5 515 5 2138 4 
2350 7 518 6 2141 7 891 5 
2138 5 890 4 2140 7 517 5 
2145 4 2143 2 512 3 889 6 
2146 5 2142 2 888 5 511 4 
2145 9 2139 8 887 9 514 7 
2144 9 2142 4 513 5 886 6 
2143 5 510 7 885 5 2147 9 
509 10 1992 7 2146 9 884 7 
445 6 2157 5 2149 4 820 4 
2150 6 819 3 2148 4 444 3 
822 7 2149 6 407 11 2151 8 
821 4 2150 8 396 6 2152 5 
2153 5 824 8 441 4 2151 5 
823 4 2152 5 2154 7 440 7 
439 4 2155 6 826 7 2153 7 
438 7 2154 6 825 3 1698 4 
1414 9 2157 7 1997 7 152 9 
2156 7 2148 5 1413 6 150 4 
1685 5 2159 4 810 4 2360 5 
2160 4 2158 4 809 6 1684 4 
2159 4 1578 6 2161 5 2375 7 
2160 5 807 10 2162 3 1577 5 
806 5 1680 2 2161 3 2163 6 
2164 6 805 7 1678 7 2162 6 
1683 5 2163 6 2165 3 804 1 
2164 3 803 5 2166 3 1681 4 
2167 6 2165 3 1665 2 818 2 
1569 6 2166 6 198 8 817 11 
725 5 678 3 2169 2 692 2 
2168 2 677 6 691 5 
2171 6 213 6 686 5 684 5 
2170 6 685 4 683 3 2172 5 
682 5 2173 6 688 4 2171 5 
2172 6 681 5 687 6 723 4 
1251 4 2183 4 2327 2 2175 3 
2326 2 2176 6 2174 3 1253 5 
1511 6 2177 8 2329 8 2175 6 
2178 6 2176 8 1512 8 2328 4 
2177 6 1505 4 2331 5 2179 3 
2330 3 2178 3 2180 3 1506 3 
2181 4 2333 4 1507 6 2179 3 
2180 4 1508 8 2332 4 2005 4 
2183 6 1240 5 1717 6 2325 4 
2324 5 2182 6 2174 4 1242 6 
703 5 1926 3 1484 5 1057 3 
2186 4 1066 8 1560 6 2193 3 
2185 4 2187 3 1559 3 1065 6 
2188 4 2186 3 1562 7 1064 3 
1063 5 2187 4 1561 3 2189 5 
1062 4 2188 5 2190 5 1556 3 
1555 10 1061 4 2189 5 2191 7 
2192 8 1558 6 1060 6 2190 7 
2191 8 1557 7 1059 5 2363 5 
1058 2 1563 4 2185 3 
2195 4 138 4 2013 5 1163 6 
2196 3 137 5 2194 4 1162 4 
140 4 2195 3 1161 5 2197 3 
2198 6 139 3 1160 6 2196 3 
2199 8 2197 6 134 6 1167 5 
2198 8 2200 7 133 5 1166 6 
2199 7 1165 6 136 5 2201 5 
2202 7 135 5 1164 6 2200 5 
1169 7 2201 7 2203 10 142 6 
1168 5 2202 10 173 8 141 7 
1239 7 1965 3 1237 4 2264 5 
895 4 1118 5 942 4 990 3 
1147 4 808 3 2207 6 2209 5 
2374 8 1146 7 2206 6 2383 7 
814 8 1157 4 2211 4 2209 6 
2208 6 813 7 1156 7 2206 5 
1159 7 812 6 2213 6 2211 6 
2208 4 2210 6 1158 7 811 3 
2213 5 2398 5 1153 6 2215 4 
1744 4 2212 5 1152 4 2210 6 
2025 5 1155 5 2215 4 816 7 
1154 5 2214 4 2212 4 815 3 
2223 2 236 4 1406 5 2217 5 
1405 8 2218 6 26 7 2216 5 
2219 5 238 3 1404 5 2217 6 
2218 5 1403 4 28 5 1356 5 
2221 4 1410 4 240 7 2225 6 
2222 6 2220 4 239 3 1409 6 
2221 6 2223 6 1408 8 33 7 
2222 6 2216 2 32 3 1407 4 
2225 7 2394 6 789 6 24 6 
2224 7 23 6 788 7 2220 6 
87 4 1936 3 2232 5 
2064 9 1942 7 2228 10 2230 7 
2233 8 1941 8 2227 10 2063 8 
2230 2 1944 3 2062 3 2045 7 
1943 4 2061 3 2229 2 2227 7 
1938 2 2060 2 2232 5 2234 7 
2231 5 2226 5 2059 5 1937 8 
2234 9 1940 7 2058 5 2228 8 
2233 9 2057 10 1939 8 2231 7 
1498 2 2236 2 997 2 2238 2 
1497 5 2235 2 2241 2 998 2 
999 7 2238 5 2244 6 1500 8 
2237 5 2235 2 1499 3 1000 2 
2240 7 993 6 2242 7 1502 6 
2239 7 2413 7 1501 5 994 10 
2242 4 2236 2 1504 3 995 5 
2241 4 1503 6 2239 7 996 6 
991 5 2244 5 1510 10 2047 5 
2237 6 2243 5 1509 5 992 3 
1349 7 924 7 86 6 100 7 
2247 9 990 5 1142 8 263 6 
2246 9 989 8 2248 6 1141 7 
1144 3 988 4 2247 6 2249 5 
1221 9 1143 5 2248 5 987 8 
941 1 2251 2 532 2 2257 2 
531 3 940 4 2250 2 2071 4 
1222 6 1140 5 984 4 2253 5 
983 6 1139 5 2252 5 
2261 5 534 3 935 3 2255 6 
533 5 2256 7 934 6 2254 6 
933 6 2255 7 2257 4 536 7 
932 5 535 6 2250 2 2256 4 
1094 5 2259 3 538 2 939 2 
2260 6 938 3 2258 3 537 5 
2259 6 540 7 937 6 2261 7 
539 4 2254 5 936 4 2260 7 
1764 4 572 3 563 3 1493 4 
1241 4 2265 9 2377 7 
2267 3 2379 3 2265 8 2204 5 
1239 10 2263 9 2264 8 2378 6 
2269 6 2267 3 2373 6 1238 7 
2264 3 1237 2 2266 3 2372 3 
2093 4 1259 8 2269 7 1236 5 
1258 5 2266 6 1235 8 2268 7 
1454 8 1106 9 1287 9 2279 5 
2272 3 1879 6 318 4 2274 3 
2271 3 1878 1 319 4 2277 4 
1881 2 316 5 2281 4 2274 2 
317 2 2271 3 1880 2 2273 2 
2276 8 314 7 2278 7 1883 6 
1090 8 2275 8 1882 6 315 4 
1885 7 312 8 2272 4 2278 5 
313 3 2275 7 1884 4 2277 5 
1093 4 1286 1 2270 5 1453 2 
1887 2 310 3 2102 4 2281 4 
2280 4 1886 6 311 5 2273 4 
2283 2 1285 5 2436 4 848 4 
2284 5 2282 2 1284 3 847 3 
2283 5 854 8 1289 9 2285 5 
1288 3 853 5 2286 1 2284 5 
2287 3 2285 1 1287 5 856 2 
2286 3 855 7 2288 7 1286 3 
850 8 2289 7 2287 7 161 9 
849 9 2288 7 2290 6 1292 4 
852 7 1291 6 2289 6 2291 4 
851 1 1290 2 2111 1 2290 4 
1481 7 708 4 1040 6 1467 6 
2129 5 866 7 518 6 1690 5 
1660 8 1946 4 2295 7 2309 9 
1659 4 1079 9 1945 5 2294 7 
1466 6 581 8 2297 5 564 5 
580 3 563 3 2296 5 1493 4 
2299 8 570 8 575 9 1801 8 
2298 8 574 7 569 6 2300 5 
2301 3 568 2 2299 5 577 3 
576 6 1248 5 2300 3 567 6 
2442 4 2303 5 1948 3 
2302 5 2304 9 1947 8 1651 6 
2305 6 2303 9 1650 8 1950 7 
1949 4 2304 6 1649 4 2306 3 
2307 2 1656 4 2305 3 1952 3 
2306 2 1655 3 1951 4 2308 6 
1654 8 2309 11 1954 9 2307 6 
2308 11 1953 6 1653 8 2294 9 
1709 2 2311 1 836 2 2317 5 
8 5 2310 1 835 1 1710 2 
828 6 2313 8 1715 4 2315 7 
2312 8 1716 6 827 7 2318 6 
830 5 1240 4 1717 5 2315 6 
1718 7 829 4 2312 7 2314 6 
2317 9 1711 6 2319 6 832 8 
2316 9 1712 6 831 6 2310 5 
834 2 1713 3 2313 6 2319 3 
833 3 2316 6 1714 4 2318 3 
2321 4 326 5 492 6 2357 9 
2320 4 489 8 2322 1 2356 1 
2321 1 63 3 2361 3 
1652 2 562 6 1434 3 1662 4 
2327 3 2183 5 1973 8 2325 3 
366 4 1972 2 2324 3 2182 4 
1977 8 2175 2 2329 4 2327 1 
2324 3 1976 2 2326 1 2174 2 
2331 3 1975 3 2329 4 2177 4 
1974 10 2176 8 2326 4 2328 4 
2333 4 2179 3 2331 5 1981 6 
2328 3 1980 6 2330 5 2178 5 
2333 4 631 9 2181 4 1979 3 
2330 4 2332 4 1978 6 2180 4 
2065 3 2335 1 1436 2 556 2 
555 2 1657 3 1435 4 2334 1 
295 4 2337 4 1478 4 2351 6 
2336 4 294 6 1477 4 2338 4 
1476 7 297 4 2339 4 2337 4 
296 4 1475 4 2340 4 2338 4 
2339 4 2341 6 1482 3 291 3 
1481 8 2340 6 290 10 2342 5 
293 4 2343 4 1480 3 2341 5 
1479 5 14 4 2342 4 292 6 
2347 4 2395 5 2345 8 421 8 
422 6 2394 7 24 7 2344 8 
2349 7 423 8 2347 4 2397 4 
2344 4 2346 4 2396 3 424 5 
2349 5 2391 6 425 4 1760 5 
2346 7 2348 5 426 7 2390 6 
2351 7 2140 7 289 9 1484 7 
2350 7 288 5 2336 6 1483 8 
630 6 2353 4 1391 4 2359 4 
2352 4 629 6 2354 3 597 6 
1393 3 2353 3 2355 4 628 4 
627 5 754 4 2354 4 1392 3 
2357 6 2361 3 1590 2 2321 1 
2320 9 2356 6 1589 8 1123 9 
2359 6 624 7 1794 6 1397 7 
2358 6 1396 4 623 8 2352 4 
1798 5 633 4 2158 5 1388 5 
1591 4 2356 3 2322 3 
2363 3 1601 5 2369 3 1362 5 
2362 3 1361 3 1600 5 2192 5 
1368 5 2367 4 2365 3 1595 8 
1367 2 2370 3 1594 2 2364 3 
44 2 2367 3 1593 2 1370 3 
1369 2 2364 4 2366 3 1592 6 
1599 3 1364 2 2369 3 2371 4 
1363 4 1598 6 2368 3 2362 3 
2365 3 1366 4 2371 5 1597 4 
1365 5 2370 5 1596 5 2368 4 
57 7 2267 3 2373 6 2379 3 
1258 5 56 7 2266 6 2372 6 
2207 8 808 5 1375 5 
455 6 809 9 2160 7 807 12 
61 4 2377 5 
60 8 2263 7 2378 4 2376 5 
59 4 2265 6 2377 4 2379 1 
2264 3 58 4 2378 1 2372 3 
1378 2 908 3 2387 6 2381 2 
907 4 2380 2 1377 6 2382 3 
1376 7 2383 4 910 2 2381 3 
1375 4 2207 7 909 8 2382 4 
904 5 1374 4 2385 3 2389 3 
1373 2 2386 2 2384 3 903 3 
552 3 2385 2 2387 7 906 4 
551 8 2386 7 2380 6 905 7 
918 4 75 6 573 6 2389 3 
571 4 917 1 2388 3 2384 3 
2397 3 1214 8 2391 7 2349 6 
1213 7 2348 6 2392 5 2390 7 
1760 4 1212 5 2393 2 2391 5 
2392 2 1211 4 2399 3 1756 3 
1218 4 2345 7 2224 6 2395 4 
2344 5 2396 4 2394 4 1217 5 
2397 3 2395 4 2347 3 1216 4 
1215 1 2390 3 2396 3 2346 4 
121 4 2212 5 1744 4 815 4 
2400 6 1220 3 2393 3 1733 2 
2399 6 1219 8 1860 5 1732 7 
918 7 981 7 76 8 2402 8 
2405 4 980 4 917 3 2401 8 
977 1 2404 3 2406 1 906 3 
976 4 2403 3 2409 8 905 4 
904 4 2402 4 979 3 2406 2 
978 2 2403 1 2405 2 903 3 
2410 5 973 5 2408 7 910 3 
972 7 909 10 2407 7 443 7 
2410 8 908 8 2404 8 975 8 
2409 8 2407 5 974 5 907 5 
2412 4 800 6 1276 4 
2411 4 801 5 2413 8 1280 6 
1279 6 2240 7 2412 8 802 9 
1134 3 1013 4 2423 2 2415 4 
2416 7 2414 4 1012 6 1133 7 
2415 7 2417 9 1015 9 1132 5 
1014 6 2416 9 2418 6 
1017 5 2419 5 2417 6 
1016 6 2420 6 2418 5 
2421 6 1019 5 2419 6 1131 4 
2420 6 1130 6 643 6 1018 4 
119 9 1011 2 2423 2 1136 2 
1135 2 2422 2 2414 2 1010 3 
357 8 2126 4 1637 3 2425 7 
2125 7 2430 6 356 9 2424 7 
2433 5 331 7 2427 7 348 7 
330 7 2428 5 347 6 2426 7 
2427 5 350 3 329 6 2429 4 
105 7 328 5 349 6 2428 4 
335 4 2431 3 2425 6 352 5 
2430 3 857 4 351 4 2432 7 
354 8 333 6 2433 6 2431 7 
2426 5 332 4 353 4 2432 6 
2437 4 1818 2 2435 5 682 3 
1817 6 2434 5 681 6 2440 6 
2282 4 2437 5 1816 6 684 3 
2434 4 2436 5 1815 3 683 4 
2439 7 678 8 2441 7 1814 7 
2438 7 1813 4 677 6 
2441 4 1812 4 680 5 2435 6 
679 5 2440 4 2438 7 1811 2 
2302 4 2443 5 1800 5 
1799 4 2442 5 
2449 4 2445 2 1432 4 
2444 2 1431 4 
2453 6 2447 8 1428 11 
2446 8 1427 6 2448 8 1402 4 
2449 7 1401 10 2447 8 1430 7 
2448 7 1429 4 1400 4 2444 4 
1424 7 2451 4 527 6 
2450 4 1423 2 2452 3 
2453 4 1426 4 2451 3 
2452 4 2446 6 1425 3 
