41
32
26
3
43
27
43
43
27
20
9
9
11
11
11
9
10
10
10
10
5
5
5
5
7
7
7
42
7
7
42
5
16
5
5
0
0
16
0
0
0
42
42
2
2
2
1
2
2
7
7
8
7
7
7
7
7
5
4
23
23
23
23
26
23
23
23
23
21
17
20
20
20
20
20
19
19
20
19
41
6
6
6
6
6
6
6
6
6
6
18
20
18
18
20
20
20
20
17
17
43
40
41
15
40
15
15
25
4
3
3
25
4
25
4
25
25
3
3
14
14
14
13
14
14
14
14
43
43
40
28
25
28
28
25
28
28
25
25
25
0
0
0
0
2
2
19
40
40
47
40
49
47
37
49
47
47
47
47
43
32
47
47
37
37
37
37
39
39
39
39
10
10
26
27
27
35
13
13
21
24
21
21
13
21
13
13
44
36
36
36
44
44
44
44
28
35
45
45
26
38
38
38
38
38
38
38
38
38
38
41
1
1
1
1
1
1
5
5
5
5
43
43
43
43
45
43
32
32
32
32
32
32
32
19
19
19
19
32
41
49
49
34
36
34
34
34
44
44
44
44
44
44
33
33
45
45
33
33
34
34
34
31
31
33
33
31
31
3
31
31
31
3
3
44
44
44
44
45
45
7
9
9
10
10
10
10
9
9
9
9
44
0
0
0
0
0
0
5
5
5
5
34
34
34
45
34
34
24
24
25
25
25
25
24
24
24
24
32
44
44
38
39
10
10
9
9
10
11
38
13
9
9
39
38
39
13
42
44
42
42
42
42
13
42
24
13
42
30
30
30
30
24
24
30
24
14
14
14
14
14
14
14
14
12
12
48
48
48
28
28
45
28
48
30
30
48
48
33
33
11
11
11
11
38
11
11
11
32
41
42
42
15
15
42
42
42
42
12
42
12
12
15
12
12
12
46
46
45
45
45
47
47
47
47
46
46
45
49
48
18
18
45
48
48
18
49
18
18
18
18
3
3
3
49
49
49
49
49
49
32
32
9
49
26
49
49
9
9
49
49
45
45
49
49
49
49
49
49
22
22
22
22
22
21
21
21
22
22
4
3
3
3
4
4
4
4
48
48
3
3
10
10
39
39
39
39
37
37
37
37
9
11
10
10
10
10
11
11
11
11
22
38
38
38
38
38
10
13
13
21
13
13
13
24
21
21
21
11
11
11
11
38
11
11
11
40
40
34
34
30
30
12
28
28
28
28
28
28
28
34
30
30
30
30
30
48
9
49
45
48
34
45
45
45
45
36
36
15
15
15
17
17
18
20
18
18
20
20
20
20
32
32
32
32
32
32
32
32
27
31
13
24
48
23
21
20
33
25
23
23
33
24
23
23
23
45
29
19
19
18
49
49
49
18
18
18
18
18
18
18
48
48
48
48
48
18
18
45
19
15
16
17
17
17
17
17
17
39
39
37
37
39
39
15
15
2
2
2
2
2
2
2
1
38
41
41
40
40
40
40
40
8
41
41
35
40
35
48
29
36
36
36
48
36
36
35
35
35
24
24
24
23
25
24
8
13
13
48
1
29
13
13
13
13
1
47
1
3
1
45
27
44
44
44
47
44
25
25
46
4
25
4
25
46
38
38
41
45
45
44
44
44
44
44
44
33
27
27
27
27
27
27
26
26
26
26
15
12
20
17
20
20
20
11
19
19
20
20
30
30
17
14
14
13
14
14
14
14
14
15
16
16
41
41
41
41
41
41
40
40
40
40
1
1
5
5
5
5
1
1
1
1
5
5
7
7
7
7
7
7
7
5
28
22
20
21
21
19
19
20
19
20
20
40
42
42
42
42
41
41
42
42
42
33
34
30
34
16
34
22
17
22
22
22
22
21
22
21
21
32
13
13
13
16
16
2
2
2
2
2
2
1
7
7
18
18
20
20
7
7
17
17
38
38
38
38
38
38
38
38
38
38
41
41
41
41
41
41
40
40
42
40
5
5
4
4
34
34
34
1
36
34
45
45
45
49
49
49
49
48
48
48
29
29
29
29
29
29
29
29
29
29
33
33
17
17
16
16
32
32
16
16
20
29
18
37
46
18
47
43
47
47
47
47
47
47
12
12
12
12
12
12
12
12
22
14
33
33
34
34
34
29
5
21
23
45
29
33
34
34
34
34
48
1
1
5
5
5
5
1
1
1
1
26
29
48
49
19
19
19
19
19
19
26
26
19
49
29
40
40
23
5
5
7
7
5
7
7
8
7
7
0
0
0
0
0
0
5
5
5
5
47
47
42
42
42
42
42
42
42
42
33
42
42
32
32
35
23
11
23
23
26
26
23
23
23
23
2
1
2
2
2
2
2
2
31
33
33
33
31
31
31
31
31
31
29
4
4
4
4
4
1
1
1
1
1
18
18
18
18
48
48
48
18
18
18
34
36
34
34
34
40
2
2
2
2
1
2
2
2
38
19
19
19
19
19
38
20
20
29
29
3
35
35
35
35
35
35
35
35
20
20
20
20
16
16
19
19
34
34
34
17
20
21
21
21
21
22
22
22
22
22
22
43
43
35
43
43
43
36
36
43
16
16
16
35
2
2
1
2
2
2
2
25
1
35
20
17
20
20
20
20
19
20
19
19
35
8
8
8
8
46
8
46
46
46
46
0
0
0
0
0
0
28
1
4
4
4
9
3
3
3
26
26
26
27
3
27
28
27
27
46
34
34
1
1
4
4
4
4
1
1
4
1
25
25
25
25
27
46
25
25
25
25
36
36
1
1
6
6
6
6
6
6
6
6
4
6
31
31
33
33
31
31
31
31
31
31
11
11
10
10
11
11
11
11
11
11
45
28
45
3
9
9
9
9
3
3
3
3
19
19
26
26
26
19
19
19
19
19
23
23
26
23
23
23
23
23
23
21
36
6
6
6
6
6
6
6
6
6
6
36
36
35
35
15
15
15
40
16
16
17
16
17
17
16
16
16
16
30
30
28
28
30
28
28
28
28
28
4
4
4
4
4
4
1
1
1
1
32
32
32
32
32
32
32
32
47
47
45
45
46
46
46
47
13
46
46
39
32
24
44
33
33
33
29
29
32
32
35
27
35
35
35
35
35
35
46
45
47
10
29
29
29
10
29
29
29
29
30
30
30
24
24
21
46
46
26
36
36
36
36
36
36
35
35
28
35
8
8
37
8
46
37
46
46
8
8
26
26
25
25
27
27
25
26
25
25
44
39
39
39
39
41
38
38
38
14
14
14
14
39
13
14
14
0
0
16
16
17
17
0
0
16
16
42
15
15
15
3
26
26
25
25
27
27
27
27
26
26
37
37
37
37
37
37
37
37
39
6
12
12
12
12
12
15
12
12
45
15
15
24
27
43
25
30
30
30
24
24
24
24
45
3
35
28
31
31
9
3
36
36
34
36
2
2
1
2
45
2
44
27
27
26
26
32
27
27
27
26
26
45
34
34
43
43
43
43
34
44
43
45
36
34
29
30
29
29
29
29
29
29
29
29
5
5
7
7
7
7
7
7
5
5
32
28
28
28
28
28
30
28
28
47
47
30
30
46
47
47
47
10
21
23
23
23
23
23
23
23
23
26
19
19
39
39
49
32
0
0
0
0
0
15
15
15
15
17
17
17
17
17
17
31
31
33
33
33
33
33
31
31
31
2
1
2
2
39
39
39
39
39
39
39
41
10
39
13
13
21
21
24
21
13
13
21
13
21
21
21
24
9
9
13
21
11
11
9
11
10
10
10
10
40
41
41
12
12
41
14
14
14
14
14
14
14
14
41
33
33
32
33
32
32
27
32
24
10
10
10
10
9
9
34
9
4
9
3
14
14
14
14
14
14
14
14
30
30
29
8
48
29
48
29
29
29
29
8
47
35
46
47
47
47
47
35
46
36
35
35
35
35
35
24
24
24
30
43
43
30
30
43
43
43
43
24
24
21
21
21
22
22
22
22
22
22
22
3
3
3
3
3
3
4
4
4
4
31
49
9
9
36
0
45
45
47
36
46
46
48
48
48
3
23
23
23
23
23
3
3
3
9
41
13
13
4
4
4
4
4
4
13
44
13
13
24
11
9
10
10
10
10
11
11
11
11
13
28
35
35
35
36
36
36
36
36
36
49
49
49
49
32
32
49
49
49
49
24
24
24
24
25
25
25
24
39
39
39
39
37
37
37
37
22
22
22
22
22
22
21
21
21
21
40
27
27
27
26
26
27
27
26
26
43
11
37
37
37
37
39
39
37
37
10
10
3
3
4
4
4
4
3
3
4
3
45
36
21
24
35
29
30
30
48
48
48
48
48
45
45
45
45
45
43
43
43
43
28
43
43
13
13
24
34
21
21
21
13
13
19
16
15
15
15
12
12
12
12
12
22
12
12
15
12
3
3
44
22
22
44
44
44
44
19
22
21
21
22
22
22
22
40
40
0
0
0
0
5
5
5
5
0
0
16
18
18
18
24
17
30
30
30
30
49
49
18
26
26
3
3
26
26
9
9
9
9
16
28
28
28
28
28
28
30
30
30
17
17
16
16
16
16
44
32
8
8
44
44
33
33
48
48
46
46
8
8
8
8
40
40
40
40
43
43
41
40
43
43
43
43
45
45
24
24
24
24
24
24
23
24
25
23
11
11
11
11
11
11
38
11
11
19
19
19
19
23
23
26
26
40
40
43
40
41
41
19
19
47
47
47
47
23
47
43
43
41
41
49
4
6
44
44
44
44
6
6
6
6
6
6
6
6
14
14
14
14
13
13
14
13
15
15
12
12
15
15
12
12
12
12
15
15
15
36
37
37
37
37
37
37
37
37
39
39
36
15
15
5
7
7
7
7
7
7
7
31
31
33
33
33
33
5
5
15
41
41
40
15
40
40
40
40
0
0
0
2
2
2
41
41
42
15
15
15
30
30
30
30
28
28
28
44
28
29
31
27
31
31
33
31
33
33
33
33
17
17
16
20
16
16
20
20
20
20
5
16
16
16
7
7
7
5
8
7
7
7
10
46
10
47
46
47
47
40
40
47
47
29
25
25
25
27
25
25
25
25
25
25
20
17
38
38
38
38
38
38
38
38
38
38
38
10
10
39
39
39
39
37
37
37
37
39
43
43
8
46
43
46
12
47
47
30
8
8
46
8
8
8
46
46
46
46
46
9
6
6
6
6
6
6
6
6
6
6
27
27
27
27
27
27
26
26
26
26
10
10
39
37
37
37
39
39
39
39
8
8
8
8
8
8
48
48
48
48
27
27
18
27
27
0
0
0
0
27
27
12
12
12
15
12
12
12
12
15
15
8
8
48
48
48
48
8
8
8
8
36
36
36
36
35
35
35
35
35
29
28
46
46
46
46
8
46
8
8
8
8
30
22
21
21
21
22
22
22
22
22
22
16
28
18
18
16
17
17
17
18
16
16
16
16
44
37
46
46
46
8
8
37
37
6
8
49
17
18
18
18
18
18
18
18
18
31
31
31
31
33
33
31
31
31
31
42
42
42
42
42
42
42
42
17
17
42
42
17
17
17
17
10
10
10
10
9
9
9
9
9
9
44
44
9
41
40
41
41
40
40
40
40
32
41
41
31
36
31
31
36
34
36
36
31
31
41
41
41
