2575 5002 001
862 7 2362 5 2 6 2515 3 
2514 5 1 6 3 7 861 8 
4 4 1286 4 2 7 865 4 
3 4 2512 2 863 3 17 4 
971 3 6 4 12 3 263 2 
262 5 5 4 970 6 2367 6 
1257 3 2121 4 8 7 178 6 
1256 7 2120 5 30 8 7 7 
969 6 265 7 10 8 16 10 
264 3 11 4 9 8 968 4 
967 3 267 4 10 4 12 3 
5 3 966 3 11 3 266 4 
14 6 965 6 269 9 1044 10 
13 6 964 5 268 4 15 8 
16 9 271 5 14 8 963 8 
962 5 270 6 15 9 9 10 
858 8 2519 9 4 4 18 4 
857 2 2518 3 21 1 17 4 
2376 2 20 3 1362 3 1610 2 
19 3 1609 6 1361 3 26 4 
2517 3 25 3 1733 2 18 1 
23 4 1153 6 29 4 1604 6 
1603 3 1152 6 22 4 24 4 
454 3 1602 2 290 5 23 4 
2516 3 859 5 21 3 323 4 
1608 3 27 5 1147 7 20 4 
28 3 26 5 1607 7 1146 5 
29 3 1150 2 27 3 1606 1 
28 3 22 4 1605 3 1148 4 
1265 5 249 5 8 8 31 7 
33 7 1264 7 2114 4 30 7 
1284 5 1827 4 1229 5 388 6 
2117 4 31 7 37 8 1263 4 
35 4 2378 8 851 5 1792 11 
34 4 850 2 36 4 1791 2 
853 6 35 4 145 7 1790 7 
1262 9 2116 6 43 7 33 8 
1788 2 145 4 39 3 847 3 
846 4 40 5 38 3 1787 6 
39 5 1786 4 41 7 849 7 
1785 5 848 5 40 7 42 7 
146 6 855 6 41 7 1794 6 
1261 3 37 7 44 3 2111 5 
49 2 43 3 1260 2 2110 3 
1990 5 48 3 46 5 
2106 5 50 4 45 5 
48 2 2138 4 53 3 
45 3 47 2 2107 2 
44 2 2113 3 1259 2 51 6 
46 4 1987 4 
2361 7 1258 8 49 6 2112 6 
547 7 53 7 1967 12 
1391 4 52 7 47 3 
55 5 57 5 1727 5 952 6 
1726 6 54 5 214 6 866 6 
57 5 956 6 1735 10 59 5 
56 5 1734 3 54 5 957 5 
61 7 954 6 59 5 1737 5 
1736 5 955 6 58 5 56 5 
960 7 1731 5 63 4 61 4 
961 6 58 7 60 4 1730 6 
2400 8 860 7 63 8 958 6 
959 5 62 8 60 4 1732 7 
142 3 450 3 1637 3 65 2 
141 2 347 4 66 4 64 2 
2173 8 144 7 70 5 65 4 
1770 6 68 6 311 8 
1982 2 67 6 1769 3 
779 4 260 3 261 2 974 3 
2193 3 143 3 66 5 292 3 
72 8 980 7 261 6 781 5 
780 6 71 8 73 7 979 7 
72 7 74 4 783 5 978 7 
895 8 73 4 977 3 782 5 
2433 6 1766 3 289 4 
448 6 138 4 1641 3 
78 1 1768 2 289 3 
1767 5 79 4 77 1 
1762 7 78 4 80 7 
1761 5 79 7 81 7 
1764 7 80 7 311 6 
599 5 447 8 893 5 1187 8 
84 7 444 6 1186 5 1489 6 
83 7 1486 4 1185 6 447 8 
1485 5 2134 9 1591 7 1440 4 
256 5 1964 6 1962 6 
1048 7 465 5 492 5 654 7 
2339 3 587 2 644 3 113 3 
465 3 494 5 96 5 2442 4 
587 4 2337 5 466 5 115 5 
92 4 496 2 94 5 1782 5 
91 4 2466 6 2481 4 495 5 
498 3 654 4 1771 3 94 5 
2470 5 91 5 497 8 93 5 
500 6 96 5 288 8 1851 6 
2067 8 499 5 95 5 89 5 
606 7 112 5 98 4 2347 6 
644 2 2346 3 97 4 111 2 
110 9 1936 2 
135 4 799 5 101 5 1629 4 
134 4 798 6 100 5 106 3 
2399 6 127 5 109 3 103 2 
126 4 1045 3 104 2 102 2 
804 3 129 6 105 5 103 2 
298 8 1024 6 104 5 128 6 
107 2 131 3 2414 2 101 3 
106 2 130 4 2412 3 108 2 
109 2 1061 4 133 2 107 2 
132 3 108 2 1057 6 102 3 
99 9 1679 9 1046 10 1934 10 
114 6 2465 3 112 3 98 2 
2466 5 97 5 2481 3 111 3 
2463 3 114 6 88 3 116 4 
113 6 644 6 111 6 2464 8 
116 4 2461 6 118 6 90 5 
115 4 587 3 113 4 2462 7 
467 6 2459 7 120 7 118 8 
466 6 2460 6 115 6 117 8 
469 4 1908 4 120 6 2457 4 
2458 6 119 6 468 6 117 7 
122 7 981 6 
123 5 121 7 1840 8 
122 5 1836 3 124 4 
125 3 2363 4 123 4 
2515 1 124 3 201 4 2362 3 
238 6 103 4 127 7 129 8 
132 5 102 5 237 5 126 7 
236 5 2530 5 129 7 105 6 
104 6 128 7 235 7 126 8 
133 4 234 5 107 4 131 5 
233 3 106 3 134 4 130 5 
127 5 109 3 232 5 133 3 
130 4 231 6 108 2 132 3 
101 4 135 3 1252 2 131 4 
100 4 976 3 243 4 134 3 
679 5 453 6 
138 3 1344 3 448 5 140 3 
137 3 1343 4 76 4 
142 3 1342 3 140 4 450 3 
139 4 137 3 1341 7 449 6 
1340 7 65 2 142 3 144 5 
139 3 64 3 141 3 1339 5 
359 4 70 3 1338 4 144 5 
1337 7 66 7 143 5 141 5 
38 4 1789 10 852 5 36 7 
42 6 1793 5 854 9 1899 7 
154 4 2087 3 148 3 1478 5 
1477 3 2086 5 149 4 147 3 
2085 4 148 4 150 4 1480 5 
149 4 1479 6 155 4 2084 7 
152 2 2561 2 1474 3 2091 2 
153 6 151 2 1473 6 2090 2 
152 6 1476 7 2089 10 154 7 
147 4 1475 7 2088 5 153 7 
2093 5 156 6 150 4 1482 4 
1481 5 155 6 2092 7 2123 8 
247 7 158 6 452 5 
157 6 244 6 451 3 1308 3 
192 8 1949 6 1206 7 1212 4 
1321 7 161 10 1102 7 2147 11 
162 4 160 10 1101 5 1322 7 
1323 3 161 4 1103 2 
1232 5 164 6 1568 3 
165 6 2507 5 1231 7 163 6 
1570 5 1230 4 164 6 167 6 
2546 2 1613 6 2264 4 336 3 
1235 5 168 7 1573 5 165 6 
1234 5 1177 5 167 7 1572 5 
1013 9 170 5 911 5 
2104 5 910 6 169 5 
172 4 2548 6 338 5 2264 5 
341 2 171 4 1618 6 2549 6 
1212 3 1943 3 896 6 1210 7 
677 5 175 5 
914 6 176 5 174 5 
175 5 913 5 1013 8 
698 4 1947 7 1619 4 1617 9 
179 6 1069 4 1871 5 7 6 
1068 5 178 6 180 3 1870 5 
1589 1 1067 3 181 3 179 3 
1872 4 182 6 180 3 1066 4 
1875 5 183 6 181 6 1065 5 
184 4 182 6 1874 5 1064 4 
183 4 1063 3 1877 4 185 6 
1876 7 1062 10 186 8 184 6 
1071 5 1879 6 185 8 187 6 
1070 4 1590 3 186 6 381 3 
1621 7 2306 5 2552 5 342 6 
198 9 527 5 2289 4 
1424 6 191 6 195 5 1205 6 
454 4 1423 6 190 6 1204 8 
199 5 193 5 159 8 1483 9 
192 5 194 3 1427 4 1206 4 
193 3 1426 5 1209 4 195 4 
1208 4 194 4 190 5 1425 3 
197 7 1432 6 1211 4 1371 6 
196 7 1431 9 1210 9 896 8 
2288 8 2387 10 189 9 526 7 
896 4 192 5 1212 1 1429 2 
2113 3 636 3 1283 3 1285 3 
1173 7 125 4 
203 7 582 9 925 9 205 8 
210 2 924 7 581 3 202 7 
927 5 580 4 207 8 205 6 
926 4 579 4 202 8 204 6 
209 6 578 4 929 8 207 7 
928 8 577 6 206 7 204 8 
209 6 931 7 220 3 576 6 
206 6 208 6 575 6 930 5 
203 2 933 2 
786 6 1521 8 218 6 1165 8 
2516 7 1161 8 219 10 686 9 
1523 3 214 5 1165 4 310 3 
312 7 213 5 55 6 1522 5 
216 3 1517 6 730 4 
309 4 215 3 217 4 1516 6 
218 3 216 4 710 4 1519 6 
729 6 217 3 1518 4 211 6 
220 4 2105 6 212 10 689 6 
688 7 219 4 208 3 2520 5 
2535 4 222 3 228 5 
221 3 223 5 2534 5 
222 5 224 5 2537 5 
402 2 223 5 2536 5 
502 6 2539 6 226 7 230 4 
227 5 501 5 225 7 2538 6 
226 5 228 5 2541 3 
227 5 221 5 2540 5 
230 3 2533 4 1707 5 504 3 
229 3 2532 2 503 4 225 4 
133 6 232 8 234 7 1971 5 
237 5 132 5 231 8 1970 7 
1252 1 131 3 234 3 1973 2 
1972 4 130 5 233 3 231 7 
238 5 236 5 1975 4 129 7 
235 5 1974 4 128 5 414 4 
232 5 238 4 127 5 1977 5 
235 5 126 6 237 4 1976 6 
1569 3 242 4 240 4 1519 7 
245 4 1518 4 2491 3 239 4 
1571 8 1239 5 242 4 1517 8 
241 4 2501 5 239 4 1516 5 
1981 4 135 4 1252 3 258 8 
425 9 158 6 999 8 247 7 
240 4 246 3 1567 5 1521 6 
1251 3 245 3 1520 4 1566 4 
157 7 426 4 244 7 
2115 3 1850 3 2043 3 2333 4 
2120 2 584 3 2114 2 30 5 
632 7 583 8 585 6 2117 4 
252 4 1433 5 253 5 1965 4 
251 4 1964 4 256 3 1434 3 
1437 6 251 5 
257 8 1418 6 
259 4 2051 5 2115 5 1846 8 
86 5 257 8 252 3 1443 3 
256 8 1962 9 538 11 254 8 
260 8 976 7 243 8 777 7 
2050 4 1845 3 255 4 2118 3 
258 8 975 6 69 3 776 5 
69 2 778 5 973 5 71 6 
263 3 6 5 1961 5 439 5 
262 3 5 2 266 3 1960 3 
10 3 1954 5 265 2 267 3 
270 3 1953 5 9 7 264 2 
1058 5 12 4 267 5 263 3 
11 4 1951 5 264 3 266 5 
271 1 14 4 1989 2 269 7 
380 8 1957 7 13 9 268 7 
271 2 265 3 1956 5 16 6 
270 2 268 1 15 5 1955 2 
1253 5 281 6 273 7 2136 7 
2135 6 272 7 1908 5 469 5 
275 4 2129 2 824 3 2509 5 
2128 4 276 7 274 4 2508 7 
277 6 1325 7 275 7 2127 5 
1942 2 276 6 2126 5 278 4 
2133 4 279 4 277 4 2505 4 
278 4 280 2 2132 3 2504 3 
281 3 1933 3 279 2 2131 3 
280 3 272 6 2506 6 2130 6 
909 4 356 4 283 5 285 4 
282 5 915 6 355 6 291 8 
287 2 905 2 358 4 285 4 
908 5 357 4 284 4 282 4 
287 4 1428 6 1486 4 352 6 
284 2 351 4 286 4 1489 3 
893 7 354 10 95 8 1428 8 
75 4 77 3 1765 7 
24 5 1152 7 332 7 1753 7 
2275 6 1691 5 292 6 283 8 
2276 4 291 6 359 4 70 3 
1487 5 294 3 1594 8 1722 2 
1721 4 293 3 1593 3 295 3 
296 7 1720 4 294 3 1596 5 
1595 8 295 7 1719 7 1464 9 
640 3 298 5 304 3 2531 3 
2530 7 105 8 297 5 639 8 
1600 1 1716 3 1470 5 300 1 
1715 1 1599 6 812 4 299 1 
2527 6 308 4 302 7 633 6 
632 8 301 7 2526 9 303 10 
2529 7 304 8 1250 8 302 10 
2528 7 297 3 303 8 630 4 
2523 10 1255 7 2273 7 306 7 
2522 4 307 7 636 4 305 7 
306 7 2525 7 635 9 308 6 
301 4 2524 4 634 3 307 6 
216 4 730 5 2200 5 710 4 
312 5 794 8 2195 5 213 3 
1763 3 67 8 81 6 
214 7 2194 4 310 5 866 7 
314 6 1807 4 320 4 1819 4 
313 6 1808 7 315 6 1818 6 
1805 8 314 6 1047 3 316 4 
1292 6 1806 4 1820 4 315 4 
322 1 1811 6 1508 4 1059 3 
1337 5 1095 2 1506 6 1509 4 
1174 4 320 4 1508 5 1835 5 
313 4 319 4 1176 6 1834 6 
322 2 459 2 1149 4 2468 4 
317 1 321 2 1151 4 2467 1 
1729 4 25 4 1646 4 2105 4 
325 1 2484 2 334 3 761 7 
326 2 2483 2 324 1 760 1 
325 2 327 3 759 4 2486 5 
326 3 328 5 758 4 2485 4 
765 7 329 10 2488 5 327 5 
330 9 328 10 2487 9 764 8 
329 9 763 3 2490 4 331 7 
762 5 2489 6 1656 8 330 7 
454 5 1754 4 290 7 1204 9 
757 5 334 6 2495 6 508 4 
756 6 333 6 2494 7 324 3 
799 5 1590 3 349 4 2453 5 
339 4 2490 3 337 5 166 3 
2489 5 1613 8 336 5 423 6 
341 3 2488 4 339 5 171 5 
338 5 336 4 2264 5 2487 5 
343 5 341 5 2486 8 1618 9 
338 3 172 2 340 5 2485 3 
343 4 2484 5 345 7 188 6 
342 4 2306 3 340 5 2483 2 
472 2 2495 4 1622 5 345 5 
1621 8 342 7 2494 8 344 5 
1318 7 1405 9 2556 6 1638 6 
65 4 922 4 1637 5 2173 8 
1562 3 2401 5 1145 3 
335 4 1879 4 798 5 428 3 
1637 5 916 10 450 5 1639 4 
287 4 1881 7 352 6 358 6 
353 4 351 6 286 6 1880 4 
354 6 352 4 1592 6 1428 4 
353 6 288 10 500 8 1878 7 
1691 3 1885 5 356 5 283 6 
1884 3 355 5 357 4 282 4 
1883 6 356 4 285 4 358 4 
1882 4 284 4 351 6 357 4 
1691 3 1898 6 143 4 292 4 
448 5 1641 2 918 3 1639 1 
1129 4 1358 4 431 3 1385 9 
1202 3 374 3 363 3 1436 2 
1201 2 362 3 1422 2 638 3 
367 7 2029 5 709 3 365 4 
708 5 364 4 2030 2 
367 6 369 3 716 7 2015 3 
364 7 366 6 2016 5 715 7 
718 7 371 7 2017 5 369 4 
717 3 2018 4 366 3 368 4 
2019 4 371 6 373 8 712 4 
368 7 711 6 370 6 2020 7 
2021 8 714 6 373 10 524 6 
372 10 2022 9 370 8 713 10 
362 3 1345 3 1199 5 653 4 
438 2 1375 4 1390 4 1124 2 
377 6 379 3 1596 5 666 4 
382 8 1595 7 376 6 665 9 
1441 6 2137 3 1594 8 379 3 
1593 3 376 3 378 3 1439 3 
1833 3 269 8 2109 3 1044 9 
669 1 2108 4 1599 6 187 3 
377 8 672 8 383 7 1598 7 
1597 5 2108 7 671 7 382 7 
1824 6 387 7 385 6 1397 8 
390 3 1039 4 384 6 1823 7 
1822 4 1042 4 2109 2 387 4 
1821 5 1087 5 384 7 386 4 
1036 5 389 4 32 6 391 5 
1827 2 388 4 679 4 1035 3 
1826 3 385 3 391 3 1038 3 
1037 4 390 3 1284 4 388 5 
393 7 775 6 1945 6 1050 5 
392 7 1049 4 774 3 398 3 
395 4 1350 4 2298 5 586 4 
1289 7 1349 3 394 4 400 6 
2290 2 769 5 397 4 
540 7 768 6 396 4 
1056 5 399 3 771 2 393 3 
2299 4 398 3 770 6 1055 4 
1831 7 395 6 401 4 1348 7 
1347 3 400 4 
2303 4 224 2 
1749 4 637 5 
2529 3 407 3 405 6 1777 4 
2528 9 1776 8 413 8 404 6 
409 1 1779 3 2527 4 407 2 
404 3 2526 6 1778 5 406 2 
409 4 411 8 1773 6 2525 6 
406 1 408 4 2524 3 1772 1 
1775 7 608 4 2523 8 411 7 
408 8 1774 7 410 7 2522 6 
771 5 2340 4 1319 4 876 6 
414 5 405 8 1781 6 2531 6 
1780 5 236 4 413 5 2530 4 
2503 6 568 6 418 6 416 6 
572 5 2502 5 567 5 415 6 
420 4 418 3 1911 5 570 6 
569 3 417 3 2500 6 415 6 
420 6 422 4 2499 4 564 4 
419 6 417 4 2498 6 563 6 
424 5 422 6 2497 8 566 6 
565 6 419 4 421 6 2496 4 
424 3 2511 4 337 6 574 6 
421 5 423 3 2510 2 573 1 
244 9 426 6 572 7 567 7 
425 6 247 4 571 4 
2493 5 2384 4 2064 3 1330 5 
1876 4 2414 3 1999 5 349 3 
1403 3 1642 4 2558 4 1640 7 
734 5 1375 4 1969 5 1124 2 
432 1 1770 1 361 3 434 3 
431 1 1769 3 591 2 1358 2 
1386 3 434 4 1764 5 436 3 
1385 9 431 3 433 4 1763 3 
436 6 1390 7 438 5 1762 8 
435 6 1761 3 433 3 2370 4 
440 9 438 8 1375 10 1768 9 
1767 5 375 2 435 5 437 8 
1766 4 440 4 262 5 2367 6 
2366 3 439 4 1765 6 437 9 
920 5 2276 4 1194 3 442 8 
2275 8 445 8 441 8 1193 8 
444 4 1192 5 446 4 908 4 
443 4 83 6 905 3 1191 7 
915 4 442 8 1190 2 446 4 
909 5 445 4 443 4 1189 5 
82 8 84 8 1188 7 894 7 
449 8 76 6 137 5 360 5 
1639 4 448 8 140 6 450 5 
64 3 350 5 139 3 449 5 
2301 4 1088 7 158 3 452 2 
2300 3 157 5 451 2 
2300 6 879 7 136 6 
191 4 24 3 332 5 1601 5 
462 6 2335 4 456 6 2253 5 
457 7 455 6 2336 5 2252 6 
456 7 823 8 458 9 2027 6 
463 6 457 9 822 7 2028 8 
2249 4 321 2 2025 3 460 4 
461 4 2026 5 2248 7 459 4 
2251 3 460 4 462 4 2023 4 
455 6 2024 6 461 4 2250 10 
827 3 464 2 458 6 2315 1 
463 2 2509 5 824 3 2317 4 
87 5 89 3 1387 3 493 1 
2344 2 90 5 467 4 118 6 
468 5 117 6 2343 7 466 4 
467 5 2342 7 120 6 469 4 
119 4 2341 8 468 4 273 5 
1558 3 2272 5 473 4 471 4 
1450 3 2271 4 476 5 470 4 
1560 2 344 2 473 3 2270 1 
472 3 1452 6 470 4 2269 6 
2268 5 1978 11 475 7 477 7 
2563 6 474 7 478 3 2267 5 
2266 4 477 5 471 5 1556 5 
2265 5 476 5 474 7 1448 5 
2274 4 475 3 1445 2 479 3 
2273 5 1444 5 478 3 1255 5 
730 5 2192 4 
1171 9 1413 7 482 6 490 6 
1412 5 481 6 1546 2 2472 3 
484 5 2318 4 1485 3 1440 2 
1438 5 483 5 1554 5 485 6 
486 3 1421 7 484 6 2316 4 
485 3 487 2 1552 3 1420 4 
1415 5 488 4 1551 7 486 2 
489 8 487 4 1414 4 1550 4 
488 8 490 6 1549 8 1417 13 
489 6 1416 3 1548 2 481 6 
498 4 654 5 492 3 1684 3 
87 5 1683 1 491 3 493 1 
494 3 1682 4 465 1 492 1 
1681 4 499 5 493 3 89 5 
1688 6 496 3 1667 3 92 5 
495 3 1687 1 497 5 91 2 
1686 8 498 6 496 5 94 8 
491 4 93 3 1685 4 497 6 
494 5 96 5 1690 5 500 6 
1689 6 95 6 354 8 499 6 
226 5 502 4 
225 6 501 4 503 6 
504 4 230 4 502 6 
1670 2 503 4 229 3 
739 3 1358 3 1129 3 650 3 
515 3 2274 5 609 4 507 4 
608 4 2523 8 2273 5 506 4 
2270 1 613 2 509 3 333 4 
508 3 612 7 2269 6 510 5 
611 8 2272 6 511 4 509 5 
610 4 2271 3 510 4 512 5 
2266 5 513 5 617 7 511 5 
512 5 616 2 2265 4 514 4 
615 6 2268 3 515 4 513 4 
506 3 514 4 2267 4 614 3 
517 4 523 5 2240 5 533 4 
516 4 532 5 2241 4 518 3 
519 3 1837 7 517 3 1505 5 
678 3 821 3 518 3 674 4 
2244 5 521 7 525 5 529 6 
2245 7 520 7 528 5 522 7 
2246 5 531 4 523 5 521 7 
530 8 516 5 2247 4 522 5 
525 5 796 6 537 3 372 6 
536 3 524 5 520 5 1454 4 
527 3 1703 3 993 7 198 7 
526 3 1704 3 189 5 
1417 8 521 5 529 4 531 2 
536 4 1416 6 528 4 520 6 
531 7 523 8 533 7 1415 9 
530 7 1414 3 522 4 528 2 
517 5 1421 8 1837 9 533 5 
530 7 516 4 532 5 1420 5 
2411 7 690 7 1280 5 535 6 
2410 5 534 6 
537 1 529 4 525 3 1413 2 
536 1 1412 5 714 3 524 3 
1443 6 257 11 1119 10 1418 9 
546 5 627 6 540 7 
626 6 397 7 539 7 
542 7 1810 6 1194 5 2295 6 
1193 5 541 7 1809 7 1725 4 
623 4 544 3 550 6 
545 3 543 3 622 4 
625 7 544 3 546 4 
539 5 545 4 624 8 
548 4 52 7 1086 4 
549 6 547 4 618 4 
621 6 548 6 550 7 
620 8 549 7 543 6 
2121 2 639 4 1126 5 1281 4 
913 5 911 4 1013 8 1857 2 
1929 7 1243 5 560 5 554 6 
1242 5 1928 6 555 8 553 6 
1927 7 556 7 1245 8 554 8 
1244 3 2221 5 555 7 1926 3 
558 2 1925 3 562 4 1247 4 
557 2 1246 4 1924 3 559 4 
560 5 1923 4 1249 9 558 4 
559 5 1248 4 553 5 1922 7 
562 7 723 7 1241 8 1919 6 
561 7 557 4 1918 3 1240 3 
570 8 995 8 564 4 420 6 
563 4 565 6 996 2 419 4 
997 7 422 6 566 6 564 6 
998 5 565 6 573 2 421 6 
416 5 568 5 425 7 999 6 
415 6 569 3 1000 6 567 5 
418 3 570 6 568 3 1237 2 
569 6 563 8 417 6 2542 8 
856 3 426 4 572 5 
425 7 416 5 1254 5 571 5 
574 4 1207 2 566 2 424 1 
573 4 1613 8 992 5 423 6 
576 6 209 6 1915 6 578 4 
1914 9 688 10 575 6 208 6 
1917 4 578 3 207 6 580 2 
206 4 577 3 1916 2 575 4 
205 4 1864 3 582 5 580 2 
577 2 1862 2 204 4 579 2 
582 5 1921 2 203 3 
581 5 579 5 202 9 1920 8 
584 6 250 8 1250 7 2114 5 
583 6 1281 5 249 3 630 3 
2116 4 932 6 633 6 250 6 
1289 7 394 4 1287 6 2390 4 
90 4 88 2 116 3 2338 3 
2166 4 589 7 595 8 
2165 7 588 7 2398 6 590 5 
2168 3 2397 2 591 2 589 5 
2167 4 2396 5 432 2 590 2 
2395 4 593 4 2162 4 597 6 
2161 6 592 4 594 3 
593 3 595 6 2164 6 
588 8 594 6 2163 10 
2170 5 745 7 2393 8 597 8 
2169 8 592 6 2392 7 596 8 
1409 2 599 3 2067 7 601 5 
82 5 598 3 1408 7 1851 5 
1387 5 601 6 603 4 1612 4 
2442 5 1041 4 600 6 598 5 
1752 6 1040 8 603 5 605 6 
1396 4 1048 4 602 5 600 4 
1395 4 607 4 2470 3 605 4 
1771 4 1394 5 604 4 602 6 
1393 6 97 7 607 6 2481 5 
604 4 1782 6 606 6 1392 4 
507 4 1580 3 609 4 410 4 
1579 7 608 4 614 4 506 4 
611 8 511 4 1586 6 617 6 
510 8 612 10 610 8 1585 7 
1588 8 613 6 611 10 509 7 
612 6 508 2 1587 7 757 3 
1582 5 615 5 609 4 515 3 
614 5 514 6 1581 5 616 4 
1584 3 617 4 513 2 615 4 
512 7 616 4 610 6 1583 6 
1086 4 621 4 1032 6 548 4 
2076 4 1099 4 1085 5 2469 2 
621 7 1030 8 623 6 550 8 
549 6 1029 3 620 7 618 4 
1028 5 625 8 623 5 544 4 
543 4 1027 5 620 6 622 5 
1026 8 625 11 627 9 546 8 
1025 7 624 11 545 7 622 8 
540 6 627 5 1034 4 768 5 
539 6 626 5 1033 5 624 9 
2565 7 2071 6 629 5 1507 3 
2070 4 899 5 628 5 2564 4 
640 4 304 4 1250 4 584 3 
641 6 883 6 637 9 1198 8 
250 7 633 7 1250 6 302 8 
634 5 632 7 585 6 301 6 
633 5 308 3 635 6 932 5 
636 6 634 6 1283 6 307 9 
635 6 306 4 200 3 1255 4 
881 6 1197 7 403 5 631 9 
641 3 888 4 1196 6 363 3 
640 6 551 4 298 8 1024 6 
639 6 630 4 297 3 1281 6 
886 3 1195 3 638 3 631 6 
2170 3 1257 2 643 5 819 3 
647 6 1256 6 2169 7 642 5 
98 2 88 3 114 6 2340 2 
646 5 648 4 1263 2 2164 7 
645 5 2163 8 651 8 1262 8 
2162 5 643 6 648 5 1265 4 
1264 6 2161 6 645 4 647 5 
1259 2 652 4 2168 4 650 3 
649 3 505 3 2167 4 1258 5 
652 7 2166 6 1261 5 646 8 
651 7 2165 5 1260 4 649 4 
1200 3 878 5 1514 5 374 4 
1752 5 491 5 87 7 93 4 
2041 2 2203 3 656 5 
655 5 659 5 2040 7 2202 9 
658 4 2211 3 660 5 2037 4 
657 4 2210 7 663 5 2036 5 
660 6 2209 3 656 5 2039 4 
657 5 659 6 2038 8 2208 10 
2033 4 664 5 2207 5 662 7 
1143 7 2206 8 661 7 2032 7 
664 5 2205 4 2035 4 658 5 
663 5 661 5 2204 5 2034 7 
2449 7 377 9 666 7 672 9 
2450 5 1439 4 376 4 665 7 
1167 3 668 2 832 4 2436 2 
667 2 2435 7 1471 6 1166 4 
381 1 670 1 1590 1 2453 3 
2454 2 669 1 2108 4 671 4 
672 8 2455 5 670 4 383 7 
671 8 2456 7 382 8 665 9 
2137 4 2445 4 674 5 1441 7 
2446 4 2134 8 519 4 673 5 
676 7 2440 5 1472 6 1163 5 
2439 5 675 7 1162 4 
914 6 1858 7 174 5 
519 3 2134 7 1837 7 1440 2 
389 4 879 6 136 5 
683 6 841 6 1175 5 681 5 
1173 5 680 5 840 4 
685 6 843 7 1172 4 683 6 
1170 5 680 6 842 5 682 6 
687 7 837 6 685 6 1169 6 
682 6 1168 4 684 6 836 5 
839 6 687 6 689 5 212 9 
684 7 838 7 686 6 1161 5 
220 7 576 10 689 9 845 7 
844 6 686 5 688 9 219 6 
1116 5 691 5 534 7 2152 8 
690 5 1115 5 2151 5 
2183 9 2221 9 693 9 1926 7 
706 8 2182 7 692 9 2220 5 
1395 4 1614 4 1488 4 695 4 
1986 5 1394 5 696 3 694 4 
1620 1 1040 5 695 3 697 2 
698 2 1619 2 696 2 1396 4 
177 4 697 2 699 3 1612 2 
1041 3 1783 3 1617 8 698 3 
2215 2 2185 5 701 3 703 5 
2184 2 2214 3 700 3 870 6 
703 9 705 8 2213 7 2187 10 
2186 5 702 9 700 5 2212 5 
2189 3 705 4 2219 4 707 5 
2188 5 702 8 704 4 2218 3 
693 8 2191 7 2217 6 707 8 
2216 4 706 8 2190 6 704 5 
2001 7 365 5 709 4 
364 3 2000 4 715 3 708 4 
729 7 2199 7 217 4 309 4 
718 6 1998 3 712 4 371 6 
713 6 711 4 370 4 1997 5 
712 6 1996 8 714 6 373 10 
713 6 372 6 1995 7 537 3 
1994 6 716 8 709 3 367 7 
366 7 715 8 717 7 1993 7 
369 3 718 6 1992 5 716 7 
368 7 711 6 1991 7 717 6 
1082 4 726 4 1737 3 720 2 
1081 2 1736 4 721 3 719 2 
1735 9 720 3 722 5 1084 4 
1734 4 1083 4 721 5 727 8 
1078 8 561 7 724 5 860 5 
725 3 1077 4 1732 6 723 5 
724 3 1731 5 726 3 1080 4 
719 4 1079 4 725 3 1730 5 
1727 7 728 7 722 8 1076 7 
1726 6 727 7 1075 4 1133 3 
218 6 710 7 786 6 2198 9 
309 5 2201 8 480 5 215 4 
732 4 1384 4 734 6 1969 6 
907 7 731 4 1966 4 884 3 
2365 5 734 6 736 5 1124 3 
430 5 733 6 731 6 2364 8 
738 3 1118 3 736 3 2371 5 
1388 5 733 5 735 3 1117 6 
740 4 2369 8 738 6 1963 5 
1959 4 735 3 737 6 2368 5 
505 3 1258 5 740 2 2361 4 
737 4 1129 2 2360 2 739 2 
748 8 742 5 1901 6 2181 8 
1900 1 741 5 2180 3 743 3 
1903 6 2179 6 742 3 744 3 
1902 4 753 2 2178 2 743 3 
2177 5 1905 6 596 7 746 6 
1904 4 2176 4 747 4 745 6 
1907 3 748 5 746 4 2175 3 
1906 6 741 8 747 5 2174 6 
752 7 750 5 2099 4 
2098 7 749 5 755 4 
752 10 2101 8 910 8 2104 7 
749 7 751 10 2100 7 
1910 2 744 2 2172 4 754 3 
1909 4 2171 5 2005 3 753 3 
2097 6 750 4 
334 6 757 5 1399 6 761 10 
333 5 1398 6 756 5 613 3 
1401 5 765 6 327 4 759 5 
1400 3 760 3 326 4 758 5 
761 7 759 3 1403 2 325 1 
760 7 1402 8 756 10 324 7 
1747 3 331 5 763 1 1405 7 
764 2 330 3 762 1 1404 2 
763 2 765 5 1407 3 329 8 
1406 9 764 5 328 7 758 6 
874 5 767 4 769 7 2290 4 
2287 7 766 4 772 4 873 6 
769 7 872 6 397 6 626 5 
768 7 396 5 766 7 871 7 
1319 4 771 5 399 6 773 5 
412 5 770 5 774 2 398 2 
868 5 773 4 767 4 2302 5 
772 4 2299 3 770 5 867 4 
876 3 771 2 393 3 775 2 
1616 4 392 6 875 5 774 2 
2103 9 779 6 260 5 777 4 
1981 3 776 4 1357 4 258 7 
779 7 781 4 261 5 1939 6 
778 7 69 4 776 6 1935 8 
72 6 783 4 781 3 2068 3 
778 4 780 3 892 4 71 5 
785 6 783 6 2031 7 74 5 
782 6 2014 3 780 4 73 5 
912 5 1913 4 785 4 936 6 
782 6 1912 5 895 9 784 4 
211 6 729 6 794 7 2197 2 
792 8 788 8 1356 7 2083 6 
787 8 1355 7 
1799 7 1189 5 1725 3 790 4 
1192 5 1798 2 793 3 789 4 
944 3 2080 5 1354 5 792 5 
787 8 1353 6 791 5 2081 5 
1191 6 795 5 790 3 1797 2 
2196 7 1165 9 786 7 310 8 
1804 6 793 5 797 5 1186 5 
1106 7 524 6 2021 8 1454 5 
802 4 1803 7 1185 4 795 5 
101 6 799 6 349 5 2414 5 
335 5 889 3 100 5 798 6 
958 6 801 10 1714 7 2400 8 
800 10 1555 9 807 6 1713 6 
797 4 1802 5 1813 4 1188 5 
2408 5 2394 3 1706 4 810 5 
104 3 1125 5 1024 4 1045 4 
2406 2 1708 3 2394 2 806 2 
2533 2 1707 3 2407 3 805 2 
808 4 801 6 2404 3 1710 2 
1709 6 809 5 2405 7 807 4 
2402 5 808 5 1712 2 810 4 
2403 8 809 4 1711 4 803 5 
1910 3 812 6 1071 4 814 5 
1909 6 1070 5 811 6 300 4 
816 9 1903 8 1063 6 814 7 
1062 8 811 5 1902 6 813 7 
1065 8 816 11 818 8 1901 8 
815 11 813 9 1064 6 1900 5 
1067 4 818 3 820 2 1907 3 
1906 4 1066 3 815 8 817 3 
1069 2 820 2 642 3 1905 4 
1904 2 819 2 1068 3 817 2 
1505 5 2446 3 1113 3 519 3 
1889 5 458 7 823 6 827 4 
2252 7 457 8 1888 7 822 6 
464 3 1887 3 827 4 274 3 
826 5 831 5 2223 4 1015 4 
2222 3 825 5 1014 3 2372 3 
463 3 1886 3 824 4 822 4 
835 5 2229 6 829 5 1019 7 
830 3 1018 3 828 5 2228 3 
831 3 829 3 2231 5 1017 3 
830 3 1016 4 825 5 2230 2 
1023 4 667 4 2225 5 833 5 
834 5 1022 3 2224 6 832 5 
835 5 2227 6 833 5 1021 6 
1020 2 834 5 828 5 2226 3 
837 5 1120 5 685 5 843 6 
684 6 1119 8 836 5 838 6 
687 7 1958 6 837 6 839 7 
686 6 844 7 838 7 1952 5 
841 5 1979 4 681 4 
840 5 680 6 1123 4 842 5 
843 6 683 5 841 5 1122 8 
842 6 682 7 836 6 1121 7 
689 6 845 4 1132 4 839 7 
1131 3 1914 6 844 4 688 7 
2139 4 39 4 849 6 847 4 
2140 4 852 4 38 3 846 4 
855 4 849 5 41 5 2141 2 
846 6 848 5 2142 8 40 7 
35 2 2143 3 853 4 851 3 
2144 4 34 5 1002 4 850 3 
847 4 2145 3 853 4 145 5 
36 6 2146 3 852 4 850 4 
2147 10 1321 6 855 9 146 9 
848 4 2148 5 854 9 42 6 
1254 3 1838 2 571 3 
2059 4 18 2 858 6 1733 3 
857 6 17 8 863 7 2058 6 
25 5 1729 5 2057 3 1733 4 
62 7 1919 4 1732 6 723 5 
865 5 862 9 2055 7 2 8 
1 7 861 9 2054 7 1866 5 
865 3 2053 6 4 3 858 7 
1113 3 953 4 2446 3 1626 5 
863 3 2052 1 861 5 3 4 
1540 7 952 7 312 7 55 6 
868 5 1319 3 2338 5 773 4 
2337 4 772 5 867 5 873 7 
1985 5 870 6 
1968 8 869 6 1984 9 701 6 
872 6 2342 7 874 5 769 7 
871 6 1034 5 2341 10 768 6 
868 7 767 6 2344 5 874 7 
766 5 2343 7 871 5 873 7 
2347 6 1484 6 775 5 876 6 
774 3 875 6 412 6 2346 5 
1634 2 880 5 2450 3 885 3 
653 5 1938 9 1345 4 2572 4 
1035 5 453 7 679 6 2301 6 
890 9 1633 6 877 5 2449 7 
637 6 1104 3 1749 5 883 3 
885 5 953 5 1814 7 1632 5 
2570 4 886 3 631 6 881 3 
1384 3 2149 2 1215 6 732 3 
882 5 1631 3 2451 5 877 3 
2569 4 641 3 883 3 888 4 
889 4 1630 5 2454 5 891 5 
1422 3 638 4 2568 6 886 4 
887 4 799 3 1629 2 2453 3 
1628 6 2456 7 880 9 891 6 
1627 5 890 6 2455 3 887 5 
1939 6 781 4 2068 4 1684 4 
288 7 1851 5 82 5 894 4 
893 4 1428 5 447 7 1486 3 
74 8 785 9 912 10 983 8 
199 4 173 6 197 8 1430 4 
963 5 2156 2 898 3 900 4 
962 2 2155 5 903 2 897 3 
2154 6 965 6 629 5 900 5 
899 5 964 4 2153 4 897 4 
2160 2 902 8 967 2 904 5 
901 8 2159 9 906 10 966 9 
2158 4 898 2 969 1 904 5 
2157 8 901 5 903 5 968 6 
1489 3 284 2 444 3 908 3 
2150 4 971 4 902 10 907 8 
2149 6 732 7 970 9 906 8 
909 5 285 5 905 3 443 4 
908 5 446 5 282 4 915 5 
170 6 751 8 911 6 1861 5 
169 5 552 4 910 6 1860 7 
784 5 895 10 982 5 2424 4 
552 5 1856 7 914 6 176 5 
175 6 677 6 1859 6 913 6 
2275 4 445 4 909 5 283 6 
923 8 1348 10 917 9 350 10 
1639 3 918 5 916 9 1347 5 
919 5 1346 5 917 5 360 3 
918 5 1641 4 
441 5 2193 5 1352 5 921 5 
922 2 920 5 2173 6 1351 7 
347 4 921 2 1350 3 923 2 
916 8 1349 2 922 2 1637 3 
1379 7 203 7 933 7 925 9 
1378 6 926 5 202 9 924 9 
1377 2 927 3 205 4 925 5 
926 3 204 5 928 5 1376 3 
1383 6 207 8 927 5 929 9 
930 7 206 8 1218 10 928 9 
1381 2 931 6 929 7 209 5 
930 6 2520 9 1380 6 208 7 
1283 5 585 6 2111 6 634 5 
1373 4 924 7 1236 4 210 2 
937 2 935 2 2422 1 2286 4 
940 4 934 2 2285 4 2421 3 
2424 5 937 5 2284 6 784 6 
934 2 2423 5 936 5 2283 3 
939 9 2418 10 941 7 2282 7 
2281 7 2417 4 938 9 942 6 
2420 6 2280 3 935 4 941 4 
2279 8 938 7 940 4 2419 3 
943 3 2278 6 939 6 2416 4 
1096 4 2415 2 942 3 2277 3 
2309 2 945 5 791 3 1200 2 
2310 6 944 5 1199 7 946 7 
945 7 1202 5 2307 6 947 6 
948 5 1201 3 946 6 
947 5 949 4 1196 7 
1195 3 950 4 948 4 
1198 6 949 4 951 5 
950 5 1197 5 
1541 3 957 6 866 7 54 6 
864 4 882 5 2445 4 1625 6 
955 7 58 6 961 5 1537 6 
1536 5 954 7 59 6 956 7 
1539 7 955 7 957 6 56 6 
1538 5 57 5 952 6 956 6 
800 6 959 3 62 6 1533 4 
960 8 958 3 63 5 1532 4 
961 9 959 8 1535 8 60 7 
61 6 960 9 1534 6 954 5 
898 2 16 5 969 1 963 4 
897 5 962 4 964 5 15 8 
965 5 14 5 900 4 963 5 
964 5 899 6 13 6 2070 5 
967 3 971 3 12 3 902 9 
966 3 11 3 901 2 968 3 
969 2 967 3 10 4 904 6 
9 6 968 2 903 1 962 1 
971 5 6 6 1966 6 907 9 
5 3 970 5 906 4 966 3 
984 7 1456 7 986 6 1873 4 
1628 5 980 6 261 5 974 6 
975 6 973 6 1627 6 69 3 
1630 5 260 6 974 6 976 5 
135 3 258 7 1629 3 975 5 
978 6 1632 5 74 3 983 3 
977 6 1631 4 73 7 979 7 
1634 5 980 6 72 7 978 7 
1633 4 979 6 973 6 71 7 
1840 7 1863 4 1873 3 121 6 
1138 4 1626 6 983 3 912 5 
1625 4 982 3 895 8 977 3 
972 7 1455 7 1869 8 
1302 6 1868 5 1458 10 986 6 
985 6 972 6 1867 5 1457 7 
990 5 988 5 2350 6 2381 5 
1001 4 2351 3 2380 5 987 5 
2383 2 2352 3 990 3 1213 3 
987 5 989 3 2353 5 2382 4 
2385 4 1213 3 994 4 2354 4 
2545 5 1207 3 2564 3 574 5 
526 7 2387 10 994 8 2356 8 
2357 4 993 8 991 4 2386 3 
2482 8 996 6 563 8 2542 8 
995 6 564 2 997 3 1324 4 
565 7 996 3 998 6 2492 5 
566 5 1207 5 997 6 1336 5 
1000 7 1308 5 244 8 567 6 
999 7 1237 5 1304 5 568 6 
2379 5 988 4 2358 3 1002 5 
2378 7 1001 5 851 4 2359 6 
1499 3 1004 3 2573 7 1006 4 
1003 3 2572 3 1160 3 1498 3 
2575 5 1497 5 1008 3 1006 3 
1496 4 1005 3 2574 5 1003 4 
1008 5 1010 6 1503 4 2569 5 
2568 6 1007 5 1502 4 1005 3 
1501 5 1104 6 1010 8 1012 6 
1500 7 1007 6 1009 8 2570 6 
1012 4 1494 6 2567 5 1491 5 
1493 6 2566 2 1011 4 1009 6 
169 9 552 8 176 8 
826 3 2556 5 1015 2 1318 6 
1014 2 825 4 1016 3 1317 4 
1314 9 1017 4 831 4 1015 3 
1016 4 1018 3 1313 3 830 3 
829 3 1017 3 1019 5 1316 7 
1020 4 1018 5 828 7 1315 7 
835 2 1310 1 1019 4 1021 3 
1022 4 1309 5 1020 3 834 6 
1312 4 1021 4 1023 2 833 3 
832 4 1167 3 1022 2 1311 4 
804 4 105 6 1126 7 639 6 
625 7 1026 4 1028 4 2131 5 
624 8 1025 4 1033 4 2130 5 
1028 5 623 5 1030 7 2133 5 
1027 5 2132 3 1025 4 622 5 
2127 1 1032 5 621 3 1030 4 
620 8 1027 7 1029 4 2126 7 
2129 3 1086 5 1032 7 1216 4 
1029 5 2128 6 1031 7 618 6 
1026 4 627 5 1034 4 2136 6 
872 5 626 4 2135 4 1033 4 
879 5 389 3 2079 3 1036 4 
388 5 1037 4 2078 5 1035 4 
391 4 2077 9 1038 4 1036 4 
2076 5 1037 4 1039 4 390 3 
2075 7 1397 6 1038 4 385 4 
696 5 1396 7 602 8 1394 7 
699 3 1612 2 1409 1 601 4 
386 4 1043 6 2072 6 1087 5 
1042 6 2071 6 2109 4 1044 10 
2070 9 380 9 13 10 1043 10 
103 3 2399 7 1128 3 804 4 
1680 5 1899 6 1793 4 110 10 
1820 3 1698 5 1818 3 315 3 
87 7 1387 5 603 4 1752 5 
393 4 1050 2 1372 5 1056 6 
1211 2 1371 4 1049 2 392 5 
2290 3 1052 4 
2287 8 1053 7 1051 4 
2302 7 1054 7 1052 7 
1055 4 1053 7 2299 4 
1054 4 1056 6 399 4 
1382 5 398 5 1055 6 1049 6 
1130 6 109 6 2399 9 1061 8 
1960 5 2425 5 266 5 1951 5 
1696 5 1830 4 317 3 2467 3 
1808 5 2308 4 2554 4 2413 6 
2412 5 108 4 1988 7 1057 8 
185 10 1071 7 814 8 1063 7 
184 3 813 6 1064 3 1062 7 
1065 3 816 6 183 4 1063 3 
1066 3 815 8 1064 3 182 5 
1065 3 818 3 181 4 1067 4 
1068 5 180 3 817 4 1066 4 
179 5 1067 5 1069 3 820 3 
1257 1 178 4 819 2 1068 3 
187 4 1071 3 812 5 1599 7 
186 5 1062 7 1070 3 811 4 
1073 6 1672 4 
1074 6 1671 6 1072 6 
1073 6 1674 5 
2243 5 1564 7 728 4 1076 4 
1083 3 2242 3 1075 4 727 7 
2235 8 724 4 1078 7 1080 5 
1241 9 2234 7 723 8 1077 7 
1082 4 726 4 2233 3 1080 5 
2232 8 1079 5 1077 5 725 4 
720 2 1082 4 2239 3 1084 3 
719 4 1081 4 2238 3 1079 4 
1084 3 1076 3 722 4 2237 5 
1083 3 1081 3 2236 4 721 4 
2077 11 2571 6 619 5 1490 5 
1031 5 618 4 1967 9 547 4 
387 5 1042 5 1397 6 2073 4 
1490 7 2079 7 451 7 1308 7 
1504 5 1098 6 2209 6 1090 9 
1091 7 1525 6 1089 9 2208 10 
1090 7 2211 5 1495 3 1092 4 
2210 5 1093 4 1492 3 1091 4 
1510 6 2205 5 1092 4 1094 5 
1095 3 2204 4 1093 5 1509 5 
1094 3 318 2 1096 4 2207 4 
943 4 1095 4 2206 6 1506 8 
1100 5 2073 6 2492 6 1507 4 
2202 7 1089 6 
619 4 1100 4 2482 5 2075 8 
1324 5 1097 5 1099 4 2074 2 
1102 2 2377 2 1103 3 161 5 
1101 2 2376 1 160 7 1610 1 
162 2 2374 5 1101 3 
2566 2 881 3 1009 6 2570 4 
1108 5 1106 6 1462 5 1454 4 
1461 6 796 7 1105 6 1270 7 
1108 6 1658 7 1110 5 2245 6 
1107 6 1105 5 1469 6 2244 5 
1112 9 2247 8 1468 7 1110 8 
1467 5 1107 5 2246 4 1109 8 
2241 5 1466 9 1112 5 1114 5 
2240 5 1109 9 1465 4 1111 5 
864 3 1611 5 821 3 1114 4 
1505 6 1113 4 1111 5 1463 4 
691 5 1116 5 
690 5 1280 3 1115 5 
1390 6 1118 6 1124 4 736 6 
1117 6 2370 5 735 3 1959 4 
1958 8 837 8 538 10 1120 8 
1121 6 836 5 1443 4 1119 8 
1120 6 1434 5 1122 9 843 7 
1121 9 1433 8 1123 7 842 8 
841 4 1437 5 1122 7 1979 3 
1117 4 733 3 375 2 430 2 
1870 6 1128 4 804 5 1126 8 
1125 8 1024 7 551 5 1871 6 
1128 2 2399 6 1872 3 1130 3 
1125 4 1127 2 1589 1 1045 3 
361 4 1963 3 740 2 505 3 
1988 5 1057 6 1875 3 1127 3 
845 3 2294 7 1132 3 1411 5 
1410 5 844 4 1131 3 1952 2 
1522 2 1251 4 1564 6 728 3 
1468 4 1141 11 1135 5 2420 7 
2419 3 1467 5 1134 5 1136 3 
1137 3 2418 6 1135 3 1658 5 
1136 3 2417 2 1469 5 1142 3 
982 4 2424 3 1139 5 1611 5 
1138 5 1140 5 1463 5 2423 7 
1466 8 1141 9 1139 5 2422 2 
1140 9 1134 11 2421 9 1465 9 
1137 3 1462 4 1143 3 2416 3 
2415 3 662 7 1461 4 1142 3 
2401 4 1311 5 1167 4 1145 2 
1166 3 1144 2 348 3 
1150 4 1147 7 27 5 1760 5 
1146 7 1759 5 1361 6 26 7 
1150 3 1758 6 1153 6 29 4 
1151 6 321 4 2305 3 2025 5 
1148 3 28 2 1146 4 1757 6 
1149 6 322 4 1811 9 2304 6 
1756 5 23 6 1153 8 290 7 
1148 6 1152 8 22 6 1755 9 
1330 4 1157 6 2345 4 
1306 3 1156 2 1158 2 1335 2 
1334 7 1159 3 1155 2 1303 2 
1158 6 1333 6 2349 6 1154 6 
1157 6 1332 5 1155 2 2348 5 
1156 3 1203 6 1160 3 1327 3 
1326 6 1159 3 1266 6 1004 3 
1169 4 687 5 2517 4 212 8 
676 4 1163 2 
1164 2 1162 2 675 5 
1163 2 1472 3 2452 3 
1520 7 794 9 213 4 211 8 
1145 3 1167 5 2452 5 668 4 
667 3 1144 4 1023 3 1166 5 
1172 2 2519 7 685 4 1169 4 
2518 5 1161 4 684 6 1168 4 
683 5 1175 4 1172 3 1286 3 
481 9 2242 5 1548 5 1546 5 
1168 2 1170 3 2512 2 682 4 
681 5 2515 4 201 7 1175 5 
319 4 2312 5 1812 5 1176 6 
1170 4 680 5 2514 3 1173 5 
1807 6 320 6 2311 8 1174 6 
2432 3 1178 3 1575 3 168 5 
1177 3 2431 4 1574 6 1179 3 
1180 4 1178 3 2430 8 1577 4 
1181 6 2429 4 1179 4 1576 4 
1182 6 2428 4 1180 6 
1181 6 1183 6 2427 7 
1184 6 1182 6 2426 6 
1183 6 2425 5 
797 4 84 6 1186 4 1188 5 
83 5 1191 6 1185 4 795 5 
1408 10 1188 7 1813 6 82 8 
1187 7 447 7 802 5 1185 5 
1192 6 1190 3 789 5 446 5 
1193 2 445 2 1725 1 1189 3 
793 6 1186 6 444 7 1192 8 
1189 6 790 5 443 5 1191 8 
1194 3 1190 2 542 5 442 8 
1193 3 441 3 541 5 1352 3 
949 3 1198 5 641 3 1196 6 
948 7 1195 6 638 6 1201 5 
637 7 1198 6 951 5 
950 6 1195 5 1197 6 631 8 
1202 5 945 7 1200 4 374 5 
653 3 1354 4 944 2 1199 4 
1202 2 363 2 947 3 1196 5 
1199 5 362 3 1201 2 946 5 
1159 6 1266 9 1937 7 1303 5 
1205 8 191 8 1941 8 332 9 
1940 5 1204 8 190 6 1208 5 
1950 5 159 7 1209 5 193 4 
998 5 573 2 992 3 2565 6 
1948 4 1209 4 195 4 1205 5 
1947 5 1208 4 194 4 1206 5 
1946 7 197 9 1211 6 173 7 
1050 2 1210 6 1945 3 196 4 
173 3 1944 2 199 1 159 4 
991 3 2384 3 2355 6 989 3 
1215 9 1384 6 1452 8 2324 9 
1214 9 884 6 1560 6 2544 6 
1217 3 1887 3 1967 8 1031 4 
1391 4 1216 3 1886 2 1223 2 
1381 5 1701 7 929 10 1383 7 
1220 2 1893 4 1987 4 1226 7 
1892 2 1219 2 1221 2 2082 5 
1983 3 1220 2 1222 3 1895 3 
1894 7 1221 3 2069 3 1374 3 
1224 4 1889 4 2138 3 1217 2 
1225 4 1888 6 1223 4 2107 5 
1224 4 1891 3 1990 3 1226 6 
1890 9 2106 8 1225 6 1219 7 
1826 6 1233 4 1228 5 
1284 3 1229 3 1227 5 
32 5 1228 3 
165 4 1235 3 1231 5 1822 5 
1232 6 1821 5 1230 5 164 7 
1231 6 163 5 1824 5 1233 3 
1823 5 1227 4 1232 3 
1833 3 168 5 2432 3 1235 3 
1230 3 167 5 1832 4 1234 3 
2069 4 933 4 1374 4 
2571 4 1000 5 569 2 2542 4 
1291 4 2333 4 2331 3 1659 3 
1524 3 241 5 2513 5 
1241 4 1247 3 2013 3 562 3 
2012 7 1078 9 1240 4 561 8 
1243 4 554 5 1245 5 2007 5 
1242 4 1248 4 553 5 2006 4 
556 3 2171 5 2005 3 1245 4 
2004 4 1242 5 555 8 1244 4 
558 4 1247 6 1249 9 2011 6 
2010 11 1246 6 1240 3 557 4 
1243 4 2009 5 560 4 1249 8 
2008 10 559 9 1246 9 1248 8 
632 6 583 7 303 8 630 4 
246 3 1523 5 1565 7 1133 4 
1980 4 233 1 243 3 134 2 
2506 5 1908 3 272 5 2255 4 
856 3 2502 5 1839 6 572 5 
1285 4 305 7 636 4 479 5 
8 7 1265 4 1257 3 643 6 
1069 1 7 3 1256 3 642 2 
1259 4 739 5 51 8 650 5 
1258 4 649 2 49 2 1260 2 
652 4 1261 2 44 2 1259 2 
43 3 651 5 1260 2 1262 5 
37 9 1261 5 1263 5 646 8 
1264 4 33 4 645 2 1262 5 
1265 5 648 6 31 7 1263 4 
1264 5 30 5 1256 4 647 4 
2572 6 1160 6 1203 9 1938 11 
1274 5 2020 6 2035 6 1268 8 
1269 5 2034 8 2019 7 1267 8 
1268 5 2022 3 1270 4 2033 3 
2032 5 1269 4 2021 8 1106 7 
1272 2 2039 3 2016 1 1276 4 
1273 4 1271 2 2015 3 2038 5 
1272 4 1274 4 2018 5 2037 6 
1273 4 1267 5 2017 4 2036 3 
1276 7 2041 4 2030 4 
2029 6 1275 7 2040 7 1271 4 
1973 4 2328 4 1307 6 1278 6 
2327 8 1972 5 1277 6 1279 5 
1282 6 2330 3 1971 2 1278 5 
534 5 1116 3 
584 5 2120 4 551 4 640 6 
1279 6 1825 8 1970 8 2329 9 
2110 4 932 5 635 6 200 3 
32 5 1228 3 391 4 1826 4 
1255 4 1444 4 2112 3 200 3 
3 4 2512 2 1170 3 2514 2 
2298 7 2389 4 1288 4 586 6 
2295 3 1287 4 2388 3 1810 3 
395 7 586 7 1831 8 2391 8 
1291 5 2331 4 1976 5 1825 5 
1828 5 1975 5 1238 4 1290 5 
316 6 2063 5 2222 5 1293 4 
2062 6 2223 1 1294 3 1292 4 
1295 3 2230 3 1293 3 2057 3 
1296 2 1294 3 2056 3 2231 4 
1297 3 1295 2 2228 3 2059 4 
1298 6 2058 3 1296 3 2229 4 
1297 6 1299 6 2226 6 2053 8 
1300 6 1298 6 2052 2 2227 4 
1299 6 2224 9 1301 6 2055 7 
2054 4 1300 6 2225 3 1460 4 
985 6 1459 5 1865 5 1829 6 
1896 6 1203 5 1156 2 1306 3 
2571 4 1000 5 1308 3 1490 3 
1981 3 2326 5 1307 5 1357 4 
1155 3 1932 5 2348 6 1303 3 
2325 7 1277 6 1305 5 1980 7 
999 5 1304 3 1088 7 158 3 
1310 3 1021 5 1312 5 1453 4 
1020 1 1315 4 1559 4 1309 3 
1312 6 1144 5 1451 6 1023 4 
1022 4 1311 6 1309 5 1557 3 
1316 7 1314 8 1017 3 1449 2 
1553 10 1016 9 1313 8 1317 10 
1310 4 1316 9 1447 7 1019 7 
1313 7 1315 9 1446 7 1018 7 
1531 8 1318 8 1314 10 1015 4 
346 7 1317 8 1014 6 1442 8 
770 4 412 4 867 3 2339 2 
1401 8 1636 9 1642 8 2560 7 
160 7 854 6 1322 4 1899 4 
1934 6 1321 4 161 7 1323 6 
162 3 1936 3 1322 6 
1100 5 2492 6 2482 6 996 4 
276 7 1942 3 2508 7 2261 5 
1498 6 1327 6 1160 6 1647 9 
1326 6 1334 7 1643 3 1159 3 
1329 5 1331 7 2061 6 
1328 5 2060 3 
1331 6 1154 4 427 5 1333 4 
1330 6 2493 6 1328 7 
1335 5 1158 5 1333 5 2065 6 
1157 6 2064 2 1332 5 1330 4 
1327 7 1156 7 1335 7 2521 7 
1332 5 2066 4 1334 7 1155 2 
1507 2 2492 4 998 5 2565 6 
318 5 144 7 1340 9 1338 6 
1506 7 1898 6 143 4 1337 6 
1510 7 1342 5 142 5 1340 9 
141 7 1337 9 1509 8 1339 9 
1342 6 1495 5 140 7 1344 7 
139 3 1341 6 1492 3 1339 5 
1344 4 138 4 1504 2 
1343 4 137 3 1525 4 1341 7 
2573 7 374 3 878 4 1436 2 
918 5 1347 5 
401 3 1348 6 1346 5 917 5 
916 10 1347 6 1349 4 400 7 
395 3 923 2 1350 3 1348 4 
394 4 1351 8 922 3 1349 3 
1352 7 1350 8 2298 9 921 7 
1351 7 2295 4 920 5 1194 3 
1515 4 1356 5 792 6 1354 6 
1200 4 1514 6 791 5 1353 6 
1512 6 1356 6 788 7 
787 7 1511 4 1353 5 1355 6 
2103 9 1305 4 777 4 1688 6 
2167 4 361 4 505 3 432 2 
1368 7 1360 10 1817 7 2480 5 
2479 7 1359 10 1816 9 
20 3 1147 6 1362 3 1751 11 
1545 3 19 3 1750 4 1361 3 
1364 3 1366 7 2474 5 1796 5 
1795 6 1363 3 2473 3 1369 1 
1366 6 2448 8 2472 4 1546 3 
1365 6 2447 7 1363 7 2471 6 
1370 3 1389 2 1368 4 2478 5 
2441 7 1359 7 1367 4 2477 9 
2476 3 2444 6 1364 1 1370 2 
1367 3 2475 7 2443 6 1369 2 
2003 5 1050 4 1372 7 196 6 
2002 7 1382 4 1049 5 1371 7 
933 4 1374 4 1379 4 1693 5 
1373 4 1692 3 1236 4 1222 3 
375 4 2366 4 430 4 437 10 
1695 9 1377 2 927 3 1383 4 
926 2 1378 3 1694 2 1376 2 
1377 3 1697 5 1379 4 925 6 
924 7 1373 4 1696 4 1378 4 
1381 2 1646 4 931 6 1699 5 
930 2 1380 2 1218 5 1698 4 
1056 5 1372 4 
928 6 1700 5 1218 7 1376 4 
884 3 1214 6 2364 6 731 4 
434 9 1963 8 361 9 1386 8 
1959 3 2370 4 433 3 1385 8 
600 5 1048 5 465 3 2442 4 
736 5 2322 5 2365 5 2371 7 
1367 2 2443 5 2501 4 2441 5 
435 7 1117 6 2370 5 375 4 
1217 4 1967 9 53 4 2138 5 
1393 4 1488 4 1395 4 607 4 
606 6 1392 4 2347 5 1484 5 
695 5 605 5 1395 5 1040 7 
604 4 1394 5 694 4 1392 4 
1612 4 603 4 1040 7 697 4 
1039 6 2074 5 1087 6 384 8 
757 6 1645 6 1399 7 1587 10 
1644 4 1398 7 756 6 1402 4 
759 3 1403 2 1642 3 1401 3 
758 5 1320 8 1406 8 1400 3 
761 8 1403 3 1640 7 1399 4 
1400 2 429 3 1402 3 760 2 
1638 5 763 2 1407 3 1405 8 
1442 10 346 9 762 7 1404 8 
765 9 1636 9 1401 8 1407 7 
1635 5 764 3 1404 3 1406 7 
1187 10 1409 6 1784 7 599 7 
1783 1 1408 6 1041 1 598 2 
1411 7 1132 5 1419 8 
1410 7 1528 5 1131 5 
482 5 537 5 1995 9 1413 6 
481 7 1412 6 1416 4 536 2 
531 3 488 4 1415 5 1417 9 
487 5 1420 7 1414 5 530 9 
1417 10 529 6 1413 4 490 3 
528 8 1416 10 1414 9 489 13 
1419 8 1958 7 254 6 538 9 
1418 8 1410 8 1952 5 
1415 7 1421 8 533 5 486 4 
485 7 1438 6 532 8 1420 8 
888 3 2575 5 363 2 1436 1 
191 6 2359 7 1424 6 1601 7 
190 6 1425 4 1423 6 2358 3 
2351 3 1424 4 1426 4 195 3 
194 5 1425 4 2350 5 1427 6 
193 4 2353 7 1483 8 1426 6 
286 6 894 5 353 4 288 8 
1430 2 2355 6 199 2 1483 6 
2354 3 1429 2 1431 5 896 4 
1432 8 197 9 1430 5 2357 6 
2356 6 1431 8 2003 5 196 6 
251 5 1434 4 1122 8 1437 6 
1121 5 1433 4 252 3 1443 3 
1979 4 1437 6 
1345 2 1422 1 2574 3 362 2 
253 6 1123 5 1433 6 1435 6 
484 5 1421 6 1837 7 1440 2 
1441 6 2451 4 666 4 379 3 
1438 2 85 4 678 2 483 2 
1439 6 378 6 1814 9 673 7 
1405 10 1747 6 1531 8 1318 8 
538 6 1434 3 1120 4 256 3 
1702 3 479 5 1285 4 1445 4 
2334 2 478 2 1444 4 2563 5 
1449 2 1316 7 1447 5 1743 3 
1559 7 1742 5 1315 7 1446 5 
1978 9 1556 5 2321 5 477 5 
1553 4 1446 2 1744 5 1313 2 
471 3 1558 2 2323 1 1556 3 
1557 3 2401 5 1311 6 1738 4 
1558 5 1214 8 473 6 1560 5 
1557 2 1559 5 1309 4 1740 6 
2244 4 796 5 525 4 1105 4 
984 7 1456 7 2439 5 
1457 8 2440 5 972 7 1455 7 
1456 8 986 7 1458 11 2437 5 
2438 10 985 10 1459 9 1457 11 
1302 5 1458 9 2435 8 1460 5 
1829 6 1301 4 2436 4 1459 5 
1106 6 2032 4 1143 4 1462 5 
1142 4 1105 5 1469 6 1461 5 
1466 8 1611 5 1139 5 1114 4 
1470 8 1718 4 1598 7 296 9 
1466 8 1112 4 1141 9 1468 2 
1140 8 1463 8 1465 8 1111 9 
1110 5 1135 5 1658 7 1468 4 
1134 4 1467 4 1109 7 1465 2 
1137 5 1108 6 1462 6 1658 7 
1717 9 1464 8 1597 6 299 5 
1472 7 2452 7 2438 8 668 6 
1471 7 1164 3 675 6 2437 3 
152 6 1474 7 1476 7 1588 8 
1587 8 151 3 1473 7 1645 4 
154 7 1478 8 1586 8 1476 7 
153 7 1473 7 1585 4 1475 7 
148 3 1584 4 1478 5 1480 4 
1477 5 1583 6 1475 8 147 5 
1480 7 1582 8 1482 6 150 6 
1479 7 1477 4 149 5 1581 4 
2044 5 156 5 1482 3 1580 3 
1481 3 1479 6 1579 6 155 4 
2352 6 1427 8 192 9 1429 6 
1616 5 875 6 1393 5 1488 5 
85 5 1487 5 1724 4 483 3 
84 4 286 4 1489 3 894 3 
293 5 1485 5 1723 6 1591 7 
1392 4 1484 5 1615 8 694 4 
905 3 287 3 1486 3 83 6 
1088 7 2078 4 1304 3 1085 5 
1680 5 1897 4 1011 5 
1342 3 1092 3 1495 2 1510 5 
1012 6 1501 5 1794 8 1494 8 
1680 6 1011 6 1493 8 1793 5 
1341 5 1525 2 1091 3 1492 2 
1006 4 1497 6 1499 3 1790 5 
1005 5 1496 6 1789 11 1502 6 
1326 6 1792 9 1499 3 1004 3 
1003 3 1791 3 1496 3 1498 3 
1503 5 1010 7 1501 4 1786 5 
1785 1 1493 5 1009 5 1500 4 
1503 3 1788 3 1008 4 1497 6 
1500 5 1502 3 1007 4 1787 5 
1089 5 1343 2 1525 2 
1114 6 2241 6 821 5 518 5 
1338 7 318 6 2277 7 1096 8 
2072 3 1097 4 1336 2 628 3 
1812 6 317 4 319 5 1830 5 
318 4 1340 8 1510 6 1094 5 
1093 6 1339 7 1509 6 1492 5 
1356 4 1515 3 1896 7 1512 4 
1355 6 1932 5 1511 4 
1547 5 1831 6 2391 6 
1515 4 1354 6 653 5 1938 9 
1937 4 1514 4 1353 4 1511 3 
1517 9 216 6 242 5 1519 8 
1524 6 215 6 1516 9 241 8 
1519 7 240 4 1521 6 218 4 
1518 7 217 6 1516 8 239 7 
1521 7 1165 7 1523 6 246 4 
1520 7 211 8 1518 6 245 6 
1133 2 1726 5 1523 3 214 5 
1251 5 1522 3 213 3 1520 6 
1517 6 1239 3 
1495 2 1090 6 1344 4 1504 2 
1527 4 1529 6 2292 6 
1530 1 1526 4 2291 3 
2294 7 1529 5 1411 5 
1528 5 2293 6 1526 6 
1527 1 2297 7 
1317 8 1442 8 1746 7 1553 8 
1535 4 1855 5 959 4 1533 5 
1854 6 958 4 1532 5 1714 5 
961 6 1853 6 1537 7 1535 5 
1532 4 960 8 1534 5 1852 3 
1537 4 955 5 1539 5 1859 4 
1858 7 1536 4 1534 7 954 6 
957 5 1539 6 1857 2 1541 2 
1538 6 1536 5 1856 8 956 7 
1541 3 1861 4 866 7 2194 4 
1540 3 1860 5 952 3 1538 2 
2375 6 1543 6 2391 8 1547 7 
2390 3 1542 6 1544 2 2374 5 
2377 1 2389 1 1543 2 1545 2 
1362 3 2376 2 2388 4 1544 2 
2243 4 1365 3 482 2 1171 5 
1513 5 1542 7 2373 5 
1549 4 2237 5 490 2 1171 5 
1548 4 489 8 1550 4 2236 5 
2239 3 1549 4 1551 7 488 4 
1552 8 487 7 1550 7 2238 6 
1551 8 2316 4 2233 4 486 3 
1314 10 1745 6 1449 4 1531 8 
2235 8 484 5 2316 3 2318 4 
801 9 2404 6 1918 4 2400 7 
2322 5 1448 5 1450 3 476 5 
1453 2 1451 3 1739 4 1312 3 
470 3 1452 5 1450 2 2324 6 
1741 4 1447 7 1310 4 1453 5 
472 2 1452 5 1215 6 1622 5 
1839 6 1562 3 1738 4 2401 5 
348 3 1838 2 1561 3 
1748 8 1897 5 
1565 9 1075 7 1133 6 2448 11 
1564 9 2447 7 1251 7 1566 8 
1565 8 1567 6 1796 6 246 4 
1795 8 1566 6 2491 4 245 5 
2507 2 163 3 
239 3 2501 4 2443 5 2491 2 
165 5 1573 4 2507 4 
241 8 2501 9 2441 10 2513 8 
1575 3 168 5 1573 3 
167 5 1570 4 1572 3 
1178 6 1575 6 1577 7 
1177 3 1572 3 1574 6 
1577 4 1180 4 
1576 4 1574 7 1179 4 
2278 7 1898 7 1691 4 1885 6 
1582 8 609 7 1482 6 1580 6 
608 3 1775 6 1579 6 1481 3 
615 5 1480 4 1584 4 1582 5 
1579 8 614 5 1479 8 1581 5 
1478 6 1586 6 1584 5 617 6 
1477 4 616 3 1581 4 1583 5 
1588 5 611 7 1586 5 1476 4 
1585 5 610 6 1583 6 1475 8 
1474 8 1588 9 1398 10 613 7 
612 8 1587 9 1585 5 1473 8 
1872 2 180 1 1128 1 1870 3 
187 3 335 3 669 1 1879 3 
1594 10 85 7 2137 5 1487 7 
2283 6 1878 7 353 6 1880 6 
379 3 1596 5 294 3 1594 8 
1591 10 293 8 1593 8 378 8 
377 7 296 8 1596 6 1598 6 
1593 5 1595 6 376 5 295 5 
383 5 1600 2 1470 6 1598 5 
1464 7 1597 5 1595 6 382 7 
300 6 1600 6 1070 7 381 6 
299 1 1597 2 1599 6 2108 4 
454 5 1602 4 1423 7 2144 6 
1603 1 24 2 2143 2 1601 4 
2146 1 1602 1 23 3 1604 5 
2145 6 1605 5 22 6 1603 5 
2140 2 1604 5 1606 1 29 3 
1607 5 1605 1 28 1 2139 3 
2142 8 1606 5 27 7 1608 5 
2141 2 26 3 1609 5 1607 5 
20 6 1610 5 1608 5 2148 6 
1609 5 2147 5 19 2 1102 1 
1113 5 1138 5 1463 5 1626 7 
1396 4 1041 2 698 2 600 4 
2545 8 574 8 337 8 166 6 
1615 8 1986 5 1943 3 694 4 
1614 8 1616 8 1946 8 1488 8 
1945 4 775 4 1484 5 1615 8 
1624 7 699 8 177 9 1948 7 
2306 7 2550 7 172 6 340 9 
697 2 1950 2 177 4 1620 1 
696 1 1949 3 1619 1 1986 3 
345 8 2543 5 1622 8 188 7 
2544 5 1621 8 1560 5 344 5 
1941 5 1801 6 1784 4 1624 4 
1617 7 1940 4 1783 2 1623 4 
983 4 1632 6 1626 7 953 6 
982 6 1625 7 1611 7 864 5 
1628 5 891 5 1630 5 974 6 
1627 5 890 6 1633 3 973 5 
976 3 889 2 1630 3 100 4 
975 5 1629 3 887 5 1627 5 
1632 3 1634 2 885 3 978 4 
1625 6 1631 3 977 5 882 5 
1628 3 980 4 1634 3 880 6 
979 5 877 2 1633 3 1631 2 
1638 7 1407 5 2554 5 1636 7 
1406 9 2553 7 1320 9 1635 7 
350 5 347 5 64 3 923 3 
1635 7 1404 5 2555 4 346 6 
449 4 917 3 350 4 360 1 
2557 7 1402 7 429 7 1644 7 
919 4 360 2 76 3 
429 4 2559 4 1400 3 1320 8 
1647 6 1327 3 2379 4 2521 3 
1399 4 1645 3 2562 4 1640 7 
1398 6 1644 3 1474 4 2561 3 
2520 7 1380 4 1728 6 323 4 
1643 6 2378 9 1326 9 1792 12 
1741 2 1655 2 1649 5 1911 6 
1740 8 1648 5 2500 7 1650 10 
2503 9 1739 10 1649 10 1651 10 
1839 7 2502 6 1738 5 1650 10 
2497 10 1653 10 1745 9 1657 7 
1744 8 1652 10 1654 6 2496 6 
1653 6 2499 4 1655 3 1743 4 
1648 2 2498 3 1654 3 1742 2 
1657 4 2511 5 331 8 1747 6 
2510 2 1656 4 1746 3 1652 7 
1107 7 1467 7 1136 5 1469 7 
1660 7 1662 6 2458 5 1238 3 
1850 7 1659 7 2333 8 2457 6 
1662 5 2332 6 1664 2 2460 3 
1661 5 1659 6 2331 6 2459 7 
2330 6 2462 9 1666 5 1664 5 
2461 5 1661 2 1663 5 2329 5 
1668 7 2328 6 2464 8 1666 5 
2463 2 1663 5 2327 5 1665 5 
495 3 1668 3 2466 4 2326 4 
2465 4 1667 3 2325 6 1665 7 
1708 3 1670 3 1672 4 
1707 4 504 2 1669 3 
1672 4 1073 6 1706 3 1674 5 
1671 4 1669 4 1705 4 1072 4 
1712 2 1674 5 1676 6 
1711 5 1074 5 1673 5 1671 5 
1678 5 1710 3 1676 6 
1709 7 1673 6 1675 6 
1678 7 1714 6 1854 7 
1677 7 1675 5 1713 4 
110 9 1680 4 
1494 6 1491 5 1046 5 1679 4 
494 4 1682 5 1690 4 2031 4 
1683 4 1681 5 493 4 2014 5 
1682 4 1684 1 492 1 2068 1 
1685 3 1683 1 491 3 892 4 
498 4 1939 5 1686 6 1684 3 
497 8 1685 6 1935 8 1687 4 
1688 4 496 1 2103 7 1686 4 
495 6 1687 4 1357 6 2326 7 
1878 5 500 6 1913 4 1690 5 
499 5 1681 4 1912 6 1689 5 
291 5 355 3 359 3 1578 4 
1693 4 1374 3 1894 7 2468 4 
1692 4 2467 3 1373 5 1696 5 
1377 2 1835 5 1695 9 1697 4 
1376 9 1700 10 1694 9 1834 11 
1059 5 1697 5 1379 4 1693 5 
1696 5 1378 5 1830 4 1694 4 
1699 7 1047 5 1701 6 1381 4 
1728 7 1698 7 1820 5 1380 5 
1695 10 1701 5 1383 5 1819 5 
1698 6 1700 5 1218 7 1818 4 
2361 3 1444 3 2112 2 2334 1 
526 3 1704 3 2003 3 2356 4 
1703 3 2002 5 527 3 
2394 2 1708 3 1672 4 1706 3 
1711 3 1671 3 1705 3 803 4 
1670 4 806 3 1708 4 229 5 
1707 4 1669 3 1705 3 805 3 
808 6 1712 3 1676 7 1710 4 
1709 4 1675 3 1713 2 807 2 
1712 2 1706 3 1674 5 810 4 
1711 2 1709 3 1673 2 809 2 
801 6 1710 2 1714 3 1678 4 
800 7 1677 6 1713 3 1533 5 
1716 3 2005 2 300 1 1909 3 
2004 4 1715 3 299 3 1717 7 
2007 7 1470 9 1716 7 1718 5 
1464 4 1719 2 1717 5 2006 3 
1720 4 2009 4 296 7 1718 2 
1719 4 295 4 2008 7 1721 5 
294 4 2011 5 1722 3 1720 5 
2010 9 1723 3 293 2 1721 3 
2013 5 1487 6 1722 3 1724 5 
2318 5 1485 4 2012 6 1723 5 
1190 1 789 3 1800 4 542 4 
728 6 55 6 1522 5 1727 6 
727 7 1734 3 1726 6 54 5 
1699 7 1729 6 1646 6 2063 5 
2062 8 323 4 1728 6 859 5 
1731 7 1737 4 726 5 61 6 
1730 7 60 5 725 5 1732 8 
724 6 1731 8 860 6 63 7 
2056 4 859 4 21 2 857 3 
722 4 57 3 1735 8 1727 3 
1734 8 721 9 1736 10 56 10 
59 5 1737 5 720 4 1735 10 
719 3 1736 5 1730 4 58 5 
1561 4 1739 5 1651 5 1451 4 
1650 10 1740 8 1557 4 1738 5 
1649 8 1739 8 1741 5 1453 6 
1559 4 1648 2 1740 5 1742 2 
1741 2 1447 5 1743 3 1655 2 
1744 6 1654 4 1446 3 1742 3 
1745 7 1743 6 1653 8 1449 5 
1744 7 1746 5 1553 6 1652 9 
1745 5 1657 3 1531 7 1747 5 
762 3 1442 6 1656 6 1746 5 
1749 8 1563 8 2567 7 
1748 8 403 4 881 5 2566 4 
1751 12 1810 5 2388 5 1362 4 
1750 12 1361 11 1809 13 1759 10 
654 5 1771 4 602 6 1048 5 
1754 4 1756 5 1802 6 290 7 
1941 3 1753 4 332 4 1801 4 
1804 7 1758 9 1153 9 1756 6 
1152 5 1753 5 1803 7 1755 6 
1758 9 1798 5 1760 7 1150 6 
1797 5 1757 9 1148 6 1755 9 
1147 5 1800 4 1760 3 1751 10 
1757 7 1759 3 1799 7 1146 5 
80 5 1762 5 436 3 1764 5 
79 7 1761 5 1767 8 435 8 
1770 1 311 3 1764 4 434 3 
81 7 1763 4 433 5 1761 5 
1768 6 440 6 1766 6 289 7 
75 3 439 4 1765 6 1961 4 
438 5 78 5 1768 6 1762 8 
1765 6 1767 6 77 2 437 9 
2396 6 432 3 68 3 1770 3 
431 1 67 6 1763 1 1769 3 
605 4 1752 4 2470 3 93 3 
2047 4 1773 3 409 1 1779 3 
408 6 2046 3 1772 3 1774 5 
2045 6 1775 7 411 7 1773 5 
1774 7 410 7 1580 6 2044 8 
1781 6 2051 6 405 8 1777 6 
1778 6 2050 5 1776 6 404 4 
1777 6 1779 6 2049 4 407 5 
406 3 1778 6 1772 3 2048 4 
2043 6 1974 5 414 5 1781 6 
1776 6 2042 5 1780 6 413 6 
2470 5 607 6 2481 5 91 5 
1409 1 699 3 1784 2 1624 2 
1408 7 1783 2 1813 3 1623 4 
1501 1 1794 4 41 5 1786 2 
1787 5 40 4 1500 5 1785 2 
1788 5 39 6 1786 5 1503 5 
1789 8 38 2 1787 5 1502 3 
1788 8 145 10 1790 10 1497 11 
1789 10 1791 5 1496 5 36 7 
35 2 1499 3 1790 5 1792 9 
1498 9 1791 9 1647 12 34 11 
1046 4 1794 5 146 5 1494 5 
1493 8 1793 5 1785 4 42 6 
1567 8 1364 6 1796 8 2444 11 
2447 5 1795 8 1566 6 1363 5 
1758 5 1804 3 793 2 1798 1 
1799 5 790 2 1757 5 1797 1 
1798 5 789 7 1800 8 1760 7 
1799 8 1759 4 1725 4 1809 7 
1813 5 1754 4 1623 6 1802 6 
802 5 1803 8 1753 6 1801 6 
797 7 1802 8 1804 8 1756 7 
1755 7 795 6 1803 8 1797 3 
1806 8 1808 9 315 8 2308 8 
1805 8 316 4 2222 3 2372 3 
313 4 1176 6 2413 6 1808 5 
1060 5 1805 9 314 7 1807 5 
542 7 1751 13 1800 7 1810 6 
541 6 1750 5 1288 3 1809 6 
1812 8 317 6 1151 9 2314 8 
1508 6 1811 8 2313 7 1174 5 
802 4 1187 6 1801 5 1784 3 
882 7 2451 7 1441 9 2445 6 
2296 5 1920 8 
1817 6 1360 9 
2513 5 2441 7 1816 6 1359 7 
1047 3 1701 4 314 6 1819 4 
313 4 1834 6 1700 5 1818 4 
1047 3 1699 5 316 4 2063 3 
387 5 1824 4 1822 5 1231 5 
386 4 1821 5 1832 6 1230 5 
1824 7 1826 7 1233 5 385 7 
384 6 1823 7 1821 4 1232 5 
2332 8 1282 8 1977 7 1290 5 
1227 6 390 3 1823 7 1284 4 
32 4 389 2 
1291 5 1974 3 2043 4 2333 5 
1460 6 2054 6 1866 4 1302 6 
1697 4 1059 4 1835 5 1508 5 
400 7 1513 6 1289 8 
2109 4 1822 6 1235 4 1833 4 
1234 3 380 3 1957 2 1832 4 
1695 11 1835 7 320 6 1819 6 
1694 5 1834 7 1830 5 319 5 
2363 3 123 3 1868 3 1840 6 
532 9 678 7 1438 7 518 7 
856 2 1839 5 1562 2 
1561 6 1651 7 1838 5 1254 6 
1867 7 981 7 1836 6 122 8 
1842 5 1844 7 2125 5 2261 7 
1841 5 1847 1 2124 3 2260 2 
2263 4 2123 5 2092 4 1844 3 
1841 7 2122 5 2262 4 1843 3 
1846 7 259 3 2257 5 1848 5 
1845 7 2256 8 255 8 1849 8 
1842 1 1848 4 2259 4 2119 2 
2258 4 1847 4 1845 5 2118 5 
2115 5 1850 5 2255 5 1846 8 
1660 7 2254 3 248 3 1849 5 
893 5 95 6 2067 9 599 5 
1855 4 1853 4 1535 3 
1858 6 1534 6 1852 4 
1533 6 1677 7 1855 6 
1852 4 1532 5 1854 6 
1539 8 1857 4 913 7 1859 7 
1860 5 1856 4 552 2 1538 2 
1853 6 1537 7 677 7 1859 7 
914 6 1536 4 1858 7 1856 7 
1541 5 1861 6 1857 5 911 7 
1860 6 1540 4 910 5 2101 5 
2297 8 1917 4 580 2 1864 3 
1869 6 981 4 
2296 3 579 3 1920 6 1862 3 
1866 3 1302 5 1868 4 2363 4 
1865 3 2362 3 1829 4 862 5 
1868 4 1873 3 1840 7 986 5 
1867 4 985 5 1836 3 1865 4 
1863 6 1873 5 984 8 
1125 6 1871 4 1589 3 179 5 
2121 3 1870 4 178 5 1126 6 
181 4 1589 2 1875 3 1127 3 
1867 3 972 4 1869 5 981 3 
183 5 1877 5 1875 4 1988 6 
182 5 1130 3 1874 4 1872 3 
428 4 185 7 1877 5 1879 5 
1876 5 1874 5 184 4 1999 6 
1689 5 1592 7 354 7 2284 5 
186 6 1876 5 349 4 1590 3 
1881 5 2286 5 1592 6 352 4 
2285 6 1880 5 351 7 1882 5 
1883 6 358 4 1881 5 2280 2 
1882 6 2279 11 357 6 1884 5 
1885 3 356 3 1883 5 2282 2 
2281 6 1884 3 355 5 1578 6 
1889 4 1887 2 1217 2 827 3 
1886 2 2129 2 1216 3 824 3 
1891 5 1889 6 1224 6 823 7 
1886 4 1888 6 822 5 1223 4 
1226 9 1893 6 2253 6 1891 6 
1888 5 2252 5 1225 3 1890 6 
1220 2 1893 4 2251 4 1895 3 
2250 9 1892 4 1219 4 1890 6 
1222 7 1692 7 2249 9 1895 7 
1221 3 2248 5 1892 3 1894 7 
1303 6 1511 7 1937 8 1932 8 
2567 4 1491 4 1563 5 
1578 7 1338 6 359 6 2277 6 
1046 6 1934 6 146 7 1321 4 
1901 2 742 1 1903 4 816 5 
1900 2 1906 4 741 6 815 8 
1910 4 744 4 814 6 1903 7 
1900 4 813 8 743 6 1902 7 
1905 4 746 4 820 2 1907 3 
1904 4 745 6 2170 4 819 4 
1907 4 748 6 818 4 1901 4 
1906 4 747 3 1904 3 817 3 
2254 2 1253 3 119 4 273 5 
1910 3 754 4 812 6 1715 3 
1909 3 753 2 1902 4 811 3 
2498 7 2500 8 417 5 1648 6 
2031 6 785 5 1913 5 1690 6 
2284 4 784 4 1912 5 1689 4 
2294 10 845 6 576 9 1915 9 
575 6 1916 4 1914 9 2293 7 
1917 3 2292 3 1915 4 578 2 
2291 5 1916 3 577 4 1862 4 
1919 2 1555 4 562 3 1925 2 
2400 5 1918 2 860 4 561 6 
1921 5 1864 6 582 8 1815 8 
581 2 1920 5 
1923 6 2403 11 1929 9 560 7 
1922 6 559 4 2402 4 1924 3 
2405 6 1925 4 558 3 1923 3 
557 3 1924 4 1918 2 2404 4 
2407 4 556 3 1927 3 692 7 
2406 2 555 7 1928 5 1926 3 
1929 7 2409 8 554 6 1927 5 
1928 7 2408 6 553 7 1922 9 
2349 3 1931 2 
2348 4 1930 2 1932 3 
1306 5 1512 5 1896 8 1931 3 
2506 6 2257 6 2504 4 280 3 
1322 6 1899 6 1936 3 110 10 
1686 8 779 8 2103 11 1939 7 
1323 3 1934 3 99 2 
1515 4 1938 9 1203 7 1896 8 
1937 9 878 9 1266 11 1514 9 
892 6 1685 5 778 6 1935 7 
1205 5 1624 4 1941 5 1948 4 
1754 3 1623 5 1940 5 1204 8 
277 2 2260 2 1325 3 2505 2 
173 3 1614 3 1946 3 1944 2 
1949 4 1212 2 1986 4 1943 2 
1616 4 1946 4 392 6 1211 3 
1210 7 1945 4 1943 3 1615 8 
177 7 1209 5 1950 5 1948 5 
1208 4 1617 7 1947 5 1940 4 
1944 4 1950 4 159 6 1620 3 
1949 4 1619 2 1206 5 1947 5 
2426 5 267 5 1954 7 1058 5 
1958 4 1132 2 1419 5 839 5 
1956 7 265 5 2428 4 1954 8 
264 5 1951 7 2427 9 1953 8 
1956 5 2430 8 1989 3 271 2 
1953 7 1955 5 2429 5 270 5 
2432 2 1833 2 269 7 1989 2 
1119 8 1952 4 838 6 1418 7 
1386 3 738 4 1118 4 1963 3 
2434 3 1058 5 1961 5 263 3 
2433 7 262 5 1766 4 1960 5 
257 9 86 6 
1129 3 1385 8 1959 3 737 5 
252 4 86 6 1965 4 
251 4 1964 4 
2367 6 1969 6 970 6 732 4 
1391 9 1216 8 1086 9 52 12 
870 8 2303 7 2184 4 
1966 6 731 6 430 5 2366 5 
1971 4 1977 7 1282 8 232 7 
1970 4 1972 2 1279 2 231 5 
1971 2 234 4 1278 5 1973 3 
1277 4 1980 5 233 2 1972 3 
1828 3 236 4 1780 5 1975 3 
1291 5 1976 5 235 4 1974 3 
1977 7 1975 5 238 6 1290 5 
1976 7 1970 7 237 5 1825 7 
2320 10 1448 9 474 11 2563 10 
840 4 1435 4 1123 3 
1252 4 1981 5 1973 5 1307 7 
243 4 1980 5 1305 3 777 3 
68 2 2396 5 
2082 6 1221 3 2069 3 
2214 6 1985 8 870 9 2393 9 
869 5 2392 6 1984 8 
695 5 1614 5 1944 4 1620 3 
2106 5 2082 7 1219 4 50 4 
1130 5 1874 6 1061 7 1999 7 
2431 4 268 2 1955 3 1957 2 
45 5 2107 4 1225 3 2106 5 
718 7 2476 5 1998 4 1992 6 
2475 9 717 5 1993 5 1991 6 
2478 5 1992 5 1994 5 716 7 
715 6 2477 10 2000 7 1993 5 
1412 9 714 7 2472 7 1996 9 
713 8 2471 6 1997 7 1995 9 
2474 5 1996 7 1998 4 712 5 
711 3 2473 4 1991 4 1997 4 
428 5 1988 7 1877 6 2412 5 
2480 4 2001 7 709 4 1994 7 
708 7 2479 5 2000 7 
1704 5 1372 7 2003 5 
1703 3 1371 5 2002 5 1432 5 
1716 4 1245 4 2007 4 2005 3 
1715 2 1244 3 754 3 2004 3 
2009 5 2007 5 1243 4 1718 3 
1717 7 2006 5 1242 5 2004 4 
1249 10 2009 7 2011 7 1720 7 
2006 5 1248 5 1719 4 2008 7 
2011 11 1247 11 1722 9 2013 11 
2010 11 2008 7 1721 5 1246 6 
1241 7 2234 5 2013 6 1724 6 
1723 5 1240 3 2012 6 2010 11 
783 3 2031 4 2068 2 1682 5 
2016 2 1272 3 366 3 2018 4 
2015 2 367 5 2029 3 1271 1 
2020 5 2018 5 1274 4 368 5 
369 4 1273 5 2017 5 2015 4 
370 4 1268 7 2020 5 2022 5 
1267 6 2017 5 2019 5 371 7 
372 8 1270 8 796 8 2022 7 
1269 3 2019 5 373 9 2021 7 
2089 9 2024 6 461 4 2026 5 
462 6 2023 6 2335 4 2088 5 
2091 4 2026 4 459 3 1149 5 
2025 4 2090 2 460 5 2023 5 
2336 4 2085 4 2028 5 457 6 
2315 3 2027 5 458 8 2084 8 
1276 6 2030 3 364 5 2016 3 
2029 3 1275 4 365 2 
2014 4 1912 6 1681 4 782 7 
1270 5 1461 4 662 7 2033 4 
661 4 2034 6 1269 3 2032 4 
2033 6 1268 8 2035 6 664 7 
2036 4 663 4 1267 6 2034 6 
2035 4 2037 5 1274 3 658 5 
1273 6 2036 5 2038 7 657 4 
2039 6 2037 7 660 8 1272 5 
2040 6 2038 6 1271 3 659 4 
2039 6 1276 7 656 7 2041 4 
655 2 1275 4 2040 4 
2051 5 2043 5 1781 5 2115 5 
1828 4 2042 5 1780 6 248 3 
1481 5 2045 7 2123 8 1775 8 
1774 6 2046 4 2044 7 2122 6 
2045 4 1773 3 2047 4 2125 1 
1772 4 2048 5 2124 6 2046 4 
2047 5 2049 2 2119 3 1779 4 
2048 2 2118 2 1778 4 2050 3 
259 4 1777 5 2049 3 2051 5 
2042 5 1776 6 255 5 2050 5 
2053 4 865 1 2055 3 1299 2 
2052 4 2058 5 863 6 1298 8 
1301 4 1829 6 862 7 2055 5 
2052 3 861 7 1300 7 2054 5 
2057 3 2059 5 1733 4 1295 3 
2056 3 2062 6 859 3 1294 3 
1297 3 2053 5 2059 4 858 6 
857 4 2056 5 1296 4 2058 4 
2288 4 2061 4 2387 6 1329 3 
2386 3 2060 4 2493 5 1328 6 
1729 8 1293 6 2057 6 2063 7 
1292 5 1728 5 1820 3 2062 7 
427 3 2065 3 1333 2 2383 1 
2064 3 2066 5 1332 6 2382 5 
2521 4 1335 4 2381 4 2065 5 
96 8 2442 7 598 7 1851 9 
2014 2 892 4 780 3 1683 1 
1236 4 1983 3 1222 3 
629 4 1044 9 965 5 2071 5 
2072 6 1043 6 628 6 2070 5 
2071 6 1042 6 1507 3 2073 5 
1097 6 2072 5 1087 4 2074 3 
2075 6 1397 5 2073 3 1100 2 
2074 6 1039 7 2076 8 1099 8 
1038 5 2075 8 619 4 2077 10 
2078 10 1085 11 1037 9 2076 10 
2079 4 2077 10 1490 4 1036 5 
2078 4 1088 7 2301 4 1035 3 
2411 6 2081 5 791 5 2309 4 
2410 5 2080 5 792 5 2083 3 
1983 6 1987 7 1220 5 
787 6 2081 3 
2093 8 2085 7 150 7 2028 8 
149 4 2084 7 2027 4 2086 5 
2087 5 148 5 2336 5 2085 5 
2086 5 2335 3 147 3 2088 4 
154 5 2024 5 2089 8 2087 4 
2023 9 153 10 2088 8 2090 6 
152 2 2091 2 2026 2 2089 6 
2025 4 2305 2 2090 2 151 2 
2093 6 1843 4 2317 6 156 7 
2092 6 155 5 2315 3 2084 8 
2201 5 2102 2 2095 3 
2096 4 2200 6 2094 3 
2097 7 2095 4 2199 6 
2096 7 2198 10 755 6 2098 9 
2197 4 2099 6 750 7 2097 9 
2098 6 2196 4 749 4 2100 4 
2195 4 752 7 2099 4 2101 5 
751 8 2100 5 2194 5 1861 5 
2192 4 2094 2 
776 9 1357 9 1935 11 1687 7 
170 5 751 7 
2516 3 323 4 219 6 2520 7 
1987 5 1226 8 46 5 1990 5 
2138 4 1990 4 1224 5 48 2 
670 4 383 7 381 4 1600 4 
1832 4 380 3 386 2 1043 4 
2113 4 1283 4 2111 5 44 3 
2110 5 2116 4 43 5 932 6 
1702 2 2113 3 1285 3 51 6 
2110 4 200 3 49 3 2112 3 
249 2 2117 1 31 4 583 5 
1849 5 248 3 2042 5 255 5 
585 4 37 6 2111 4 2117 2 
2114 1 33 4 250 4 2116 2 
2049 2 2119 3 259 3 1848 5 
2048 3 2124 4 2118 3 1847 2 
249 2 8 5 2121 2 1281 4 
1871 3 551 2 2120 2 7 4 
1844 5 2125 3 2045 6 2123 7 
1843 5 2044 8 156 8 2122 7 
2047 6 1842 3 2119 4 2125 3 
1841 5 2122 3 2046 1 2124 3 
2127 4 2133 5 277 5 1030 7 
1029 1 2126 4 2128 2 276 5 
275 4 2127 2 2129 2 1032 6 
1031 3 2128 2 1887 2 274 2 
2131 6 2136 7 1026 5 281 6 
2130 6 1025 5 280 3 2132 4 
1028 3 2133 3 279 3 2131 4 
278 4 2126 5 2132 3 1027 5 
2137 7 674 8 678 7 85 9 
273 6 2341 9 2136 6 1034 4 
2130 7 2135 6 272 7 1033 6 
673 4 2134 7 378 3 1591 5 
2107 4 1391 5 47 4 1223 3 
846 4 2142 6 1606 3 2140 4 
2145 3 847 4 1605 2 2139 4 
1608 2 2148 3 848 2 2142 5 
1607 8 2139 6 849 8 2141 5 
2146 2 2144 4 1602 2 850 3 
851 4 2143 4 2359 6 1601 6 
1604 6 2146 2 2140 3 852 3 
2145 2 1603 1 853 3 2143 2 
854 10 1610 5 2148 6 160 11 
855 5 2141 3 1609 6 2147 6 
907 6 884 2 2544 2 2150 2 
2543 2 2159 3 906 4 2149 2 
2152 8 2310 5 691 5 
2309 6 2151 8 2411 8 690 8 
2546 2 2154 5 900 4 2156 2 
899 6 2564 5 2153 5 2545 7 
898 5 2548 7 2156 4 2158 7 
897 2 2547 4 2155 4 2153 2 
2550 6 904 8 2158 7 2160 5 
903 4 2157 7 2549 8 2155 7 
902 9 2150 3 2160 3 2552 4 
901 2 2159 3 2157 5 2551 2 
2164 9 593 6 648 6 2162 6 
2169 6 647 5 592 4 2161 6 
2166 6 2164 10 646 8 595 10 
2161 9 2163 10 645 7 594 6 
589 7 652 5 2166 4 2168 5 
588 4 651 6 2163 6 2165 4 
591 4 1358 4 650 4 2168 5 
590 3 649 4 2165 5 2167 5 
2162 6 2170 5 597 8 643 7 
596 5 642 3 2169 5 1905 4 
2221 7 1244 5 754 5 2172 6 
2220 4 753 4 2178 4 2171 6 
66 8 2193 6 347 8 921 6 
2181 6 2213 4 2175 4 748 6 
2176 3 2174 4 2212 3 747 3 
2215 2 2175 3 746 4 2177 3 
745 5 2393 6 2176 3 2214 3 
2217 3 2179 5 744 2 2172 4 
2178 5 2216 4 2180 6 743 6 
2181 6 2219 5 2179 6 742 3 
2180 6 2174 6 2218 4 741 8 
693 7 2532 5 2183 7 2191 6 
692 9 2182 7 2533 5 2407 6 
2536 4 1968 4 701 2 2185 4 
2537 5 2186 5 700 5 2184 4 
703 5 2185 5 2187 6 2534 5 
2535 7 2186 6 2188 7 702 10 
705 5 2540 4 2187 7 2189 4 
704 3 2190 4 2188 4 2541 3 
2191 5 2538 5 2189 4 707 6 
2190 5 706 7 2539 5 2182 6 
2201 7 2102 4 480 4 
920 5 70 3 2276 4 2173 6 
312 4 2195 4 1540 4 2101 5 
2196 4 2100 4 2194 4 310 5 
794 7 2195 4 2099 4 2197 2 
2098 4 2198 5 2196 2 786 2 
2197 5 2097 10 2199 9 729 9 
710 7 2096 6 2200 8 2198 9 
2095 6 309 5 2199 8 2201 8 
2192 7 2094 5 730 8 2200 8 
1098 7 2203 7 2209 7 656 9 
2202 7 655 3 
1094 4 2207 5 664 5 2205 4 
663 4 1093 5 2210 6 2204 4 
1096 6 662 8 2207 6 2415 4 
661 5 2204 5 2206 6 1095 4 
2211 8 2209 7 1090 10 660 10 
2202 7 1089 6 2208 7 659 3 
2211 6 1092 5 2205 6 658 7 
2210 6 657 3 1091 5 2208 8 
2213 3 703 5 2175 3 2215 2 
2174 4 2218 2 2212 3 702 7 
1984 6 701 3 2215 2 2177 3 
2176 2 700 2 2214 2 2212 2 
707 4 2179 4 2219 3 2217 2 
2178 3 2220 3 706 6 2216 2 
2219 3 2181 4 2213 2 705 3 
2218 3 2180 5 2216 3 704 4 
2217 3 2172 4 693 5 2221 5 
2171 7 692 9 556 5 2220 5 
2223 2 826 3 1292 5 1806 3 
2222 2 825 4 1293 1 2230 1 
1300 9 2227 7 2225 6 833 6 
2436 3 1301 3 2224 6 832 5 
2227 4 1298 6 835 3 2229 4 
834 6 2224 7 2226 4 1299 4 
2231 5 1296 3 829 3 2229 4 
828 6 1297 4 2226 4 2228 4 
831 2 1294 3 2231 4 2223 1 
2228 5 2230 4 830 5 1295 4 
2316 6 1080 8 2235 11 2233 6 
1552 4 1079 3 2232 6 2238 2 
2318 4 1078 7 2012 5 2235 8 
1554 8 1077 8 2232 11 2234 8 
2237 6 1549 5 2239 4 1084 4 
2236 6 2242 5 1083 5 1548 5 
2239 2 1082 3 1551 6 2233 2 
1550 3 2238 2 1081 3 2236 4 
2241 5 1112 5 2247 4 516 5 
2240 5 1111 5 1505 6 517 4 
1171 5 2237 5 2243 4 1076 3 
1075 5 1546 4 2242 4 2448 9 
1454 4 520 5 2245 5 1108 5 
2246 5 1107 6 521 7 2244 5 
2247 4 2245 5 522 5 1110 4 
2246 4 523 4 2240 4 1109 8 
2251 6 2249 7 460 7 1895 5 
459 4 2468 6 2248 7 1894 9 
2253 9 1893 9 2251 9 462 10 
461 3 2250 9 1892 4 2248 6 
823 7 1891 5 2253 5 456 6 
2250 9 455 5 2252 5 1890 6 
1908 2 2457 2 1850 3 2255 3 
2256 5 1253 4 1849 5 2254 3 
2255 5 1846 8 2257 6 2506 6 
2258 4 1933 6 2256 6 1845 5 
1848 4 2257 4 2504 2 2259 4 
1847 4 2505 5 2258 4 2260 5 
2261 4 1942 2 2259 5 1842 2 
2260 4 1325 5 2262 4 1841 7 
2508 6 2263 5 1844 4 2261 4 
1843 4 2509 7 2262 5 2317 6 
2547 6 339 5 166 4 171 5 
2266 4 477 5 2268 3 513 4 
512 5 2265 4 476 4 2271 3 
2268 3 2274 6 515 4 475 5 
474 5 2265 3 2267 3 514 3 
2272 7 2270 4 473 6 509 6 
508 1 2495 3 2269 4 472 1 
2272 5 511 3 2266 3 471 4 
2269 7 510 6 470 5 2271 5 
2274 6 305 7 507 5 479 5 
2273 6 478 4 2267 6 506 5 
291 6 915 4 442 8 2276 4 
292 4 441 4 2275 4 2193 4 
2278 6 1506 7 1898 6 943 3 
1578 7 2281 7 2277 6 942 6 
1883 11 2282 8 941 8 2280 7 
940 3 2279 7 2285 3 1882 2 
1885 6 939 7 2278 7 2282 5 
2279 8 2281 5 938 7 1884 2 
1592 6 2284 4 2286 5 937 3 
1913 4 2283 4 936 6 1878 5 
1881 6 2286 6 935 4 2280 3 
2285 6 934 4 1880 5 2283 5 
2290 7 1052 8 767 7 2302 8 
2060 4 198 8 2289 3 
2288 3 189 4 
2287 7 396 2 1051 3 766 4 
2297 9 1917 5 1527 3 2292 5 
1916 3 1526 6 2293 6 2291 5 
1529 6 2294 8 1915 7 2292 6 
1914 10 1528 7 1131 7 2293 8 
1288 3 1352 4 2298 6 541 6 
1864 3 2297 8 1815 5 
2291 9 1862 8 2296 8 1530 7 
1287 7 2295 6 394 5 1351 9 
399 4 773 3 1054 4 2302 4 
453 6 452 3 2301 5 
2300 5 451 4 2079 4 879 6 
1053 7 772 5 2287 8 2299 4 
402 4 1968 7 2536 7 
2562 5 1151 6 2305 3 2314 5 
2091 2 1149 3 2304 3 2561 2 
1618 7 343 3 2551 3 188 5 
2310 5 946 6 
1060 4 2555 2 2372 3 1805 8 
2152 6 944 2 2080 4 2310 3 
945 6 2307 5 2151 5 2309 3 
2560 6 2312 7 2413 8 1176 8 
2559 4 2313 7 2311 7 1174 5 
2558 7 2314 7 2312 7 1812 7 
2313 7 2557 4 1811 8 2304 5 
2317 3 2093 3 2028 3 463 1 
2232 6 1552 4 1554 3 485 4 
2315 3 2263 6 464 4 2092 6 
1724 5 2234 4 483 4 1554 4 
2369 8 2334 4 2320 7 2563 7 
1978 10 2321 6 2319 7 2368 6 
2371 7 2322 5 2320 6 1448 5 
1388 5 1556 5 2323 3 2321 5 
2365 3 2322 3 1450 1 2324 5 
2364 9 1558 6 1214 9 2323 5 
1668 6 1307 7 2326 7 2328 5 
1305 5 2325 7 1667 4 1688 7 
2328 6 1278 8 2330 6 1666 5 
2327 6 1277 4 2325 5 1665 6 
2332 9 2330 6 1664 5 1282 9 
1663 6 1279 3 2327 6 2329 6 
2332 7 1662 6 1290 4 1238 3 
2331 7 1825 8 1661 6 2329 9 
1238 4 1660 8 1828 5 248 4 
1445 2 2319 4 2360 2 1702 1 
2087 3 2336 3 455 4 2024 4 
2027 4 2335 3 456 5 2086 5 
868 4 2338 4 90 5 2344 2 
2337 4 587 3 867 5 2339 4 
88 3 2340 2 1319 2 2338 4 
412 4 2346 3 2339 2 644 2 
2342 11 2135 9 469 8 872 10 
2341 11 2343 9 871 7 468 7 
2342 9 467 7 874 7 2344 5 
466 2 2337 2 2343 5 873 5 
2349 4 1154 4 
2347 5 98 3 2340 3 876 5 
875 6 2346 5 97 6 1393 5 
2349 5 1158 5 1931 4 1306 6 
1930 3 2348 5 1157 6 2345 4 
1426 5 2351 4 987 6 2353 6 
2358 2 988 3 1425 3 2350 4 
989 3 2353 5 1483 6 2355 6 
1427 7 2352 5 990 5 2350 6 
1430 3 2355 7 2357 4 991 4 
2354 7 1213 6 1429 6 2352 6 
1703 4 2357 4 1432 6 993 8 
2356 4 994 4 1431 6 2354 4 
2351 2 1001 3 2359 4 1424 3 
2358 4 1423 7 2144 6 1002 6 
2334 2 740 2 2369 6 2361 4 
51 7 1702 3 2360 4 739 4 
2363 4 1866 3 1 5 125 3 
1836 3 2362 4 1865 4 124 4 
2324 9 2365 7 1384 6 734 8 
2323 3 2364 7 1388 5 733 5 
440 3 2367 5 1375 4 1969 5 
1966 6 2366 5 6 6 439 6 
2371 7 2369 7 738 5 2320 6 
2319 8 737 8 2368 7 2360 6 
1118 5 1386 4 1390 5 436 4 
2321 7 2368 7 1388 7 735 5 
2556 5 2308 3 826 3 1806 3 
2375 4 1547 5 
2375 5 1543 5 1103 5 2377 4 
1542 6 2373 4 2374 5 
19 2 1102 1 1545 2 2377 1 
1544 1 1101 2 2376 1 2374 4 
1002 7 34 8 2379 7 1647 9 
1001 5 2378 7 1643 4 2380 6 
2381 5 988 5 2379 6 2521 5 
2066 4 2382 4 2380 5 987 5 
2383 3 2381 4 990 4 2065 5 
989 2 2382 3 2064 1 2384 2 
1213 3 427 4 2385 4 2383 2 
991 4 2384 4 2493 5 2386 3 
2387 5 2061 3 994 3 2385 3 
2386 5 2060 6 198 10 993 10 
1545 4 1750 5 1288 3 2389 3 
1287 4 1544 1 2390 2 2388 3 
2391 5 1543 3 2389 2 586 4 
2390 5 1542 8 1513 6 1289 8 
2393 7 2395 5 1985 6 597 7 
2392 7 2177 6 596 8 1984 9 
803 3 1705 2 2409 5 805 2 
592 4 2392 5 
591 5 1769 6 2397 5 1982 5 
2396 5 590 2 2398 3 
2397 3 589 6 
102 6 1045 7 1127 6 1057 9 
62 8 1919 5 1555 7 800 8 
1144 4 1561 5 1451 5 348 5 
809 5 2405 7 2403 9 1923 4 
810 8 2408 8 1922 11 2402 9 
2405 6 1555 6 807 3 1925 4 
2404 6 1924 6 2402 7 808 7 
805 2 1927 2 2409 5 2407 3 
1926 4 806 3 2406 3 2183 6 
803 5 1929 6 2403 8 2409 7 
1928 8 2394 5 2406 5 2408 7 
2081 5 2411 6 535 5 
2410 6 2080 6 534 7 2152 8 
2414 3 1061 5 107 3 1999 5 
2553 7 1807 6 2311 8 1060 6 
2412 3 106 2 428 3 798 5 
943 2 1143 3 2206 4 2416 3 
2417 2 2415 3 1142 3 942 4 
1137 2 939 4 2416 2 2418 5 
938 10 1136 6 2417 5 2419 6 
1135 3 2420 5 2418 6 941 3 
940 6 2419 5 1134 7 2421 5 
2422 2 2420 5 1141 9 935 3 
2423 4 2421 2 934 1 1140 2 
2422 4 2424 5 937 5 1139 7 
2423 5 1138 3 936 5 912 4 
2434 3 1184 5 1058 5 2426 5 
1951 5 2427 7 1183 6 2425 5 
2426 7 2428 5 1954 9 1182 7 
1181 4 2429 2 2427 5 1953 4 
1180 4 2430 8 1956 5 2428 2 
2431 9 2429 8 1955 8 1179 8 
2432 4 2430 9 1178 4 1989 4 
2431 4 1177 3 1957 2 1234 3 
75 6 2434 5 1961 7 
1960 3 2425 3 2433 5 
2438 9 2436 7 668 7 1459 8 
2225 3 2435 7 1460 4 667 2 
2440 2 1472 3 2438 4 1457 5 
1458 10 2435 9 1471 8 2437 4 
676 5 2440 3 1455 5 
1456 5 2439 3 675 5 2437 2 
1368 7 1817 7 1571 10 1389 5 
601 5 2067 7 1387 4 89 4 
1389 5 2444 10 1370 6 1569 5 
2491 7 1369 6 2443 10 1795 11 
673 4 2446 3 953 4 1814 6 
674 4 821 3 2445 3 864 3 
1366 7 1796 5 1565 7 2448 9 
1365 8 2447 9 1564 11 2243 9 
2456 5 665 7 880 7 2450 5 
2451 5 877 3 666 5 2449 5 
2450 5 1814 7 1439 4 885 5 
1471 7 1164 3 1166 5 
2454 4 669 3 889 3 335 5 
670 2 2453 4 887 5 2455 3 
671 5 891 3 2454 3 2456 4 
890 7 672 7 2449 5 2455 4 
2254 2 2458 4 119 4 1660 6 
120 6 2459 6 2457 4 1659 5 
2460 5 2458 6 117 7 1662 7 
2459 5 2461 6 118 6 1661 3 
2460 6 1664 5 2462 9 115 6 
1663 9 2461 9 116 7 2463 6 
113 3 1666 2 2464 5 2462 6 
2465 5 114 8 2463 5 1665 8 
1668 4 2466 5 2464 5 111 3 
112 5 92 6 1667 4 2465 5 
1693 3 322 1 1059 3 2468 3 
321 4 2249 6 2467 3 1692 4 
2571 3 2482 3 2542 3 619 2 
1782 5 604 3 94 5 1771 3 
1996 6 2474 4 2472 4 1366 6 
1365 4 2471 4 1995 7 482 3 
1364 3 2476 5 2474 5 1998 4 
1997 5 2471 4 2473 5 1363 5 
2476 8 1992 9 1370 7 2478 9 
1369 3 2475 8 2473 5 1991 5 
2478 10 2480 7 1994 10 1368 9 
1993 5 2477 10 1367 5 2475 9 
2480 2 2001 5 1360 7 
2479 2 2000 4 2477 7 1359 5 
1782 5 92 4 112 3 606 5 
995 8 2469 3 1324 6 1099 5 
2486 5 325 2 343 2 2484 3 
342 5 324 2 2494 6 2483 3 
2486 6 2488 4 341 3 327 4 
2485 6 2483 5 340 8 326 5 
2488 4 2490 4 329 9 339 5 
338 4 2485 4 2487 4 328 5 
331 6 337 5 2511 3 2490 3 
2487 4 330 4 336 3 2489 3 
2444 7 1567 4 240 3 1569 2 
1324 6 1097 6 997 5 1336 4 
427 5 1331 6 2061 5 2385 5 
2495 7 334 7 345 8 2484 6 
2270 3 2494 7 333 6 344 4 
2499 4 422 4 2497 6 1653 6 
1652 10 2510 5 2496 6 421 8 
2499 4 1911 7 420 6 1655 3 
2498 4 2496 4 1654 4 419 4 
2503 6 1649 7 418 6 1911 8 
1569 4 1571 9 242 5 1389 4 
1254 5 1651 6 416 5 2503 5 
1650 9 415 6 2500 6 2502 5 
1933 4 2258 2 2505 3 279 3 
278 4 2259 5 1942 2 2504 3 
1253 5 1933 6 2256 6 281 6 
164 5 1570 4 1568 2 
2509 8 2262 6 1325 7 275 7 
2263 7 2508 8 464 5 274 5 
2497 5 1657 2 2511 3 424 2 
423 4 2510 3 1656 5 2489 3 
2519 7 1172 2 4 2 1286 2 
1817 5 1239 5 1571 8 
2 5 1286 2 1175 3 2515 2 
125 1 1 3 1173 4 2514 2 
25 3 2105 3 212 7 2517 3 
21 3 2518 5 1161 4 2516 3 
2519 8 1169 5 2517 5 18 3 
1168 7 2518 8 2512 7 17 9 
1646 7 931 9 220 5 2105 7 
2066 4 1334 7 1643 3 2380 5 
306 4 2523 7 2525 4 411 6 
305 10 507 8 2522 7 410 8 
409 3 308 4 2525 5 2527 6 
2524 5 408 6 307 7 2522 4 
2529 6 2527 8 407 6 302 9 
301 6 406 4 2526 8 2524 6 
304 7 2529 6 405 9 2531 7 
2528 6 404 3 2526 6 303 7 
298 7 2531 5 128 5 414 4 
2530 5 413 6 2528 7 297 3 
2533 3 230 2 2182 5 2539 4 
2532 3 806 2 229 4 2183 5 
2535 6 2537 5 222 5 2186 5 
221 4 2187 7 2534 6 2540 4 
2184 4 2303 7 224 5 2537 5 
2185 5 223 5 2534 5 2536 5 
2539 5 2541 4 2190 5 226 6 
2538 5 225 6 2191 5 2532 4 
2188 4 2535 4 228 5 2541 3 
2538 4 227 3 2540 3 2189 3 
995 8 2469 3 570 8 1237 4 
2552 3 2150 2 1621 5 2544 2 
1622 5 2149 2 2543 2 1215 6 
2546 4 1613 8 992 5 2154 7 
2153 2 166 2 2545 4 2547 4 
2264 6 2546 4 2156 4 2548 7 
171 6 2155 7 2549 8 2547 7 
2550 7 172 6 2158 8 2548 8 
2157 6 2549 7 1618 7 2551 3 
2306 3 2160 2 2552 3 2550 3 
2543 3 2159 4 2551 3 188 5 
1636 7 2413 7 2560 5 2554 5 
2555 2 1635 5 1060 4 2553 5 
2554 2 2556 4 1638 4 2308 2 
2372 5 1014 5 2555 4 346 6 
1640 7 2558 4 2314 4 2562 4 
2313 7 2557 4 429 4 2559 4 
2560 3 2312 4 1642 4 2558 4 
2559 3 2311 6 2553 5 1320 7 
2562 4 151 2 2305 2 1645 3 
2561 4 2304 5 2557 4 1644 4 
475 6 1978 10 2319 7 1445 5 
2565 6 2154 5 629 4 992 3 
2564 6 628 7 1207 6 1336 6 
1104 2 2567 3 1012 2 1749 4 
2566 3 1897 4 1011 5 1748 7 
1008 6 2575 8 888 6 2569 6 
886 4 2570 5 1007 5 2568 6 
883 4 2569 5 1104 4 1010 6 
1304 4 2469 3 1237 4 1085 6 
1266 6 2573 7 1004 3 878 4 
2574 8 1345 7 2572 7 1003 7 
2573 8 1006 5 2575 7 1436 3 
1422 5 1005 5 2568 8 2574 7 
