25
25
25
25
26
26
26
25
25
25
32
32
31
31
31
31
31
31
5
1
1
1
1
0
0
0
35
1
1
47
11
11
11
11
11
11
11
48
46
48
48
48
48
43
43
43
43
27
27
27
27
27
27
27
27
27
36
2
12
12
12
12
17
17
17
17
12
14
43
37
41
41
41
17
17
17
17
31
31
31
31
37
32
32
9
37
9
37
40
37
40
8
8
8
40
40
17
9
24
24
24
24
20
20
20
20
20
20
22
46
40
40
40
40
41
41
41
41
40
40
30
30
30
30
28
28
28
30
28
28
5
20
20
24
26
24
24
20
20
20
20
9
9
9
9
10
9
9
9
9
6
6
18
18
18
20
20
20
2
2
2
2
6
6
6
6
12
13
16
16
16
16
12
12
16
16
17
17
46
46
46
46
46
46
17
17
6
6
2
2
2
2
6
6
6
6
26
26
26
26
26
26
3
33
33
32
32
32
33
33
33
33
26
26
26
26
26
26
26
26
26
26
26
26
30
30
30
30
30
30
28
28
28
28
43
40
41
41
41
41
40
40
40
40
27
26
26
26
26
26
32
32
16
31
29
29
7
7
7
7
7
7
7
7
7
32
32
31
31
31
31
31
31
24
24
21
21
21
21
21
34
21
21
7
7
7
7
29
29
29
29
7
7
32
32
7
27
27
31
31
31
31
31
31
15
17
20
20
20
18
18
18
18
18
7
7
7
7
7
7
7
7
2
2
2
5
5
5
10
10
20
20
20
20
24
24
24
24
15
20
12
15
15
45
15
17
29
29
42
42
42
41
42
29
31
31
31
1
1
1
1
0
0
0
0
1
1
9
5
5
45
3
10
3
3
3
3
3
5
45
32
45
43
36
27
43
21
27
27
27
27
27
27
27
27
26
26
25
26
25
25
25
25
25
25
33
33
29
29
29
29
29
28
30
28
28
30
30
30
30
28
28
42
42
23
11
23
23
19
23
11
23
19
19
1
1
0
0
0
0
1
1
1
1
30
11
29
29
29
29
29
4
4
4
4
4
4
31
31
19
19
23
23
23
41
23
23
23
19
8
32
2
34
34
44
44
44
44
44
44
44
44
35
6
4
44
44
44
44
44
44
44
44
5
34
34
45
45
21
21
21
21
21
21
24
24
32
33
41
41
41
8
40
40
40
40
40
43
3
36
36
36
36
36
36
36
36
0
36
0
0
2
0
3
3
0
0
2
2
5
5
10
10
5
5
5
5
10
10
15
15
15
15
45
15
15
15
15
16
28
28
30
30
30
30
30
30
32
28
28
24
24
21
21
21
34
21
21
21
21
41
29
29
29
29
29
4
19
4
4
4
10
10
7
10
11
0
36
36
36
36
36
36
36
36
36
48
48
40
40
40
40
41
41
41
41
28
28
30
30
30
30
28
28
30
28
39
39
39
38
39
42
42
42
41
42
42
42
22
42
22
35
22
22
23
22
42
41
3
3
34
47
47
28
23
3
3
3
10
5
5
15
47
47
8
15
21
21
34
21
21
21
21
21
24
24
40
45
45
44
45
44
44
44
44
44
44
43
43
14
43
13
13
13
48
32
33
32
32
33
33
33
33
33
3
23
9
41
41
41
40
40
40
40
40
40
9
23
19
16
16
16
16
16
16
12
12
13
12
34
3
44
3
34
3
3
3
34
5
34
34
33
28
28
28
34
34
34
34
34
4
8
8
8
8
8
35
8
8
4
35
35
4
25
25
35
35
42
42
42
42
42
12
14
12
12
12
12
16
16
16
16
38
37
37
37
38
38
38
38
37
37
40
43
40
40
40
40
41
41
41
41
42
42
42
42
42
12
46
46
46
35
16
16
35
17
17
13
12
29
25
45
47
47
47
47
47
47
47
47
47
47
27
24
2
2
2
2
6
6
6
2
6
6
42
42
26
26
15
26
26
26
26
42
19
42
42
37
37
38
38
38
38
37
37
37
38
7
18
10
7
16
15
15
15
15
15
15
15
15
45
49
49
49
49
49
49
49
49
49
49
26
27
42
42
42
42
42
3
2
2
2
2
6
6
6
6
6
6
13
13
13
13
13
13
13
34
32
21
33
33
21
21
33
24
24
45
7
2
2
22
23
6
6
6
6
22
22
6
22
22
22
22
22
14
26
16
17
47
46
46
46
46
46
46
17
17
14
18
18
18
18
19
19
18
19
44
46
48
43
43
43
43
48
48
48
48
41
41
41
41
40
40
40
14
48
48
14
14
14
43
14
48
48
48
13
48
14
14
14
14
49
49
49
49
49
49
49
49
49
49
39
39
20
20
20
20
20
20
24
24
24
24
49
49
49
49
49
49
49
49
39
49
49
39
9
9
9
24
24
24
10
24
10
9
9
9
9
9
9
9
9
25
25
27
27
27
27
25
25
27
27
39
38
19
39
39
39
7
11
11
45
45
43
45
45
45
43
43
43
43
27
27
27
27
27
27
27
27
29
32
32
40
40
40
40
41
41
41
41
40
40
47
47
47
47
47
47
47
47
47
47
8
8
8
8
8
35
8
8
8
20
9
20
9
20
20
24
24
24
9
22
22
25
22
34
43
37
37
37
37
38
38
38
38
25
34
34
34
48
48
43
48
43
43
43
43
4
48
46
4
24
24
24
24
19
19
24
19
19
19
17
17
7
7
7
7
7
7
46
46
46
46
46
46
12
17
43
32
43
43
45
43
45
32
45
14
14
14
14
14
14
15
6
33
33
6
15
18
18
18
18
20
20
20
18
47
47
47
47
47
47
47
47
47
47
45
28
3
33
33
33
33
33
32
32
33
32
13
13
13
13
13
13
13
36
36
32
36
36
36
36
36
36
0
49
49
49
49
49
49
49
49
49
49
49
49
39
39
39
49
39
49
49
49
49
49
49
36
0
36
36
36
36
36
36
36
36
10
10
20
18
20
5
18
18
5
5
4
39
39
39
39
39
25
9
38
38
38
39
37
37
37
37
43
37
47
9
45
47
47
45
13
12
45
16
16
16
30
12
12
16
16
23
23
19
23
23
23
23
23
19
19
23
12
14
15
16
17
15
17
15
12
15
12
12
8
8
12
12
12
12
17
17
17
17
14
12
45
45
44
44
44
44
44
44
45
44
33
33
33
33
33
32
32
32
11
3
33
11
35
35
45
2
2
0
0
3
3
0
2
0
8
43
32
14
14
14
14
14
12
12
16
12
16
16
16
16
12
13
21
0
0
0
0
1
1
1
1
1
1
47
47
47
47
47
47
47
47
47
21
37
37
37
37
38
37
38
38
38
38
39
1
1
0
0
0
0
1
1
1
1
19
19
19
9
9
9
24
10
19
9
20
9
21
24
9
9
10
10
10
10
5
5
5
5
5
5
9
24
39
39
39
39
39
1
1
1
1
0
0
35
0
1
1
13
13
13
13
13
13
13
35
22
22
22
22
22
22
22
22
23
39
39
39
39
39
14
14
14
14
14
14
14
21
21
21
21
21
21
45
45
24
24
25
2
3
3
3
3
3
3
3
3
5
5
38
42
19
6
6
6
6
2
6
6
6
2
2
2
2
45
45
44
44
44
44
45
44
44
44
38
38
39
38
37
37
38
38
37
43
5
18
18
10
19
19
19
18
10
10
12
9
9
9
9
9
10
10
9
9
12
35
35
35
35
25
25
35
35
35
35
45
44
45
45
44
44
44
44
45
45
35
35
35
35
35
35
35
35
25
25
4
4
4
4
4
4
37
43
39
38
38
38
38
37
37
37
24
3
21
21
21
7
33
39
39
39
7
22
38
39
33
39
23
5
5
5
5
5
5
10
10
10
10
22
17
10
10
5
5
5
5
41
19
8
9
8
8
8
8
8
10
8
8
9
9
9
9
28
28
28
28
30
9
30
30
30
30
23
10
6
11
43
16
8
3
8
8
8
45
8
8
8
8
14
3
45
16
16
15
16
3
45
45
21
21
21
21
21
21
28
28
3
3
34
34
34
34
34
34
37
37
29
38
38
38
38
37
38
37
37
13
13
13
13
13
13
13
27
27
27
27
27
27
27
27
32
32
33
32
33
33
27
36
7
7
7
7
7
7
7
7
7
15
3
45
15
15
15
15
44
15
16
3
44
5
34
25
25
34
26
25
26
34
25
25
25
25
15
5
22
22
22
34
22
22
22
34
23
22
35
4
34
4
4
4
34
34
28
28
28
38
38
38
38
38
37
37
37
37
37
11
11
11
11
11
11
11
10
10
6
6
6
2
6
6
2
2
2
2
35
7
8
29
29
29
29
29
35
0
10
4
4
35
43
37
37
38
37
37
38
39
38
38
6
6
42
6
2
2
2
2
18
18
18
18
18
42
19
19
20
29
29
29
29
29
31
31
31
31
31
31
32
32
39
39
39
33
24
33
33
33
21
32
21
34
38
11
4
4
4
4
4
4
23
23
23
23
23
23
3
16
3
16
3
3
12
12
12
13
5
5
26
26
26
26
11
26
26
20
20
20
20
16
16
16
16
20
20
6
6
6
6
23
23
23
23
23
23
29
26
26
11
11
11
11
32
26
26
26
14
14
14
14
14
14
14
35
35
34
34
28
28
28
35
15
34
34
31
31
31
29
17
17
17
17
46
46
46
46
46
46
22
23
22
22
22
22
34
22
22
22
25
25
25
25
25
30
30
30
25
25
18
5
10
18
5
5
16
5
5
12
3
1
0
0
0
0
1
1
1
1
17
39
39
39
39
39
41
41
41
41
19
19
40
40
24
19
19
19
24
24
24
24
30
30
28
28
30
30
30
30
28
28
15
15
15
45
15
15
15
15
31
31
16
15
29
31
31
31
46
11
7
35
10
4
10
10
4
4
4
4
12
16
15
14
12
12
17
15
12
17
17
17
35
46
16
13
13
20
13
13
13
13
35
35
3
16
4
4
4
4
10
10
4
10
10
11
31
12
12
12
12
17
17
17
17
43
12
14
43
19
19
18
19
18
18
18
18
18
43
29
29
29
29
29
19
48
46
48
48
48
48
48
48
48
48
19
19
11
23
11
11
23
11
19
11
7
48
48
48
48
48
48
48
48
46
48
29
29
29
7
29
29
7
48
48
40
40
40
40
41
41
41
41
42
41
11
24
22
32
33
33
33
33
33
22
34
22
22
22
22
22
22
42
36
36
36
36
36
32
32
32
0
36
11
23
11
11
36
0
36
36
36
36
36
36
25
11
44
28
44
44
44
23
45
45
30
30
30
11
30
28
28
28
35
35
11
11
35
35
35
35
11
11
31
45
31
31
31
31
32
43
43
43
45
45
43
45
13
3
11
10
4
4
4
4
10
10
10
4
46
46
46
46
46
46
17
17
17
17
19
19
19
19
23
23
23
23
23
23
25
25
25
25
25
25
30
30
30
25
18
18
18
18
19
18
5
19
14
14
14
14
14
14
18
14
46
46
46
17
46
46
46
46
17
17
38
49
42
42
42
42
42
1
18
20
20
20
18
18
18
18
42
42
42
46
42
42
34
34
34
34
28
34
28
28
34
34
2
2
2
0
0
0
0
0
3
3
27
27
27
27
31
31
27
31
32
32
1
1
1
1
1
1
0
0
0
0
33
11
32
13
13
13
13
13
13
47
33
46
48
5
43
43
48
43
48
48
48
48
8
20
8
10
8
8
8
8
8
8
18
18
