2502 4873 001
199 1 2142 1 1629 1 
923 2 381 3 1706 2 296 3 
2419 3 991 3 1276 3 6 3 
5 4 2168 2 1236 2 
4 4 2167 5 2325 3 1237 3 
1275 2 2418 2 3 3 1632 2 
1164 3 1622 1 22 1 56 1 
9 2 11 1 1593 1 58 3 
57 2 14 2 8 2 1592 2 
60 3 11 3 16 3 1591 5 
2181 1 10 3 59 2 8 1 
62 2 15 3 1589 1 13 1 
1588 1 61 2 12 1 2335 2 
9 2 64 1 1587 1 15 3 
63 3 12 3 1586 3 14 3 
10 3 2155 1 
1637 3 18 2 1284 2 1774 2 
17 2 351 2 2186 2 2426 1 
1147 3 20 1 1162 1 133 1 
19 1 122 1 1660 1 1146 1 
22 2 1722 2 1004 2 1161 3 
21 2 7 1 1160 1 1438 1 
1920 2 1814 3 1816 2 
936 1 1722 1 1662 4 1006 2 
26 4 379 2 2359 3 1528 2 
1527 3 378 3 25 4 27 3 
1519 1 393 1 28 2 26 3 
392 3 29 3 1518 3 27 2 
391 4 28 3 1521 2 30 3 
390 2 1520 3 31 2 29 3 
1523 1 389 2 30 2 32 1 
388 2 33 1 1522 1 31 1 
387 1 1525 2 34 1 32 1 
33 1 2154 2 1524 1 386 1 
45 2 870 2 36 2 734 2 
37 1 869 3 35 2 735 4 
736 1 38 1 36 1 743 2 
37 1 742 3 39 2 737 2 
38 2 730 3 40 2 874 2 
41 1 873 2 39 2 731 1 
40 1 42 2 732 2 876 1 
875 4 41 2 733 3 2413 2 
1671 5 2439 5 1904 4 1901 5 
45 2 738 3 2364 2 741 3 
44 2 739 1 35 2 740 1 
238 4 324 3 47 3 96 4 
95 2 46 3 50 1 323 1 
108 2 331 3 49 1 51 2 
330 1 1327 1 54 2 48 1 
106 2 51 2 333 3 47 1 
332 3 50 2 105 3 48 2 
53 2 104 3 327 2 55 2 
52 2 935 2 103 1 326 3 
329 4 49 2 55 2 102 2 
328 1 52 2 54 2 101 2 
517 3 1438 1 969 5 7 1 
560 2 9 2 64 1 58 3 
57 3 59 4 559 3 8 3 
58 4 558 2 11 2 60 2 
10 3 59 2 
336 3 564 2 13 2 62 3 
563 2 12 2 61 3 63 2 
562 2 15 3 64 1 62 2 
63 1 57 1 14 1 561 2 
685 3 68 1 66 1 2455 2 
684 2 2392 3 65 1 2456 2 
68 2 2457 2 408 4 687 2 
67 2 65 1 2458 2 686 1 
2481 3 70 3 594 4 76 3 
2480 1 69 3 593 1 251 2 
691 1 72 2 2453 1 416 1 
407 2 71 2 2454 4 690 3 
2490 2 80 2 592 2 74 1 
75 2 591 1 2489 2 73 1 
74 2 76 2 590 3 2492 3 
75 2 2491 2 589 1 69 3 
503 1 588 1 2486 2 78 1 
2485 1 587 1 79 2 77 1 
78 2 80 3 586 4 2488 2 
2487 2 73 2 585 3 79 3 
82 4 130 4 472 4 2403 5 
471 2 81 4 129 2 83 1 
132 3 84 2 470 1 82 1 
131 2 83 2 469 2 85 3 
126 3 86 3 476 3 84 3 
85 3 87 2 475 3 125 3 
86 2 88 1 474 1 128 1 
473 2 87 1 89 1 127 1 
467 1 90 2 124 1 88 1 
123 2 89 2 466 3 2069 2 
675 5 1190 4 699 4 2266 3 
919 1 121 2 383 2 2138 2 
94 3 2298 4 1438 2 517 4 
93 3 478 2 1004 2 2297 3 
47 2 1057 4 106 3 96 3 
2423 3 1056 2 46 4 95 3 
479 2 1378 3 988 2 98 3 
989 5 99 3 2301 4 97 3 
122 2 100 4 98 3 2304 2 
99 4 133 3 2005 3 1379 4 
104 3 1053 4 102 2 55 2 
1327 1 101 2 1052 1 54 2 
104 2 53 1 254 1 1055 1 
52 3 101 3 103 2 1054 2 
108 3 1049 3 106 3 51 3 
1048 2 50 2 95 3 105 3 
517 3 1403 2 275 1 969 5 
105 3 1050 4 48 2 1327 2 
2141 1 490 1 1147 3 110 1 
111 2 1146 1 109 1 489 2 
110 2 1150 5 488 2 112 2 
113 2 111 2 1149 1 487 1 
114 2 486 3 112 2 936 2 
113 2 115 1 1739 3 485 1 
1161 2 114 1 484 1 116 1 
483 2 117 1 1160 1 115 1 
1164 3 118 1 116 1 482 1 
261 1 117 1 481 1 1163 3 
120 4 2015 4 567 4 1685 4 
119 4 783 3 2014 3 1684 4 
2137 2 92 2 496 2 918 3 
99 2 133 1 20 1 989 4 
574 1 90 2 1967 1 124 1 
1968 2 127 1 89 1 123 1 
126 3 1965 2 128 2 86 3 
85 3 125 3 1966 2 131 2 
1963 2 124 1 128 1 88 1 
1964 3 125 2 127 1 87 1 
82 2 132 4 130 2 1961 3 
274 1 1962 1 81 4 129 2 
84 2 1812 2 126 2 132 3 
83 3 1815 3 129 4 131 3 
122 1 100 3 19 1 320 1 
2076 3 1098 2 270 1 
146 1 286 2 136 2 2042 1 
2025 2 135 2 580 2 285 2 
793 4 284 3 2090 2 138 2 
1934 1 2089 1 283 2 137 2 
140 2 1411 1 1934 1 283 2 
1410 2 139 2 1933 4 141 2 
1467 2 1937 1 140 2 142 1 
143 3 1935 2 1466 2 141 1 
142 3 1473 3 1661 3 144 3 
1658 2 1472 1 145 1 143 3 
146 1 144 1 2116 2 1932 4 
135 1 2261 3 145 1 1931 1 
1098 2 2077 3 785 1 268 1 
2158 2 153 1 2257 3 149 3 
2256 4 2431 3 148 3 2157 3 
157 1 2400 1 1260 1 
152 2 888 2 2161 2 2293 3 
2160 2 151 2 153 1 900 1 
148 1 898 1 2159 2 152 1 
2396 1 155 2 299 1 1259 2 
154 2 1258 2 2395 2 156 4 
2398 3 157 3 1257 4 155 4 
2397 3 150 1 156 3 1256 2 
1836 2 159 2 2109 3 267 2 
1597 1 1835 2 266 1 158 2 
1515 1 2227 4 163 1 2500 1 
1550 4 1906 3 839 5 162 3 
1905 2 166 2 161 3 1549 2 
2228 2 2499 1 160 1 2110 3 
1908 1 165 3 1561 1 167 1 
170 4 164 3 1560 3 1907 3 
167 1 1559 3 162 2 1910 2 
166 1 1558 1 164 1 1909 1 
1557 2 171 1 169 2 1912 1 
1556 2 1911 3 168 2 2494 4 
165 4 1516 3 171 2 1555 2 
168 1 1608 1 1554 2 170 2 
2110 3 1553 1 2230 2 2501 1 
2103 3 174 4 697 2 1148 2 
1142 4 173 4 1404 3 699 4 
1653 3 2029 4 844 3 1651 3 
2498 1 1563 3 2225 2 178 2 
2298 3 1403 2 1793 2 517 3 
2274 4 2497 3 2226 2 176 2 
1653 1 1649 2 2027 1 846 3 
181 1 190 1 2351 2 
180 1 182 1 2350 1 
2349 1 181 1 235 1 183 3 
184 4 234 3 182 3 2348 3 
183 4 2355 2 185 3 237 2 
186 2 2354 2 236 2 184 3 
2353 2 185 2 187 2 239 1 
2352 4 186 2 324 2 238 3 
364 1 1647 2 790 3 1769 2 
2347 3 190 1 
180 1 189 1 2346 1 
192 1 198 1 1952 3 1484 2 
191 1 193 2 1951 2 1483 2 
1482 3 1954 2 194 2 192 2 
1953 1 1481 2 193 2 959 1 
200 2 1956 1 196 1 1480 2 
197 1 195 1 1479 1 1955 2 
1478 1 196 1 1958 1 198 1 
1477 2 1957 1 191 1 197 1 
1 1 1475 2 200 2 1950 2 
1474 3 195 2 1949 3 199 2 
210 2 838 2 1332 1 202 1 
837 1 346 4 1772 1 201 1 
1073 2 595 2 204 3 637 1 
1072 3 203 3 832 3 205 3 
206 1 1740 1 204 3 835 1 
834 2 207 1 1787 1 205 1 
208 1 206 1 1069 2 829 2 
207 1 828 2 209 3 1068 3 
1067 4 210 4 208 3 831 4 
201 2 1066 2 209 4 830 2 
212 3 1778 4 269 3 213 3 
211 3 1777 2 1431 1 268 1 
270 1 1775 3 211 3 
1724 4 2502 4 233 5 215 4 
2501 2 252 2 1723 3 214 4 
679 2 217 1 449 1 2382 1 
216 1 678 1 2381 2 231 2 
677 4 449 3 2384 3 341 4 
222 1 220 3 810 2 1423 1 
809 3 219 3 225 4 1422 4 
2244 2 222 1 1425 2 229 3 
219 1 2243 3 1424 1 221 1 
224 1 1427 2 226 1 2242 2 
362 1 223 1 1426 2 2241 2 
1429 2 2240 3 220 4 226 2 
2239 2 1428 2 223 1 225 2 
2386 2 232 1 230 2 683 1 
1431 3 785 3 268 3 229 5 
781 3 1430 3 221 3 228 5 
682 4 227 2 2385 2 1243 3 
2388 4 232 2 681 2 217 2 
231 2 227 1 680 1 2387 1 
2499 3 1610 4 214 5 1725 3 
235 1 183 3 2427 1 237 1 
234 1 182 1 
185 2 237 1 2425 3 239 1 
2424 1 236 1 234 1 184 2 
46 4 239 2 2423 3 187 3 
238 2 186 1 2422 1 236 1 
2498 2 1720 2 241 2 253 4 
1195 3 240 2 2497 2 1719 1 
436 1 2306 1 243 1 2237 2 
244 2 242 1 435 2 2305 2 
243 2 245 3 434 3 1374 3 
1373 2 244 3 246 3 433 2 
2300 2 245 3 247 3 432 2 
248 2 431 2 246 3 2299 3 
247 2 249 1 2302 3 430 2 
250 1 1377 1 429 2 248 1 
249 1 251 2 428 2 1380 3 
2303 2 250 2 427 2 70 2 
253 3 2496 1 215 2 2478 1 
252 3 2495 3 1721 5 240 4 
935 2 103 1 
256 2 2307 3 257 2 
255 2 2308 1 
255 2 2312 4 
374 2 265 2 259 3 2113 2 
373 2 2112 2 260 2 258 3 
261 1 372 1 259 2 2115 2 
2114 2 260 1 118 1 371 1 
370 4 263 2 267 2 2109 3 
262 2 264 1 2108 2 369 1 
2111 1 368 1 265 1 263 1 
2045 2 258 2 264 1 367 3 
267 1 159 1 403 1 366 2 
365 3 266 1 158 2 262 2 
147 1 269 1 212 1 228 3 
270 1 268 1 211 3 1098 2 
213 1 269 1 134 1 
282 2 272 1 1630 2 2140 1 
271 1 1631 1 2139 2 1990 1 
2404 3 2150 2 1848 2 274 2 
2403 2 130 1 2151 2 273 2 
1638 1 2134 1 276 3 107 1 
1639 3 275 3 302 4 277 3 
1640 4 1850 2 310 1 276 3 
1849 2 2144 1 2407 2 1847 1 
2130 2 1850 3 280 3 1642 2 
1643 5 2129 2 281 4 279 3 
282 4 1644 3 2132 3 280 4 
271 2 297 2 281 4 1645 2 
138 2 284 3 319 3 139 2 
137 3 283 3 291 2 317 4 
286 2 136 2 
285 2 135 2 1931 2 1813 2 
1280 3 288 2 786 3 294 4 
784 1 1279 2 289 1 287 2 
288 1 290 2 1278 1 789 2 
289 2 1152 2 787 2 1277 3 
793 3 292 2 352 2 284 2 
791 2 291 2 293 4 1283 3 
1936 4 292 4 1282 3 294 5 
1281 3 1930 4 287 4 293 5 
296 3 1706 2 2136 3 1786 2 
295 3 1785 3 2131 2 2 3 
282 2 2132 1 2000 1 2140 1 
647 2 380 2 2449 3 2131 1 
154 1 300 1 2246 2 1029 2 
1028 1 2245 1 299 1 301 3 
2232 3 300 3 1037 4 2048 3 
1998 2 310 2 276 4 2134 2 
2048 1 1035 3 2234 1 304 2 
1034 3 305 4 303 2 2233 4 
1033 3 306 4 304 4 2236 3 
1032 2 307 2 305 4 2235 2 
2238 1 2053 2 306 2 1031 2 
309 2 2133 1 382 2 792 1 
308 2 385 2 1780 3 2136 3 
2135 1 1995 1 302 2 277 1 
895 2 312 2 1088 2 314 2 
311 2 315 3 894 3 1087 1 
439 3 314 2 1086 3 897 5 
896 2 313 2 1085 1 311 2 
893 3 312 3 1090 4 316 3 
315 3 892 1 
1296 3 352 4 319 4 284 4 
698 1 1679 3 320 1 2004 1 
317 4 283 3 1411 2 1295 2 
2005 1 318 1 133 1 1162 1 
1470 1 325 1 1276 2 630 2 
686 3 782 4 1181 3 780 3 
2170 4 333 3 47 1 324 1 
46 3 187 2 2169 1 323 1 
321 1 1003 1 629 3 1275 1 
327 3 2175 4 53 3 2314 4 
52 2 326 3 2174 2 328 1 
55 1 2173 1 329 3 327 1 
54 4 330 3 328 3 2172 4 
49 1 331 3 329 3 2179 1 
330 3 2178 3 48 3 332 4 
333 4 51 3 2177 4 331 4 
332 4 2176 3 50 3 323 3 
1272 3 335 2 634 4 1015 2 
1062 2 334 2 1271 1 633 3 
61 3 1128 2 2335 3 338 2 
2008 3 1166 4 339 2 1526 2 
1127 3 2334 1 336 2 1351 3 
1682 2 1165 1 337 2 2009 2 
638 3 1284 3 1659 4 1135 3 
672 2 842 3 342 3 218 4 
347 3 341 3 841 3 671 2 
350 1 850 2 344 1 663 1 
345 1 849 1 343 1 662 1 
344 1 848 4 346 4 665 3 
202 4 664 4 847 4 345 4 
342 3 348 2 846 4 667 2 
347 2 666 2 845 1 349 4 
669 4 844 4 350 4 348 4 
343 1 843 3 349 4 668 2 
1135 2 1508 3 18 2 1284 2 
1303 3 317 4 291 2 1283 3 
2075 1 354 2 1221 1 356 1 
2074 4 353 2 361 3 1220 3 
358 2 356 1 2073 1 1223 3 
355 1 353 1 2072 2 1222 1 
1217 1 360 2 2071 1 358 2 
355 2 2070 3 1216 2 357 2 
360 2 2069 1 466 2 1219 1 
359 2 2068 3 357 2 1218 2 
362 2 1225 2 354 3 2067 3 
224 1 2066 3 361 2 1224 2 
409 1 809 1 415 1 2247 4 
188 1 1768 1 1312 2 788 1 
638 3 267 3 370 5 366 4 
595 3 637 2 266 2 365 4 
368 3 374 3 265 3 634 5 
633 3 367 3 264 1 369 1 
636 2 263 1 370 3 368 1 
262 4 635 3 365 5 369 3 
481 1 261 1 372 1 630 2 
373 1 260 1 371 1 629 3 
259 2 372 1 632 1 374 1 
631 2 258 2 367 3 373 1 
694 2 578 2 2170 4 1755 4 
798 1 377 1 1257 2 
376 1 1256 2 
26 3 674 1 393 1 379 1 
502 1 673 3 25 2 378 1 
1704 3 298 2 921 4 381 3 
2131 2 2 3 380 3 920 2 
385 2 927 2 308 2 383 3 
92 2 926 2 382 3 2133 2 
2136 2 385 1 1706 1 925 1 
382 2 309 2 384 1 924 2 
1648 1 677 2 34 1 387 1 
33 1 676 2 388 2 386 1 
32 2 389 3 679 3 387 2 
388 3 678 2 31 2 390 2 
391 3 30 2 681 1 389 2 
29 4 390 3 392 4 680 3 
28 3 683 2 391 4 393 2 
27 1 682 3 378 1 392 2 
525 3 1552 3 
1305 3 2197 1 1913 2 1307 3 
1305 3 1594 1 1311 2 2195 1 
398 4 400 2 1607 2 831 3 
405 3 1601 3 397 4 830 3 
1609 2 400 1 829 2 402 1 
399 1 828 2 397 2 1913 2 
404 2 835 2 402 2 1595 3 
834 2 401 2 1594 1 399 1 
1597 1 404 1 266 1 595 2 
832 1 401 2 403 1 1596 3 
398 3 406 2 1578 2 838 2 
405 2 1903 2 540 3 837 2 
689 1 72 2 408 3 2451 1 
407 3 688 3 67 4 2452 4 
1606 1 363 1 2240 2 1268 2 
1915 3 416 2 1142 3 693 3 
1604 1 2242 2 412 2 1268 2 
579 2 2241 3 411 2 1605 2 
2244 2 418 1 414 1 1602 2 
413 1 415 1 2243 3 1603 3 
1600 1 810 2 363 1 414 1 
1148 1 692 1 410 2 71 1 
2077 3 1598 3 418 1 785 1 
413 1 781 1 1599 1 417 1 
420 2 1277 2 1144 3 1152 1 
419 2 421 3 1151 3 1143 2 
420 3 2296 3 422 2 1139 3 
1153 2 421 2 423 3 1138 1 
1137 4 424 3 422 3 1156 3 
1136 2 425 1 423 3 1155 2 
424 1 1141 2 1158 2 426 2 
1140 2 1157 2 425 2 
428 2 251 2 1102 2 593 1 
429 3 1101 2 427 2 250 2 
428 3 430 3 249 2 1104 2 
1103 2 429 3 431 2 248 2 
432 1 1106 1 247 2 430 2 
1105 1 431 1 246 2 433 1 
434 2 1108 1 245 2 432 1 
433 2 435 3 1107 3 244 3 
243 2 434 3 1110 2 436 2 
1109 3 242 1 1691 1 435 2 
2021 1 565 2 2433 1 1677 4 
2413 2 1495 3 2054 2 2035 2 
440 3 741 3 313 3 710 3 
439 3 709 3 443 2 740 2 
743 2 712 1 444 2 442 1 
742 3 441 1 447 1 711 1 
870 1 444 2 714 1 440 2 
441 2 443 2 869 4 713 2 
448 2 876 1 446 1 716 4 
875 3 715 1 1708 1 445 1 
448 2 442 1 874 1 718 2 
447 2 873 3 445 2 717 2 
218 3 676 2 216 1 2383 1 
1471 1 451 2 453 2 482 1 
1470 2 450 2 630 3 481 2 
484 1 453 2 455 3 1461 1 
483 3 452 2 450 2 1460 4 
457 1 1459 3 455 3 486 2 
1458 4 452 3 485 3 454 3 
488 2 459 3 457 2 1465 2 
454 1 1464 3 456 2 487 1 
459 2 490 1 1344 1 1463 2 
458 2 456 3 1462 3 489 3 
1903 3 461 3 540 4 1492 3 
460 3 1491 1 539 1 462 1 
463 2 542 1 461 1 1490 1 
1489 3 462 2 541 4 464 2 
1488 1 463 2 465 1 544 1 
543 1 468 2 464 1 1487 1 
359 2 90 3 979 3 467 2 
89 1 473 2 978 2 466 2 
2450 2 1486 2 546 3 465 2 
470 1 476 2 84 2 985 1 
984 3 469 1 471 2 83 1 
82 2 470 2 1493 4 472 2 
651 2 986 1 471 2 81 4 
474 2 467 2 88 2 1476 3 
473 2 980 1 475 2 87 1 
983 2 474 2 86 3 476 3 
469 2 982 2 85 3 475 3 
935 2 2315 1 
479 1 94 2 1376 2 1005 1 
97 2 478 1 1006 2 1375 2 
979 2 1442 1 1536 1 812 1 
371 1 482 1 118 1 451 2 
481 1 483 2 117 1 450 1 
484 2 453 3 116 2 482 2 
483 2 452 1 485 1 115 1 
486 2 455 3 114 1 484 1 
113 3 485 2 487 2 454 2 
488 1 486 2 457 1 112 1 
489 2 456 2 487 1 111 2 
488 2 490 2 110 2 459 3 
489 2 109 1 458 1 1235 1 
492 1 1943 1 494 1 747 1 
491 1 746 2 1942 3 497 1 
1111 2 1945 2 745 2 494 2 
744 1 1944 1 491 1 493 2 
751 4 498 2 1939 1 496 1 
750 2 121 2 1938 1 495 1 
1941 1 749 1 498 2 492 1 
1940 2 495 2 497 2 748 2 
512 4 500 2 506 2 2362 3 
2361 2 499 2 511 2 501 2 
500 2 2360 2 514 2 502 2 
513 2 379 1 2359 2 501 2 
77 1 1947 1 753 2 1111 1 
507 3 2358 3 505 3 
506 2 504 3 510 3 2357 3 
509 1 505 2 499 2 2356 1 
504 3 510 3 1452 2 
1112 1 1914 2 551 1 1113 1 
506 1 1240 1 510 2 512 3 
507 3 505 3 509 2 1239 2 
500 2 514 2 512 4 1456 2 
499 4 1455 3 511 4 509 3 
1454 3 502 2 514 2 673 4 
511 2 513 2 1453 1 501 2 
548 2 2391 2 516 2 1126 2 
2456 2 547 1 2392 3 515 2 
107 3 56 3 177 3 93 4 
2128 3 822 3 519 1 524 2 
520 2 2125 3 518 1 821 1 
519 2 1574 2 521 4 824 3 
1921 3 1383 3 1573 3 520 4 
1386 3 526 1 
524 2 836 3 
1577 2 523 2 518 2 1387 3 
526 3 394 3 1392 3 
525 3 1391 2 522 1 
2258 1 536 2 919 1 528 1 
704 1 2259 1 918 2 527 1 
2316 3 2250 1 921 3 530 1 
920 1 531 3 2251 2 529 1 
530 3 2248 3 923 3 532 4 
533 3 2249 2 922 2 531 4 
925 2 2254 4 532 3 534 3 
924 3 533 3 535 2 2255 2 
536 2 534 2 927 1 2252 2 
535 2 527 2 1871 3 926 2 
538 3 1708 1 715 1 672 1 
537 3 1707 4 671 3 545 4 
461 1 542 1 540 2 665 3 
664 2 406 3 539 2 460 4 
663 3 542 3 463 4 544 3 
541 3 539 1 462 1 662 1 
546 2 669 1 465 1 544 1 
668 2 541 3 543 1 464 1 
546 3 667 2 2450 2 538 4 
545 3 543 2 666 3 468 3 
1355 2 516 1 2104 1 548 1 
1354 1 552 2 547 1 515 2 
555 2 550 2 1357 2 1114 1 
551 2 549 2 1356 3 1113 2 
550 2 508 1 1358 1 
1360 2 548 2 553 3 1126 2 
2439 3 554 4 552 3 1359 5 
1117 3 1362 3 555 4 553 4 
549 2 1361 3 554 4 1116 3 
1675 2 557 3 565 3 2023 3 
556 3 2022 4 1674 2 568 4 
559 1 59 2 
560 2 58 3 558 1 
57 2 559 2 561 3 
1776 2 562 3 64 2 560 3 
563 2 63 2 561 3 1775 4 
62 2 562 2 564 1 1778 2 
61 2 1777 2 563 1 1128 1 
437 2 556 3 2020 4 1676 2 
569 1 2019 2 1671 2 567 3 
1670 3 2018 3 119 4 566 3 
1673 3 2017 3 569 3 557 4 
1672 1 566 1 568 3 2016 3 
2073 1 1756 1 571 3 577 1 
2072 4 1757 3 570 3 572 4 
1754 2 573 2 2075 2 571 4 
572 2 2074 3 1755 4 578 2 
123 1 2069 1 575 2 1760 2 
576 2 2068 3 1761 2 574 2 
2071 1 577 1 575 2 1758 2 
576 1 2070 2 1759 2 570 1 
579 2 375 2 2067 3 573 2 
578 2 412 2 2066 3 694 2 
2484 2 136 2 
583 3 2290 1 2479 3 
584 3 1620 1 583 3 2292 2 
581 3 2291 5 1619 4 582 3 
2476 5 582 3 2294 3 
885 2 592 3 586 4 80 3 
585 4 587 3 884 4 79 4 
887 1 586 3 78 1 588 1 
753 2 886 2 77 1 587 1 
590 2 881 1 76 1 594 2 
589 2 880 3 591 2 75 3 
592 2 74 1 883 1 590 2 
585 3 591 2 73 2 882 4 
879 2 70 1 427 1 594 2 
69 4 878 3 589 2 593 2 
832 2 366 3 203 2 403 2 
597 2 1362 1 599 1 1137 2 
600 3 596 2 1361 3 1136 3 
599 1 603 1 1139 2 1360 1 
1359 4 598 1 1138 1 596 1 
601 2 597 3 1141 3 1357 3 
600 2 1140 1 1356 2 
1355 3 1144 4 2123 3 603 2 
1143 1 1354 1 598 1 602 2 
646 1 610 1 605 2 623 1 
622 2 604 2 2097 3 645 2 
640 1 607 1 624 1 
644 2 608 2 626 1 606 1 
609 3 607 2 643 2 625 3 
608 3 642 3 610 2 628 3 
627 2 604 1 609 2 641 2 
839 4 1550 3 
1390 3 613 3 860 4 617 3 
612 3 859 2 1201 3 1389 2 
827 1 858 4 615 1 621 1 
825 3 616 1 857 2 614 1 
617 1 856 2 615 1 1388 2 
616 1 855 1 833 1 612 3 
1382 2 619 3 774 3 854 3 
620 2 618 3 853 3 1381 2 
621 1 619 2 852 2 1384 1 
620 1 851 2 614 1 823 3 
605 2 787 1 1152 1 623 1 
1151 2 604 1 627 2 622 1 
1158 2 606 1 626 1 
1156 2 626 2 628 3 608 3 
625 2 607 1 1155 2 624 1 
2296 3 610 2 628 3 623 2 
627 3 625 3 1153 3 609 3 
630 4 325 3 632 3 372 3 
321 2 451 3 371 2 629 4 
374 2 632 2 1015 2 634 4 
631 2 1003 1 373 1 629 3 
368 3 634 5 335 3 636 4 
633 5 367 5 334 4 631 4 
370 3 636 2 1659 2 638 1 
635 2 369 2 1062 3 633 4 
638 1 366 2 1135 1 203 1 
340 3 365 3 637 1 635 1 
1038 2 1228 1 1350 3 
606 1 644 2 
646 2 610 2 642 3 2379 2 
643 2 609 3 2380 3 641 3 
1174 1 642 2 644 2 608 2 
607 2 643 2 640 2 
2275 1 1115 3 646 1 605 2 
641 2 604 1 1129 1 645 1 
298 2 1741 2 1784 3 1734 3 
649 1 1188 2 1193 1 2268 3 
648 1 1187 2 1154 1 660 2 
655 3 651 2 796 1 2404 2 
472 2 795 2 2403 3 650 2 
659 3 800 2 2408 3 653 2 
654 2 2407 2 799 2 652 2 
653 2 655 4 802 3 2406 3 
801 3 654 4 650 3 2405 4 
2412 3 657 1 804 3 1829 2 
656 1 658 1 803 1 2411 2 
659 2 2410 1 657 1 806 2 
658 2 652 3 2409 2 805 3 
661 2 1186 2 2270 4 649 2 
1185 1 670 1 2269 1 660 2 
663 1 542 1 344 1 665 3 
541 3 662 1 668 2 343 1 
837 1 540 2 665 3 346 4 
664 3 662 3 539 3 345 3 
669 2 348 2 667 2 546 3 
545 2 347 2 666 2 671 1 
544 2 669 2 663 2 350 2 
349 4 666 2 543 1 668 2 
661 1 675 3 2264 1 1192 2 
538 3 667 1 342 2 672 1 
341 2 537 1 2384 1 671 1 
674 3 379 3 513 4 1244 4 
673 3 682 3 378 1 1243 2 
2263 4 91 5 670 3 1191 3 
679 3 387 2 449 2 677 3 
218 4 386 2 676 3 842 3 
681 1 217 1 679 2 389 2 
216 2 676 3 678 2 388 3 
232 1 683 1 681 1 391 3 
678 1 390 1 231 2 680 1 
230 4 683 3 674 3 393 3 
392 2 680 1 682 3 227 1 
66 2 1684 3 685 4 783 2 
65 3 686 3 782 4 684 4 
685 3 322 3 687 1 68 1 
686 1 688 1 780 1 67 2 
779 1 687 1 408 3 689 1 
407 1 690 2 778 1 688 1 
689 2 777 2 691 2 72 3 
692 1 71 1 776 1 690 2 
775 2 691 1 693 2 416 1 
692 2 410 3 854 3 774 3 
375 2 2169 2 579 2 1605 2 
871 4 696 4 1925 3 
1924 3 695 4 
2126 1 173 2 1404 1 1394 2 
939 3 318 1 1171 1 1162 1 
91 4 1189 4 174 4 2265 2 
752 2 1774 2 705 4 2295 2 
702 2 2420 1 749 1 708 2 
703 2 701 2 2421 2 748 2 
702 2 704 1 751 4 2418 1 
528 1 750 2 703 1 2419 2 
706 4 745 3 2416 4 700 4 
744 2 707 3 705 4 2417 3 
706 3 2414 3 747 2 708 3 
746 3 2415 3 701 2 707 3 
2390 3 440 3 714 2 710 3 
897 5 2389 3 439 3 709 3 
712 1 2388 3 718 2 442 1 
711 1 713 1 441 1 2387 1 
712 1 2386 2 714 1 444 2 
713 1 443 1 709 2 2385 1 
716 4 537 1 446 1 2384 1 
715 4 717 4 2383 4 445 4 
716 4 2382 1 448 2 718 2 
711 2 2381 3 717 2 447 2 
720 1 1475 2 
723 3 1474 2 719 1 
1715 2 722 3 1478 2 724 2 
1477 3 1716 2 727 2 721 3 
1717 3 1480 4 720 3 724 3 
1479 1 1718 1 723 3 721 2 
726 1 1482 2 1711 2 728 2 
725 1 1712 1 1481 2 2056 3 
722 2 1484 2 728 2 1713 2 
1714 2 725 2 1483 3 727 2 
1795 2 1770 4 1646 2 1980 3 
1587 2 39 3 737 3 731 2 
732 2 40 1 1586 1 730 2 
41 2 1589 2 733 3 731 2 
2057 2 1588 2 42 3 732 3 
735 4 739 1 1591 3 35 2 
736 4 734 4 2181 4 36 4 
37 1 735 4 737 2 1593 1 
1592 2 736 2 730 3 38 2 
739 2 914 3 44 3 2156 3 
45 1 738 2 2155 1 734 1 
870 1 741 2 440 2 45 1 
1086 3 439 3 44 3 740 2 
874 3 442 3 38 3 743 4 
441 2 869 4 742 4 37 2 
747 1 706 2 745 1 494 1 
744 1 705 3 752 1 493 2 
708 3 747 2 749 2 492 2 
744 1 746 2 707 2 491 1 
749 1 702 2 498 2 751 4 
748 1 746 2 497 1 701 1 
704 2 496 2 918 3 751 5 
495 4 703 4 750 5 748 4 
1111 1 700 2 753 2 745 1 
588 2 503 2 752 2 2295 2 
1343 1 755 2 933 1 2182 2 
1590 3 761 2 754 2 1342 2 
1583 2 1340 2 758 3 
758 2 1339 1 760 2 1585 2 
1338 2 757 2 756 3 1584 2 
760 3 1337 4 1580 3 762 2 
759 3 1336 2 1579 2 757 2 
762 1 755 2 1335 1 1582 2 
1581 3 761 1 759 2 1334 2 
1193 1 2497 2 2274 3 1195 3 
1413 1 773 1 1205 1 765 2 
1330 3 1204 2 1412 4 764 2 
1201 3 1389 2 767 1 1421 2 
1420 2 766 1 1200 2 768 2 
1419 2 769 2 1203 3 767 2 
1202 2 770 1 1418 1 768 2 
1417 1 769 1 1197 1 771 2 
1416 4 1196 3 770 2 772 3 
2438 2 773 2 1415 2 771 3 
1414 1 772 2 764 1 1198 1 
1176 2 775 3 618 3 693 3 
692 2 774 3 1175 2 776 2 
691 1 775 2 777 1 1178 1 
778 1 1177 1 690 2 776 1 
777 1 1180 1 779 1 689 1 
688 1 778 1 1179 2 780 1 
1182 2 779 1 322 3 687 1 
785 1 2244 2 229 3 418 1 
322 4 1184 4 685 4 783 2 
120 3 1183 2 684 2 782 2 
2099 4 288 1 786 2 789 2 
781 1 147 1 228 3 417 1 
1930 3 2098 2 287 3 784 2 
622 1 789 2 2097 2 290 2 
1808 2 790 3 794 3 364 1 
2096 2 787 2 784 2 289 2 
788 3 1790 4 188 3 1807 3 
1936 2 292 2 2095 1 793 3 
1782 1 1780 2 1732 2 308 1 
291 3 137 4 2094 3 791 3 
1312 4 1805 4 1781 4 788 3 
651 2 796 1 1019 2 986 1 
801 1 1018 3 795 1 650 1 
2142 3 961 3 798 3 1259 4 
376 1 797 3 1258 1 
800 2 802 3 653 2 1027 3 
799 2 1026 1 652 2 805 2 
655 3 796 1 802 2 1025 1 
799 3 801 2 1024 3 654 3 
806 2 1023 1 657 1 804 3 
1852 3 1022 3 656 3 803 3 
806 3 1021 3 800 2 659 3 
803 2 805 3 1020 2 658 2 
808 1 1266 2 
1802 1 1783 2 807 1 1652 2 
810 2 363 1 220 3 2240 2 
809 2 415 2 219 2 2243 4 
1013 1 1237 1 1306 2 
978 2 819 1 1535 1 480 1 
814 2 816 2 1542 2 1493 4 
813 2 1019 2 986 1 1541 1 
818 3 1544 2 816 2 985 2 
984 3 813 2 815 2 1543 1 
818 2 1538 1 983 1 820 1 
817 2 815 3 1537 3 982 2 
1540 2 1476 2 812 1 820 1 
817 1 1539 2 819 1 980 1 
822 3 519 1 824 2 2277 1 
518 3 1387 4 821 3 2278 4 
1384 3 1566 4 827 3 621 3 
2276 2 1383 2 520 3 821 2 
1388 4 615 3 1572 4 827 3 
1306 3 1038 3 
614 1 825 3 823 3 1571 1 
829 3 831 3 208 2 400 2 
828 3 834 3 207 2 399 2 
831 2 398 3 210 2 838 2 
828 3 830 2 397 3 209 4 
404 1 595 2 204 3 835 1 
617 1 1390 1 1388 2 1570 1 
206 2 402 2 829 3 835 2 
401 2 834 2 205 1 832 1 
1385 4 2272 4 523 3 1387 4 
202 1 838 2 664 1 406 2 
837 2 201 2 405 2 830 2 
611 4 840 4 161 5 1712 4 
1711 2 839 4 
1649 3 846 4 342 3 842 3 
341 3 1648 2 677 3 841 3 
350 3 850 4 1651 3 844 3 
349 4 175 3 845 1 843 3 
846 3 1653 1 844 1 348 1 
347 4 845 3 841 4 179 3 
1655 1 848 4 1772 1 346 4 
849 4 847 4 1654 4 345 4 
848 4 344 1 1657 2 850 2 
343 2 843 4 1656 3 849 2 
858 5 621 2 852 3 1545 4 
853 3 851 3 620 2 1533 2 
852 3 854 3 619 3 1916 2 
853 3 1915 3 618 3 693 3 
617 1 856 2 1514 3 860 2 
616 2 1502 2 857 3 855 2 
1517 3 615 2 856 3 858 5 
851 5 614 4 1902 4 857 5 
860 3 2394 2 613 2 1081 3 
859 3 612 4 2393 3 855 2 
2478 1 862 1 868 1 1624 1 
863 4 1623 2 861 1 1721 3 
862 4 864 4 1811 4 1720 4 
863 4 1100 1 2484 2 1719 1 
1726 2 1620 2 866 2 872 2 
1619 2 1725 1 865 2 867 1 
2479 3 1724 2 868 1 866 1 
1723 2 861 1 867 1 1621 2 
870 3 743 4 36 3 444 4 
869 3 443 1 740 1 35 2 
1618 2 695 4 1728 2 872 2 
1727 1 871 2 865 2 2476 3 
448 3 40 2 874 2 876 2 
742 3 873 2 447 1 39 2 
42 4 876 3 446 3 1494 3 
875 3 445 1 873 2 41 1 
890 2 901 1 2193 2 1990 1 
881 2 879 3 594 3 1884 3 
878 3 1885 3 593 2 1102 3 
590 3 881 2 1888 3 883 2 
878 2 589 1 880 2 1889 2 
1886 3 883 3 592 4 885 3 
882 3 591 1 1887 2 880 2 
887 2 586 4 1892 2 885 2 
1893 2 585 2 884 2 882 3 
2295 2 588 2 887 2 1890 3 
587 1 886 2 1891 1 884 2 
903 1 151 2 2162 2 2253 1 
2107 2 2105 2 2458 3 1399 2 
877 2 902 2 2003 3 2196 3 
892 1 2219 1 
891 1 2218 3 893 1 316 1 
315 3 2217 1 892 1 894 3 
2216 3 895 3 312 3 893 3 
2215 1 311 2 894 3 896 2 
897 5 314 2 2214 2 895 2 
896 5 710 5 2213 4 313 5 
2257 3 900 1 2199 1 153 1 
2139 2 1990 1 901 1 2166 1 
898 1 2293 2 2200 3 152 1 
877 1 899 1 902 1 2165 1 
890 2 2164 1 901 1 903 1 
888 1 2003 2 2163 4 902 1 
907 2 1408 2 1447 2 905 3 
910 3 1446 3 1407 2 904 3 
1405 3 1449 3 907 2 913 4 
1448 1 904 2 1402 1 906 2 
911 1 1443 1 909 2 990 1 
1536 2 908 2 1393 2 1442 2 
1445 3 960 2 905 3 911 2 
949 1 908 1 1444 2 910 2 
1469 1 1451 1 1124 2 913 3 
1450 3 1468 3 912 3 906 4 
1437 3 738 3 915 2 2364 2 
914 2 2365 2 916 1 
917 2 2366 2 915 1 
916 2 2367 4 
528 2 750 3 121 3 919 2 
926 1 92 1 527 1 918 2 
530 1 921 3 923 1 381 2 
380 4 529 3 920 3 2345 3 
1706 1 925 1 923 1 532 2 
2 2 922 1 531 3 920 1 
534 3 925 2 385 2 927 2 
533 2 924 2 922 1 384 1 
919 1 927 1 383 2 536 2 
535 1 382 2 924 2 926 1 
2463 3 1819 3 1817 4 1937 3 
1816 2 930 2 1917 2 
929 2 1919 2 
1433 2 932 2 1133 1 934 3 
931 2 1132 2 1432 4 
934 3 1131 3 1435 2 754 1 
1434 3 933 3 1130 4 931 3 
53 2 254 2 477 2 2314 3 
24 1 1149 1 113 2 1739 3 
959 2 938 2 1207 3 1953 2 
958 2 937 2 1206 2 1331 1 
940 3 2153 3 698 3 944 3 
939 3 1162 1 2141 1 1147 3 
975 2 942 3 1341 3 2368 2 
1169 4 941 3 974 2 1329 2 
953 1 1328 1 1330 2 1213 2 
1329 1 1171 1 972 1 939 3 
1333 1 2091 1 1166 3 
1210 2 1409 4 1331 2 954 2 
1168 4 1341 3 1333 2 977 3 
956 1 1208 1 1409 3 1326 2 
911 1 960 1 2164 1 990 1 
1328 2 1290 2 951 2 953 2 
950 2 1289 3 956 1 1326 2 
1204 2 1330 3 953 2 1288 2 
943 1 1287 2 952 2 950 2 
946 2 1294 1 957 1 955 3 
958 4 954 3 1293 3 1331 3 
957 1 948 1 1292 1 951 1 
956 1 1291 2 1409 3 954 1 
955 4 938 2 959 2 1286 2 
937 2 958 2 194 1 1285 1 
2163 4 949 1 910 2 1407 1 
1950 2 797 3 1029 2 962 3 
1949 4 970 3 1028 3 961 3 
1803 3 1853 3 1858 3 1828 2 
1954 2 965 4 1031 3 967 2 
1030 4 1207 4 1953 3 964 4 
1952 3 1033 1 1457 2 967 1 
1032 1 1951 2 966 1 964 2 
1035 4 1457 3 1958 2 971 3 
1622 5 56 5 107 5 1638 5 
1956 1 962 3 971 2 1037 2 
970 2 1036 3 968 3 1955 3 
973 2 1231 2 2153 1 944 1 
1230 2 972 2 1329 2 974 2 
1233 1 942 2 975 1 973 2 
941 2 1232 1 976 1 974 1 
975 1 1227 2 1341 2 977 2 
1226 4 2081 3 947 3 976 2 
1476 3 467 2 812 2 979 3 
480 2 978 3 466 3 1219 2 
983 1 474 1 1476 2 820 1 
1871 2 995 1 987 2 1061 3 
476 2 983 1 818 2 985 1 
980 1 817 1 475 2 982 1 
1493 5 816 3 470 3 985 3 
984 3 815 2 982 1 469 1 
472 1 814 1 795 1 1493 3 
1060 3 2252 3 981 2 1837 2 
1006 2 989 4 1662 4 97 2 
98 5 988 4 1660 4 122 4 
2165 1 908 1 1393 1 949 1 
1071 2 995 2 3 3 2259 2 
2324 2 1546 2 1014 2 993 3 
1237 2 1013 2 2325 2 992 3 
1012 2 997 2 1546 1 2322 2 
991 2 1070 1 981 1 2258 1 
2320 2 1010 3 999 3 997 3 
994 2 1009 2 2321 4 996 3 
2318 1 1008 3 999 2 1548 2 
1007 2 2319 3 998 2 996 3 
1001 1 1002 1 1440 2 
1000 1 1439 1 2347 3 
1441 1 1000 1 
632 1 325 1 1274 2 1015 1 
21 2 1005 1 94 2 1438 1 
1722 1 1006 2 1004 1 478 1 
988 2 479 2 1005 2 24 2 
999 2 1008 3 1895 2 1010 2 
1016 3 998 3 1007 3 1097 3 
1897 1 997 2 1012 2 1010 2 
1896 2 996 3 1007 2 1009 2 
1094 2 1546 1 1014 1 1012 2 
994 2 1009 2 1011 2 1093 4 
1014 1 993 2 811 1 1096 3 
1013 1 1011 1 992 2 1095 1 
1273 1 631 2 334 2 1003 1 
1008 3 1564 1 1017 1 1548 2 
1016 1 1547 1 1562 1 1834 3 
796 3 1364 3 1025 3 1019 4 
814 2 1363 3 795 2 1018 4 
1021 2 806 2 1366 1 1023 1 
1020 2 1026 2 805 3 1365 2 
804 3 1809 3 1368 1 1023 1 
1367 3 803 1 1020 1 1022 1 
1025 2 1027 3 802 3 1370 4 
1024 2 1369 1 1018 3 801 1 
1027 2 800 1 1021 2 1372 3 
1026 2 1371 3 1024 3 799 3 
300 1 1037 2 1029 2 962 3 
1028 2 1259 3 961 2 299 2 
965 4 2369 2 1031 3 2053 3 
1030 3 1032 2 307 2 964 3 
967 1 306 2 1033 1 1031 2 
1032 1 305 3 1034 2 966 1 
304 3 1033 2 1035 4 1457 3 
1036 4 968 4 303 3 1034 4 
1037 3 1035 4 971 3 2048 2 
1028 2 1036 3 301 4 970 2 
639 2 1039 2 1096 4 826 3 
1038 2 1040 1 1350 3 1095 1 
1353 1 1041 1 1039 1 1094 2 
1040 1 1093 3 1352 1 1042 2 
1897 2 1347 2 1043 2 1041 2 
1896 1 1044 1 1346 4 1042 2 
1895 2 1043 1 1045 1 1349 1 
1348 2 1046 1 1044 1 1097 1 
1045 1 1047 1 1345 1 1564 1 
1463 2 1562 1 1344 1 1046 1 
106 2 1057 3 1582 2 1049 2 
1050 4 1581 4 1048 2 105 3 
108 4 1580 4 1051 4 1049 4 
1052 2 1579 2 1327 2 1050 4 
1051 2 102 1 1585 2 1053 3 
101 4 1584 3 1054 3 1052 3 
1583 1 1055 1 104 2 1053 3 
1054 1 103 1 
1057 3 1261 3 2182 2 96 2 
1056 3 1048 3 1590 4 95 4 
1838 2 1059 2 1459 3 1065 2 
1458 3 1837 2 1060 3 1058 2 
987 3 1061 4 1059 3 1461 2 
1060 4 1460 5 981 3 1070 3 
335 2 1270 4 636 3 1659 3 
1771 2 1462 2 1833 1 1064 4 
1465 4 1063 4 1065 5 1832 5 
1464 4 1064 5 1058 2 1831 3 
210 2 1067 2 1511 1 1332 1 
1068 4 1510 3 209 4 1066 2 
1067 4 1069 4 208 3 1513 3 
207 2 1068 4 1787 2 1512 2 
1071 1 1471 1 995 1 1061 3 
991 2 1070 1 1470 1 1276 2 
204 3 1740 1 1073 2 1509 1 
203 2 1135 2 1072 2 1508 3 
1134 2 1469 1 2326 2 1124 2 
1076 3 2438 3 1078 3 2228 4 
1075 3 2227 4 1083 3 1198 1 
2230 4 1080 3 1197 3 1078 3 
2229 1 1077 3 1075 3 1196 2 
2224 3 1080 2 1082 2 1203 3 
1077 3 1202 2 1079 2 2223 4 
1082 2 1201 4 2226 2 859 3 
1200 2 1081 2 2225 2 1079 2 
2221 3 1084 3 1205 3 1076 3 
1288 1 2220 1 1083 3 1204 1 
2365 2 1088 1 314 1 1086 2 
741 3 313 3 2364 2 1085 2 
1088 1 1090 2 2367 3 312 1 
1087 1 2366 2 311 2 1085 1 
2285 2 1467 3 1883 3 1092 2 
2363 3 315 4 1087 2 
1411 1 1092 1 1295 1 2283 1 
1091 1 1089 2 1410 1 2282 1 
1041 3 1094 4 1897 3 1012 4 
1011 2 1093 4 1095 2 1040 2 
1094 2 1014 1 1096 3 1039 1 
1038 4 1013 3 1095 3 1306 4 
1008 3 1895 2 1564 1 1045 1 
147 2 134 2 2078 3 269 2 
1879 2 2281 2 1100 2 2042 2 
2280 1 1099 2 864 1 2025 1 
428 2 1104 1 1102 2 2087 4 
2088 3 879 3 427 2 1101 2 
430 2 1106 1 2085 1 1104 1 
2086 1 429 2 1101 1 1103 1 
1106 1 1108 1 432 1 2083 2 
2084 1 1103 1 1105 1 431 1 
434 3 1110 2 2435 2 1108 2 
2082 2 1105 1 433 1 1107 2 
436 3 1319 4 2079 3 1110 3 
435 2 2080 2 1107 2 1109 3 
493 2 752 1 1946 1 503 1 
2399 1 508 1 
2401 1 1114 1 508 1 550 2 
549 1 1113 1 1116 2 2402 1 
1921 3 645 3 1383 3 1129 3 
1900 2 1114 2 1117 2 555 3 
554 3 2439 2 1116 2 1901 2 
1119 2 1121 2 1248 1 1406 2 
1118 2 1351 4 1127 4 1247 3 
1121 2 1250 1 1267 1 1123 1 
1120 2 1255 3 1118 2 1249 3 
1125 3 1123 2 1252 2 1242 3 
1251 2 1238 3 1122 2 1120 1 
1125 3 912 2 1254 2 1074 2 
1122 3 1253 4 1134 3 1124 3 
2439 2 1904 1 552 2 515 2 
338 3 1119 4 1246 3 1128 3 
1245 3 336 2 1127 3 564 1 
646 1 1115 3 2379 1 1920 1 
1131 4 934 4 1133 2 
1343 3 1130 4 933 3 
932 2 1133 1 
1130 2 931 1 1132 1 
1242 3 1125 3 1074 2 2327 4 
351 2 1073 2 637 1 340 3 
424 2 1141 3 597 3 1137 3 
423 4 1138 2 596 2 1136 3 
1139 2 1137 2 599 1 422 1 
1138 2 1143 2 598 2 421 3 
426 2 601 1 1141 2 
1136 3 600 3 425 2 1140 2 
174 4 2265 2 410 3 1148 2 
603 1 1139 2 1144 3 420 2 
602 4 419 3 1298 4 1143 3 
1826 1 1805 2 1853 2 1855 2 
1147 3 110 1 20 1 1150 4 
19 3 1146 3 940 3 109 3 
416 1 2453 1 173 2 1142 2 
936 1 1662 4 1150 4 112 1 
111 5 1149 4 1660 4 1146 4 
2296 3 623 2 420 3 1152 2 
419 1 622 1 290 2 1151 2 
422 2 1156 2 628 3 2296 3 
1502 1 2270 3 2268 3 649 1 
1158 3 626 2 1156 2 424 2 
625 2 1153 2 1155 2 423 3 
1158 2 426 2 
1155 3 1157 2 624 2 425 2 
2089 3 1392 3 2465 3 2267 3 
1164 3 1161 2 116 1 22 1 
115 2 1739 4 1160 2 21 3 
940 1 19 1 698 1 320 1 
2114 4 118 3 1164 5 1622 3 
7 3 1160 3 117 3 1163 5 
339 1 1168 3 1166 3 1333 1 
337 4 1165 3 945 3 
1683 1 1341 2 1168 3 2368 1 
947 4 1165 3 1167 3 1682 4 
1172 3 942 4 2368 3 1681 3 
1173 2 2095 2 1385 3 2272 3 
1172 1 944 1 698 1 1679 3 
1171 1 1169 3 1678 2 1329 1 
1170 2 1386 3 2094 1 2267 1 
643 1 1919 2 2380 2 
1176 1 1178 1 775 2 1738 1 
1175 1 1737 3 1382 1 774 2 
1178 1 777 1 1180 1 1732 2 
1175 1 1177 1 776 1 1731 3 
779 2 1180 2 1182 3 1730 3 
778 1 1179 2 1177 1 1729 1 
322 3 1182 2 1184 3 1736 1 
780 2 1735 2 1181 2 1179 3 
783 2 1184 4 1734 3 2014 2 
782 4 1733 4 1183 4 1181 3 
661 1 1186 1 1192 2 2287 1 
1187 2 1185 1 660 2 2286 1 
2289 3 1186 2 649 2 1188 3 
648 2 2288 2 1187 3 1194 3 
699 4 1190 4 2283 3 1404 3 
91 4 1191 2 2282 2 1189 4 
1190 2 1192 2 2285 1 675 3 
2284 4 1191 2 670 2 1185 2 
763 1 2273 1 1194 2 648 1 
1193 2 2281 2 1188 3 1195 4 
241 3 2280 3 763 3 1194 4 
1197 2 771 3 2438 2 1078 2 
1202 2 1196 2 770 1 1077 3 
1205 1 773 1 1076 1 2438 1 
1867 1 1865 3 1365 1 1796 4 
1082 2 1203 3 767 2 1201 4 
766 3 1081 4 613 3 1200 4 
769 2 1197 2 1080 2 1203 3 
1200 3 768 3 1202 3 1079 3 
952 2 765 2 1205 1 1084 1 
1198 1 1204 1 1083 3 764 1 
938 2 2370 2 1207 3 1211 2 
965 4 937 3 1206 3 2369 2 
2372 2 1209 1 948 1 1215 1 
2371 1 1208 1 1210 1 1409 3 
946 2 1209 1 2374 1 1211 1 
2373 1 1210 1 1331 1 1206 2 
1213 4 1330 4 2376 3 1412 5 
2375 2 1212 4 1214 3 943 2 
2378 2 1213 3 1215 2 1328 2 
2377 2 1208 1 1214 2 1326 2 
1217 1 1445 2 358 2 1223 3 
357 1 1216 1 1218 1 1444 2 
1217 1 1443 1 1219 1 360 2 
1218 1 1442 1 359 1 979 2 
1449 3 354 3 1225 2 1221 2 
1222 1 1220 2 353 1 1448 1 
1447 1 1221 1 1223 3 356 1 
1216 3 1222 3 1446 4 355 3 
1451 2 1426 3 1225 2 362 2 
1450 1 361 2 1220 2 1224 2 
977 4 1229 4 1353 3 1227 4 
976 2 1352 2 1232 2 1226 4 
639 1 1229 2 2091 1 
1350 4 1226 4 1228 2 2081 3 
973 2 1231 2 1233 1 1349 1 
1348 3 1230 2 1234 2 972 2 
975 1 1233 1 1227 2 1347 1 
1346 4 974 1 1232 1 1230 1 
2153 1 1231 2 1345 1 1235 1 
1344 1 2141 1 490 1 1234 1 
1237 1 4 2 
993 2 1236 1 811 1 5 3 
1242 4 2329 4 1123 3 1267 3 
1452 1 1240 1 2218 3 510 2 
1239 1 509 1 1455 1 2217 1 
1652 2 1764 2 1650 2 1783 2 
1238 4 1134 3 1122 3 2328 2 
1244 3 2390 3 674 2 230 3 
1243 3 2389 3 673 4 1454 3 
1246 3 1128 3 1431 3 1777 4 
1245 3 1127 3 1430 1 1247 2 
1248 2 1425 3 1119 3 1246 2 
1424 1 1247 2 1249 2 1118 1 
1423 2 1248 2 1121 3 1250 2 
1422 2 1120 1 1251 2 1249 2 
1123 2 1429 2 1252 2 1250 2 
1251 2 1122 2 1253 3 1428 2 
1125 4 1427 4 1252 3 1254 3 
1451 1 1253 3 1426 2 1124 2 
1121 3 2331 3 1267 2 1406 3 
1257 3 1260 2 157 2 377 2 
1256 3 156 4 376 2 1258 2 
155 2 1259 2 798 1 1257 2 
1029 3 154 2 1258 2 797 4 
1256 2 150 1 
1056 3 2423 4 1262 3 1435 4 
1434 1 2422 1 1261 3 1263 2 
1433 3 1264 2 2425 4 1262 2 
1265 3 1263 2 2424 1 1432 3 
2427 3 1264 3 1436 3 
1652 3 1503 2 1762 2 807 2 
2330 1 1238 3 1120 1 1255 2 
2260 2 2239 3 409 2 411 2 
1270 4 1637 3 1659 3 1284 2 
1269 4 1636 3 1062 4 1271 3 
1635 4 1270 3 1272 2 335 1 
334 3 1273 2 1634 2 1271 2 
1015 1 1274 2 1272 2 1633 2 
1275 2 1273 2 1632 2 1003 2 
6 2 1276 2 1274 2 325 1 
1275 2 3 3 321 2 1071 2 
419 2 1278 2 1298 3 290 3 
1279 2 1277 2 289 1 1297 2 
1278 2 1280 3 288 2 1300 2 
1281 2 287 3 1279 3 1299 3 
1280 2 1282 1 294 3 1302 1 
1281 1 1301 4 293 3 1283 2 
1304 2 352 3 1282 2 292 3 
340 3 17 2 351 2 1269 2 
1481 2 2056 3 959 1 1286 1 
2055 2 958 2 1293 1 1285 1 
953 2 2059 2 1290 2 1288 2 
1084 1 2058 1 952 2 1287 2 
951 3 1290 3 2061 3 1292 3 
950 2 1287 2 1289 3 2060 5 
957 2 2063 2 1292 2 1294 2 
956 1 2062 1 1291 2 1289 3 
2065 2 1294 1 1286 1 955 3 
2064 1 1293 1 954 1 1291 2 
2127 2 1091 1 319 2 1296 1 
317 3 1303 2 2126 1 1295 1 
1300 2 1298 3 2124 3 1278 2 
1297 3 1144 4 1277 3 2123 3 
2122 2 1280 3 1302 2 1300 2 
1297 2 2121 1 1279 2 1299 2 
1282 4 1304 4 1302 4 2120 5 
2119 2 1281 1 1299 2 1301 4 
1304 2 1296 2 2118 2 352 3 
1303 2 1283 2 1301 4 2117 1 
396 3 2198 3 395 3 1609 4 
811 2 826 3 1096 4 
1607 3 2200 5 1308 3 395 3 
2199 1 1313 1 1307 3 1601 1 
1597 1 1835 2 2194 2 1310 1 
1311 2 2193 2 1309 1 1596 3 
1310 2 1595 3 396 2 2196 3 
794 4 1325 2 364 2 1767 4 
1314 1 1308 1 1578 2 2202 1 
1903 1 1492 1 1313 1 2201 1 
1520 4 1687 4 1316 3 1322 3 
1686 1 1521 1 1317 1 1315 3 
1316 1 1518 2 1318 3 1689 1 
1688 3 1323 3 1519 3 1317 3 
1109 4 1691 2 1524 2 1320 2 
1525 2 1321 2 1319 2 1690 2 
1320 2 1322 2 1522 2 1693 3 
1692 1 1523 1 1321 2 1315 3 
1527 1 1318 3 1324 2 1695 2 
1528 2 1323 2 1501 2 1694 4 
1766 1 1312 2 1650 2 1781 2 
1328 2 948 2 951 2 1215 2 
49 1 108 2 102 1 1051 2 
950 2 1326 2 943 1 1214 2 
944 1 973 2 942 2 1172 1 
765 3 952 3 943 2 1212 4 
946 2 938 1 1211 1 955 3 
1504 3 1772 1 201 1 1066 1 
945 1 947 2 1165 1 2081 2 
1335 2 1337 4 762 2 2310 2 
1334 2 1342 1 761 1 2309 1 
1339 1 760 2 2312 4 1337 3 
759 4 1334 4 1336 3 2311 3 
758 2 2308 1 1339 1 1340 1 
1336 1 1338 1 2307 2 757 1 
756 2 1338 1 
947 3 976 2 941 3 1167 2 
1343 1 1335 1 755 2 
1131 3 1342 1 754 1 
1235 1 1345 1 1047 1 458 1 
1348 2 1344 1 1234 1 1046 1 
1233 4 1043 4 1349 4 1347 4 
1352 1 1042 2 1346 4 1232 1 
1231 3 1345 2 1045 2 1349 2 
1348 2 1044 1 1346 4 1230 1 
1229 4 1039 3 639 3 1353 3 
1119 4 1406 4 2333 5 338 3 
1347 1 1227 2 1041 1 1353 1 
1040 1 1226 3 1350 3 1352 1 
1355 2 1360 1 548 1 603 1 
602 3 547 2 1354 2 1401 2 
550 3 1357 3 1358 2 601 2 
1361 3 549 2 1356 3 600 3 
551 1 1356 2 
599 4 1360 4 553 5 1362 4 
1359 4 1354 1 552 2 598 1 
1357 3 555 3 1362 2 597 3 
554 3 596 1 1361 2 1359 4 
1861 3 1364 2 1541 2 1019 3 
1363 2 1860 1 1018 3 1369 1 
1372 3 1021 2 1199 1 1366 1 
1367 3 1020 1 1865 3 1365 1 
1864 4 1023 3 1368 3 1366 3 
1022 1 1791 2 1367 3 1863 1 
1870 1 1370 3 1025 1 1364 1 
1371 4 1369 3 1869 3 1024 4 
1370 4 1868 3 1027 3 1372 4 
1365 3 1867 3 1026 3 1371 4 
245 2 2374 1 2300 1 1374 2 
2373 2 1373 2 244 3 2305 3 
1376 3 479 2 1799 2 1378 3 
1375 3 478 2 1798 2 2297 3 
2302 3 249 1 1380 3 2378 1 
2301 4 97 3 1796 5 1375 3 
2304 2 1795 2 1980 3 100 4 
1377 3 2303 3 2375 3 250 3 
1382 1 1568 1 1384 1 619 2 
1381 1 1176 1 618 2 1567 3 
1115 3 521 3 2275 1 824 2 
823 3 1381 1 1565 2 620 1 
836 4 1386 4 1170 3 
522 3 1173 3 1385 4 1391 4 
822 4 2271 3 836 4 524 3 
825 4 833 2 616 2 1569 2 
1576 3 766 2 1390 2 613 2 
612 3 1575 1 833 1 1389 2 
526 2 2267 2 1386 4 1392 2 
1391 2 1159 3 525 3 1552 3 
1625 1 2166 1 909 2 990 1 
1395 2 2103 3 2118 2 697 2 
2117 1 1394 2 2102 1 1396 1 
2120 2 1397 2 1395 1 2101 3 
1396 2 1398 2 2119 3 2100 3 
1399 1 1397 2 2107 1 2122 1 
2121 1 1398 1 1400 1 889 2 
2124 2 1401 1 1399 1 2105 1 
2104 1 1355 2 1400 1 2123 2 
1405 2 907 1 2160 2 1408 1 
177 2 2134 2 107 2 1792 3 
174 3 697 1 1189 3 2127 2 
1468 2 906 3 1402 2 2159 3 
2332 2 1351 4 1255 3 1118 2 
2162 2 1408 1 960 1 905 2 
2161 1 904 2 1407 1 1402 1 
946 4 957 3 948 3 1209 3 
140 2 1467 2 1411 1 1092 1 
1091 1 139 1 1410 1 319 2 
1413 3 765 4 1212 5 2204 3 
764 1 1412 3 1414 1 2203 1 
773 1 1415 1 2210 1 1413 1 
1416 3 1414 1 772 2 2209 1 
1417 3 1415 3 771 4 2212 3 
770 1 1416 3 2211 2 1418 1 
2206 2 769 1 1419 1 1417 1 
2205 2 768 2 1418 1 1420 2 
767 2 2208 2 1419 2 1421 3 
2207 2 1576 3 766 2 1420 3 
1250 2 220 4 1423 2 1429 2 
1249 2 1424 1 1422 2 219 1 
1248 1 222 1 1423 1 1425 2 
1424 2 221 2 1247 3 1430 2 
1224 3 224 2 1427 3 1254 2 
1428 3 1253 4 1426 3 223 2 
226 2 1427 3 1429 2 1252 2 
225 2 1251 2 1428 2 1422 2 
1431 1 1425 2 229 3 1246 1 
1430 1 212 1 228 3 1245 3 
1436 3 1264 3 1433 4 932 4 
931 2 1263 3 1434 2 1432 4 
1262 1 934 3 1433 2 1435 2 
933 2 1434 2 2182 3 1261 4 
1432 3 1265 3 
914 3 2156 3 
56 1 93 2 1004 1 22 1 
2077 3 1001 1 1598 3 1440 2 
1441 2 1439 2 2078 3 1000 2 
1002 1 2076 3 1440 2 
480 1 1443 1 1219 1 909 2 
1444 2 908 1 1442 1 1218 1 
1445 3 1443 2 911 2 1217 2 
1446 3 1444 3 910 3 1216 2 
1447 2 1445 3 905 3 1223 4 
1446 2 1448 1 904 2 1222 1 
907 1 1447 1 1221 1 1449 2 
1220 3 906 3 1448 2 1450 2 
1451 1 1225 1 913 3 1449 2 
1224 2 1450 1 912 1 1254 1 
1239 1 2219 1 507 2 
1454 2 1456 1 2214 1 514 1 
513 3 1453 2 2213 2 1244 3 
512 3 1240 1 1456 1 2216 1 
2215 1 1453 1 1455 1 511 2 
968 3 1957 2 966 2 1034 3 
1459 4 1059 3 1461 2 455 4 
1458 4 454 3 1058 3 1464 5 
1461 3 1061 5 1471 3 453 4 
1458 2 1460 3 1060 2 452 1 
1063 2 1463 3 1465 2 459 3 
1462 3 1047 2 1771 3 458 2 
1065 4 457 3 1465 3 1459 5 
1064 4 1464 3 1462 2 456 2 
1883 3 1473 2 142 2 1467 3 
1410 2 141 2 1466 3 1089 3 
1405 2 913 3 1469 1 2158 2 
2157 1 912 1 1468 1 1074 1 
451 2 321 1 1471 1 1071 1 
1070 1 450 1 1470 1 1460 3 
1881 3 144 1 1473 1 2116 2 
143 3 1880 2 1466 2 1472 1 
200 3 1475 3 720 2 1480 3 
1474 3 1629 2 199 2 719 2 
819 2 978 3 980 2 473 3 
722 3 198 2 1478 2 1484 3 
1477 2 197 1 1479 1 721 2 
1480 2 724 1 1478 1 196 1 
1479 2 723 4 195 2 1474 3 
1482 3 1285 2 726 2 194 2 
1481 3 725 2 193 3 1483 3 
728 3 1482 3 1484 3 192 2 
727 2 1477 3 191 2 1483 3 
2035 1 1495 2 1486 1 2450 1 
2034 1 468 2 1485 1 1487 1 
1488 1 1486 1 2037 3 465 1 
464 1 1487 1 2036 1 1489 2 
463 3 2039 2 1490 2 1488 2 
1491 1 2038 1 1489 2 462 1 
1490 1 461 1 1492 1 2041 3 
1314 1 2152 1 1491 1 460 3 
984 5 471 4 813 4 986 3 
2413 1 1708 1 1495 2 875 3 
1485 2 1707 3 1494 2 438 3 
1667 4 1497 2 
1498 2 1668 2 1534 3 1496 2 
1497 2 1499 1 1530 2 1665 1 
1529 3 1666 2 1498 1 1500 2 
1499 2 1663 2 1532 2 1501 2 
1531 1 1324 2 1664 2 1500 2 
1154 1 1517 2 856 2 1514 3 
1971 2 1266 2 
1332 3 2184 4 1505 4 1511 3 
2183 3 1655 2 1504 4 1772 2 
1740 1 1509 1 2188 1 1507 2 
1787 2 1506 2 1512 2 2187 2 
351 3 2186 3 1509 2 1073 3 
1508 2 2185 2 1506 1 1072 1 
2192 4 1511 2 1067 3 1513 2 
2191 1 1510 2 1066 1 1504 3 
2190 2 1513 1 1507 2 1069 2 
1512 1 2189 2 1068 3 1510 2 
2393 4 855 3 2268 5 1502 3 
2493 1 160 1 2221 1 2106 1 
1608 2 2061 2 170 3 1907 2 
1902 2 1502 2 2270 4 857 3 
1521 2 1317 2 28 3 1519 2 
27 1 1527 1 1518 2 1318 3 
1315 4 1523 2 30 3 1521 2 
1316 1 1518 2 29 2 1520 2 
1321 2 1525 2 1523 1 32 1 
1520 2 31 1 1322 1 1522 1 
1525 2 2079 1 34 1 1319 2 
1524 2 33 2 1320 2 1522 2 
2171 1 337 2 
26 3 1323 1 1519 1 1528 1 
1324 2 25 2 1527 1 1664 2 
1499 3 2398 3 1532 3 1530 4 
1498 2 2397 4 1534 3 1529 4 
1501 1 1532 1 1694 3 2396 1 
2395 1 1531 1 1529 3 1500 2 
1545 3 1916 1 2263 2 852 2 
1497 3 2400 2 1530 3 
1540 2 1626 2 812 1 1536 1 
1625 1 909 2 480 1 1535 1 
1614 3 818 3 1538 2 1544 2 
817 1 1613 1 1537 2 1539 2 
1612 4 820 2 1540 3 1538 2 
819 2 1535 2 1611 3 1539 3 
1363 2 1542 1 2477 2 814 1 
1617 3 1541 1 813 2 1543 1 
1544 1 1616 1 816 1 1542 1 
1615 1 815 2 1543 1 1537 2 
2264 3 1533 3 1902 3 851 4 
992 2 1011 1 2323 3 994 1 
1548 2 1017 1 2250 1 2316 3 
1547 2 2317 2 998 2 1016 2 
1550 3 1559 3 162 2 
161 4 1549 3 611 3 
2464 4 1552 3 
2465 3 1551 3 394 3 1392 3 
2223 4 1563 3 172 1 2496 1 
171 2 1555 2 1557 3 1923 2 
1560 1 1554 2 170 2 1922 1 
169 2 1925 1 1557 2 1709 1 
168 2 1924 3 1554 3 1556 2 
167 1 1927 3 1559 3 1561 1 
1549 3 1926 3 166 3 1558 3 
1555 1 1561 1 165 3 1929 1 
164 1 1560 1 1928 1 1558 1 
1771 2 1564 1 1047 1 1017 1 
176 3 1553 3 2224 4 2495 3 
1016 1 1562 1 1097 1 1046 1 
1987 2 1566 3 1384 2 1568 2 
1986 2 1571 2 1565 3 823 4 
1737 5 1989 4 1568 3 1382 3 
1381 1 1988 4 1567 3 1565 2 
1570 1 1388 2 1983 2 1572 2 
1569 1 1982 2 1575 1 833 1 
1572 2 1566 2 1985 1 827 1 
1571 2 1984 3 825 4 1569 2 
521 3 1574 1 1814 2 
2125 3 520 2 1573 1 
1390 1 1992 1 1576 2 1570 1 
1389 3 1991 3 1575 2 1421 3 
2128 3 524 2 
1601 2 1903 2 405 2 1313 2 
1585 2 1051 2 760 2 1580 2 
759 3 1050 4 1581 4 1579 2 
762 3 1580 4 1582 4 1049 4 
1590 3 1048 2 1581 4 761 2 
756 2 1054 1 1584 1 
1583 1 1585 2 1053 3 758 2 
1584 2 1579 2 1052 2 757 2 
15 3 1589 1 731 1 1587 1 
1592 1 730 2 14 1 1586 1 
2482 4 13 1 733 2 1589 1 
1588 1 12 1 1586 1 732 2 
755 3 1582 3 1057 4 2182 3 
2181 3 2155 3 10 5 734 3 
737 2 1587 1 1593 1 9 2 
2181 1 1592 1 8 1 736 1 
1595 2 396 1 402 1 1609 2 
1594 2 1596 4 1311 3 401 3 
1597 3 1595 4 404 3 1310 3 
403 1 1309 1 1596 3 159 1 
1599 3 1439 3 417 3 2347 5 
1598 3 418 1 1602 2 2346 1 
1603 3 415 1 2247 4 2349 1 
1607 1 1578 2 398 3 1308 1 
1603 4 2351 3 1599 2 413 2 
1602 4 1600 3 2350 3 414 3 
411 1 1605 1 2260 1 2353 2 
1604 1 412 2 2352 3 694 2 
409 1 2260 1 2355 1 2247 4 
1307 3 1913 2 1601 1 397 2 
1516 2 171 1 1912 1 2060 5 
399 2 1305 4 1594 2 1913 3 
1710 3 233 4 2500 2 1726 2 
1626 3 1540 3 1612 4 2000 2 
1539 4 1999 3 1611 4 1613 3 
1614 2 2002 1 1538 1 1612 3 
1613 2 1537 3 1615 2 2001 2 
1544 1 1996 5 1614 2 1616 1 
1995 1 1617 3 1543 1 1615 1 
1998 3 1542 3 1616 3 2477 4 
871 2 2476 3 
2479 4 866 2 1620 2 583 4 
865 2 582 1 1619 2 2476 3 
2479 4 1624 2 868 2 
969 5 7 1 1844 2 1163 3 
862 2 1624 2 1811 2 
1623 2 1621 2 861 1 
1536 1 1393 1 1626 2 1994 4 
1611 3 1535 2 1625 2 1993 2 
2292 2 1628 1 
1627 1 2291 3 
1475 2 1 1 
1836 2 271 2 1631 2 1645 2 
2194 2 1835 2 272 1 1630 2 
1633 2 2421 1 1274 2 6 2 
1632 2 1634 2 1273 2 2420 2 
2415 2 1635 4 1272 2 1633 2 
1636 4 1271 4 1634 4 2414 5 
1635 4 1270 3 1637 2 2417 2 
2416 3 1269 3 17 3 1636 2 
1844 2 1639 1 275 1 969 5 
276 3 1843 1 1640 4 1638 1 
1639 4 277 4 1641 5 1846 4 
1640 5 1845 3 1850 3 1642 2 
1840 1 1643 4 279 2 1641 2 
280 5 1839 4 1642 4 1644 4 
1645 1 281 3 1842 1 1643 4 
1644 1 1841 1 282 2 1630 2 
1863 1 1791 2 729 2 1647 2 
188 2 1770 4 1646 2 1790 3 
386 1 2154 2 1649 2 842 2 
841 3 179 2 1648 2 2040 3 
1765 2 2024 3 1241 2 1325 2 
1656 2 843 3 175 3 2028 1 
1266 3 1763 3 1241 2 808 2 
179 1 175 3 2026 1 845 1 
1655 1 1657 2 848 4 2033 1 
1654 1 847 1 2032 1 1505 2 
850 3 1651 2 1657 3 2031 3 
2030 3 1654 2 849 2 1656 3 
1932 5 144 2 1823 4 1661 2 
635 2 1269 3 1062 3 340 4 
1662 4 20 1 989 4 1150 4 
143 3 1935 2 1658 2 1822 2 
1660 4 1149 4 24 4 988 4 
2360 1 1664 2 1500 2 1666 2 
1663 2 1501 2 1528 2 2359 3 
1666 2 1668 1 1498 1 2362 2 
1499 2 1665 2 2361 3 1663 2 
1669 4 1496 4 1668 4 2357 5 
2356 1 1665 1 1497 2 1667 4 
2358 2 1667 4 
567 3 1904 1 1685 3 1671 2 
43 5 566 2 1672 2 1670 2 
569 1 1671 2 1673 1 1901 2 
568 3 1900 1 1674 1 1672 1 
2402 1 557 2 1673 1 1675 1 
556 2 1676 1 2401 1 1674 1 
1675 1 565 2 1914 2 1677 4 
2399 4 1894 5 437 4 1676 4 
1681 2 1172 2 1679 4 2010 3 
2011 3 318 3 1678 4 1171 3 
1681 2 1683 2 2368 2 2012 3 
1680 2 2013 1 1169 3 1678 2 
339 2 1683 2 1168 4 2006 4 
2007 1 1680 2 1682 2 1167 1 
2392 4 684 3 1685 4 120 4 
1684 4 2391 3 119 4 1670 3 
1316 1 2234 1 1687 2 1689 1 
1692 2 1315 4 1686 2 2233 4 
1318 3 1695 2 2232 1 1689 1 
1688 1 1317 1 2231 2 1686 1 
2238 2 1693 3 1320 2 1691 2 
436 1 1319 2 2237 2 1690 2 
1687 2 2236 1 1322 1 1693 2 
1692 2 1690 3 2235 2 1321 3 
1695 4 1531 3 2246 4 1324 4 
1694 4 1688 2 2245 2 1323 2 
2341 3 1699 2 2447 3 1697 3 
2340 2 1696 3 2446 2 1899 2 
2445 3 2343 3 1701 1 1699 1 
1696 2 2342 2 1698 1 2444 2 
2443 2 2337 4 1703 2 1701 2 
2336 1 1700 2 2442 1 1698 1 
1703 1 1705 1 2441 1 2339 1 
1702 1 1700 2 2440 4 2338 2 
380 3 2345 2 1705 2 2449 4 
1702 1 1704 2 2448 1 2344 3 
922 1 295 2 384 1 2 2 
538 4 1708 2 2450 2 1495 3 
537 1 1707 2 1494 1 446 1 
1710 2 2494 3 1556 1 1728 1 
2493 2 1709 2 1610 3 1727 2 
840 2 1714 2 725 2 1712 2 
1906 2 726 1 839 4 1711 2 
1714 2 727 2 1716 2 
1713 2 1711 2 728 2 
1716 1 721 2 1718 1 
722 2 1715 1 1713 2 
1718 1 723 3 
1717 1 724 1 1715 1 
1720 1 241 1 864 1 2280 1 
1719 1 240 2 1721 3 863 4 
1720 3 2478 3 253 5 862 3 
21 2 1005 1 24 1 1739 3 
868 2 1724 3 215 3 2478 2 
214 4 1723 3 867 2 1725 2 
1726 1 866 1 1724 2 233 3 
1725 1 865 2 1727 1 1610 2 
872 1 1726 1 1710 2 1728 1 
871 2 1925 1 1727 1 1709 1 
1730 2 1180 1 1780 2 1732 2 
1735 2 1779 3 1729 2 1179 3 
1782 3 1738 3 1732 4 1178 3 
1177 2 1729 2 792 2 1731 4 
1734 3 1784 3 1184 4 1736 2 
1733 3 2475 2 647 3 1183 3 
1182 2 1730 2 1786 1 1736 1 
1785 2 1735 1 1733 2 1181 1 
1738 3 1176 3 1789 4 1567 5 
1737 3 1788 2 1731 3 1175 1 
1161 4 114 3 936 3 1722 3 
1072 1 1506 1 205 1 1787 1 
2475 1 1742 1 2449 3 647 2 
1741 1 1747 2 2474 1 2448 1 
1744 3 1750 5 2445 4 2469 2 
1743 3 2444 3 1745 3 2468 2 
1746 3 2467 2 1744 3 2447 3 
1745 3 1948 2 2466 5 2446 2 
2441 2 1748 2 1742 2 2473 3 
2472 1 1747 2 2440 4 1749 1 
1750 4 2443 1 2471 2 1748 1 
1749 4 2470 5 1743 5 2442 4 
1752 2 2143 3 
1751 2 1753 2 2149 3 
1752 2 2148 2 
572 2 1755 4 2177 3 1757 1 
2176 4 1754 4 573 4 375 4 
1757 1 1759 2 2179 1 570 1 
1756 1 571 3 2178 1 1754 1 
576 2 1759 3 2173 2 1761 2 
2172 3 1756 2 1758 3 577 2 
574 2 2175 3 1761 2 1967 2 
575 2 2174 2 1758 2 1760 2 
1971 2 1266 2 1763 2 1977 1 
1652 3 1976 3 1764 3 1762 2 
1979 2 1241 2 1763 3 1765 2 
1650 2 1766 1 1978 1 1764 2 
1765 1 1325 1 1973 2 1767 3 
1766 3 1972 3 1768 3 1312 4 
364 1 1975 1 1769 2 1767 3 
1974 3 1770 4 1768 2 188 2 
1981 4 729 4 1769 4 1647 4 
1063 2 1834 4 1562 2 1463 3 
1332 1 202 1 847 1 1505 2 
1971 3 1977 2 2171 2 
2426 1 700 2 17 2 2416 2 
1778 4 213 3 1776 3 562 4 
561 2 1775 3 
212 2 564 2 1778 3 1245 4 
1777 3 1775 4 211 4 563 2 
1786 2 1730 3 1780 3 2136 3 
309 3 1779 3 1729 2 792 2 
1806 2 2024 3 794 4 1325 2 
1788 2 792 1 2133 1 1731 3 
1804 2 808 2 2024 3 1241 2 
1785 3 1733 3 2131 2 647 3 
1784 3 1786 2 296 3 1736 2 
1779 2 1785 2 1735 1 295 2 
206 1 1507 2 1740 1 1069 2 
1782 2 1789 3 2138 3 1738 2 
1989 3 2137 2 1788 3 1737 4 
790 4 1810 2 1647 3 1791 3 
1646 2 1368 2 1809 4 1790 3 
1793 3 1997 3 1861 3 1403 3 
1792 3 177 2 1800 2 1860 2 
1864 2 2304 1 1795 1 1797 1 
729 2 1794 1 1379 2 1863 1 
1799 4 1378 5 1199 4 1797 4 
2301 3 1794 1 1865 3 1796 4 
1868 2 1799 1 1801 3 1376 2 
1796 4 1375 2 1798 1 1867 1 
2298 3 1793 2 1870 1 1801 3 
2297 4 1798 3 1869 3 1800 3 
808 1 1857 2 1804 1 
1804 2 963 3 1806 2 2024 3 
1783 2 1803 2 1858 2 1802 1 
1145 2 794 4 1808 3 1806 2 
1781 2 1805 2 1853 2 1803 2 
1856 2 1810 1 790 3 1808 2 
788 2 1805 3 1855 3 1807 2 
1022 3 1810 3 1852 3 1791 4 
1809 3 1790 2 1807 1 1851 1 
2484 2 1623 2 863 4 
131 2 1966 2 1815 2 
1821 2 286 2 
23 3 1573 2 1921 2 
132 3 1961 2 1812 2 
929 2 23 2 1918 3 
1822 3 1935 3 928 4 2462 2 
2465 1 2089 1 1934 1 1819 1 
928 3 1933 3 1818 1 2464 4 
1823 3 2460 2 1821 2 1932 4 
1820 2 2459 3 1813 2 1931 2 
1817 3 1823 4 1661 2 
1820 3 1822 4 1658 4 2461 3 
1825 2 1856 3 1830 3 1873 2 
1824 2 1826 1 1855 2 1872 4 
1145 1 1825 1 1827 2 1875 2 
1828 2 1826 2 1853 3 1874 2 
1827 2 963 2 
1852 2 1830 3 656 2 1877 2 
1876 2 1829 3 1851 2 1824 3 
1832 3 1065 3 2249 2 1838 3 
1831 3 2248 2 1833 2 1064 5 
1834 3 2251 2 1063 1 1832 2 
1833 3 1771 4 2250 3 1017 3 
1309 2 1631 2 159 2 1836 2 
1841 1 1630 2 158 2 1835 2 
1059 2 2255 1 987 2 1838 2 
2254 4 1058 2 1837 2 1831 3 
1840 1 1643 4 2111 1 1842 1 
1839 1 2045 2 1845 2 1642 1 
2109 2 1836 1 1645 1 1842 1 
1841 1 2108 2 1839 1 1644 1 
1844 2 1846 1 1639 1 2115 2 
1843 2 1638 2 1622 2 2114 3 
1840 2 1641 3 2113 2 1846 2 
1843 1 1845 2 1640 4 2112 1 
2406 2 1848 1 278 1 2145 2 
2146 1 1847 1 273 2 2405 2 
278 2 2408 3 2143 4 1859 3 
277 2 279 3 1641 3 2135 2 
1852 1 1830 2 1856 2 1810 1 
1829 2 804 3 1851 1 1809 3 
1145 2 1827 3 963 3 1806 2 
1859 4 2410 3 1866 3 2148 4 
1808 3 1856 3 1145 2 1825 2 
1807 2 1824 3 1851 2 1855 3 
1802 2 1858 3 
1804 2 963 3 1857 3 
1854 4 2409 2 1849 3 2149 3 
1364 1 1870 1 1861 2 1793 2 
2477 3 1363 3 1792 3 1860 2 
1866 2 2412 4 
1646 1 1864 2 1368 1 1795 1 
1367 4 1865 4 1794 2 1863 2 
1864 4 1199 3 1366 3 1797 3 
1862 2 2147 1 2411 2 1854 3 
1199 1 1868 2 1372 3 1799 1 
1869 2 1798 2 1867 2 1371 3 
1868 2 1870 1 1370 3 1801 3 
1369 1 1869 1 1860 1 1800 1 
981 2 2252 3 2258 2 536 3 
1873 4 1875 5 1882 4 1825 4 
1872 4 1876 1 1824 2 
1875 2 1827 2 
1874 2 1872 5 1826 2 
1877 1 1830 2 1873 1 
1876 1 2412 3 1829 2 
1879 1 2289 2 2116 2 1881 3 
1099 2 2288 1 2261 3 1878 1 
2287 2 1883 3 1473 2 1881 4 
1472 3 1880 4 1878 3 2286 3 
1872 4 
1466 3 1880 3 2284 4 1089 3 
2184 3 1889 3 1885 3 878 3 
1884 3 879 3 2183 3 2088 3 
1893 2 882 3 2190 2 1887 2 
1888 3 883 2 2189 3 1886 2 
1889 3 1887 3 880 3 2192 4 
1884 3 1888 3 2191 2 881 2 
1891 2 886 3 2426 2 2186 3 
1890 2 2185 2 887 1 1892 1 
1893 2 1891 1 884 2 2188 1 
885 2 1886 2 1892 2 2187 2 
2222 2 2433 2 1677 5 
1896 2 1044 2 1007 2 1097 2 
1897 1 1895 2 1010 2 1043 1 
1896 1 1009 1 1042 2 1093 3 
1899 1 2168 1 
2262 1 1898 1 1697 2 2167 3 
1116 2 1673 1 2402 1 1901 2 
1117 2 43 5 1900 2 1672 2 
1517 2 2269 1 858 4 1545 3 
460 3 1314 1 1578 2 406 2 
1670 1 1126 1 2391 1 43 4 
2055 2 162 2 1910 2 1906 2 
1712 2 2056 4 161 3 1905 2 
1516 2 1908 1 2062 1 165 3 
164 1 2063 1 1907 1 1909 1 
1910 2 1908 1 167 1 2064 1 
1909 2 2065 3 1905 2 166 2 
2106 2 169 3 1912 2 2058 2 
1911 2 1608 1 168 1 2059 1 
1607 2 400 2 395 2 1609 3 
508 2 2399 2 2401 2 1676 2 
410 3 2265 2 1916 2 854 3 
1533 1 2266 1 1915 2 853 2 
2380 2 1919 2 1918 3 929 2 
1920 3 2379 3 1917 3 1816 3 
930 2 1917 2 1174 2 
1918 3 23 2 1129 1 1921 1 
1115 3 521 3 1920 1 1814 2 
1929 1 1555 1 1923 1 
1554 2 1922 1 1924 2 
1925 2 696 3 1557 3 1923 2 
1924 2 1556 1 1728 1 695 3 
1559 3 1927 3 
1558 3 1928 3 1926 3 
1927 3 1561 1 1929 1 
1922 1 1560 1 1928 1 
1936 3 2093 2 786 3 294 4 
146 1 286 2 1821 2 1932 4 
1658 5 1820 4 145 4 1931 4 
140 4 1819 3 1937 3 1934 3 
138 1 1818 1 139 1 1933 3 
142 2 1937 2 1817 3 1661 2 
791 2 1930 3 293 4 2092 3 
1935 2 141 1 928 3 1933 3 
1989 2 2137 1 1939 1 496 1 
1940 1 495 1 1938 1 1988 4 
498 2 1939 1 1941 1 1987 1 
1986 1 1940 1 1942 3 497 1 
1941 3 1943 3 492 3 1985 3 
491 1 1944 1 1984 2 1942 3 
1983 2 1943 1 494 1 1945 1 
1982 2 1946 1 493 2 1944 1 
1945 1 1947 1 1111 1 1992 1 
503 1 1946 1 2486 2 1991 2 
1746 2 2262 1 2279 1 
962 4 1950 3 200 3 1956 2 
961 2 1949 3 2142 2 199 2 
1954 2 1952 4 967 2 192 2 
1951 4 966 3 191 3 1957 3 
194 1 1954 1 965 3 937 2 
1951 2 964 2 1953 1 193 2 
1958 2 1956 2 196 2 971 3 
970 1 195 1 1949 2 1955 2 
198 1 1958 1 1457 2 1952 3 
1955 2 968 2 1957 1 197 1 
1960 2 1964 3 
1959 2 1969 3 1963 3 2313 3 
1815 2 129 3 1962 2 
130 1 1961 2 2151 2 
1964 4 127 2 1960 3 1968 3 
128 3 1965 3 1963 4 1959 3 
1964 3 125 2 1966 1 
126 2 1812 2 1965 1 
1968 2 1970 1 123 1 1760 2 
124 2 1967 2 1969 3 1963 3 
1970 2 1968 3 2315 2 1960 3 
2314 2 1969 2 1967 1 2175 2 
1762 2 1503 2 1773 3 
1975 1 1973 2 1767 3 2013 1 
1972 2 1978 2 1766 2 2012 3 
1769 3 1975 2 2011 2 1981 3 
1972 1 1974 2 1768 1 2010 2 
2009 3 1763 3 1979 2 1977 2 
1773 2 1762 1 2008 2 1976 2 
1765 1 2007 1 1973 2 1979 1 
1764 2 2006 3 1978 1 1976 2 
1981 3 2005 2 729 3 1379 3 
1770 4 1980 3 2004 2 1974 3 
1945 2 1983 3 1570 2 1992 2 
1944 2 1982 3 1569 2 1984 3 
1572 3 1985 2 1943 2 1983 3 
1984 2 1986 1 1571 1 1942 3 
1566 2 1941 1 1987 1 1985 1 
1565 2 1986 1 1940 1 1988 4 
1568 4 1989 5 1939 4 1987 4 
1789 3 1938 2 1988 5 1567 4 
2194 2 899 1 272 1 877 1 
1576 3 1992 2 2207 2 1947 2 
1982 2 1575 1 1946 1 1991 2 
2140 1 2000 1 1626 2 1994 4 
2139 5 2166 4 1625 4 1993 4 
1998 1 1616 1 310 1 1996 5 
2001 5 1615 5 1995 5 2135 5 
1792 3 2134 2 2477 3 1998 2 
1617 3 302 2 1995 1 1997 2 
2000 1 2132 1 1612 3 2002 1 
1999 1 297 1 1993 1 1611 2 
1996 5 2130 1 1614 2 2002 1 
2129 1 1613 1 1999 1 2001 1 
2253 2 890 3 903 2 2195 2 
1981 2 2005 1 2011 1 318 1 
320 1 1980 2 100 3 2004 1 
2007 3 2009 4 1979 3 1682 4 
2006 3 1683 1 1978 1 2012 2 
337 3 2009 3 2171 2 1977 2 
1976 3 2008 3 2006 4 339 2 
2013 2 1678 3 1975 2 2011 2 
1679 3 1974 2 2004 1 2010 2 
2013 2 2007 2 1973 3 1680 3 
2012 2 2010 2 1681 1 1972 1 
2475 1 120 3 2015 3 1183 2 
2018 3 119 4 2014 3 2474 3 
2019 4 569 3 2017 3 2471 4 
568 3 2022 3 2470 2 2016 3 
2019 2 2015 3 2473 2 567 3 
2018 2 566 2 2472 2 2016 4 
2023 4 2467 3 565 4 2021 3 
437 1 2466 4 2020 3 2180 2 
2017 3 557 4 2469 3 2023 4 
2020 4 2022 4 556 3 2468 2 
1650 3 1781 3 1783 3 1803 3 
136 2 2484 2 1100 1 2042 1 
1653 1 2082 2 2027 1 2029 2 
2435 1 2026 1 2040 2 179 1 
2029 2 2031 2 1651 1 2084 1 
175 4 2028 2 2083 3 2026 2 
1657 3 2033 2 2086 2 2031 3 
2085 2 2028 2 1656 3 2030 3 
2088 2 1655 1 2033 1 2183 2 
2087 4 2032 1 2030 2 1654 1 
1486 1 2037 3 2035 1 2049 2 
2034 1 1485 1 2050 2 438 2 
2051 2 2039 1 1488 1 2037 3 
2052 4 2034 3 2036 3 1487 3 
2041 3 1490 1 2043 1 2039 1 
2044 1 1489 2 2036 1 2038 1 
2080 3 2154 3 2027 2 1649 3 
2038 3 2152 3 2047 3 1491 3 
2261 3 135 1 1099 2 2025 1 
2429 2 2038 1 2047 1 2044 1 
2039 1 2051 2 2428 1 2043 1 
265 2 1840 2 2111 2 2113 2 
2047 1 2152 1 2431 1 2256 2 
2046 1 2430 1 2043 1 2041 3 
2231 2 303 1 1036 2 301 3 
2034 2 2050 3 2434 2 2052 3 
2049 3 2054 2 2035 2 2432 2 
2437 2 2044 2 2052 3 2036 2 
2037 4 2436 3 2051 3 2049 3 
307 2 2306 2 2237 3 1030 3 
2057 1 2483 1 2050 2 438 2 
1286 2 1905 2 2056 4 2065 3 
1906 4 1285 3 726 3 2055 4 
2482 4 733 2 2054 1 2413 1 
1288 1 2220 1 2059 1 1911 2 
2058 1 1287 2 2060 5 1912 1 
2059 5 2061 5 1290 5 1608 5 
1516 2 2060 5 1289 3 2062 1 
2063 1 1907 1 1292 1 2061 1 
1908 1 1291 2 2062 1 2064 1 
1294 1 2065 2 2063 1 1909 1 
1293 2 1910 3 2064 2 2055 3 
362 3 579 3 2067 4 2241 4 
2074 4 361 3 2066 4 578 3 
2071 2 575 3 360 3 2069 2 
359 1 574 1 2068 2 90 2 
2073 2 2071 2 358 3 577 2 
576 1 2068 2 2070 2 357 1 
2073 2 571 4 2075 2 356 2 
2072 2 2070 2 570 1 355 1 
354 4 573 3 2067 4 2075 3 
353 1 572 2 2074 3 2072 2 
1441 3 134 3 2078 4 
2078 4 1439 3 147 3 417 3 
2077 4 2076 4 1440 3 1098 3 
1109 3 2154 2 1524 1 2080 2 
2040 3 1110 2 2079 2 2435 2 
977 3 1229 3 2091 2 1333 2 
1108 2 2026 2 2435 2 2083 3 
1105 2 2082 3 2029 3 2084 2 
1106 1 2083 2 2028 1 2085 1 
2031 2 2086 1 1103 1 2084 1 
2085 1 1104 1 2087 4 2030 2 
2033 4 2086 4 2088 5 1101 4 
2032 2 1102 3 1885 3 2087 5 
1818 1 138 1 1159 3 2090 1 
2094 1 137 2 2089 1 2267 1 
945 1 1228 1 2081 2 
2095 2 2272 3 1936 3 2093 2 
2098 1 1930 2 2271 2 2092 2 
2095 1 2090 1 1173 1 793 3 
2092 2 2094 1 791 1 1170 2 
2097 2 789 2 2099 4 2276 1 
2096 2 2275 2 605 3 787 2 
2093 1 2099 4 786 2 2278 2 
784 4 2098 4 2096 4 2277 4 
1397 3 2101 4 2107 2 2452 3 
2100 4 2102 3 2451 3 1396 3 
2103 2 2454 3 2101 3 1395 1 
2102 2 173 3 1394 3 2453 2 
1401 1 2456 2 547 1 2105 1 
889 2 2455 2 2104 1 1400 1 
2220 1 1911 2 2494 3 1515 1 
889 2 2457 1 1398 1 2100 2 
2109 3 1842 2 2111 2 263 2 
1841 2 2108 3 158 3 262 3 
2229 3 172 3 2502 4 163 3 
264 1 1839 1 2045 2 2108 2 
2115 2 2113 1 259 2 1846 1 
2112 1 1845 2 2045 2 258 2 
2115 3 261 2 1163 4 1844 3 
2114 3 1843 2 2112 2 260 2 
145 2 1878 2 2261 4 1472 2 
2120 2 1395 1 1304 1 2118 1 
1303 2 1394 2 2117 1 2126 1 
1397 3 1302 2 2122 2 2120 3 
1396 2 2117 2 2119 3 1301 5 
1399 1 2124 2 2122 1 1300 1 
2121 1 1299 2 2119 2 1398 1 
2124 3 1401 2 602 3 1298 3 
2121 2 2123 3 1400 2 1297 3 
2128 5 519 3 1574 3 
697 1 2127 2 1296 1 2118 1 
2126 2 1295 2 2283 2 1404 2 
1577 3 518 3 2125 5 
2130 1 2002 1 2132 1 280 2 
279 2 2129 1 2001 1 2135 1 
381 2 1784 2 296 2 298 1 
297 1 1999 1 2129 1 281 3 
1782 1 2138 2 308 1 383 2 
1403 2 275 1 1997 2 302 2 
310 1 2130 1 1850 2 1996 5 
384 2 295 3 1779 3 309 3 
1789 2 121 2 1938 1 2138 2 
2133 2 92 2 1788 3 2137 2 
1994 5 899 2 272 2 2140 2 
1993 1 297 1 271 1 2139 2 
109 1 940 1 1235 1 2153 1 
797 3 1950 2 1 1 
2149 4 1849 4 1751 3 2144 3 
2145 2 278 1 2143 3 
2144 2 2146 2 1847 2 
2150 1 1848 1 2145 2 
2148 2 1866 1 
2147 2 1854 4 2149 3 1753 2 
1752 3 2143 4 2148 3 1859 3 
2146 1 2151 2 273 2 
2150 2 274 2 1962 2 
1492 1 2046 1 2041 3 2201 1 
939 3 1234 1 972 1 2141 1 
2079 2 34 2 2040 3 1648 2 
739 1 16 1 1591 3 2156 2 
738 3 1437 3 2155 2 
1469 1 2326 2 2158 2 149 3 
148 2 1468 2 2157 2 2159 3 
1405 3 153 2 2160 3 2158 3 
152 2 1402 2 2161 2 2159 3 
1408 1 2160 2 2162 2 151 2 
1407 2 2163 5 888 2 2161 2 
2164 4 960 4 2162 5 903 4 
2163 4 902 1 949 1 2165 1 
990 1 2166 1 901 1 2164 1 
1994 4 1393 1 2165 1 899 1 
5 5 2168 3 2340 3 1899 3 
2167 3 1898 1 4 2 
694 2 2170 4 2352 3 324 1 
323 4 2169 4 375 4 2176 4 
1526 1 1773 2 2008 2 
2173 2 2179 2 1759 3 329 4 
328 1 2172 2 1758 2 2174 2 
1761 2 327 2 2175 3 2173 2 
326 4 1760 3 1970 2 2174 3 
1755 4 2177 3 333 3 2170 4 
2176 3 2178 3 1754 3 332 4 
331 3 2177 3 1757 1 2179 1 
2172 2 1756 1 2178 1 330 1 
2279 2 2433 2 2021 2 
1591 3 11 1 1593 1 735 4 
1056 2 1590 3 1435 3 754 2 
1505 3 1885 3 2032 2 2184 3 
1884 3 1504 4 2191 2 2183 3 
1891 2 1509 2 2186 3 2188 2 
1508 3 2185 3 18 2 1890 3 
2188 1 2190 2 1893 2 1507 2 
2187 1 1506 1 2185 2 1892 1 
2192 4 1887 3 1513 2 2190 3 
2187 2 1512 2 1886 2 2189 3 
2192 3 1511 1 1889 2 2184 2 
2189 4 2191 3 1510 4 1888 4 
2196 3 877 2 1310 2 2194 3 
1631 2 1990 2 1309 2 2193 3 
2196 2 396 1 2003 2 2198 1 
2195 2 2193 3 890 3 1311 3 
2293 2 2198 1 2200 3 395 1 
1305 3 2197 1 2253 1 2195 1 
1308 1 898 1 2202 1 2200 3 
1307 5 900 3 2197 3 2199 3 
2202 1 1314 1 2152 1 2256 2 
2201 1 2257 3 2199 1 1313 1 
2204 1 2210 1 2481 1 1413 1 
2480 1 2203 1 2376 1 1412 3 
2488 2 1419 2 2208 2 2206 3 
1418 2 2211 3 2205 3 2487 2 
2208 1 1421 2 2486 2 1991 2 
2207 1 1420 2 2205 2 2485 1 
2492 2 2212 1 1415 1 2210 1 
2203 1 2491 2 1414 1 2209 1 
2212 2 2206 3 1417 2 2490 3 
2211 2 2489 2 1416 3 2209 1 
1454 2 897 4 2214 1 2389 2 
896 2 1453 1 2213 1 2215 1 
1456 1 895 1 2214 1 2216 1 
894 3 2217 1 1455 1 2215 1 
893 1 2216 1 1240 1 2218 3 
892 3 2219 3 1239 3 2217 3 
1452 1 891 1 2218 3 
2106 1 2058 1 1084 1 2221 1 
1083 3 1515 1 2227 4 2220 1 
1894 2 2399 1 
1553 4 2230 5 1080 4 2224 5 
2225 3 1079 3 1563 4 2223 5 
2224 3 2226 2 176 2 1082 2 
2394 1 2225 2 1081 2 178 2 
1076 4 160 4 2228 5 2221 4 
2229 2 163 2 2227 5 1075 4 
2228 2 1078 1 2110 3 2230 2 
1077 4 2223 5 172 2 2229 2 
2048 2 2234 2 2232 2 1689 2 
301 3 2231 2 1688 1 2245 1 
2234 3 1687 4 2236 3 304 4 
2233 3 2231 2 303 1 1686 1 
2238 1 1693 2 306 2 2236 1 
1692 1 2233 3 2235 1 305 3 
2238 2 2053 3 1691 2 242 2 
2235 1 2237 2 1690 2 307 1 
2242 3 226 2 2240 3 1268 3 
225 3 409 2 2239 3 809 2 
412 3 2242 3 2066 4 224 2 
2239 3 411 2 2241 3 223 2 
222 3 2244 4 414 3 810 4 
781 2 413 2 221 2 2243 4 
300 1 1695 2 2246 2 2232 1 
299 2 1694 4 2245 2 2396 2 
2348 4 1600 4 363 4 1606 4 
2251 2 1832 2 2249 1 531 3 
2254 3 2248 1 532 2 1831 2 
529 1 1834 3 1547 1 2251 2 
1833 2 530 2 2248 2 2250 2 
1871 3 2255 2 987 3 535 2 
2003 2 2293 2 2198 1 888 1 
1838 4 2249 3 533 4 2255 3 
2252 2 2254 3 1837 1 534 2 
149 4 2257 4 2046 2 2201 2 
898 3 2202 3 148 3 2256 4 
527 1 1871 2 995 1 2259 1 
528 1 991 2 2258 1 2419 2 
1268 2 1604 1 2354 1 1606 1 
146 3 2042 3 1879 3 2116 4 
1948 1 1899 1 2446 1 
675 4 2264 2 1533 2 2266 2 
1545 3 2263 2 2269 1 670 1 
2266 1 1915 2 699 2 1142 2 
2265 1 91 3 1916 1 2263 2 
1391 2 1173 1 2090 1 1159 3 
2273 3 1154 3 1514 5 648 3 
1902 1 2264 1 661 1 2270 3 
1154 3 1517 4 2269 3 660 4 
2278 3 2272 3 2093 2 1387 3 
2271 3 2092 3 836 4 1170 3 
2393 2 1193 1 2268 3 2274 3 
178 4 763 3 2273 3 2394 3 
645 1 2097 2 2276 1 1383 1 
824 2 2277 1 2275 1 2096 1 
2276 1 2278 2 2099 4 821 1 
2271 3 2277 2 822 4 2098 2 
2180 2 2466 4 1948 1 
1195 3 1100 1 2281 1 1719 1 
2288 1 1099 2 1194 2 2280 1 
2283 1 1190 2 2285 1 1092 1 
2282 1 2127 2 1091 1 1189 3 
1192 4 2287 3 2285 3 1883 4 
1089 2 2284 3 2282 1 1191 1 
2289 2 2287 1 1186 1 1881 3 
1880 2 2284 3 2286 1 1185 1 
1879 1 2281 1 2289 2 1188 2 
2286 2 2288 2 1187 3 1878 2 
581 1 2291 3 
583 5 1628 3 2292 4 2290 3 
1627 2 2294 2 2291 4 582 2 
900 2 2197 2 2253 2 151 3 
584 3 2292 2 
886 2 2426 1 753 2 700 2 
421 3 627 3 1151 3 1153 3 
2298 4 1801 4 94 3 1376 3 
1800 3 177 3 2297 4 93 4 
2302 4 2372 3 247 3 2300 2 
246 2 1373 1 2299 2 2371 1 
1378 4 1797 3 98 4 2304 3 
2299 4 1377 3 2377 4 248 3 
251 2 2480 1 2376 1 1380 3 
1794 1 99 2 1379 2 2301 3 
2370 2 2306 2 243 2 1374 3 
2305 2 242 1 2053 2 2369 1 
2312 5 255 3 1339 2 2308 2 
1338 1 256 1 2307 2 
2310 1 1335 1 
2311 1 2309 1 1334 2 
2310 1 2312 4 1337 3 
2311 4 2307 5 1336 4 257 4 
1960 3 2315 2 
1970 2 2315 2 326 4 935 3 
1969 2 2314 2 2313 2 477 1 
529 3 2345 3 2317 3 1547 3 
2316 3 2344 3 1548 2 2318 1 
998 1 2339 1 2319 2 2317 1 
2318 2 999 3 2338 3 2320 2 
2337 3 996 2 2321 3 2319 2 
2322 4 2336 3 2320 3 997 4 
2321 4 2323 4 2343 4 994 2 
2324 3 2342 4 1546 3 2322 4 
2323 3 992 2 2341 2 2325 1 
2340 1 993 2 5 3 2324 1 
2157 2 2327 4 2431 2 1074 2 
2328 3 1134 4 2430 3 2326 4 
2327 3 2329 2 1242 2 2429 2 
1238 4 2330 2 2328 2 2428 2 
2329 2 2331 2 1267 1 2437 1 
2330 2 2436 3 2332 2 1255 3 
2331 2 2333 3 2434 1 1406 2 
2334 3 2332 3 2432 3 1351 5 
2483 1 338 1 2333 3 2335 2 
2482 5 336 3 2334 2 13 2 
2337 3 2343 3 1701 1 2321 3 
2320 3 2336 3 1700 4 2338 4 
1703 2 2319 3 2337 4 2339 2 
2318 1 1702 1 2344 3 2338 2 
2325 1 1697 2 2167 3 2341 2 
2342 3 1696 3 2324 2 2340 2 
2341 3 2343 4 2323 4 1699 2 
2336 3 2342 4 1698 3 2322 4 
2317 3 1705 3 2345 3 2339 3 
1704 2 2316 3 2344 3 921 3 
2351 2 190 1 2347 3 1599 1 
1598 5 189 3 1001 3 2346 3 
2355 1 2247 4 2349 1 183 3 
182 1 2348 1 2350 1 1600 1 
1603 3 2351 2 181 1 2349 1 
2346 2 2350 2 180 2 1602 3 
2353 4 187 4 1605 3 2169 3 
2354 2 186 2 2352 4 1604 2 
2353 2 2260 1 185 2 2355 1 
2348 1 184 2 2354 1 1606 1 
1668 1 2362 2 2357 2 506 1 
2358 3 2356 2 505 3 1667 5 
1669 2 504 3 2357 3 
502 2 2360 2 25 3 1664 3 
1663 1 2361 2 501 2 2359 2 
2362 3 500 2 2360 2 1666 3 
2361 3 2356 2 499 3 1665 2 
1090 3 2367 4 
2365 2 44 2 914 2 1086 2 
2364 2 1085 2 2366 3 915 2 
2367 4 1088 2 2365 3 916 2 
2366 4 2363 4 917 4 1087 3 
1680 2 1169 3 941 2 1167 1 
1030 2 2370 1 2306 1 1207 2 
2305 2 2373 1 2369 1 1206 2 
1209 1 2372 2 2300 1 2374 1 
1208 2 2299 3 2371 2 2377 3 
1211 1 2370 1 1374 2 2374 1 
1373 1 2373 1 1210 1 2371 1 
1213 2 2378 1 2376 1 1380 3 
2204 1 2303 1 2375 1 1212 3 
2302 4 1215 2 2378 2 2372 3 
2375 1 1214 2 1377 1 2377 2 
2380 2 1918 3 1129 1 641 2 
1917 2 2379 2 642 3 1174 2 
2382 2 2388 4 718 3 217 2 
2381 2 2383 1 717 1 216 1 
716 4 2382 1 2384 1 449 1 
218 3 2383 1 715 1 672 1 
2386 2 230 2 2390 2 714 1 
227 2 2385 2 713 2 2387 2 
2388 3 712 1 232 1 2386 2 
231 4 2387 3 711 3 2381 4 
2390 3 1244 3 710 3 2213 2 
2389 3 709 3 1243 3 2385 2 
2392 3 1904 1 515 2 1685 3 
1684 4 66 3 516 3 2391 3 
1514 4 860 3 2273 2 2394 2 
859 2 2226 1 2274 3 2393 2 
1532 1 155 2 2398 1 2396 1 
154 1 1531 1 2246 2 2395 1 
2400 3 1530 4 157 3 2398 3 
156 3 1529 3 2397 3 2395 1 
1112 1 1677 4 1914 2 2222 1 
2397 3 1534 2 150 1 
2402 1 1113 1 1914 2 1675 1 
1674 1 2401 1 1900 1 1114 1 
274 2 2404 3 651 3 81 5 
273 3 2403 3 2405 3 650 2 
2406 3 655 4 1848 2 2404 3 
2405 3 1847 2 2407 3 654 3 
2408 3 653 2 2406 3 278 2 
1849 3 2407 3 2409 2 652 3 
2410 1 2408 2 1859 2 659 2 
1854 3 2409 1 658 1 2411 2 
2412 4 1866 2 657 2 2410 2 
656 3 2411 4 1862 4 1877 3 
2057 1 1494 1 42 2 438 2 
1635 5 707 3 2417 3 2415 3 
1634 2 708 3 2420 2 2414 3 
1637 3 2417 3 705 4 1774 2 
2416 3 706 3 2414 3 1636 2 
2419 2 6 2 2421 1 703 1 
3 3 2418 2 2259 2 704 2 
2421 1 2415 2 701 1 1633 2 
1632 1 702 2 2420 1 2418 1 
2423 2 1262 1 239 1 2425 3 
2422 2 96 3 238 3 1261 4 
237 1 2425 3 2427 1 1264 1 
2424 3 1263 4 236 3 2422 3 
1774 1 2295 1 1890 2 18 1 
1265 3 2424 1 234 1 
2437 1 2429 2 2044 1 2329 2 
2043 2 2428 2 2430 2 2328 2 
2431 1 2047 1 2429 2 2327 3 
149 3 2430 1 2046 1 2326 2 
2434 1 2333 3 2050 2 2483 1 
2180 2 1894 2 437 1 
2436 2 2432 1 2049 2 2332 1 
2027 1 2082 2 1107 2 2080 2 
2434 2 2052 3 2331 3 2437 2 
2051 2 2428 1 2436 2 2330 1 
772 2 1075 3 1196 2 1198 1 
553 3 1126 2 1117 2 43 5 
2441 4 1703 4 2443 4 1748 4 
2440 4 1747 2 1702 1 2448 1 
2443 1 1701 1 2445 3 1750 4 
2442 1 1700 2 1749 1 2440 4 
2447 3 1744 3 2445 4 1699 2 
1698 3 1743 4 2444 4 2442 3 
2447 2 1697 2 2262 1 1746 2 
2444 3 1696 3 2446 2 1745 3 
2449 3 1705 1 1742 1 2441 1 
1741 3 2448 3 298 3 1704 4 
468 2 1707 2 545 2 1485 1 
2452 2 2101 3 2454 3 407 1 
2451 2 2457 2 2100 3 408 4 
1148 1 2454 3 71 1 2103 2 
2102 3 2453 3 72 4 2451 3 
2456 3 2458 3 65 2 2105 2 
516 2 2455 3 2104 2 66 2 
2458 2 2107 1 67 2 2452 2 
2455 3 2457 2 889 3 68 2 
2460 3 1821 3 
1820 2 2459 3 2461 2 
2460 2 1823 3 
2463 1 1817 2 
928 3 2462 1 2464 4 
1551 4 2465 4 2463 4 1819 4 
1552 3 1818 1 2464 4 1159 3 
2467 4 2021 4 1746 5 2279 4 
1745 2 2466 4 2020 3 2468 1 
2469 1 2467 1 1744 2 2023 2 
2470 2 2468 1 2022 3 1743 2 
2469 2 1750 5 2017 2 2471 3 
2472 2 2470 3 1749 2 2016 4 
1748 1 2473 2 2019 2 2471 2 
2472 2 2018 2 2474 2 1747 3 
2475 1 2473 2 1742 1 2015 3 
2474 1 2014 1 1741 1 1734 2 
584 5 1618 3 872 3 1620 3 
1861 3 1617 4 1997 3 1541 2 
861 1 1721 3 1723 2 252 1 
867 3 1619 4 1621 4 581 3 
2204 1 70 1 2303 1 2481 1 
69 3 2203 1 2491 2 2480 1 
1588 4 2057 4 2335 5 2483 4 
2334 1 2054 1 2482 4 2432 1 
580 2 1811 2 2025 2 864 2 
78 1 2486 2 2488 1 2208 1 
1947 2 77 2 2207 2 2485 2 
80 2 2490 2 2488 1 2206 2 
2205 2 2487 1 79 2 2485 1 
2492 3 2212 2 74 2 2490 3 
2487 2 73 2 2489 3 2211 3 
2492 3 2210 2 2481 2 76 2 
2491 3 2489 3 2209 2 75 3 
1515 1 1710 2 2500 1 2494 3 
2106 3 169 4 1709 3 2493 3 
253 3 2496 1 2498 1 1563 3 
2501 1 252 1 2495 1 1553 1 
763 2 178 3 241 2 2498 2 
240 2 176 1 2495 1 2497 2 
233 3 2500 1 163 1 2502 2 
2499 1 2493 1 1610 2 160 1 
2496 1 2502 2 215 2 172 1 
2501 2 214 4 2499 2 2110 4 
