3
49
49
49
49
34
34
35
35
34
26
34
34
25
33
26
26
5
5
5
4
2
5
5
5
4
4
44
43
43
4
4
19
19
18
18
48
48
40
40
7
7
41
41
41
40
7
7
41
41
7
7
14
7
35
33
33
12
12
33
49
49
49
49
49
12
12
49
31
22
22
22
22
22
33
32
42
42
32
31
32
32
42
42
18
6
6
6
10
10
10
10
2
2
2
44
44
18
18
18
16
18
20
20
18
18
20
18
19
19
27
18
46
42
42
42
42
40
40
40
30
42
42
36
10
10
10
6
11
11
34
34
34
26
26
26
26
26
25
25
28
28
36
29
29
29
28
30
30
30
30
14
19
8
33
33
33
33
31
33
33
33
33
36
25
27
36
36
46
46
39
39
39
47
47
47
46
46
35
35
7
7
7
7
25
7
7
0
16
16
15
32
15
15
19
13
16
16
16
13
16
15
13
13
16
16
44
10
33
27
27
26
26
27
14
33
27
33
27
27
19
19
18
18
19
19
18
18
18
18
29
29
29
29
30
30
30
35
14
29
29
37
35
47
47
41
47
41
41
47
47
47
47
8
6
8
8
8
8
8
8
6
6
22
22
35
35
24
24
24
24
22
22
22
14
44
44
44
44
44
44
9
9
12
12
12
12
12
12
14
14
14
14
24
3
3
3
3
9
9
25
3
25
25
48
46
48
48
48
48
48
48
48
35
13
14
14
14
14
14
14
14
13
13
7
7
7
7
7
7
7
7
7
7
4
8
37
1
1
1
1
38
38
38
38
8
8
12
38
1
1
8
8
3
3
3
4
4
3
2
2
2
2
4
4
4
13
24
24
14
14
13
14
14
14
14
14
13
13
16
4
4
5
5
4
4
2
2
5
2
40
40
19
40
19
19
29
19
41
34
34
34
34
31
31
31
31
13
23
14
43
13
35
35
14
14
7
14
36
3
3
3
3
3
5
5
5
14
14
14
14
13
14
14
3
37
0
37
37
37
37
22
22
22
35
41
41
41
41
45
45
45
44
44
44
0
39
46
6
12
12
12
12
17
17
17
6
6
6
14
14
21
23
23
23
23
14
23
45
14
8
0
45
14
45
49
39
46
39
45
46
28
46
46
42
46
12
42
17
17
2
13
13
13
17
17
17
17
17
12
6
0
0
0
0
0
2
2
2
2
0
4
36
4
4
1
1
1
1
36
35
4
4
1
2
6
0
1
0
0
1
1
1
1
2
30
30
33
17
17
23
33
12
12
13
13
17
17
25
11
34
2
2
0
2
0
0
0
0
0
0
42
42
25
40
42
42
42
40
40
40
21
21
24
24
23
24
21
23
21
21
32
9
9
9
9
9
47
43
47
47
47
31
31
13
47
31
47
39
39
17
17
17
17
17
17
13
13
13
17
25
25
40
29
29
29
29
29
30
30
30
30
2
11
5
44
47
5
41
41
41
41
10
10
10
47
5
23
3
3
3
3
5
5
5
5
3
3
5
5
5
5
5
5
3
5
5
3
3
5
48
48
48
48
48
48
48
46
48
5
39
32
32
36
31
31
4
31
31
29
29
29
29
30
30
30
30
36
29
29
46
38
38
39
46
46
46
46
46
46
20
28
28
30
30
28
30
28
28
28
28
30
30
27
30
27
27
27
27
27
27
41
41
41
41
45
45
44
45
44
44
49
49
49
49
49
46
24
49
49
44
44
32
21
21
21
17
17
11
11
11
11
11
11
11
9
43
43
24
24
15
24
24
24
31
31
25
25
34
34
34
34
31
34
17
17
20
17
11
20
11
11
9
11
25
34
34
34
34
25
25
34
34
24
24
34
34
32
39
41
39
39
40
39
40
40
40
40
18
18
18
16
20
20
20
18
20
20
16
46
10
46
10
25
44
49
49
44
9
44
44
11
10
10
10
10
10
10
6
10
5
5
43
46
42
47
32
42
46
46
42
38
38
38
46
46
46
46
46
42
17
33
17
40
40
15
15
15
15
15
15
18
18
41
41
29
31
40
40
19
41
41
19
48
48
48
48
46
48
48
48
48
21
21
38
39
37
37
28
28
37
38
37
37
30
30
30
30
29
29
29
29
29
29
44
44
44
44
44
35
28
47
47
28
28
28
28
36
36
36
36
4
45
45
45
45
45
45
45
39
39
47
47
47
47
45
45
9
9
9
36
19
19
19
19
29
29
29
29
2
1
1
1
1
1
1
0
0
0
4
4
5
5
2
15
16
16
15
15
25
25
25
25
25
13
13
13
13
14
14
14
14
13
13
16
18
18
18
20
20
20
20
20
20
23
23
23
23
21
21
23
23
21
21
27
39
39
39
39
39
39
39
39
39
39
49
7
7
38
38
37
38
37
37
35
7
35
35
12
46
30
30
16
27
27
27
27
27
27
7
25
16
16
48
32
13
25
32
15
12
46
12
2
10
10
10
10
10
6
6
2
2
49
49
0
7
7
37
37
7
7
35
35
35
15
15
15
15
15
15
15
18
18
23
27
27
30
30
43
40
40
29
40
41
41
40
41
41
41
10
49
2
2
2
2
5
5
4
4
4
4
49
2
2
37
0
0
0
2
0
0
0
0
37
26
26
25
25
34
34
26
26
34
34
43
43
3
43
43
16
16
16
16
13
16
13
13
16
16
19
25
25
19
25
19
39
19
39
39
26
39
39
27
27
27
19
27
27
26
26
26
26
39
16
21
21
16
23
23
23
23
23
23
21
23
26
26
15
25
33
15
33
33
25
25
31
33
33
33
2
44
44
44
44
44
5
5
24
16
16
16
16
16
16
15
15
15
15
3
3
5
5
5
5
3
3
3
3
16
16
13
13
16
13
16
16
16
16
31
31
36
36
36
36
36
35
35
35
3
33
39
4
3
42
42
42
42
40
40
42
42
2
1
4
1
0
0
0
1
1
1
1
47
47
47
47
47
47
47
41
41
41
9
9
9
9
9
9
9
44
44
45
42
42
42
44
45
45
45
31
31
43
3
35
35
7
7
7
7
7
7
7
7
32
32
36
36
36
36
36
36
36
36
35
36
10
4
10
43
43
6
10
11
11
21
21
21
10
26
26
26
26
27
26
27
27
25
27
11
11
11
11
42
11
17
17
9
11
48
11
48
48
48
48
48
1
48
48
20
20
20
20
17
17
17
20
20
20
10
42
26
26
26
39
25
27
27
26
4
4
39
39
44
44
42
45
42
42
45
44
45
45
6
39
10
39
39
39
39
40
10
40
40
10
28
47
47
47
10
18
16
18
18
20
20
20
20
20
20
28
13
13
14
14
14
14
13
13
13
13
4
4
4
4
4
4
2
2
2
2
42
42
42
42
42
42
40
40
46
46
49
49
49
49
49
49
11
11
11
11
10
11
6
10
11
9
15
15
15
15
15
18
18
44
44
44
44
44
22
45
43
43
43
33
33
31
31
33
33
33
33
35
35
38
38
35
35
35
35
37
37
37
38
14
43
43
28
28
28
26
28
28
28
28
9
9
28
28
9
9
9
46
46
1
1
38
1
38
38
38
38
29
21
45
45
45
30
45
30
43
24
24
24
24
21
21
21
30
30
30
30
29
29
1
1
1
1
1
38
38
38
38
38
19
19
19
19
46
46
38
38
38
38
46
46
46
46
19
19
19
19
7
7
7
7
14
7
37
7
7
40
36
36
36
36
36
34
36
34
36
36
36
36
36
36
35
35
24
6
6
8
8
6
8
8
8
8
8
6
8
8
8
8
8
8
23
6
6
9
9
9
9
9
9
9
20
20
11
11
17
17
20
17
9
11
31
31
34
34
34
34
42
45
45
44
31
31
2
2
0
0
2
0
0
0
0
0
43
43
43
43
43
37
37
37
38
28
28
37
37
38
38
6
6
8
8
12
12
6
8
8
8
23
23
23
23
21
21
23
23
21
21
26
26
27
25
27
27
26
26
26
26
30
26
27
27
27
27
26
27
27
27
43
43
1
1
1
48
48
48
48
4
4
20
20
20
20
18
20
16
18
20
20
48
48
48
46
48
48
48
48
48
43
43
43
43
14
14
35
33
35
35
37
37
37
31
37
0
33
33
33
33
33
33
3
33
8
33
33
32
25
32
32
31
32
21
33
8
31
32
32
32
32
32
33
33
8
49
6
8
8
8
8
8
6
6
46
11
9
10
49
11
11
6
10
10
49
43
49
49
9
9
9
21
31
31
23
23
23
23
23
23
23
21
4
4
4
4
5
5
2
5
2
2
44
44
22
22
22
22
22
12
12
32
32
12
12
32
32
32
32
21
21
22
25
25
25
49
49
49
49
49
49
49
41
41
40
40
40
40
41
40
41
41
24
22
24
24
15
15
15
24
24
43
43
23
19
19
19
22
22
22
22
41
41
24
24
41
40
41
41
40
40
40
40
43
43
25
25
25
25
25
9
11
11
11
11
11
10
6
10
10
6
21
21
21
31
31
31
46
33
33
32
32
32
32
31
32
33
8
12
12
12
12
17
17
6
17
6
6
16
16
15
15
15
16
15
15
15
43
32
32
32
31
12
12
32
32
12
12
45
45
45
45
42
42
45
42
10
6
10
10
10
44
11
10
20
20
20
20
20
20
16
16
26
26
20
20
22
22
22
22
24
24
18
18
22
22
37
37
38
37
28
28
37
37
3
38
38
38
38
38
37
37
37
37
35
35
35
47
47
47
47
41
41
41
47
47
47
11
35
29
40
35
30
30
30
30
29
29
29
29
6
37
11
37
47
47
47
47
41
41
47
41
37
47
47
38
43
12
24
24
24
24
8
24
24
6
24
24
19
19
29
18
18
19
19
18
18
18
18
5
22
22
22
22
22
22
22
34
34
43
43
25
25
43
34
34
34
34
34
13
13
9
9
9
9
9
9
9
21
21
21
21
23
21
23
23
24
24
22
22
22
22
22
31
31
13
30
13
4
32
32
32
32
12
12
32
12
12
12
43
43
43
43
1
1
1
1
4
4
4
1
4
8
8
8
6
12
12
8
8
6
6
38
38
35
35
35
35
37
37
38
37
44
44
3
3
3
3
3
3
3
3
21
21
21
21
23
23
23
23
23
23
0
29
29
28
28
28
28
28
28
26
28
30
11
11
28
45
30
45
26
24
28
28
28
28
28
43
28
28
2
31
31
19
19
22
19
34
34
34
34
31
34
34
29
24
29
24
0
0
0
0
2
0
0
0
30
2
2
49
49
49
49
49
49
49
43
45
43
43
15
15
15
15
15
15
15
18
18
29
29
6
29
40
35
33
17
17
17
17
17
17
13
13
17
13
17
17
17
17
12
12
12
12
6
6
19
19
22
22
18
18
18
18
24
24
24
24
22
22
22
22
3
3
3
3
3
5
5
5
5
5
45
45
45
45
45
45
42
42
45
45
35
32
32
19
19
19
33
8
38
1
1
1
38
38
38
38
1
1
36
35
36
36
36
36
36
36
36
36
39
39
39
39
39
39
39
37
37
37
21
21
31
31
19
31
31
26
26
27
27
27
27
26
26
26
27
