2474 4796 001
554 5 2 6 431 9 1204 7 
1 6 555 6 1203 5 426 5 
1172 4 6 5 
1964 7 62 9 2200 10 
62 9 8 7 2202 6 87 6 
424 9 1171 5 2323 6 3 5 
182 4 8 3 882 5 2204 2 
5 7 2203 3 7 3 881 3 
10 3 1568 4 12 5 1202 5 
9 3 15 5 1566 3 1201 4 
12 7 1200 4 2307 5 1571 6 
11 7 1569 5 9 5 1199 5 
1875 3 1545 7 14 4 16 4 
1544 4 17 5 1873 5 13 4 
1204 8 1565 6 16 5 10 5 
15 5 1564 2 1203 3 13 4 
14 5 18 6 1877 5 1560 9 
17 6 1542 7 1876 7 191 7 
2145 4 209 8 40 3 20 3 
39 5 27 5 2144 5 19 3 
24 6 22 7 2149 8 42 9 
192 3 41 4 21 7 2148 7 
44 4 26 8 2147 5 24 3 
2146 3 21 6 43 4 23 3 
46 2 26 8 2153 3 28 8 
45 10 2152 7 25 8 23 8 
48 3 20 5 2151 4 28 9 
47 14 27 9 25 8 2150 9 
30 5 34 7 1783 4 2022 6 
2318 5 29 5 1782 4 2021 4 
32 6 1789 9 2018 7 38 8 
31 6 33 4 1788 5 2017 5 
2016 2 32 4 34 6 1791 2 
2015 6 29 7 33 6 1790 10 
1785 6 36 4 2035 5 2014 5 
2013 4 35 4 1784 4 37 5 
38 8 2012 5 1787 8 36 5 
37 8 2011 8 1786 8 31 8 
20 5 40 5 48 3 843 4 
842 3 1761 5 39 5 19 3 
839 4 22 4 42 6 
838 6 43 7 41 6 21 9 
42 7 837 6 44 5 24 4 
23 4 43 5 836 7 45 6 
835 9 26 10 46 4 44 6 
25 2 47 8 45 4 2305 2 
28 14 46 8 833 10 48 8 
27 3 832 4 39 3 47 8 
1167 4 2325 5 643 2 
1929 4 1701 6 1633 3 2207 1 
809 2 52 7 1808 5 566 2 
808 9 51 7 55 8 748 7 
334 8 56 8 817 9 1820 7 
60 8 2289 4 1705 8 2420 5 
815 3 1898 5 52 8 56 5 
53 8 1821 4 814 6 55 5 
58 3 1567 2 813 3 1816 1 
57 3 812 8 237 4 1815 7 
811 5 1818 6 1567 4 334 5 
2419 7 54 8 1700 6 351 6 
1934 4 86 5 1635 5 63 3 
5 9 1943 6 2201 6 4 9 
1634 3 1933 2 61 3 64 4 
68 4 1637 6 1932 5 63 4 
66 6 1459 4 996 4 421 6 
74 5 1458 6 65 6 997 6 
70 7 994 3 421 5 1804 4 
1890 4 1636 6 64 4 1931 4 
1000 5 70 7 72 4 1472 4 
1001 9 69 7 67 7 1469 11 
72 3 2359 1 1474 5 998 5 
71 3 69 4 1473 6 551 5 
1701 10 1639 7 2433 10 1938 5 
75 5 66 5 991 5 1488 5 
1487 7 74 5 1018 5 992 8 
2073 7 2103 7 1272 5 77 6 
1271 5 2072 6 78 5 76 6 
1274 7 2071 4 79 6 77 5 
1273 6 78 6 2070 5 80 6 
2069 7 81 7 1268 6 79 6 
2068 8 82 7 1267 7 80 7 
1270 4 81 7 2067 3 83 7 
1269 6 2066 9 84 7 82 7 
85 4 1266 9 83 7 2076 5 
2075 4 84 4 1265 5 2376 3 
1640 5 61 5 1712 6 1935 8 
1943 3 881 2 1570 4 5 6 
89 4 1170 4 1278 8 876 5 
88 4 1277 6 1118 5 1169 4 
2085 6 1485 5 
2394 4 1034 6 884 7 92 6 
2395 4 879 5 1033 5 91 6 
94 6 352 5 679 5 2097 8 
2096 4 93 6 1984 3 889 4 
1092 4 788 2 2398 3 
1106 3 103 5 133 5 1227 3 
891 5 1135 5 889 3 2094 3 
99 6 137 4 1237 4 101 2 
98 6 1236 7 136 6 104 6 
2408 7 101 2 1235 3 139 3 
100 2 1234 2 138 2 98 2 
103 5 141 4 1241 5 105 3 
1240 9 102 5 96 5 140 7 
143 4 105 3 99 6 1239 3 
1238 2 142 6 104 3 102 3 
1377 7 2414 6 1379 8 186 6 
1541 3 1987 5 112 2 108 3 
1540 3 1986 4 107 3 
1993 4 110 5 116 4 1551 4 
111 4 1992 7 1550 4 109 5 
110 4 1549 4 112 2 1995 2 
111 2 1548 3 1994 1 107 2 
2423 5 114 9 1989 6 1547 4 
1546 9 115 6 113 9 1988 8 
114 6 1563 2 116 2 1991 3 
1990 4 115 2 109 4 1561 4 
350 3 118 4 1022 6 1075 4 
117 4 1021 2 119 3 349 4 
1020 5 2289 3 120 3 118 3 
119 3 351 2 1019 2 
1980 6 1846 3 988 7 1848 8 
123 3 845 4 2441 5 1808 4 
844 6 122 3 748 4 128 7 
125 6 851 11 131 6 1818 6 
124 6 1817 8 126 7 850 6 
1816 4 125 7 853 5 127 5 
1815 6 300 9 852 3 126 5 
847 8 129 7 123 7 1898 7 
846 3 128 7 1821 4 130 4 
131 5 1820 3 849 5 129 4 
130 5 124 6 848 8 1819 7 
133 4 1610 4 1594 3 1106 2 
132 4 96 5 1609 5 140 7 
135 4 1030 5 1004 5 216 8 
134 4 2448 2 215 3 1029 2 
1618 5 99 6 137 4 143 4 
1617 4 136 4 98 4 138 4 
139 3 1616 4 101 2 137 4 
313 6 138 3 1615 4 100 3 
141 6 103 7 133 7 1614 4 
140 6 102 4 1613 5 142 7 
105 6 143 7 1612 5 141 7 
104 4 142 7 1611 5 136 4 
145 5 946 5 
945 7 144 5 146 5 
948 6 147 6 145 5 
146 6 947 4 325 8 1686 6 
149 2 1073 3 2453 2 
148 2 2452 5 
151 3 1380 5 164 5 302 3 
175 3 150 3 301 1 2471 5 
653 2 153 3 1105 3 
152 3 654 3 154 5 
659 8 153 5 155 3 
660 3 156 2 154 3 
155 2 657 3 157 3 
658 6 156 3 158 3 
650 3 159 8 157 3 
651 9 1891 8 1779 8 158 8 
161 2 303 3 1372 1 
160 2 305 5 162 5 1371 6 
163 6 1370 6 161 5 304 5 
162 6 1369 6 164 5 307 3 
306 5 1368 8 150 5 163 5 
1929 5 794 2 166 3 285 4 
173 3 795 4 165 3 1928 5 
789 2 1932 3 170 4 168 2 
336 4 1931 4 790 5 167 2 
1934 5 170 6 172 5 791 4 
167 4 169 6 1933 4 792 4 
172 4 1936 5 174 2 785 4 
171 4 786 4 169 5 1935 7 
174 2 1938 2 166 3 787 5 
173 2 171 2 2154 1 1937 3 
151 3 1380 5 2107 5 1531 4 
177 3 673 4 179 6 1760 7 
1741 3 176 3 
2121 4 181 6 1572 7 179 7 
670 6 176 6 2117 6 178 7 
181 4 2101 5 183 5 669 3 
180 4 2100 7 668 6 178 6 
667 6 7 4 183 6 2105 7 
2102 7 666 7 180 5 182 6 
1693 6 194 5 185 5 1378 6 
186 4 1377 5 1692 6 184 5 
185 4 1691 3 187 6 106 6 
1690 9 186 6 188 6 1379 8 
1689 3 189 5 187 6 1374 4 
190 4 188 5 1373 6 1688 7 
189 4 1687 4 1376 3 191 5 
2445 8 1375 7 18 7 190 5 
22 3 1985 5 
1684 6 194 6 442 9 353 10 
193 6 1683 4 2457 3 184 5 
380 5 1605 5 196 5 528 6 
199 4 527 4 1604 3 195 5 
1282 4 1020 6 
525 6 1279 7 1600 7 203 6 
200 4 524 5 196 4 1603 5 
199 4 1279 3 1602 4 523 4 
522 7 1597 8 202 7 204 8 
756 3 201 7 521 4 1596 5 
204 3 1599 5 520 4 198 6 
203 3 201 8 1598 5 519 5 
212 5 206 7 1987 8 2336 6 
205 7 1986 5 2335 5 1280 4 
1427 1 208 3 210 5 1991 3 
213 4 2328 5 1990 5 207 3 
210 12 1761 10 19 8 1989 10 
1988 7 209 12 1759 7 207 5 
1740 5 214 3 1995 2 212 2 
205 5 1994 1 211 2 1738 3 
208 4 2327 4 214 3 1993 3 
211 3 1992 6 2326 4 213 3 
135 3 583 7 216 7 2386 6 
582 8 134 8 215 7 219 10 
993 3 220 3 591 5 218 3 
223 3 590 3 990 4 217 3 
220 8 589 8 1004 7 216 10 
999 6 219 8 217 3 588 6 
224 5 222 3 587 2 2074 3 
1224 2 586 4 1005 4 221 3 
1010 2 218 3 585 4 224 4 
221 5 223 4 1009 5 584 6 
963 3 1258 2 234 2 226 4 
227 8 225 4 1257 5 962 6 
965 7 226 8 1256 8 228 7 
1255 6 964 4 227 7 229 4 
967 6 228 4 230 4 1262 4 
1261 3 231 4 966 5 229 4 
232 4 1260 3 969 2 230 4 
231 4 391 4 1259 3 968 5 
971 6 1264 5 1884 7 234 5 
1263 3 225 2 970 3 233 5 
635 5 1948 5 2237 5 236 6 
1947 6 2236 6 463 8 235 6 
58 4 1631 4 1281 5 
1397 7 239 6 2028 6 992 8 
243 8 991 6 238 6 1396 6 
661 4 2010 3 663 3 
244 8 995 7 1401 7 242 6 
1400 8 994 3 247 3 241 6 
239 8 244 9 1399 9 997 8 
241 8 243 9 996 5 1398 4 
248 5 246 4 1405 8 551 6 
412 4 1404 3 245 4 998 5 
248 3 242 3 1001 5 1403 3 
1402 2 247 3 245 5 1000 5 
466 3 1942 4 2243 5 251 3 
428 6 400 4 1366 3 
461 2 2242 4 1941 4 249 3 
364 3 1229 6 1930 5 2227 3 
2419 2 254 2 2055 2 
2054 6 2420 4 253 2 255 4 
2057 6 2421 4 254 4 256 5 
2056 5 2422 5 255 5 1381 5 
1624 8 1737 4 722 5 2290 7 
478 5 1737 3 722 4 922 5 
260 3 921 4 714 4 1628 7 
259 3 713 2 1627 2 740 6 
1164 6 262 3 
1163 3 1837 2 261 3 263 4 
1166 5 1836 6 264 7 262 4 
444 9 1835 8 263 7 1165 9 
278 4 2347 4 1329 5 266 7 
1328 6 936 7 2346 8 265 7 
270 6 268 7 2381 4 1425 6 
1424 5 267 7 274 6 2380 5 
272 4 270 4 2383 2 1423 5 
267 6 1422 5 269 4 2382 5 
273 4 1421 3 272 4 2378 4 
2377 4 269 4 1420 5 271 4 
271 4 2379 8 699 4 
1418 4 275 5 2385 7 268 6 
2384 6 274 5 462 3 1417 4 
1745 6 1747 8 345 5 1183 8 
940 8 935 7 823 5 1946 7 
1332 8 265 4 2348 5 939 6 
1213 5 1144 5 630 6 280 6 
629 3 279 6 1143 8 1751 4 
282 7 620 4 288 4 2062 4 
2063 9 283 7 619 6 281 7 
2064 5 282 7 284 6 622 5 
2065 5 289 5 283 6 621 9 
2058 7 165 4 624 4 286 5 
623 7 2059 4 287 6 285 5 
2060 4 626 6 288 5 286 6 
2061 4 287 5 281 4 625 4 
290 2 284 5 628 7 
627 7 289 2 
1773 5 1307 6 476 8 472 8 
1795 3 1223 2 372 1 314 1 
294 8 1630 7 951 6 
1629 8 293 8 497 7 1086 8 
336 4 1890 4 1931 4 296 5 
1743 7 295 5 1889 7 335 5 
298 3 665 4 
507 3 664 7 297 3 
648 5 930 4 1110 3 
643 9 127 9 1631 10 
1914 2 151 1 302 1 513 4 
306 3 301 1 1913 3 150 3 
160 3 1908 8 305 6 
1912 3 307 2 162 5 305 5 
161 5 303 6 1911 7 304 5 
302 3 164 5 307 3 1910 6 
1909 2 306 3 304 2 163 3 
309 2 311 3 381 1 1216 5 
1215 7 308 2 528 4 380 3 
1218 7 2026 6 311 6 379 5 
378 4 308 3 310 6 1217 6 
1449 4 319 6 2409 5 313 8 
139 6 2408 10 312 8 1448 6 
1222 4 315 2 375 1 292 1 
1771 4 314 2 1221 3 374 3 
2415 5 323 2 317 3 1457 2 
2414 3 1456 4 316 3 318 3 
319 4 1455 2 2417 3 317 3 
318 4 312 6 1454 3 2416 7 
2256 8 2411 6 321 5 1453 6 
1452 3 322 6 2410 8 320 5 
321 6 1451 7 2413 8 323 6 
316 2 1450 3 2412 2 322 6 
737 3 333 3 325 6 1527 2 
1526 7 147 8 736 6 324 6 
327 4 1525 4 740 7 1627 3 
326 4 1524 4 328 6 739 5 
1523 4 742 9 327 6 329 6 
741 5 330 5 328 6 1522 4 
1521 6 331 4 329 5 744 5 
743 4 332 4 330 4 1520 3 
333 4 1519 7 331 4 746 3 
332 4 1518 3 745 4 324 3 
53 8 816 6 59 5 1819 6 
344 5 738 4 336 4 296 5 
295 4 467 5 168 4 335 4 
338 7 507 3 664 7 2156 7 
337 7 506 10 2138 10 2155 6 
342 2 340 3 1027 3 1748 5 
1028 5 1747 5 339 3 345 2 
705 6 1750 3 342 2 530 3 
339 2 708 3 341 2 1749 3 
346 3 344 4 1744 5 1023 1 
335 5 1743 7 343 4 1024 7 
346 3 340 2 276 5 1025 5 
343 3 345 3 1026 8 1745 4 
1488 6 348 4 360 5 1227 4 
1226 4 1487 5 1608 5 347 4 
2289 4 350 3 1705 8 118 4 
117 3 709 2 1704 2 349 3 
60 6 120 2 2289 2 
1228 5 93 5 1984 2 2301 2 
354 8 1474 11 1235 8 193 10 
353 8 1234 3 355 5 1473 5 
356 6 1237 6 1472 6 354 5 
1469 8 355 6 357 4 1236 5 
356 4 1804 4 1239 3 358 4 
1238 3 357 4 1460 6 359 5 
1459 4 1241 6 358 5 360 5 
1240 8 1458 5 347 5 359 5 
362 4 1354 1 1904 4 
361 4 2286 7 1903 5 363 6 
1762 5 1906 5 2287 7 362 6 
252 3 889 3 1984 2 1135 5 
366 7 1900 10 1762 5 2282 5 
365 7 1899 7 2283 6 367 8 
1902 7 2284 4 368 6 366 8 
1901 3 367 6 
370 5 892 3 1168 2 1233 5 
891 7 369 5 1135 7 1232 6 
2181 4 1168 3 1231 9 894 4 
1439 3 292 1 375 1 373 4 
372 4 1438 7 1038 5 1795 6 
375 2 1441 3 315 3 377 2 
1440 1 372 1 314 1 374 2 
377 3 1443 3 2026 5 379 4 
1442 1 376 3 374 2 1771 3 
311 4 379 3 381 2 1445 3 
378 3 310 5 1444 3 376 4 
195 5 381 2 309 3 1447 7 
378 2 380 2 308 1 1446 2 
1764 4 385 4 383 3 2047 6 
2046 5 388 1 382 3 1763 2 
385 6 1766 5 1927 9 2313 8 
1765 2 384 6 382 4 1926 5 
1949 9 387 4 389 5 1768 9 
1767 4 386 4 2050 4 
389 3 383 1 2049 3 1770 5 
2048 4 388 3 1769 4 386 5 
766 5 391 3 1102 4 399 2 
765 7 232 4 1101 3 390 3 
762 6 1096 5 393 4 2332 6 
1095 3 761 5 394 5 392 4 
764 6 1094 7 393 5 395 6 
394 6 763 8 396 4 1093 5 
1100 2 397 2 395 4 758 3 
398 3 1099 3 757 2 396 2 
397 3 760 4 1098 5 399 3 
1097 2 759 6 390 2 398 3 
250 4 781 5 558 6 
1218 6 402 7 408 3 2249 3 
1217 8 401 7 403 8 2248 6 
1216 8 2261 4 402 8 404 6 
1215 8 571 4 403 6 1225 4 
1222 6 2270 5 406 6 410 4 
1221 5 405 6 2268 6 407 6 
1220 5 1243 7 408 3 406 6 
401 3 1219 3 1242 3 407 3 
2310 4 586 5 410 4 1224 3 
1244 4 1223 3 409 4 405 4 
1266 9 768 5 414 4 412 6 
246 4 1265 7 411 6 767 8 
414 5 1270 5 775 5 416 4 
1269 3 413 5 411 4 774 3 
1268 4 777 2 416 1 418 3 
776 1 1267 3 415 1 413 4 
420 4 418 5 771 5 1274 7 
417 5 1273 5 415 3 770 4 
773 5 1272 5 580 6 420 5 
417 4 1271 4 419 5 772 5 
1460 7 995 6 67 5 65 6 
427 3 560 6 1877 4 423 3 
2356 7 1876 5 422 3 561 3 
1170 7 6 9 2334 8 425 8 
2386 6 583 7 424 8 1169 5 
1875 2 552 4 427 2 2 5 
422 3 426 2 553 2 1873 4 
250 6 429 5 558 8 1200 5 
428 5 1199 2 559 4 430 1 
1202 4 556 1 431 7 429 1 
557 7 1 9 1201 9 430 7 
435 4 1810 6 2223 3 433 4 
2222 6 438 6 432 4 1809 6 
441 5 2225 6 754 6 435 6 
1807 4 432 4 2224 7 434 6 
437 3 2219 5 439 7 1814 7 
1043 4 436 3 1813 3 2218 5 
433 6 2221 5 1812 6 439 8 
2220 9 436 7 1811 10 438 8 
441 4 2217 5 1822 4 599 2 
440 4 434 5 769 5 2216 7 
1235 7 2457 6 2408 11 193 9 
444 9 1643 7 953 9 448 7 
264 9 443 9 952 6 1642 7 
1647 6 452 4 446 5 955 3 
1646 4 447 4 445 5 954 5 
448 4 1645 2 446 4 957 2 
447 4 443 7 1644 3 956 5 
611 4 450 3 1651 5 959 4 
958 3 1650 1 449 3 451 2 
961 6 452 3 450 2 1649 5 
445 4 1648 3 960 6 451 3 
454 2 1568 3 
1566 3 455 6 453 2 2255 3 
1565 7 454 6 456 7 2252 7 
1564 3 455 7 457 9 2251 4 
456 9 2254 8 458 11 1545 11 
459 6 457 11 1544 7 2253 6 
2257 3 458 6 1560 7 460 6 
2256 8 459 6 1542 9 2411 6 
251 2 462 1 1940 1 2245 6 
461 1 2244 5 275 3 1939 3 
1946 8 464 8 2239 9 236 8 
1945 7 465 6 2238 5 463 8 
466 4 464 6 2241 6 1944 4 
1593 3 465 4 249 3 2240 3 
336 5 790 6 2021 4 738 5 
469 3 1780 3 1300 2 475 4 
1781 5 468 3 1299 5 470 3 
1606 5 471 4 1778 3 469 3 
1779 4 470 4 651 5 1301 6 
1304 6 473 5 1776 8 291 8 
1777 5 472 5 474 4 1303 4 
1774 6 1306 10 475 5 473 4 
1775 4 474 5 1305 6 468 4 
291 8 1308 7 1772 5 1416 7 
2428 2 1985 6 1891 3 
2454 3 258 5 655 3 479 5 
478 5 486 5 2455 4 922 5 
481 7 2462 9 931 7 483 7 
480 7 2463 4 930 5 1110 4 
2460 6 933 7 483 4 485 4 
932 4 2461 3 482 4 480 7 
487 5 927 4 2458 5 485 3 
482 4 926 6 484 3 2459 5 
487 7 2456 5 479 5 929 7 
486 7 2434 7 484 5 928 8 
489 6 2304 3 1464 6 2116 3 
2303 6 490 8 1463 6 488 6 
2306 6 491 7 489 8 1462 8 
492 7 1461 7 834 5 490 7 
1468 10 491 7 2309 6 493 8 
2308 9 1467 9 492 8 494 5 
495 2 1466 3 493 5 2312 4 
1465 3 494 2 496 4 2311 3 
1471 7 841 7 497 4 495 4 
1470 2 496 4 294 7 840 3 
2139 6 860 5 499 2 501 3 
506 5 859 3 498 2 2138 5 
503 5 862 4 501 3 2137 5 
2135 3 500 3 861 3 498 3 
503 7 864 7 2143 7 505 6 
502 7 500 5 2142 7 863 6 
2141 4 505 5 
865 4 2140 7 504 5 502 6 
499 5 858 5 338 10 507 6 
337 3 298 3 506 6 
2019 3 2250 6 1849 4 1510 2 
516 4 1723 4 510 3 2474 6 
688 4 509 3 1722 5 2473 5 
2469 5 512 6 1717 4 514 6 
1716 6 511 6 2468 6 517 5 
514 7 1715 6 301 4 2471 8 
513 7 2470 4 511 6 1714 7 
1721 2 2465 3 518 5 516 4 
509 4 1720 3 515 4 2464 4 
518 5 2467 5 1719 5 512 5 
517 5 1718 8 515 5 2466 6 
520 6 522 4 204 5 1059 6 
519 6 1058 5 203 4 525 4 
1061 4 202 4 522 4 697 9 
201 7 519 4 1060 5 521 4 
524 5 526 5 200 4 1055 5 
199 5 523 5 1054 6 527 5 
198 6 1057 2 520 4 526 3 
1279 4 1056 5 523 5 525 3 
196 4 1053 3 528 5 524 5 
309 4 1052 3 527 5 195 6 
2373 5 1070 4 2300 7 1068 8 
531 5 341 3 1184 4 1592 4 
532 5 1591 6 1185 5 530 5 
531 5 533 3 1588 4 1190 5 
532 3 1587 4 1191 5 534 3 
1590 5 535 5 1192 3 533 3 
1193 8 534 5 1589 6 536 4 
537 1 1584 5 1186 2 535 4 
538 3 536 1 1187 6 1583 4 
1586 5 537 3 1188 5 539 5 
1189 8 1736 6 538 5 1585 6 
1485 5 2085 6 1610 6 541 6 
2084 6 1609 5 544 5 540 6 
545 6 2089 6 1612 2 543 4 
1611 5 2088 3 542 4 546 4 
545 6 1614 2 541 5 2087 2 
2086 5 542 6 544 6 1613 7 
1618 5 543 4 
550 5 1315 7 548 4 897 5 
1314 3 547 4 
550 5 751 7 888 6 1313 5 
549 5 547 5 887 3 1312 5 
998 7 245 6 72 5 1000 6 
555 5 426 4 553 4 577 4 
560 5 576 3 552 4 427 2 
1 5 557 3 579 9 555 5 
552 5 2 6 554 5 578 5 
559 4 430 1 557 1 573 5 
554 3 431 7 572 4 556 1 
428 8 400 6 575 5 559 7 
574 4 429 4 556 4 558 7 
581 8 553 5 422 6 561 6 
773 4 560 6 423 3 580 5 
569 4 1339 4 563 4 1057 4 
1338 5 1056 4 562 4 564 4 
565 5 1341 4 1055 5 563 4 
564 5 1054 6 570 6 1340 5 
1061 2 567 2 51 2 1335 5 
1334 4 566 2 568 3 1060 5 
569 3 1059 5 1337 5 567 3 
562 4 568 3 1058 3 1336 5 
1343 5 1053 4 571 5 565 6 
404 4 570 5 1342 5 1052 2 
573 8 579 10 1733 5 557 4 
572 8 1732 7 556 5 574 5 
575 2 559 4 1731 3 573 5 
574 2 558 5 1730 2 781 4 
553 3 1729 3 577 3 581 6 
552 4 1728 3 576 3 578 4 
1727 4 555 5 579 9 577 4 
1726 9 572 10 554 9 578 9 
581 7 419 6 1735 4 561 5 
560 8 580 7 576 6 1734 9 
589 6 583 8 216 8 973 6 
582 8 215 7 425 7 972 9 
585 6 587 3 975 5 224 6 
223 4 974 6 584 6 590 4 
222 4 587 3 409 5 977 4 
586 3 976 2 584 3 221 2 
591 8 220 6 589 6 979 4 
582 6 219 8 978 4 588 6 
981 1 591 5 218 3 585 4 
590 5 980 8 217 5 588 8 
2271 6 1370 6 2273 7 1317 5 
2091 4 596 6 1622 5 594 5 
2090 5 1621 6 601 4 593 5 
598 10 1620 6 2093 10 596 9 
2092 4 593 6 1619 6 595 9 
1626 3 2095 6 600 3 598 7 
595 10 2094 6 597 7 1625 9 
2097 5 1624 5 600 1 440 2 
2096 2 597 3 1623 1 599 1 
602 6 1628 6 2099 3 594 4 
601 6 1525 7 1627 6 2098 7 
1152 7 606 5 604 7 1853 6 
1852 4 603 7 1182 4 1151 6 
606 2 1855 3 1150 5 608 3 
605 2 603 5 1149 1 1854 2 
1857 7 1148 1 610 1 608 2 
1147 3 1856 6 605 3 607 2 
612 3 610 2 1859 5 1146 5 
1145 5 609 2 1858 5 607 1 
1144 2 612 3 1861 2 449 4 
611 3 1143 8 609 3 1860 4 
614 6 1862 4 1310 2 2391 4 
613 6 2390 7 1953 8 2023 6 
2393 3 1363 3 1311 4 1302 5 
2273 6 1372 3 
2395 2 618 3 1311 3 1843 3 
2394 3 1842 5 617 3 1309 6 
2212 5 622 4 282 6 620 3 
2211 2 281 4 619 3 625 4 
2210 9 284 9 622 8 628 11 
619 4 2209 5 621 8 283 5 
2208 6 286 7 626 7 624 6 
2207 2 1929 5 623 6 285 4 
626 5 288 4 2206 5 620 4 
287 6 623 7 2205 7 625 5 
290 7 830 9 628 12 2215 8 
2214 8 627 12 289 7 621 11 
280 3 630 3 2291 3 634 3 
2116 2 279 6 629 3 2304 2 
2119 5 632 4 638 5 1754 4 
631 4 1753 4 2118 3 633 4 
1752 5 2302 4 634 4 632 4 
2120 2 629 3 633 4 1751 4 
235 5 2123 4 636 7 1758 3 
637 7 2122 6 1757 6 635 7 
636 7 1756 3 2125 4 638 5 
1755 3 631 5 2124 7 637 5 
646 4 1960 9 1142 4 640 6 
1392 5 639 6 1961 6 
1391 2 642 3 2342 3 
2341 7 1395 3 641 3 
300 9 49 2 852 3 
645 4 1138 6 1416 4 1965 4 
644 4 1962 5 1141 6 646 4 
1963 2 639 4 1140 2 645 4 
648 5 2002 4 652 3 
299 5 1725 4 647 5 2001 8 
652 4 2008 5 661 5 
158 3 651 4 714 3 658 6 
159 9 713 4 650 4 471 5 
649 4 647 3 2007 4 
152 2 654 2 656 2 720 5 
719 2 653 2 659 6 153 3 
656 1 1104 2 478 3 722 2 
655 1 653 2 1105 3 721 6 
156 3 660 4 658 6 724 5 
157 6 723 6 657 6 650 6 
154 8 726 9 654 6 660 8 
155 3 725 6 657 4 659 8 
2009 4 240 4 649 5 
665 4 2004 2 663 3 
662 3 240 3 2003 4 
2006 8 298 7 337 7 665 8 
662 4 2005 5 664 8 297 4 
667 7 2188 8 183 7 669 5 
666 7 182 6 882 7 1437 7 
1572 7 669 5 878 8 181 6 
668 5 877 4 180 3 666 5 
874 3 179 6 1572 6 673 4 
1943 7 1007 8 672 8 1570 8 
1964 5 1006 4 671 8 
176 4 670 4 
1437 4 1003 7 882 4 675 2 
1002 4 674 2 881 3 1570 5 
678 4 2246 6 677 4 1195 5 
2247 4 1194 2 676 4 2350 5 
676 4 1196 2 
2217 5 93 5 680 3 2301 2 
2300 5 2216 6 681 5 679 3 
680 5 682 4 2225 7 2297 5 
681 4 2224 4 2296 4 683 4 
684 4 2223 6 2299 9 682 4 
2298 4 2222 3 685 3 683 4 
686 4 684 3 2221 5 2293 4 
2220 5 685 4 2292 5 687 3 
2295 3 688 4 2219 5 686 3 
510 4 687 4 2294 5 2218 6 
698 5 750 5 690 3 815 3 
691 4 689 3 749 5 814 4 
690 4 1367 5 817 7 692 4 
693 3 816 4 691 4 747 5 
811 5 692 3 694 5 1886 3 
693 5 753 5 810 4 695 5 
696 3 752 8 813 5 694 5 
888 3 695 3 812 6 751 4 
809 7 698 9 756 8 521 9 
689 5 697 9 808 6 755 4 
1432 2 1421 3 273 4 
1081 3 703 4 1655 5 1685 6 
1595 6 1486 3 707 4 
710 8 1653 7 1083 6 703 5 
1652 3 700 4 1082 6 702 5 
1659 3 1694 4 1699 8 1077 3 
341 6 708 7 2014 7 1184 7 
1699 10 1685 7 1079 7 1657 6 
1610 5 1485 4 1594 4 701 4 
705 7 342 3 2013 5 1027 4 
350 2 1661 6 1075 3 710 6 
702 8 1074 7 1660 7 709 6 
933 7 718 5 1812 5 712 2 
932 2 1811 5 1724 1 711 2 
714 3 651 4 1301 5 260 2 
713 3 259 4 723 3 650 3 
1739 6 754 4 716 2 929 5 
717 3 928 5 715 2 1807 2 
716 3 718 5 1810 7 927 5 
717 5 711 5 1809 6 926 7 
654 2 925 2 726 5 720 5 
924 10 653 5 721 9 719 5 
720 9 2290 9 722 7 656 6 
655 2 258 4 257 5 721 7 
921 3 714 3 658 6 724 5 
920 5 723 5 725 7 657 5 
660 6 726 7 919 8 724 7 
918 7 659 9 725 7 719 5 
1449 2 729 4 
1902 6 729 5 731 3 1455 3 
1901 3 728 5 727 4 1454 3 
731 2 733 4 1900 9 1457 2 
730 2 1456 3 1899 3 728 3 
1906 5 1451 4 733 5 735 6 
730 4 1450 5 1905 5 732 5 
1904 7 939 7 1453 5 735 7 
1452 6 734 7 1903 5 732 6 
947 2 1308 5 737 3 325 6 
1307 3 324 3 736 3 745 4 
2022 6 335 4 1024 6 467 5 
742 8 1606 6 740 8 327 5 
1301 9 260 6 739 8 326 7 
1300 3 329 5 744 5 742 8 
739 8 328 9 1299 9 741 8 
331 4 744 5 1306 10 746 3 
743 5 1305 6 741 5 330 5 
746 3 1304 5 737 4 333 4 
745 3 332 3 1303 3 743 3 
1367 6 1886 5 1160 5 692 5 
1808 5 1898 4 123 4 52 7 
750 7 690 5 1367 6 1162 6 
689 5 749 7 1161 7 755 4 
752 9 549 7 696 4 1156 6 
751 9 753 8 1155 8 695 8 
1886 3 752 8 694 5 1158 6 
769 6 715 4 1807 4 434 6 
1154 4 698 4 750 4 756 3 
202 3 697 8 1153 4 755 3 
1666 4 397 2 760 3 758 3 
763 7 1667 3 757 3 396 3 
760 7 766 9 1664 8 399 6 
759 7 398 4 757 3 1665 4 
764 6 762 7 393 5 1670 9 
392 6 761 7 1319 8 1671 7 
758 7 764 8 1668 10 395 8 
761 6 763 8 394 6 1669 4 
766 9 391 7 1662 9 968 8 
765 9 390 5 1663 4 759 9 
768 7 998 9 2359 5 412 8 
411 5 767 7 774 4 2360 4 
1822 5 1739 8 441 5 754 6 
771 4 418 4 777 3 2357 3 
770 4 772 6 2358 6 417 5 
771 6 420 5 773 5 2355 7 
419 5 561 4 2356 8 772 5 
775 3 2353 2 768 4 414 3 
774 3 2354 4 776 2 413 5 
416 1 775 2 2351 3 777 2 
415 2 2352 5 770 3 776 2 
779 5 877 4 
778 5 1517 6 2188 8 780 6 
1003 9 779 6 1516 5 1437 6 
400 5 1573 6 575 4 
1181 5 2131 6 1679 3 783 5 
1678 8 2130 5 782 5 797 4 
1181 5 1677 4 1824 7 2133 3 
2154 3 786 4 171 4 2173 5 
2172 9 791 3 785 4 172 4 
795 6 2175 7 173 5 2154 4 
95 2 1839 6 828 4 
167 2 2177 5 790 5 792 2 
2176 5 467 6 168 5 789 5 
786 3 169 4 2179 4 792 2 
2178 3 170 4 789 2 791 2 
1675 4 798 3 2127 3 796 3 
795 3 2058 5 165 2 2183 2 
2182 5 787 6 794 3 166 4 
1841 4 793 3 2126 5 1674 6 
1673 4 2129 2 798 3 783 4 
1672 5 2128 5 797 3 793 3 
1914 3 2156 7 1039 5 800 4 
2155 3 804 5 1913 5 799 4 
807 4 2163 4 802 4 1908 8 
1907 3 803 6 801 4 2162 6 
802 6 2161 8 
1910 6 800 5 2160 6 805 3 
2159 3 804 3 806 4 1909 2 
1912 5 2158 7 805 4 807 5 
801 4 1911 5 2157 4 806 5 
52 9 815 4 698 6 809 4 
697 7 51 2 1061 2 808 4 
811 4 813 4 694 4 1567 3 
59 5 810 4 693 5 816 6 
58 8 696 6 1281 9 813 8 
810 4 57 3 812 8 695 5 
817 7 815 4 690 4 56 6 
55 3 808 4 814 4 689 3 
692 4 817 7 334 6 811 6 
814 7 53 9 691 7 816 7 
944 3 819 5 1669 4 821 3 
943 5 818 5 1668 7 824 6 
1671 8 1072 6 942 8 821 5 
941 4 1670 6 820 5 818 3 
1665 3 823 2 825 3 940 5 
822 2 277 5 826 3 1664 4 
825 6 938 7 1667 5 819 6 
822 3 937 5 824 6 1666 5 
935 5 1663 2 823 3 1182 3 
2003 4 1716 4 1050 4 1044 3 
829 4 1298 4 2247 6 788 4 
828 4 2246 4 
831 4 2187 4 627 9 
830 4 2077 5 
843 5 833 6 48 4 909 6 
2305 4 832 6 47 10 908 5 
1212 7 491 5 2306 4 2309 4 
45 9 910 9 836 10 2305 7 
913 6 44 7 835 10 837 8 
912 4 43 6 836 8 838 5 
42 6 839 4 837 5 915 4 
41 4 914 7 838 4 
1086 4 1206 3 841 6 497 3 
1205 4 2311 6 496 7 840 6 
1076 1 40 3 917 3 843 2 
832 5 916 2 842 2 39 4 
123 6 845 7 847 7 2333 7 
2332 7 122 4 844 7 1096 6 
847 4 849 4 129 3 2331 2 
846 4 128 8 844 7 2330 7 
2329 7 131 8 851 13 849 8 
846 4 2449 5 848 8 130 5 
1746 5 851 11 853 4 125 6 
124 11 850 11 1742 11 848 13 
643 3 2325 6 853 3 127 3 
850 4 2324 4 852 3 126 5 
2286 4 856 3 
857 4 2288 5 856 5 
2287 7 855 5 854 3 
855 4 2282 4 
506 5 859 3 2164 2 
2170 6 860 6 858 3 499 3 
2171 7 861 5 498 5 859 6 
860 5 862 4 501 3 2168 2 
863 5 861 4 500 4 2169 3 
2166 6 862 5 864 6 503 6 
863 6 502 7 2167 6 865 5 
505 4 2165 2 864 5 
1040 3 1431 8 867 4 1506 5 
866 4 868 3 1430 3 1505 6 
1508 10 1429 5 890 4 867 3 
2109 4 1680 4 1573 5 
871 9 1502 4 890 6 1434 5 
870 9 1501 6 1433 9 872 6 
1504 3 871 6 1432 1 
878 6 874 2 1572 5 
670 3 873 2 
1276 5 1172 6 876 6 
1171 4 1275 5 88 5 875 6 
669 4 778 4 2188 7 878 7 
873 6 668 8 877 7 
880 6 92 5 1032 5 2392 6 
2345 6 879 6 2393 5 1031 5 
87 2 882 5 8 3 675 3 
667 7 881 5 7 5 674 4 
886 3 2388 6 884 4 1036 1 
1035 6 2389 6 91 7 883 4 
1038 4 886 5 2390 5 1438 6 
883 3 2391 5 885 5 1037 4 
550 3 888 4 897 3 
696 3 887 4 1281 6 549 6 
97 3 364 3 2095 5 94 4 
1428 4 870 6 1507 4 868 4 
97 5 2093 8 370 7 892 5 
893 6 891 5 369 3 2092 2 
892 6 1168 5 894 6 2091 6 
371 4 2090 4 893 6 895 3 
2181 3 2099 3 894 3 896 4 
2098 5 2180 3 2405 5 895 4 
887 3 547 5 
899 4 1088 2 2190 3 1967 4 
898 4 1966 4 2189 6 906 6 
901 6 2192 6 1971 6 903 6 
1129 4 2191 6 900 6 1970 5 
903 7 1969 6 2194 6 905 7 
2193 6 1968 8 902 7 900 6 
907 6 2196 7 1975 6 905 6 
904 6 1974 6 2195 4 902 7 
907 6 2198 4 1973 7 899 6 
904 6 906 6 2197 5 1972 6 
1492 6 911 6 833 5 909 5 
1491 5 908 5 832 6 916 3 
913 5 835 9 911 7 1490 7 
1489 5 910 7 908 6 2305 5 
837 4 1496 4 913 2 915 3 
910 5 1495 6 836 6 912 2 
839 7 915 7 1494 5 
914 7 1493 4 912 3 838 4 
917 3 843 2 909 3 1498 2 
1694 5 916 3 1497 6 842 3 
919 8 925 4 726 7 1620 4 
1619 7 918 8 920 6 725 8 
1622 4 724 5 919 6 921 3 
259 4 723 3 1621 5 920 3 
929 7 258 5 1739 8 479 5 
1248 4 1178 5 1250 7 1979 6 
2290 10 720 10 925 7 1626 7 
918 4 924 7 1625 5 719 2 
485 6 933 9 927 7 718 7 
484 4 717 5 928 7 926 7 
716 5 929 8 927 7 487 8 
928 8 922 7 715 5 486 7 
931 5 481 5 299 4 1725 3 
930 5 932 4 480 7 1724 3 
483 4 931 4 712 2 933 7 
482 7 711 7 932 7 926 9 
1182 3 935 5 1948 4 1151 5 
277 7 934 5 826 5 1947 6 
266 7 1331 4 
825 5 938 6 1944 4 940 7 
937 6 943 6 824 7 1593 5 
734 7 1333 7 278 6 2349 5 
277 8 822 5 937 7 1945 8 
821 4 944 4 942 7 1940 4 
1436 7 1939 6 941 7 820 8 
944 3 819 5 1942 5 938 6 
943 3 818 3 941 4 1941 3 
145 7 946 7 948 8 1141 7 
1140 4 945 7 144 5 
1139 3 948 4 736 2 147 4 
1138 9 947 4 146 6 945 8 
951 6 1051 5 
985 7 1087 3 1768 9 1085 7 
1086 6 293 6 949 6 1048 5 
953 6 444 6 1165 6 1805 4 
952 6 443 9 956 7 1806 6 
955 3 1798 7 957 3 446 5 
1799 4 954 3 960 5 445 3 
1796 5 953 7 957 3 448 5 
954 3 1797 4 956 3 447 2 
450 3 961 7 1802 4 959 4 
1861 2 1803 2 958 4 449 4 
961 9 955 5 1800 7 452 6 
958 7 960 9 451 6 1801 7 
1858 7 965 5 226 6 963 5 
970 4 225 3 1859 6 962 5 
228 4 965 4 1856 6 967 6 
227 7 964 4 1857 9 962 5 
967 7 1854 4 230 5 969 3 
229 6 966 7 1855 6 964 6 
1852 4 232 5 969 3 765 8 
1853 2 231 2 966 3 968 3 
963 4 971 4 234 3 1860 4 
233 6 1803 3 970 4 1861 3 
973 7 1169 7 583 9 1118 8 
1117 4 972 7 978 4 582 6 
585 6 1122 6 981 3 975 5 
1121 7 584 5 976 4 974 5 
1120 5 587 2 977 3 975 4 
2310 3 976 3 1119 3 586 4 
979 2 973 4 589 4 1126 4 
1125 3 980 4 978 2 588 4 
981 4 1124 6 979 4 591 8 
590 1 980 4 1123 2 974 3 
985 8 1085 8 1847 7 983 5 
1846 2 1084 5 982 5 988 6 
985 7 1087 3 1845 8 
950 7 1844 7 982 8 984 7 
989 5 1089 3 1851 5 987 5 
1088 4 1850 6 2190 5 986 5 
1091 6 989 8 121 7 983 6 
986 5 1090 5 1848 9 988 8 
1010 3 993 4 1034 4 218 4 
239 6 74 5 992 8 997 6 
991 8 75 8 238 8 1174 7 
999 6 217 3 990 4 1033 5 
242 3 995 4 1001 5 67 3 
996 4 994 4 421 6 241 7 
995 4 997 4 244 5 65 4 
66 6 996 4 243 8 991 6 
551 7 71 5 767 9 246 5 
220 6 993 6 1004 5 1032 6 
69 5 1001 7 248 5 551 6 
70 9 994 5 1000 7 247 5 
1362 6 675 4 1003 9 1008 6 
780 9 1361 7 1002 9 674 7 
219 7 134 5 1031 3 999 5 
1795 5 2074 4 222 4 1038 4 
1007 4 672 4 
1006 4 1008 7 1365 5 671 8 
1570 7 1007 7 1364 4 1002 6 
2074 3 1010 3 1036 2 224 5 
223 2 1035 4 990 3 1009 3 
1012 3 1179 3 
1013 5 1180 5 1011 3 
1012 5 1177 4 1014 4 
1015 2 1178 5 1013 4 
1014 2 1175 4 1016 2 
1284 2 1017 5 1176 4 1015 2 
1018 5 1016 5 1286 6 1173 6 
1017 5 1174 4 75 5 1285 2 
1020 4 120 2 
119 5 1021 4 1019 4 197 6 
1020 4 1282 2 118 2 1022 4 
1280 5 2335 6 117 6 1021 4 
2016 1 1024 4 1026 6 343 1 
1023 4 2015 5 738 6 344 7 
1026 10 2018 8 1028 8 345 5 
2017 8 1023 6 346 8 1025 10 
2012 3 339 3 708 4 1028 5 
340 5 1027 5 2011 7 1025 8 
1030 3 135 2 1194 3 2350 6 
2345 4 134 5 1029 3 1031 3 
1030 3 1004 3 1032 4 880 5 
1033 5 879 5 1031 4 999 6 
1032 5 993 5 1034 5 92 5 
91 6 990 4 1033 5 1035 5 
1010 4 884 6 1036 3 1034 5 
1009 2 1035 3 1037 2 883 1 
2074 3 886 4 1036 2 1038 3 
885 4 1005 4 373 5 1037 3 
2006 6 1041 6 1715 6 799 5 
866 3 1435 3 1499 3 1072 2 
2005 5 1039 6 1050 5 1714 6 
1043 5 1723 5 1047 3 2002 5 
437 4 1042 5 1722 6 2001 7 
1719 5 2010 3 827 3 1045 8 
2009 8 1718 11 1046 10 1044 8 
2008 6 1045 10 1721 4 1047 4 
1042 3 1720 1 1046 4 2007 3 
951 5 1051 4 1049 4 1836 4 
1835 7 1048 4 1206 4 1086 5 
1041 5 2004 3 827 4 1717 4 
1837 4 1048 4 949 5 
528 3 1215 6 1053 1 571 2 
527 3 570 4 1052 1 1054 4 
524 6 1055 6 565 6 1053 4 
1054 6 523 5 564 5 1056 5 
526 5 563 4 1057 4 1055 5 
1058 3 525 2 1056 4 562 4 
1057 3 1059 5 569 3 520 5 
1058 5 519 6 568 5 1060 7 
522 5 1061 5 1059 7 567 5 
521 4 566 2 809 2 1060 5 
2295 6 1065 6 1063 5 2366 7 
2365 4 1529 1 1062 5 2294 3 
1067 5 2368 5 2293 5 1065 5 
2292 5 1062 6 2367 6 1064 5 
1069 2 2362 4 2299 7 1067 3 
2361 4 1064 5 2298 5 1066 3 
529 8 2297 6 1069 5 2364 7 
1066 2 2363 3 2296 4 1068 5 
529 4 2301 1 2374 5 1228 4 
1516 5 2452 7 
1500 4 820 6 1436 5 1040 2 
148 3 2450 6 
1083 5 710 7 1075 4 2336 4 
1074 4 2335 4 709 3 117 4 
842 1 1694 3 1761 3 1077 2 
1759 4 1078 4 704 3 1076 2 
1079 6 1077 4 1699 9 1427 3 
1080 4 1078 6 706 7 2328 6 
1079 4 2327 3 1685 4 1081 1 
2326 3 700 3 1082 5 1080 1 
1083 7 1740 8 1081 5 703 6 
1074 5 1082 7 1738 5 702 6 
1770 8 983 5 1085 8 1091 5 
982 8 1769 6 1084 8 950 7 
951 6 840 4 294 8 1049 5 
950 3 1767 3 984 3 
987 4 1766 1 898 2 1089 2 
986 3 1090 3 1765 2 1088 2 
989 5 1764 3 1089 3 1091 3 
988 6 1763 3 1084 5 1090 3 
95 4 1686 6 1254 6 
1094 6 1100 3 2440 4 395 5 
1093 6 394 7 2439 7 1095 5 
2442 7 393 3 1094 5 1096 4 
392 5 2441 7 845 6 1095 4 
1102 4 399 2 2436 5 1098 4 
398 5 1099 5 1097 4 2435 8 
397 3 1098 5 2438 4 1100 3 
396 2 2437 4 1093 3 1099 3 
1102 4 391 3 1259 2 2444 2 
1097 4 1101 4 390 4 2443 7 
1290 2 1867 3 2114 3 1871 1 
655 2 2454 2 1105 4 
152 3 1104 4 656 3 
96 3 1226 4 132 2 2397 3 
1277 6 1118 5 1108 3 1888 5 
1115 7 1107 3 1887 3 1117 3 
1112 6 1127 5 1885 4 1120 6 
481 4 299 3 
1883 4 1122 6 1112 6 1114 6 
1109 6 1882 6 1121 8 1111 6 
1114 4 1881 4 1116 2 1124 3 
1123 5 1113 4 1880 5 1111 6 
1126 8 1108 7 1116 7 1879 8 
1125 4 1878 4 1113 2 1115 7 
973 4 1118 5 1108 3 1126 4 
89 5 1107 5 1117 5 972 8 
2285 3 1120 5 977 3 1127 4 
976 5 1121 8 1109 6 1119 5 
975 7 1122 8 1120 8 1112 8 
1123 5 1121 8 974 6 1111 6 
1114 5 1122 5 981 2 1124 4 
1125 5 980 6 1123 4 1113 3 
1124 5 979 3 1116 4 1126 5 
1115 8 1125 5 978 4 1117 4 
1264 4 1109 5 1884 6 1119 4 
2076 3 1783 2 1287 4 1129 2 
901 4 1782 3 2075 4 1128 2 
1787 7 1131 5 1133 6 2071 4 
1136 6 2070 4 1130 5 1786 6 
1288 5 1133 7 1785 7 2073 7 
1784 6 1132 7 2072 7 1130 6 
1791 5 1287 8 1137 5 2067 5 
1930 7 97 5 370 7 364 5 
2069 8 1131 6 1137 4 1789 9 
1788 3 2068 4 1134 5 1136 4 
948 9 644 6 1141 8 1139 8 
947 3 1308 6 1138 8 1416 6 
1141 4 946 4 1142 2 646 2 
1140 4 645 6 1138 8 945 7 
1140 2 639 4 
1146 10 612 8 1144 7 280 8 
279 5 1651 3 611 2 1143 7 
1146 8 610 5 1148 5 1752 7 
1751 6 1145 8 1143 10 609 5 
1754 3 608 3 1150 5 1148 2 
607 1 1145 5 1147 2 1753 3 
1756 1 1152 3 606 1 1150 4 
1755 4 1147 5 1149 4 605 5 
1152 6 1758 4 934 5 604 6 
1151 6 1149 3 603 7 1757 4 
1596 6 1154 5 756 4 1916 4 
1917 4 755 4 1153 5 1161 7 
1158 6 752 8 1156 5 1922 6 
1923 4 1313 4 1155 5 751 6 
1158 10 1160 7 1924 8 1886 7 
1155 6 1157 10 1925 4 753 6 
1160 4 1162 5 1918 7 1367 5 
1159 4 1919 4 747 5 1157 7 
1920 8 750 7 1154 7 1162 6 
1921 3 749 6 1159 5 1161 6 
262 3 1166 4 1164 6 1999 5 
1163 6 261 6 2000 8 
1997 6 1166 7 952 6 264 9 
1163 4 263 5 1165 7 1998 4 
1360 6 49 4 1324 5 
371 3 369 2 893 5 1230 1 
89 4 972 7 1170 4 425 5 
424 7 88 4 1171 3 1169 4 
1172 4 1170 3 6 5 876 4 
1171 4 3 4 875 6 
1176 5 1017 6 1246 5 1174 5 
1018 4 2028 5 1173 5 992 7 
1178 7 1015 4 1248 6 1176 6 
1173 5 1247 3 1016 4 1175 6 
1178 5 1013 4 1250 7 1180 4 
1177 5 1014 5 1175 7 923 5 
2053 4 1180 5 1011 3 
1179 5 1012 5 2052 4 1177 4 
784 5 2132 7 782 5 1676 4 
934 3 826 3 1662 5 604 4 
1482 4 1892 6 1198 6 276 8 
1185 4 1826 3 705 7 530 4 
1184 4 531 5 1825 4 1190 5 
1832 4 1193 6 1187 7 536 2 
1831 7 537 6 1186 7 1188 8 
1834 6 538 5 1187 8 1189 8 
539 8 1188 8 1358 8 1833 9 
532 5 1828 7 1185 5 1191 7 
1827 6 1192 5 533 5 1190 7 
534 3 1830 5 1191 5 1193 6 
1829 7 535 8 1186 6 1192 6 
677 2 1195 3 2448 3 1029 3 
1196 3 2447 8 1194 3 676 5 
1195 3 2446 6 678 2 
2262 3 2260 6 2033 4 1294 1 
1183 6 1479 4 1897 3 1747 6 
429 2 1200 2 1202 5 12 5 
11 4 1199 2 1366 2 428 5 
1204 7 431 9 1202 6 10 4 
430 4 1199 5 1201 6 9 5 
1875 2 1204 6 16 3 2 5 
1201 7 15 8 1203 6 1 7 
841 4 1643 3 1206 1 1208 5 
840 3 1205 1 1049 4 1642 3 
1645 3 2312 5 1208 7 1210 5 
2311 7 1207 7 1205 5 1644 5 
1210 5 1212 7 2309 4 1647 6 
1646 4 1209 5 1207 5 2308 8 
2306 4 1649 6 1212 7 1214 6 
834 7 1209 7 1211 7 1648 6 
279 5 1214 4 1651 3 2304 1 
1650 4 2303 6 1213 4 1211 6 
309 7 404 8 1216 10 1052 6 
403 8 1217 8 308 5 1215 10 
402 8 1216 8 311 6 1218 7 
401 6 310 7 1219 6 1217 7 
1218 6 2026 5 408 3 1220 5 
407 5 1771 5 1219 5 1221 4 
406 5 1222 5 315 3 1220 4 
405 6 314 4 1221 5 1223 5 
292 2 410 3 1222 5 1224 2 
1795 3 222 2 409 3 1223 2 
1342 5 2261 2 404 4 2279 3 
1106 4 1227 4 348 4 1344 7 
1226 4 1240 7 96 3 347 4 
2229 5 1229 8 352 5 1070 4 
1228 8 1984 5 2228 8 252 6 
1231 7 2231 6 1168 1 1233 4 
1230 7 2230 10 371 9 1952 9 
1930 6 1233 6 2233 6 370 6 
1232 6 2232 6 1230 4 369 5 
1237 4 354 3 1235 3 101 2 
442 7 1234 3 353 8 100 3 
99 7 1237 5 356 5 1239 4 
1234 4 355 6 1236 5 98 4 
1241 4 105 2 1239 2 358 3 
1238 2 357 3 104 3 1236 4 
103 9 360 8 1241 9 1227 7 
1238 4 1240 9 359 6 102 5 
2275 3 1243 7 408 3 2249 3 
1242 7 2268 7 407 7 2274 6 
410 4 2310 4 2270 5 1357 6 
2039 7 2403 8 2034 6 1519 9 
1982 5 2028 5 1247 3 1173 5 
1176 3 1248 3 1981 2 1246 3 
1247 3 923 4 1980 6 1175 6 
2051 4 2407 1 1523 1 1252 2 
1978 8 2052 7 1177 7 923 7 
1525 10 2405 10 2098 10 1252 9 
2404 4 1524 3 1251 9 1249 2 
2399 2 1527 1 1254 3 2034 2 
2398 5 1253 3 1092 6 1526 5 
228 6 1262 6 2275 4 1256 7 
2274 5 1257 5 227 8 1255 7 
1258 3 1256 5 226 5 2277 3 
1257 3 225 2 2276 3 1263 3 
1260 2 232 3 1101 2 2279 2 
2278 5 231 3 1259 2 1261 2 
2281 4 230 3 1262 3 1260 2 
1255 6 1261 3 2280 3 229 4 
1264 3 234 3 1258 3 1357 5 
2285 3 1263 3 1127 4 233 5 
412 7 85 5 1404 6 1266 10 
411 9 1269 8 84 9 1265 10 
1268 6 416 3 81 7 1270 4 
415 4 1267 6 1273 6 80 6 
83 6 1270 3 1266 8 414 3 
1269 3 82 4 413 5 1267 4 
1274 7 77 5 1272 4 420 4 
76 5 419 5 1271 4 1735 3 
1274 7 79 6 418 5 1268 6 
1271 7 1273 7 78 7 417 7 
1698 5 1276 4 1278 8 876 5 
875 5 1697 3 1275 4 
1107 6 1278 10 89 6 1696 7 
1277 10 88 8 1695 9 1275 8 
526 4 1601 4 200 3 198 7 
1282 3 2185 2 1022 5 206 4 
237 5 888 6 812 9 
197 4 1280 3 1021 2 
2199 8 1849 8 2250 10 2269 7 
1016 2 1286 3 
1608 4 1286 3 1487 4 1018 2 
1285 3 1284 3 1017 6 1607 4 
1134 8 1128 4 2066 8 1790 9 
1289 4 1132 5 2267 3 1872 6 
2266 5 1288 4 1290 4 1871 3 
1103 2 1291 3 1289 4 2265 3 
1867 4 1290 3 1292 2 2264 3 
2263 3 1870 3 1293 2 1291 2 
1869 2 2262 4 1292 2 1294 2 
1197 1 1864 3 1293 2 1295 2 
2260 7 1296 5 1863 7 1294 2 
1295 5 1297 7 1866 7 2259 6 
1865 4 1296 7 2258 4 1426 6 
828 4 2387 3 1302 5 1839 6 
1606 7 469 5 1300 4 742 9 
741 3 468 2 1299 4 1305 4 
740 9 713 5 471 6 1606 7 
1838 4 1298 5 1996 7 615 5 
1306 10 1304 5 746 3 473 4 
472 6 745 5 1303 5 1307 4 
744 6 1300 4 475 6 1306 11 
1303 10 474 10 743 10 1305 11 
1308 5 737 3 291 6 1304 4 
1307 5 736 5 1139 6 476 7 
2389 6 1310 4 618 6 1393 7 
2388 6 2025 2 1309 4 613 2 
2392 6 1359 3 615 4 617 3 
1315 7 2106 7 550 5 1313 5 
2107 4 549 5 1156 4 1312 5 
548 3 1317 4 2271 5 1315 6 
547 7 1312 7 2272 6 1314 6 
1317 4 2273 6 
1314 4 1316 4 592 5 
1319 5 1499 3 1323 4 2333 4 
1318 5 1500 7 762 8 2332 8 
1507 2 2329 3 1321 2 1327 2 
1508 10 1320 2 2449 3 1322 3 
1505 6 1321 3 1323 5 2331 3 
1318 4 1506 6 1322 5 2330 7 
1325 5 1503 4 2325 6 1167 5 
2324 6 1504 6 1324 5 1326 4 
1746 3 1327 2 1325 4 1501 1 
1326 2 1742 4 1320 2 1502 2 
1331 3 266 6 1329 4 2254 2 
1328 4 1332 9 2253 5 265 5 
2252 3 1331 3 
1328 3 2251 4 1330 3 936 4 
278 8 1329 9 2257 7 1333 9 
939 7 1453 5 2256 7 1332 9 
567 4 1335 7 1337 6 2442 8 
2441 9 1334 7 1808 8 566 5 
1337 7 1339 5 2440 5 569 5 
1336 7 1334 6 2439 7 568 5 
1339 5 563 5 1341 5 2438 5 
1338 5 562 4 2437 5 1336 5 
2436 6 1341 4 565 5 1343 4 
1340 4 1338 5 564 4 2435 7 
1225 5 1343 5 571 5 2444 4 
570 5 1342 5 2443 6 1340 4 
2397 6 1608 8 1226 7 1345 9 
2396 7 1607 6 1344 9 
1347 4 1349 4 2041 3 1590 4 
1346 4 2040 5 1589 6 1352 6 
1588 4 2043 5 1349 5 1356 2 
2042 9 1348 5 1346 4 1587 6 
1586 4 2037 6 1353 4 1351 3 
1585 5 1350 3 
1584 7 1915 5 1353 5 1347 6 
1583 6 1352 5 1350 4 2038 4 
361 1 2286 4 
2045 8 1356 7 1895 9 1592 9 
1591 3 2044 2 1348 2 1355 7 
2285 5 1244 6 1263 5 2276 5 
1736 6 2213 3 1189 8 
1363 2 1311 3 2403 4 1843 3 
1167 6 1503 5 
2452 5 1003 7 1362 4 1516 3 
1002 6 2453 4 1364 4 1361 4 
1359 2 615 3 2402 8 1838 2 
1362 4 1008 4 1365 2 2450 5 
1007 5 2451 2 1364 2 
250 3 2307 3 1200 2 
691 5 749 6 747 6 1159 5 
1369 9 164 8 2272 8 1380 8 
1368 9 163 6 1370 6 2271 6 
1371 7 162 6 592 6 1369 6 
1370 7 2273 8 1372 5 161 6 
616 3 160 1 1371 5 
2413 5 1374 5 1376 5 189 6 
1379 6 1373 5 2412 4 188 4 
2411 4 1376 5 1542 7 191 7 
2410 10 1375 5 1373 5 190 3 
106 7 185 5 2417 4 1378 6 
2416 8 1377 6 2457 4 184 6 
1374 6 106 8 2415 7 187 8 
150 5 175 5 1368 8 2106 6 
1414 5 1682 5 1382 5 256 5 
1415 6 1681 7 1381 5 1383 5 
1410 5 1384 5 1382 5 1677 4 
1411 5 1385 8 1676 4 1383 5 
1384 8 1679 6 1386 7 1412 8 
1678 7 1413 3 1387 5 1385 7 
1673 6 1386 5 1406 9 1388 6 
1389 4 1672 6 1407 4 1387 6 
1388 4 1675 4 1390 6 1408 5 
1674 9 1389 6 1409 9 1559 9 
641 2 2343 6 
640 5 1958 5 1394 4 
1842 6 1309 7 2025 5 2406 6 
1959 5 1392 4 
642 3 2340 5 
1397 7 1951 5 239 6 1399 7 
1396 7 238 7 1950 7 1983 5 
1399 4 1401 3 2370 5 244 4 
1398 4 2369 6 243 9 1396 7 
2372 10 242 8 1403 8 1401 9 
1398 3 2371 8 241 7 1400 9 
248 2 1955 3 1405 5 1403 2 
1400 8 1954 3 1402 2 247 3 
1405 7 2376 4 246 3 1265 6 
1404 7 1402 5 245 8 2375 6 
1657 8 1387 9 1407 7 1413 7 
1656 2 1408 5 1406 7 1388 4 
1409 8 1407 5 1659 5 1389 5 
1408 8 1658 6 1390 9 1582 5 
1411 5 1383 5 1415 6 1653 6 
1384 5 1410 5 1412 5 1652 4 
1655 5 1411 5 1385 8 1413 4 
1386 3 1654 3 1412 4 1406 7 
1415 6 1381 5 2422 5 1661 7 
1414 6 1382 6 1410 6 1660 6 
1562 5 644 4 476 7 1139 6 
1436 5 1418 3 1939 4 275 4 
1435 4 274 4 1417 3 1424 3 
1736 7 1585 7 
1434 4 1423 6 1421 4 272 5 
1420 4 1433 5 699 3 271 3 
1425 5 1429 6 270 5 1423 6 
1420 6 1428 5 269 5 1422 6 
268 5 1425 4 1431 7 1418 3 
1422 5 1424 4 1430 4 267 6 
2136 3 1297 6 1680 5 
1759 3 207 1 2328 3 1078 3 
890 4 1429 5 1423 5 1434 3 
1430 5 1428 5 1422 6 868 5 
1429 5 1425 4 1431 7 867 3 
866 8 1435 8 1424 7 1430 7 
699 2 1433 4 872 1 
1421 5 1432 4 871 9 1434 5 
1420 4 870 5 1428 3 1433 5 
1418 4 1431 8 1040 3 1436 6 
942 7 1417 5 1072 5 1435 6 
2188 8 667 7 674 4 780 6 
1439 6 2234 7 373 7 885 6 
1440 3 372 3 1438 6 2235 4 
1439 3 375 1 1441 2 2230 4 
2231 7 1440 2 374 3 1442 2 
2232 3 377 1 1443 1 1441 2 
1444 2 376 3 1442 1 2233 4 
1445 3 1443 2 2226 5 379 3 
1444 3 1446 3 2227 3 378 3 
1445 3 2228 5 381 2 1447 7 
2229 7 1446 7 380 7 1605 7 
1449 2 1615 4 313 6 
312 4 727 2 1454 1 1448 2 
323 3 733 5 1451 4 1457 3 
732 4 1450 4 322 7 1452 4 
321 3 1453 4 735 6 1451 4 
734 5 1452 4 1333 5 320 6 
1455 1 319 3 1449 1 729 3 
1454 1 1456 3 728 3 318 2 
1455 3 731 3 317 4 1457 3 
316 2 1450 3 1456 3 730 2 
1488 6 66 6 1459 4 360 5 
359 4 1460 5 1458 4 65 4 
421 7 1459 5 1804 6 358 6 
2206 7 491 7 1468 10 1462 8 
490 8 1461 8 1463 6 2205 8 
2208 4 489 6 1464 6 1462 6 
1633 6 2207 4 488 6 1463 6 
2210 6 1466 4 495 3 1471 6 
1467 7 1465 4 494 3 2209 4 
1466 7 493 9 2212 9 1468 11 
492 10 1461 10 1467 11 2211 6 
356 8 1804 8 70 11 1472 8 
1471 5 1629 3 497 2 2215 3 
1470 5 496 7 2214 6 1465 6 
355 6 1473 6 1469 8 69 4 
1472 6 72 6 354 5 1474 8 
353 11 71 5 1473 8 1684 7 
1476 2 2237 4 1890 4 1636 6 
1475 2 1483 3 1889 4 2236 3 
2245 9 1480 7 1896 8 1478 6 
2244 7 1895 5 1477 6 2045 4 
1480 5 1198 4 2243 5 1482 2 
1479 5 1477 7 1897 4 2242 6 
2241 5 1482 2 1892 4 1484 4 
1183 4 1479 2 1481 2 2240 2 
1476 3 1894 6 1484 5 2239 7 
1483 5 2238 4 1893 8 1481 4 
540 5 707 4 90 5 1486 3 
701 3 1485 3 
75 7 1488 7 348 5 1285 4 
1458 6 347 6 1487 7 74 5 
911 5 1490 5 1492 5 1575 4 
1574 8 1489 5 1495 8 910 7 
909 5 1577 6 1498 4 1492 6 
908 6 1489 5 1576 7 1491 6 
1578 4 1494 2 915 4 1496 5 
1493 2 914 5 
1496 8 913 6 1490 8 1580 7 
1579 7 912 4 1495 8 1493 5 
1582 4 1658 5 1498 5 917 6 
1581 4 1497 5 1491 4 916 2 
1500 5 1318 3 1040 3 1506 5 
1499 5 1671 6 1072 4 1319 7 
1504 3 871 6 1326 1 1502 1 
870 4 1507 2 1501 1 1327 2 
1360 5 1324 4 1504 5 
1501 3 1325 6 872 3 1503 5 
1506 7 1322 6 1508 13 867 6 
1505 7 1323 6 866 5 1499 5 
1320 2 1508 10 1502 2 890 4 
1507 10 1505 13 868 10 1321 10 
2024 3 1511 4 1553 4 
1555 5 1513 3 508 2 1511 4 
1554 6 1509 4 1510 4 1849 6 
1515 1 1557 1 1513 3 2020 2 
1556 5 1512 3 2019 4 1510 3 
1515 2 1559 6 1674 6 1841 4 
1512 1 1514 2 1840 2 1558 1 
1517 5 1071 5 780 5 1361 3 
779 6 1516 5 
1527 2 333 3 2034 3 1519 6 
332 7 1520 6 1518 6 1245 9 
1521 5 1519 6 2039 4 331 3 
1520 5 1522 5 2472 4 330 6 
2051 5 1523 2 1521 5 329 4 
1522 2 1524 2 328 4 1249 1 
1523 2 327 4 1252 3 1525 4 
602 7 1251 10 326 4 1524 4 
1527 3 325 7 1254 5 1686 5 
1518 2 1526 3 1253 1 324 2 
1538 5 1529 5 1917 6 2474 9 
1528 5 2473 4 1063 1 1916 2 
1957 4 2126 5 2204 2 1841 4 
1532 7 2471 6 1923 3 175 4 
2470 6 1531 7 1922 9 1533 7 
1534 5 2469 4 1925 2 1532 7 
1533 5 1535 4 2468 6 1924 5 
1534 4 1919 4 2467 4 1536 4 
1537 4 1918 7 2466 6 1535 4 
1536 4 2465 2 1538 1 1921 2 
1528 5 2464 2 1537 1 1920 4 
1957 5 1543 4 2020 4 2202 3 
108 3 1541 3 
107 3 1540 3 1548 4 1956 3 
18 7 1375 7 460 9 1560 10 
1539 4 2019 3 2201 4 2250 6 
14 4 1560 8 458 7 1545 7 
1564 5 13 7 457 11 1544 7 
114 9 1547 4 1965 7 1563 5 
1546 4 1703 3 1562 2 113 4 
1959 6 1549 5 112 3 1541 4 
111 4 1548 5 1550 4 1958 5 
110 4 1549 4 1961 5 1551 3 
1561 4 1960 7 1550 3 109 4 
1579 6 1553 6 
1554 6 1552 6 1509 4 1580 6 
1555 7 1553 6 1511 6 1574 7 
1554 7 1510 5 1575 7 1556 7 
1557 3 1513 5 1576 6 1555 7 
1556 3 1577 4 1512 1 1558 1 
1581 3 1557 1 1559 5 1515 1 
1514 6 1558 5 1390 9 1582 5 
1544 8 459 7 1542 10 17 9 
1963 4 1563 4 1551 4 116 4 
1547 2 1416 5 1965 5 1772 3 
115 2 1561 4 1962 3 1546 5 
456 3 1545 5 1565 3 16 2 
455 7 15 6 1564 3 1566 4 
454 3 1568 4 10 3 1565 4 
57 2 59 4 1817 6 810 3 
1566 4 9 4 1569 4 453 3 
12 5 1568 4 1571 4 
1008 7 87 4 671 8 675 5 
11 6 1569 4 
668 7 670 6 873 5 178 7 
869 5 1730 4 781 6 
1575 7 1490 8 1580 7 1554 7 
1574 7 1489 4 1555 7 1576 6 
1492 7 1556 6 1577 7 1575 6 
1557 4 1491 6 1576 7 1581 6 
1493 4 1579 6 
1580 6 1496 7 1552 6 1578 6 
1579 6 1495 7 1574 7 1553 6 
1582 3 1498 4 1558 3 1577 6 
1581 3 1497 4 1409 5 1559 5 
1353 6 1584 8 537 4 1586 6 
1352 7 1583 8 1589 7 536 5 
1351 5 1586 6 1419 7 539 6 
538 5 1350 4 1585 6 1583 6 
1588 5 533 4 1349 6 1590 6 
1348 4 1587 5 1591 5 532 4 
1584 7 1590 6 535 6 1347 6 
534 5 1589 6 1346 4 1587 6 
531 6 1356 3 1592 5 1588 5 
1591 5 1750 4 1355 9 530 4 
466 3 1942 4 1944 3 938 5 
2397 4 132 3 707 4 1595 6 
701 6 1594 6 2396 6 
2365 7 1597 6 1153 6 202 5 
201 8 2366 5 1596 6 1598 5 
204 5 1597 5 2367 7 1599 7 
2368 6 203 5 1598 7 1600 6 
1601 4 2361 4 198 7 1599 6 
1602 5 1279 4 1600 4 2362 5 
1601 5 2363 5 200 4 1603 5 
2364 5 1604 4 199 5 1602 5 
196 3 1603 4 1605 3 2373 3 
2374 6 1604 3 195 5 1447 7 
470 5 1299 7 739 6 1301 7 
1608 5 1345 6 1286 4 
1344 8 1285 4 1607 5 348 5 
1610 5 541 5 133 5 1614 2 
707 5 1609 5 132 4 540 6 
543 5 143 5 1618 6 1612 3 
542 2 142 5 1611 3 1613 3 
1614 3 141 5 1612 3 545 7 
1613 3 544 2 1609 2 140 4 
1448 4 1616 5 139 4 
138 4 1615 5 1617 4 
137 4 1618 5 1616 4 
136 5 546 5 1617 5 1611 6 
919 7 1622 5 1620 3 596 6 
1625 5 595 6 1619 3 918 4 
1628 8 921 5 594 6 1622 6 
920 4 1619 5 1621 6 593 5 
1626 1 1624 5 600 1 2290 4 
257 8 599 5 1623 5 1822 7 
1620 5 1626 5 925 5 598 9 
597 3 1623 1 1625 5 924 7 
602 6 260 2 1628 6 326 3 
1621 8 601 6 259 7 1627 6 
1470 3 294 8 2187 3 1630 7 
293 7 2077 9 1629 7 
1815 7 237 4 300 10 
1639 5 1633 5 1701 8 2291 4 
2116 3 1632 5 1464 6 50 3 
2125 3 63 3 1635 5 1637 5 
1634 5 61 5 2124 8 1640 5 
1637 8 2123 6 68 6 1475 6 
1636 8 1634 5 64 6 2122 5 
1641 6 1639 4 2302 3 2433 7 
73 7 1632 5 2120 3 1638 4 
86 5 1641 6 2119 4 1635 5 
1712 7 2118 6 1638 6 1640 6 
1643 5 1835 6 444 7 1206 3 
443 7 1644 3 1642 5 1205 3 
1643 3 448 3 1645 1 1208 5 
1207 3 447 2 1646 2 1644 1 
1647 5 1210 4 446 4 1645 2 
445 6 1646 5 1648 5 1209 6 
452 3 1649 5 1212 6 1647 5 
1211 6 1650 4 1648 5 451 5 
1651 3 450 1 1214 4 1649 4 
1650 3 1144 3 1213 3 449 5 
703 3 1655 4 1653 5 1411 4 
1660 6 702 7 1652 5 1410 6 
1413 3 1655 4 1657 4 1685 5 
1652 4 1412 5 700 5 1654 4 
1407 2 1657 3 1659 2 1699 7 
1406 8 1656 3 706 6 1654 4 
1659 3 1409 6 1497 5 1694 4 
1658 3 704 3 1656 2 1408 5 
1661 7 710 7 1653 6 1415 6 
1660 7 709 6 1704 6 1414 7 
765 9 1852 5 1182 5 1663 4 
1664 3 826 2 766 4 1662 4 
1663 3 759 8 1665 5 823 4 
822 3 1666 5 1664 5 760 4 
1667 4 1665 5 757 4 825 5 
1666 4 758 3 1668 6 824 5 
1667 6 763 10 819 7 1669 6 
764 4 1670 7 818 4 1668 6 
1669 7 821 6 1671 9 761 9 
1500 6 820 8 1670 9 762 7 
798 5 1675 6 1388 6 1673 6 
1387 6 797 4 1678 8 1672 6 
1514 6 1390 9 796 6 1675 7 
1672 6 1389 4 793 4 1674 7 
1384 4 1677 3 1181 4 1679 2 
784 4 1681 6 1676 3 1383 4 
1679 6 1386 7 1673 8 783 8 
1678 6 1385 6 782 3 1676 2 
869 4 1865 3 1426 5 
1824 9 1677 6 1382 7 1682 7 
2056 5 1823 5 1381 5 1681 7 
1693 5 1684 4 2360 3 194 4 
193 6 1683 4 2359 3 1474 7 
1080 4 706 7 700 6 1654 5 
1092 6 147 6 1526 5 
1688 7 190 4 2445 7 2355 7 
1689 5 2358 7 1687 7 189 7 
188 3 1688 5 2357 3 1690 6 
187 9 1691 6 1689 6 2352 8 
1692 5 186 3 1690 6 2351 4 
1693 7 1691 5 2354 6 185 6 
1692 7 1683 5 184 6 2353 4 
917 5 1658 4 704 4 1076 3 
1998 5 1696 6 1698 6 1278 9 
1695 6 1277 7 1888 6 1997 4 
1276 3 1698 4 2000 5 
1695 6 1275 5 1999 6 1697 4 
706 10 704 8 1078 9 1656 7 
60 6 
73 10 1928 9 1632 8 50 6 
1773 2 1703 4 1709 6 2424 6 
1547 3 1772 4 1702 4 2423 4 
1705 7 2422 4 1661 6 350 2 
1704 7 2421 7 54 8 349 8 
1707 4 1775 3 2432 5 1713 6 
1706 4 1708 3 1774 6 2431 5 
1709 5 2430 2 1707 3 1777 4 
2429 8 1708 5 1702 6 1776 9 
1779 3 1711 4 2428 2 1891 3 
1710 4 1868 7 2427 6 1778 4 
1641 7 2433 8 1936 6 86 6 
2425 8 1868 9 1780 6 1706 6 
1717 5 1715 6 514 7 1041 6 
1039 6 1914 4 513 6 1714 6 
512 6 827 4 1717 4 1719 6 
511 4 1714 5 1050 4 1716 4 
1045 11 1719 8 518 8 1721 5 
1044 5 1718 8 1716 6 517 5 
1047 1 516 3 1723 3 1721 1 
515 2 1046 4 1718 5 1720 1 
1043 6 2218 7 510 5 1723 6 
1042 5 509 4 1720 3 1722 6 
1814 6 1725 1 712 1 931 3 
648 4 1724 1 1813 2 930 3 
579 9 2113 6 1727 4 1733 4 
578 4 1726 4 2112 4 1728 3 
2115 4 1729 3 577 3 1727 3 
2114 4 576 3 1728 3 1734 6 
1731 3 1573 4 2109 3 575 2 
2108 4 1730 3 1732 5 574 3 
1733 4 1731 5 573 7 2111 5 
2110 3 1732 4 572 5 1726 4 
1735 6 2104 7 1729 6 581 9 
1734 6 1272 3 2103 5 580 4 
1358 6 1419 7 539 6 
1739 6 258 3 1822 3 257 4 
2336 4 1083 5 1740 6 212 3 
715 6 769 8 1737 6 922 8 
211 5 1082 8 1738 6 2326 6 
177 3 1760 7 2133 3 
2329 5 851 11 1327 4 1746 5 
1894 7 344 7 1744 8 296 7 
1893 10 1743 8 343 5 1745 6 
276 6 1892 4 1744 6 346 4 
1326 3 850 5 2324 5 1742 5 
340 5 1748 7 1198 6 276 8 
339 5 1897 4 1747 7 1749 6 
1896 7 342 3 1750 4 1748 6 
1592 4 341 3 1895 4 1749 4 
1146 6 280 4 1752 5 634 4 
633 5 1753 5 1751 5 1145 7 
1754 4 1752 5 632 4 1148 3 
1147 3 1755 2 1753 4 631 4 
638 3 1756 1 1754 2 1150 4 
1755 1 1149 1 1757 2 637 3 
1756 2 1758 2 1152 4 636 6 
1948 3 1757 2 1151 4 635 3 
1427 3 1077 4 1761 5 210 7 
2132 9 2117 7 176 7 1741 7 
1759 5 40 5 209 10 1076 3 
363 5 365 5 1905 5 2288 5 
1091 3 1770 6 383 2 1764 3 
1765 2 382 4 1090 3 1763 3 
385 2 1764 2 1766 1 1089 2 
1967 3 1088 1 384 5 1765 1 
387 4 1087 3 1768 9 
1767 9 950 9 1769 8 386 9 
1770 6 1085 6 1768 8 389 4 
1769 6 1084 8 1763 6 388 5 
315 4 1220 5 2026 5 377 3 
1773 2 1703 4 476 5 1562 3 
291 5 1776 5 1702 2 1772 2 
474 6 1775 5 1777 7 1707 6 
1774 5 1706 3 475 4 1780 3 
1773 5 472 8 1777 8 1709 9 
473 5 1774 7 1776 8 1708 4 
1779 3 470 3 1781 5 1711 4 
471 4 1710 3 1778 3 159 8 
468 3 1775 3 1713 6 1781 5 
469 5 1868 8 1780 5 1778 5 
1129 3 30 4 1783 3 1970 4 
1782 3 29 4 1790 7 1128 2 
1787 7 1133 6 1785 6 36 4 
35 6 1132 7 1784 6 2267 5 
1789 9 38 8 1787 8 1131 6 
1130 7 1784 7 37 8 1786 8 
1789 8 1137 3 32 5 1791 3 
1788 8 31 9 1786 9 1136 9 
1791 6 34 10 1783 7 1287 9 
1134 5 1790 6 1788 3 33 2 
1793 2 2057 5 1794 3 
1792 2 1823 3 2056 3 
2054 6 1792 3 
1224 3 1005 5 292 3 373 6 
1879 5 1797 6 956 5 1806 4 
1798 8 1878 6 957 4 1796 6 
1881 8 1797 8 954 7 1799 8 
955 4 1880 5 1798 8 1800 6 
1883 4 1801 5 960 7 1799 6 
1882 5 1800 5 1802 4 961 7 
1885 3 958 4 1801 4 1803 2 
971 3 959 2 1884 4 1802 2 
1469 8 357 4 1460 6 67 4 
1997 4 1888 6 952 4 1806 4 
1887 3 1796 4 1805 4 953 6 
435 4 754 4 1810 6 716 2 
748 5 1335 8 51 5 122 4 
1812 6 433 6 718 6 1810 8 
432 6 717 7 1807 6 1809 8 
1814 10 712 5 439 10 1812 8 
1809 6 438 6 1811 8 711 5 
1814 7 1725 2 2001 6 437 3 
1724 6 1813 7 1811 10 436 7 
127 6 1631 7 1816 5 58 7 
126 4 1815 5 1817 5 57 1 
1818 8 125 8 1816 5 1567 6 
1817 8 59 6 124 6 1819 7 
334 6 1820 5 131 7 1818 7 
53 7 130 3 1821 3 1819 5 
1898 4 56 4 1820 3 129 4 
769 5 440 4 1737 3 1624 7 
1824 7 1793 3 1682 5 
2134 6 784 7 1823 7 1681 9 
2036 6 1826 3 1185 4 1828 6 
1825 3 2014 3 2035 3 1184 3 
1828 6 1191 6 2030 7 1830 6 
1827 6 1190 7 2029 10 1825 6 
1193 7 1832 5 1830 6 1874 5 
2027 4 1829 6 1192 5 1827 6 
1187 7 2418 5 1832 4 1834 5 
1186 4 1829 5 2033 6 1831 4 
2032 6 2213 4 1189 9 1834 7 
1188 6 2031 5 1831 5 1833 7 
264 8 1049 7 1836 7 1642 6 
1837 4 263 6 1835 7 1048 4 
262 2 1836 4 1051 4 
1302 4 1363 2 1839 5 2399 2 
2398 7 788 6 1298 6 1838 5 
2020 3 1515 2 1957 4 1841 4 
1840 4 796 4 1514 4 1530 4 
1393 6 618 5 1843 5 2401 3 
2400 4 1842 5 1359 3 617 3 
1977 7 1845 8 985 7 1847 6 
1844 8 1976 7 984 8 
983 2 1979 5 1847 4 121 3 
1844 6 982 7 1846 4 1978 6 
1851 9 989 9 1981 7 121 8 
2024 5 1283 8 508 4 1511 6 
1851 6 987 6 1950 6 1983 4 
1848 9 1850 6 1982 6 986 5 
604 4 1853 3 968 4 1662 5 
1852 3 969 2 1854 3 603 6 
1855 3 966 4 1853 3 606 2 
1856 6 1854 3 605 3 967 6 
1855 6 1857 11 608 6 964 6 
1858 11 1856 11 607 7 965 9 
1857 11 962 7 610 5 1859 8 
1860 6 609 5 1858 8 963 6 
1859 6 970 4 1861 3 612 4 
959 2 611 2 1860 3 971 3 
2404 5 613 4 2023 4 2025 4 
1866 9 1295 7 2111 8 1864 8 
2110 4 1294 3 1863 8 1869 3 
1866 4 1297 4 1680 3 2109 3 
1865 4 1863 9 1296 7 2108 5 
1103 3 1291 4 2115 5 1870 5 
2426 7 1781 8 1711 7 1713 9 
2113 4 1293 2 1870 3 1864 3 
2112 5 1292 3 1869 3 1867 5 
2104 3 1872 5 1103 1 1289 3 
2103 8 1871 5 2073 8 1288 6 
1875 4 1877 5 14 5 427 4 
2033 6 2262 5 1829 5 2027 3 
13 3 1873 4 426 2 1203 2 
18 7 423 5 2445 8 1877 6 
422 4 1873 5 17 5 1876 6 
1881 6 1879 5 1797 6 1116 4 
1878 5 1796 5 1887 4 1115 8 
1883 3 1881 5 1799 5 1114 5 
1878 6 1798 8 1880 5 1113 4 
1112 6 1801 5 1885 4 1883 4 
1880 3 1800 4 1111 4 1882 4 
1885 5 1803 4 1127 6 233 7 
1802 3 1884 5 1109 4 1882 4 
753 3 747 5 693 3 1157 7 
1879 4 1806 3 1108 3 1888 5 
1696 6 1805 6 1887 5 1107 5 
296 7 1476 4 1894 7 1890 6 
68 4 1475 4 295 4 1889 6 
159 8 477 3 1710 3 
1745 4 1183 6 1893 8 1481 4 
1744 10 1892 8 1894 9 1484 8 
1743 7 1483 6 1893 9 1889 7 
1896 7 1750 4 1478 5 1355 9 
1897 5 1749 7 1895 7 1477 8 
1896 5 1480 4 1748 4 1198 3 
748 4 1821 4 55 5 128 7 
366 7 1900 10 731 3 1902 6 
365 10 1899 10 1905 10 730 9 
368 3 729 3 1902 4 
728 6 367 7 1901 4 1899 6 
1904 5 1906 4 362 5 735 5 
734 7 1903 5 2349 5 361 4 
1900 10 1906 5 733 5 1762 5 
732 5 363 5 1903 4 1905 5 
802 3 1908 7 
303 8 1907 7 801 8 1911 9 
307 2 1910 5 1912 3 805 2 
804 6 1913 6 1909 5 306 6 
1912 5 807 5 1908 9 305 7 
1911 5 304 3 806 5 1909 3 
1914 4 800 5 1910 6 302 3 
799 3 1913 4 301 2 1715 4 
1352 5 2040 4 2038 4 2377 4 
1917 3 2365 5 1153 4 1529 2 
1154 4 1528 6 1916 3 1920 5 
1536 7 1919 7 1921 5 1159 7 
1924 5 1535 4 1160 4 1918 7 
1161 8 1921 5 1538 4 1917 5 
1162 3 1920 5 1918 5 1537 2 
1925 4 1923 5 1532 9 1155 6 
1156 4 1922 5 1531 3 2107 4 
1919 5 1925 2 1534 5 1157 8 
1922 4 1533 2 1924 2 1158 4 
385 5 2047 7 2059 5 1927 8 
2058 9 384 9 2183 6 1926 8 
1929 7 1701 9 1938 4 166 5 
1928 7 165 5 624 5 50 4 
1135 7 1232 6 2226 7 252 5 
1932 5 295 4 168 4 68 4 
1931 5 167 3 1933 3 64 5 
63 2 1934 3 1932 3 170 4 
61 4 169 5 1933 3 1935 7 
1936 8 1934 7 172 7 86 8 
1937 6 1935 8 171 5 1712 6 
1936 6 1938 3 2433 8 174 3 
1937 3 173 2 1928 4 73 5 
942 6 1940 3 1417 4 462 3 
1939 3 941 4 461 1 1941 3 
1942 5 944 3 251 4 1940 3 
1593 4 249 4 1941 5 943 5 
87 3 62 6 671 7 1964 4 
1945 5 937 4 465 4 1593 3 
464 7 1944 5 1946 7 940 8 
1947 6 463 8 1945 7 277 7 
1946 6 236 6 1948 5 935 6 
1758 3 235 5 1947 5 934 4 
386 9 2048 8 2064 9 2050 9 
2190 5 1951 5 1850 6 1397 7 
1950 5 2189 5 1396 5 2369 4 
2181 4 2235 4 1231 9 1953 6 
2180 4 2234 7 614 8 1952 6 
2372 5 1955 4 1403 3 2194 3 
1402 3 1954 4 2193 6 2375 4 
1959 5 1541 3 
1539 5 1840 4 1530 4 2203 4 
1392 5 1961 6 1549 5 1959 6 
1394 5 1548 6 1956 5 1958 6 
1961 9 639 9 1963 7 1551 7 
1960 9 1958 6 1550 5 640 6 
1965 5 645 5 1563 3 1963 3 
646 2 1561 4 1960 7 1962 3 
4 7 672 5 1943 4 
1962 5 1546 7 1562 5 644 4 
1967 4 2314 5 899 4 1973 5 
1966 4 1766 3 2313 6 898 4 
1971 8 903 8 1969 7 2316 7 
1974 5 2315 3 902 6 1968 7 
2318 5 1971 5 1782 4 901 5 
1968 8 1970 5 2317 8 900 6 
1973 7 1975 6 2320 6 907 6 
1972 7 2319 5 906 7 1966 5 
1969 5 1975 6 905 6 2322 4 
904 6 1972 6 1974 6 2321 3 
1977 6 1845 7 2053 3 
1844 7 1976 6 1978 7 2052 6 
1250 8 1977 7 1979 7 1847 6 
1980 8 1978 7 1846 5 923 6 
1979 8 1981 5 121 6 1248 6 
1982 4 1980 5 1848 7 1247 2 
1981 4 1983 4 1851 6 1246 5 
1982 4 2028 4 1397 5 1850 4 
1229 5 364 2 94 3 352 2 
2148 9 477 6 192 5 
206 5 2185 3 108 4 1987 6 
1994 4 205 8 107 5 1986 6 
1989 5 210 7 1991 5 114 8 
1988 5 2145 6 209 10 113 6 
116 4 1991 5 208 5 1993 4 
1988 5 1990 5 115 3 207 3 
214 6 110 7 1995 5 1993 6 
109 4 213 3 1992 6 1990 4 
212 1 1987 4 112 1 1995 1 
211 2 1992 5 1994 1 111 2 
2387 5 2393 5 1302 7 2345 6 
1165 6 1805 4 1696 4 1998 3 
1695 5 1999 5 1166 4 1997 3 
2000 7 1998 5 1698 6 1163 5 
1999 7 1164 8 1697 5 
2002 7 1043 7 648 8 1813 6 
2001 7 2007 5 647 4 1042 5 
2010 4 827 4 663 4 2004 3 
662 2 2005 3 1050 3 2003 3 
1041 5 2006 5 2004 3 665 5 
2005 5 1039 6 664 8 2156 8 
2008 5 2002 5 652 4 1047 3 
2009 4 2007 5 1046 6 649 5 
2008 4 2010 3 661 4 1045 8 
2009 3 2003 4 1044 3 240 3 
2018 7 2012 5 38 8 1028 7 
2011 5 2013 4 1027 3 37 5 
2012 4 36 4 708 5 2014 5 
1826 3 705 7 2013 5 35 5 
34 6 2022 5 2016 2 1024 5 
33 2 1023 1 2015 2 2017 3 
32 5 1026 8 2016 3 2018 6 
2011 7 31 7 1025 8 2017 6 
2020 3 1513 4 1543 3 508 3 
1840 3 2019 3 1539 4 1512 2 
30 4 467 4 2022 5 2176 3 
738 6 2015 5 29 6 2021 5 
2180 2 2405 4 1862 4 614 6 
1509 3 2269 4 1849 5 
1310 2 2407 2 1393 5 1862 4 
310 6 1219 5 1771 5 376 5 
2263 3 2030 5 1830 4 1874 3 
1983 4 1174 5 1246 5 238 6 
2036 10 2265 8 2030 11 1828 10 
2264 6 2027 5 1827 7 2029 11 
2418 5 1834 5 2259 4 2032 4 
2258 3 1833 6 2184 4 2031 4 
1197 4 1874 6 1832 6 2418 7 
1253 2 1518 3 2402 8 1245 6 
1826 3 2267 4 2036 6 35 5 
1825 6 2029 10 2266 6 2035 6 
2038 6 2379 10 1350 6 
2037 6 1915 4 2378 4 1353 4 
2400 4 1245 7 1520 4 2472 3 
2041 4 2383 2 1915 4 1347 5 
2040 4 2042 8 2382 5 1346 3 
2043 9 1349 9 2041 8 2381 6 
2042 9 1348 5 2044 5 2380 5 
2385 6 2043 5 1356 2 2045 3 
1355 8 2044 3 1478 4 2384 5 
383 5 2047 8 2061 7 2049 7 
2046 8 2060 4 1926 7 382 6 
389 4 1949 8 2049 4 2063 6 
2046 7 2048 4 388 3 2062 4 
2065 4 387 4 1949 9 
1522 5 1249 4 2406 6 2472 4 
1250 7 1977 6 1180 4 2053 3 
1179 4 1976 3 2052 3 
254 6 2055 6 1794 6 2057 8 
2054 6 253 2 
1682 5 256 5 2057 6 1793 3 
255 6 1792 5 2056 6 2054 8 
285 7 794 5 1927 9 2059 6 
2060 2 286 4 1926 5 2058 6 
2047 4 287 4 2059 2 2061 3 
288 4 2046 7 2060 3 2062 4 
2063 6 2049 4 281 4 2061 4 
2062 6 282 9 2048 6 2064 7 
1949 9 2065 4 283 5 2063 7 
2050 4 284 5 2064 4 
83 9 2067 5 2076 7 1287 8 
2068 4 82 3 2066 5 1134 5 
81 8 2067 4 2069 8 1137 4 
2070 6 80 7 2068 8 1136 8 
2069 6 1131 4 79 5 2071 3 
78 4 2070 3 2072 5 1130 4 
2073 7 1133 7 77 6 2071 5 
76 7 2072 7 1872 8 1132 7 
1037 3 1009 3 1005 4 221 3 
85 4 1129 4 2076 5 2191 6 
2075 5 1128 3 2066 7 84 5 
2187 5 1630 9 831 5 
2082 2 2460 5 2186 5 
2186 8 2462 8 
2083 8 2081 5 2434 7 
2456 3 2080 5 
2078 2 2459 4 2083 5 
2080 8 2458 8 2082 5 
541 6 2085 6 2087 3 
90 6 540 6 2084 6 
545 5 2087 1 2089 5 
2086 1 2084 3 544 2 
2089 5 543 3 
542 6 2088 5 2086 5 
594 5 2099 4 2091 4 894 4 
2090 4 593 4 2092 2 893 6 
596 4 892 2 2093 5 2091 2 
891 8 2094 6 595 10 2092 5 
598 6 2095 5 97 3 2093 6 
597 6 2094 5 889 5 2096 5 
94 4 600 2 2097 6 2095 5 
599 5 2096 6 2217 8 93 8 
896 5 1251 10 602 7 2099 4 
2090 4 895 3 2098 4 601 3 
2101 8 181 7 2129 5 2121 5 
180 5 2100 8 2128 7 2102 7 
183 7 2105 8 2127 5 2101 7 
76 7 1872 8 2104 6 1735 5 
2114 5 2103 6 1734 7 1871 3 
2126 8 2102 8 2204 5 182 7 
2272 6 1312 7 2107 6 1380 6 
1313 4 175 5 2106 6 1923 4 
1731 4 2109 4 1866 5 2111 4 
869 4 2108 4 1865 3 1730 3 
1733 3 2113 5 1864 4 2111 4 
1732 5 1863 8 2110 4 2108 4 
1870 5 2113 6 2115 5 1727 4 
1869 4 2112 6 1726 6 2110 5 
2115 5 1729 4 2104 5 1103 3 
2114 5 2112 5 1867 5 1728 4 
1633 3 630 2 2291 2 488 3 
1760 7 2121 3 2131 6 179 6 
2302 3 1641 6 2119 4 632 3 
2124 7 2118 4 631 5 1640 4 
2291 2 634 2 1639 3 2302 2 
2130 3 2117 3 2100 5 178 4 
2125 3 2123 3 636 6 1637 5 
2122 3 1636 6 635 4 2237 4 
2125 6 2119 7 1635 8 638 7 
2122 3 2124 6 1634 3 637 4 
2127 5 2105 8 1530 5 796 5 
2126 5 2102 5 2128 5 793 3 
798 5 2101 7 2127 5 2129 4 
797 2 2130 3 2100 5 2128 4 
2121 3 2129 3 2131 6 783 5 
2132 8 2130 6 2117 6 782 6 
1760 9 2131 8 1181 7 2133 5 
2134 2 784 3 2132 5 1741 3 
1824 6 2133 2 
501 3 2137 5 2139 6 2158 5 
2258 1 1426 3 2184 2 
2142 7 2135 5 500 5 2157 6 
2160 8 338 10 2139 9 499 5 
498 6 2159 7 2135 6 2138 9 
2141 6 505 7 2161 8 2143 8 
2140 6 504 4 
2137 7 2143 7 2163 5 503 7 
2162 8 2142 7 502 7 2140 8 
2424 7 2145 6 20 5 2151 4 
2423 5 2144 6 19 4 1989 6 
2426 4 2147 5 24 3 2149 5 
2152 4 2146 5 23 5 2425 7 
1985 9 2149 8 22 7 2428 5 
2427 7 2148 8 2146 5 21 8 
2430 4 2153 4 2151 4 28 9 
2429 5 27 4 2150 4 2144 4 
2147 4 2153 2 26 7 2432 4 
2152 2 2431 4 25 3 2150 4 
2174 7 785 3 787 4 174 1 
800 3 2160 4 338 6 2156 6 
799 7 2006 8 337 7 2155 6 
2163 4 2158 6 807 4 2137 6 
2157 6 2159 6 2135 5 806 7 
2139 7 805 3 2160 6 2158 6 
2155 4 2138 8 804 6 2159 6 
803 8 2162 8 2140 8 
2163 6 2143 8 2161 8 802 6 
2157 4 801 4 2162 6 2142 5 
2170 5 858 2 2337 4 
2338 2 865 2 2167 3 
863 6 2167 6 2169 4 2340 7 
2339 5 2166 6 2165 3 864 6 
2342 2 2171 4 2169 1 861 2 
2341 6 2168 1 2166 4 862 3 
2164 5 859 6 2344 6 2171 7 
860 7 2168 4 2343 9 2170 7 
786 9 2322 8 2179 10 2173 10 
2321 3 2172 10 785 5 2174 9 
2154 7 2175 10 2320 9 2173 9 
2319 5 2174 10 787 7 2182 6 
2318 4 790 5 2177 5 2021 3 
2178 6 2317 9 2176 5 789 5 
2177 6 2179 5 792 3 2316 4 
2315 4 2172 10 2178 5 791 4 
2181 2 1953 4 2023 2 896 3 
895 3 1952 4 2180 2 371 4 
795 5 2314 6 2183 4 2175 6 
2313 5 794 2 2182 4 1927 6 
2213 2 2032 4 2136 2 
1986 3 1280 2 
2461 5 2079 8 2078 5 
830 4 2077 5 2215 3 1629 3 
779 8 1437 8 666 8 877 7 
899 6 1951 5 2190 5 2198 4 
1950 5 987 5 2189 5 898 3 
901 6 2376 5 2192 6 2075 6 
900 6 2191 6 2193 6 2375 4 
2194 5 903 6 1955 6 2192 6 
2195 3 2193 5 1954 3 902 6 
2194 3 2196 5 2372 5 905 4 
2195 5 904 7 2197 6 2371 9 
2370 7 2198 3 907 5 2196 6 
906 4 2369 3 2197 3 2189 4 
2200 7 1283 8 
2199 7 2201 7 2250 9 4 10 
2200 7 62 6 2202 3 1543 4 
2203 2 5 6 2201 3 1539 3 
2202 2 2204 2 8 3 1957 4 
2105 5 2203 2 1530 2 7 2 
2208 6 2206 7 626 7 1462 8 
1461 7 2211 3 2205 7 625 5 
624 2 1464 4 2208 2 50 1 
2205 6 623 6 1463 4 2207 2 
2210 6 622 5 2212 6 1466 4 
2214 6 2209 6 1465 6 621 9 
620 2 2206 3 2212 4 1468 6 
619 5 1467 9 2209 6 2211 4 
2184 2 1358 3 1833 4 
2210 6 628 8 1471 6 2215 4 
2187 3 2214 4 1470 3 627 8 
680 6 441 7 2217 8 2225 8 
2097 8 679 5 440 5 2216 8 
2219 7 1722 7 437 5 688 6 
2218 7 687 5 436 5 2220 7 
686 5 439 9 2219 7 2221 6 
438 5 2222 5 685 5 2220 6 
2223 5 684 3 433 6 2221 5 
2222 5 432 3 2224 6 683 6 
2225 7 682 4 2223 6 435 7 
2224 7 434 6 2216 8 681 7 
2227 5 1930 7 2233 7 1444 5 
2226 5 2228 5 1445 3 252 3 
2229 5 1229 8 2227 5 1446 5 
2228 5 1228 5 2374 6 1447 7 
1231 10 2235 5 2231 9 1440 4 
1230 6 1441 7 2232 8 2230 9 
1442 3 2233 6 1233 6 2231 8 
2232 6 1232 6 2226 7 1443 4 
2235 5 1953 7 2390 6 1438 7 
2234 5 1952 4 2230 5 1439 4 
236 6 2237 5 1476 3 2239 7 
1475 4 235 5 2236 5 2123 4 
2239 6 2241 5 464 5 1484 4 
2238 6 463 9 1483 7 2236 7 
466 3 2243 5 1482 2 2241 5 
1481 5 2238 5 465 6 2240 5 
251 4 1480 6 2243 6 2245 8 
1479 5 2242 6 2240 5 249 5 
1478 7 462 5 2384 8 2245 10 
1477 9 2242 8 461 6 2244 10 
829 4 676 6 2247 6 
677 4 2387 5 2246 6 828 6 
402 6 2261 2 2249 2 2281 5 
2280 1 401 3 2248 2 1242 3 
2200 9 1283 10 508 6 1543 6 
2254 3 456 4 1331 4 2252 4 
1330 3 2255 4 455 7 2251 4 
1329 5 2254 3 458 6 2257 3 
2251 3 457 8 1328 2 2253 3 
2252 4 454 3 
320 8 460 8 2257 5 1333 7 
459 3 2256 5 1332 7 2253 3 
2136 1 2032 3 2259 3 1297 4 
2258 3 2260 8 2031 4 1296 6 
1295 7 2418 9 1197 6 2259 8 
403 4 1225 2 2248 2 2278 4 
1197 3 1293 4 1874 5 2263 5 
1292 3 2027 3 2262 5 2264 4 
2265 3 2030 6 1291 3 2263 4 
2264 3 2029 8 2266 4 1290 3 
1289 5 2036 6 2265 4 2267 4 
1288 3 2035 4 1785 5 2266 4 
2270 5 2277 4 1243 7 406 6 
2024 4 1283 7 
2268 5 2276 4 1244 5 405 5 
592 6 1314 5 1369 6 2272 5 
2106 6 1315 6 1368 8 2271 5 
616 6 1316 6 1371 8 592 7 
1256 5 2277 3 1243 6 2275 2 
1242 3 2280 1 1255 4 2274 2 
1258 3 2270 4 1357 5 2277 3 
2274 3 2268 4 1257 3 2276 3 
1260 5 2279 5 2281 7 2261 4 
2444 2 2278 5 1259 2 1225 3 
2249 1 2275 1 1262 3 2281 4 
1261 4 2278 7 2280 4 2248 5 
857 4 2288 5 365 5 2283 4 
2284 2 366 6 2282 4 
2283 2 367 4 
1264 3 1357 5 1119 3 2310 3 
362 7 2287 8 854 4 1354 4 
856 7 363 7 2286 8 2288 7 
2282 5 855 5 1762 5 2287 7 
119 3 54 4 349 4 351 2 
924 10 721 9 1623 4 257 7 
2116 2 2120 2 629 3 1632 4 
1065 5 686 5 2295 5 2293 5 
2298 5 685 4 1064 5 2292 5 
2295 4 2473 6 1063 3 688 5 
687 3 2294 4 1062 6 2292 5 
1069 4 2297 5 2299 9 682 4 
2300 5 1068 6 2296 5 681 5 
1067 5 684 4 2299 9 2293 5 
2298 9 683 9 1066 7 2296 9 
680 5 529 7 2297 5 2301 4 
1070 1 679 2 352 2 2300 4 
2118 3 633 4 2120 2 1638 3 
2306 4 1214 6 489 6 2304 3 
630 2 488 3 2303 3 1213 1 
833 4 835 7 911 5 46 2 
2303 4 1211 4 490 6 834 4 
1366 3 11 5 
2312 8 493 9 2309 7 1210 8 
492 6 2308 7 1209 4 834 4 
1244 4 409 4 977 3 2285 3 
841 6 1208 7 2312 5 495 3 
2308 8 1207 5 494 4 2311 5 
1967 6 2314 7 2183 5 384 8 
1966 5 2319 5 2313 7 2182 6 
2179 4 2316 3 2322 2 1969 3 
2317 7 2315 3 2178 4 1968 7 
2177 9 2316 7 2318 8 1971 8 
2176 4 30 5 1970 5 2317 8 
2175 5 2314 5 1973 5 2320 4 
1972 6 2174 9 2319 4 2321 3 
2322 1 2173 3 1975 3 2320 3 
2321 1 2172 8 2315 2 1974 4 
2446 7 2334 5 6 6 
1325 6 853 4 1746 5 2325 7 
49 5 852 6 1324 6 2324 7 
214 4 1081 3 2327 5 1740 6 
2328 5 1080 3 2326 5 213 4 
2327 5 1427 3 208 5 1079 6 
1320 3 848 7 1742 5 2449 4 
2331 5 2333 7 1323 7 847 7 
2449 3 2330 5 846 2 1322 3 
845 7 2333 7 392 6 1319 8 
2330 7 2332 7 844 7 1318 4 
2323 5 2447 9 424 8 2386 6 
206 5 1022 6 1075 4 2336 4 
1738 4 205 6 1074 4 2335 4 
2344 5 2164 4 
2165 2 2339 4 
2167 5 2340 6 2338 4 
2339 6 2341 9 1395 5 2166 7 
2342 7 2169 6 2340 9 642 7 
2168 2 2341 7 2343 7 641 3 
1391 6 2171 9 2342 7 2344 8 
2337 5 2170 6 2343 8 
880 6 1030 4 2350 7 1996 6 
266 8 2347 5 
265 4 2348 5 2346 5 
2349 4 278 5 2347 5 
1904 5 2348 4 939 5 
2387 6 2345 7 677 5 1029 6 
2352 6 2354 5 776 3 1691 4 
777 5 2351 6 2357 5 1690 8 
774 2 1693 4 2354 3 2360 2 
775 4 1692 6 2351 5 2353 3 
2356 10 2358 7 1687 7 772 7 
2355 10 2445 10 423 7 773 8 
1689 3 2358 5 770 3 2352 5 
1688 7 2357 5 771 6 2355 7 
71 1 1684 3 2360 2 767 5 
1683 3 2359 2 768 4 2353 2 
1067 4 2362 5 2368 4 1600 4 
2363 5 1066 4 2361 5 1601 5 
2362 5 1069 3 1602 5 2364 5 
2373 4 1603 5 2363 5 1068 7 
1596 7 1063 4 1916 5 2366 6 
1597 5 2367 7 2365 6 1062 7 
2366 7 1598 7 2368 6 1065 6 
1599 6 1064 5 2361 4 2367 6 
2198 3 1399 6 2370 7 1951 4 
2369 7 2197 7 1398 5 2371 10 
1401 8 2370 10 2196 9 2372 9 
1400 10 1954 5 2195 5 2371 9 
2364 4 529 5 2374 6 1604 3 
1070 5 1605 6 2229 6 2373 6 
2376 3 1955 4 1405 6 2192 4 
1404 4 2375 3 2191 5 85 3 
272 4 2383 2 2378 4 1915 4 
2377 4 271 4 2379 8 2038 4 
2037 10 2378 8 273 8 
2381 2 2043 5 268 5 2385 6 
2382 3 2380 2 2042 6 267 4 
2381 3 2041 5 2383 3 270 5 
2377 2 2040 2 2382 3 269 2 
275 6 2385 8 2244 8 2045 5 
2044 6 274 7 2384 8 2380 6 
425 6 2448 5 215 6 2334 6 
1996 5 2350 6 2247 5 1298 3 
1310 6 883 6 2389 8 2391 8 
2394 3 2388 8 1309 6 884 6 
614 7 2234 6 885 5 2391 5 
886 5 2388 8 613 4 2390 5 
1311 6 2393 5 2395 5 879 6 
615 3 2392 5 880 5 1996 5 
2389 3 618 3 91 4 2395 2 
617 2 2392 5 92 4 2394 2 
2397 4 1345 7 1595 6 
1344 6 2396 4 1594 4 1106 3 
2399 4 1254 5 1839 7 95 3 
2398 4 1253 2 2402 8 1838 2 
2401 2 1843 4 2039 4 2403 5 
2400 2 2406 3 2472 1 1842 3 
1363 8 2403 10 2399 8 2034 8 
1359 4 2402 10 1245 8 2400 5 
1862 5 1252 4 2407 3 2405 5 
1251 10 2023 4 896 5 2404 5 
2051 6 2401 3 2407 3 1393 6 
2025 2 1249 1 2406 3 2404 3 
100 7 313 10 2409 7 442 11 
2408 7 2416 6 312 5 2457 2 
1376 10 2411 9 321 8 2413 10 
1375 4 320 6 2410 9 460 6 
1374 4 323 2 2413 4 2415 5 
1373 5 322 8 2410 10 2412 4 
317 3 2415 5 106 6 2417 3 
316 5 2414 5 1379 7 2412 5 
1378 8 319 7 2409 6 2417 6 
1377 4 2416 6 2414 3 318 3 
2031 5 2260 9 1831 5 2033 7 
60 7 253 2 2420 4 
2421 4 254 4 2419 4 54 5 
2420 4 1705 7 2422 4 255 4 
1704 4 2421 4 256 5 1414 5 
113 5 2424 6 2145 5 1703 4 
2144 7 2423 6 2429 8 1702 6 
1713 8 2426 6 2432 7 2147 7 
2146 4 2425 6 1868 7 2427 6 
2149 7 1711 6 2426 6 2428 4 
477 2 1710 2 2148 5 2427 4 
1709 8 2151 5 2424 8 2430 5 
2431 4 1708 2 2429 5 2150 4 
2153 4 2430 4 1707 5 2432 6 
2152 4 2425 7 1706 5 2431 6 
1712 8 73 10 1937 8 1638 7 
487 7 2456 5 2458 7 2080 7 
2438 7 1098 8 2436 9 1341 7 
1340 6 1097 5 2443 8 2435 9 
2440 5 1339 5 1100 4 2438 5 
2435 7 1338 5 2437 5 1099 4 
2442 9 1337 7 1094 7 2440 5 
2437 5 2439 5 1336 5 1093 4 
1335 9 2442 10 1096 7 122 5 
1095 7 2441 10 2439 9 1334 8 
1343 6 1102 7 2444 5 2436 8 
2279 2 1342 4 2443 5 1101 2 
2356 10 191 8 1687 7 1876 8 
2323 7 1196 6 2447 11 
2446 11 2334 9 2448 8 1195 8 
135 2 2447 8 2386 5 1194 3 
2331 3 849 5 1321 3 2329 4 
1073 6 2453 5 2451 5 1364 5 
1365 2 2450 5 
1361 5 2453 5 1071 7 149 5 
1362 4 148 2 2450 5 2452 5 
478 3 1104 2 2455 2 
2456 4 2454 2 479 4 
2455 4 2081 3 486 5 2434 5 
442 6 194 3 1378 4 2409 2 
2459 7 2083 8 2434 7 484 5 
2458 7 2460 7 2082 4 485 5 
2461 5 482 6 2459 7 2078 5 
2460 5 2186 5 483 3 2462 5 
2461 5 480 9 2079 8 2463 6 
481 4 2462 6 
1538 2 2474 6 2465 3 516 4 
1537 2 2464 3 515 3 2466 4 
1536 6 2467 6 2465 4 518 6 
2468 6 517 5 1535 4 2466 6 
1534 6 2469 5 2467 6 512 6 
511 5 1533 4 2470 3 2468 5 
1532 6 2471 5 514 4 2469 3 
2470 5 1531 6 151 5 513 8 
1521 4 2051 4 2401 1 2039 3 
2474 8 2294 6 1529 4 510 5 
2464 6 2473 8 1528 9 509 6 
