2436 4737 001
2241 5 311 4 347 5 344 5 
11 3 320 2 1165 1 3 1 
1164 4 2 1 321 2 4 1 
1929 1 5 1 318 2 3 1 
319 1 6 1 4 1 1166 1 
1913 1 7 1 316 2 5 1 
1160 1 1927 2 6 1 8 2 
1163 2 9 3 7 2 314 2 
315 2 211 3 1162 2 8 3 
11 4 1159 2 322 2 72 3 
10 4 2 3 323 3 1158 4 
896 1 531 2 274 2 13 3 
98 5 195 3 12 3 273 3 
720 1 1091 1 21 1 15 1 
709 2 16 1 14 1 1090 1 
15 1 1518 4 915 1 17 1 
22 1 16 1 1088 3 1517 2 
19 2 1345 4 2295 2 1512 2 
18 2 1511 2 1344 1 20 1 
21 1 1514 1 1085 1 19 1 
20 1 14 1 1084 1 1513 2 
1330 1 23 2 17 1 1333 3 
31 2 1326 3 22 2 475 3 
25 3 1448 2 1462 1 33 3 
24 3 26 5 1461 3 1447 4 
25 5 1450 3 1460 3 27 3 
1459 2 28 1 26 3 1449 2 
1452 3 27 1 29 2 1458 2 
30 3 1451 2 1457 3 28 2 
1456 3 29 3 1454 3 31 2 
23 2 1453 1 30 2 1455 2 
1446 2 1892 1 1464 2 33 3 
1445 3 1463 4 32 3 24 3 
1464 2 1476 1 35 1 993 2 
1463 2 42 1 1061 2 34 1 
1456 4 37 3 1470 3 39 3 
1469 1 36 3 1455 2 1957 1 
1468 3 1458 4 39 3 41 4 
1467 1 36 3 38 3 1457 2 
43 2 1474 1 1460 1 41 2 
1459 3 1473 3 38 4 40 2 
43 2 35 1 1472 1 1462 1 
42 2 40 2 1471 4 1461 2 
953 2 45 2 1638 2 1476 2 
1061 2 50 2 44 2 1639 1 
1468 2 47 3 1644 2 53 3 
1467 2 1645 4 46 3 48 3 
1470 2 1646 3 47 3 49 3 
1469 2 1647 3 48 3 1240 2 
1472 2 51 3 45 2 1640 2 
52 3 50 3 1641 3 1471 4 
1642 2 1474 2 51 3 53 3 
1643 4 1473 3 52 3 46 3 
55 4 57 4 1208 2 179 2 
60 3 178 4 54 4 1207 4 
57 4 177 4 1210 3 826 3 
56 4 54 4 1209 5 176 3 
1212 3 175 3 59 4 61 3 
64 2 174 2 58 4 1211 2 
55 3 855 1 61 1 1214 1 
1213 2 172 1 60 1 58 3 
67 3 63 2 1040 3 598 3 
346 1 597 2 1039 1 62 2 
59 2 1204 2 169 1 65 2 
849 4 2107 4 1203 2 64 2 
67 3 600 3 
66 3 62 3 599 3 1038 2 
75 1 69 3 1602 1 855 1 
172 3 1603 4 68 3 70 3 
175 1 1600 1 69 3 71 1 
1601 2 174 1 70 1 76 1 
177 4 73 3 10 3 1606 2 
74 4 72 3 1607 3 176 2 
179 3 73 4 75 3 1604 4 
68 1 74 3 178 2 1605 1 
169 1 1598 1 71 1 77 2 
849 4 2065 2 1599 2 76 2 
79 3 1502 3 85 3 1486 3 
78 3 1485 1 1501 2 80 2 
1488 2 81 2 79 2 1500 3 
1379 1 80 2 1179 3 1487 1 
83 2 1178 2 1490 2 87 1 
82 2 84 2 1497 3 1489 3 
83 2 1492 1 1170 1 85 1 
1495 4 1491 1 84 1 78 3 
1484 2 1167 2 87 1 503 3 
1483 1 86 1 82 1 1493 1 
1170 2 1450 2 89 2 91 3 
1449 2 94 3 1495 4 88 2 
91 3 97 2 1178 3 1448 3 
90 3 1497 3 1447 3 88 3 
1454 3 95 3 93 3 1500 3 
719 3 1179 4 1453 2 92 3 
1452 5 1502 3 89 3 95 4 
1451 2 92 3 1501 3 94 4 
1446 2 97 1 1167 2 477 1 
96 1 90 2 1445 1 1493 1 
1300 4 2306 3 13 5 531 4 
1599 2 2065 2 100 4 867 2 
2066 5 461 3 99 4 866 3 
102 3 2304 3 898 4 104 4 
101 3 253 1 897 1 2303 1 
106 1 900 2 104 2 2302 3 
2301 2 103 2 899 2 101 4 
108 3 894 4 106 3 2300 4 
2299 1 103 1 893 1 105 3 
108 1 2298 1 896 1 531 2 
2297 3 105 3 107 1 895 1 
110 1 1975 4 1575 1 122 1 
109 1 1572 1 2384 3 1974 1 
2436 2 112 2 555 2 1924 4 
268 1 1923 1 111 2 2435 3 
114 2 118 1 187 2 1251 2 
113 2 186 2 1250 2 2288 2 
1243 1 191 1 116 2 570 1 
190 4 115 2 117 2 1242 3 
1245 2 189 1 116 2 118 1 
188 2 113 1 1244 3 117 1 
1247 2 2427 4 273 2 195 2 
121 2 1550 3 1973 2 
1972 3 2272 4 120 2 122 2 
2271 2 121 2 109 1 1971 1 
1316 1 2231 2 1692 3 1309 3 
126 2 2057 2 863 2 466 3 
1306 2 1186 5 1951 2 1308 3 
124 2 1044 1 862 1 2058 2 
1301 1 2315 1 128 2 130 2 
1300 3 2306 2 127 2 2313 2 
132 2 130 3 1299 3 1996 3 
1298 2 129 3 1262 2 127 2 
132 2 2332 3 134 3 1297 2 
131 2 129 2 2331 2 1296 2 
134 3 2024 3 136 2 1295 4 
133 3 1294 3 1479 2 131 3 
136 2 1259 3 1305 3 280 3 
1304 2 135 2 1258 2 133 2 
138 2 1621 3 
137 2 1620 2 139 3 
140 3 840 2 1619 2 138 3 
139 3 839 2 141 3 1618 2 
140 3 1626 2 836 2 
458 1 149 1 143 2 1006 3 
457 3 1007 3 142 2 2330 3 
456 2 1014 4 147 2 145 3 
150 2 1015 2 455 2 144 3 
147 1 454 1 2055 1 1012 2 
453 1 146 1 1013 1 144 2 
452 3 149 3 1010 3 151 4 
142 1 451 3 148 3 1011 1 
145 2 1008 1 450 2 151 2 
150 2 148 4 449 2 1009 4 
155 2 892 3 153 2 
152 2 891 2 
2410 2 890 2 155 1 594 1 
152 2 154 1 889 2 
183 3 159 4 157 2 1505 3 
162 4 182 1 1506 1 156 2 
684 2 1503 3 181 2 159 4 
1504 4 156 4 180 4 158 4 
861 3 163 2 161 2 1509 1 
160 2 860 3 1510 3 
157 4 163 5 185 4 1507 4 
160 2 1508 4 184 2 162 5 
165 1 2253 2 2037 1 454 1 
164 1 166 1 453 1 2252 4 
165 1 167 1 2251 2 456 1 
166 1 455 1 2250 3 168 2 
2257 2 851 3 450 3 167 2 
76 1 849 3 64 1 174 1 
171 1 851 2 2255 1 452 1 
451 3 170 1 2254 1 854 1 
69 3 61 1 855 1 175 1 
688 4 457 5 2248 5 854 4 
59 2 71 1 169 1 175 1 
70 1 58 3 174 1 172 1 
179 1 177 3 73 2 57 3 
72 4 1159 3 56 4 176 3 
855 2 179 2 55 4 75 2 
74 3 178 2 176 1 54 2 
183 3 159 4 181 2 937 2 
158 2 1888 3 180 2 936 1 
157 1 183 2 939 1 185 1 
180 3 156 3 938 2 182 2 
861 3 185 1 163 2 941 1 
940 1 184 1 162 4 182 1 
1305 2 187 2 114 2 432 2 
1304 3 188 3 113 2 186 2 
1295 4 189 2 187 3 118 2 
188 2 1294 2 117 1 190 3 
116 4 189 3 1297 3 191 3 
115 1 1296 2 192 3 190 3 
570 3 193 3 191 3 1299 4 
192 3 194 2 569 1 1298 1 
195 2 2427 4 1301 2 193 2 
194 2 1300 2 13 3 119 2 
199 2 197 2 1983 2 1899 4 
2101 4 1982 2 196 2 1898 1 
1981 1 238 1 1901 2 199 1 
1900 2 196 2 1980 3 198 1 
808 3 567 3 264 3 2056 4 
1329 3 1327 3 408 3 1270 3 
2067 3 263 3 2069 5 601 3 
1146 2 292 1 595 1 242 2 
205 1 853 2 1947 1 
1946 3 852 1 204 1 208 1 
209 2 251 3 207 3 1937 2 
2323 2 206 3 2114 2 838 2 
205 1 209 1 1945 1 837 2 
206 2 237 1 208 1 1942 2 
1020 2 552 3 211 3 219 4 
1019 2 9 3 553 2 210 3 
213 4 901 3 1523 3 546 4 
212 4 547 2 1022 3 214 4 
544 3 1025 3 213 4 215 3 
216 2 1024 3 214 3 545 3 
215 2 1027 2 550 2 217 2 
1026 3 218 1 551 1 216 2 
548 1 217 1 914 2 219 3 
1028 4 549 3 218 3 210 4 
221 3 223 4 230 4 
220 3 229 3 
225 1 223 2 232 2 
231 4 220 4 222 2 
234 2 227 3 225 2 
222 1 224 2 233 2 
227 2 236 3 
224 3 235 4 226 2 
556 1 2068 1 258 2 2072 2 
230 4 221 3 943 3 
229 4 231 4 942 4 220 4 
230 4 223 4 941 3 232 4 
940 2 233 3 231 4 222 2 
232 3 225 2 234 2 939 2 
224 2 235 3 233 2 938 1 
227 4 234 3 236 5 937 3 
2145 4 235 5 936 3 226 3 
837 2 2178 2 251 2 209 1 
198 1 1978 2 
240 1 888 1 499 1 846 1 
239 1 887 2 502 1 845 3 
244 2 1146 2 863 1 242 2 
862 2 350 4 241 2 203 2 
869 3 244 4 246 3 1154 3 
243 4 868 2 241 2 1153 3 
871 1 246 1 248 1 1152 2 
1151 2 245 1 243 3 870 2 
865 4 1150 3 248 3 250 3 
1149 1 247 3 245 1 864 1 
1587 3 250 1 1148 2 867 1 
249 1 866 1 1147 2 247 3 
206 3 2179 2 237 2 838 2 
694 3 253 3 2136 4 256 5 
252 3 102 1 2135 1 693 1 
853 2 2174 3 
257 1 256 3 2133 1 696 2 
2132 3 255 3 252 5 695 3 
255 1 697 1 2130 3 
2255 2 259 2 228 2 261 4 
258 2 2254 1 267 1 2072 2 
263 1 261 3 2257 1 2069 3 
2256 3 2068 3 258 4 260 3 
265 2 263 1 2251 2 2067 1 
260 1 262 1 2250 3 202 3 
265 2 200 3 2083 1 2253 2 
262 2 2056 3 264 2 2252 5 
931 2 1908 2 872 2 2074 2 
2249 2 2390 3 259 1 268 1 
112 1 267 1 2248 2 2389 2 
1609 3 348 2 1647 3 270 2 
1646 2 513 2 1608 1 269 2 
1911 2 2198 2 272 3 2342 2 
271 3 2341 3 277 3 1910 2 
624 3 274 2 13 3 119 2 
273 2 1730 3 12 2 623 3 
278 1 2340 2 1919 1 1731 2 
1730 3 1732 2 895 2 617 2 
272 3 1921 2 2338 3 278 2 
275 1 1920 1 2337 4 277 2 
2336 3 282 3 280 3 1915 3 
2335 2 1914 2 279 3 135 3 
282 3 1731 3 1917 2 2334 3 
281 3 1916 3 279 3 2333 3 
290 1 1152 2 1371 1 284 2 
1370 2 285 2 1151 3 283 2 
286 2 284 2 1154 1 1369 2 
285 2 291 3 1368 2 1153 3 
1148 3 1375 5 288 2 1574 2 
1147 2 287 2 1374 1 289 3 
1373 3 290 3 288 3 1150 3 
283 1 1149 1 289 3 1372 3 
286 3 292 2 1367 2 1146 3 
876 3 291 2 203 1 1366 2 
650 2 294 2 539 3 675 2 
1894 2 649 1 674 1 293 2 
296 3 2390 3 300 3 2411 1 
295 3 2410 4 890 4 2389 4 
298 1 2404 1 601 1 2069 3 
297 1 2068 1 556 1 2403 2 
654 4 667 2 2345 2 1892 2 
556 3 2401 3 295 3 2072 4 
2002 1 1876 1 679 2 
655 2 1894 2 672 2 1896 2 
745 3 1876 1 677 3 1897 2 
657 4 670 4 1896 4 1889 3 
347 2 306 2 311 1 1754 1 
305 2 307 3 345 2 1753 2 
306 3 1752 2 1444 4 308 2 
1751 4 312 1 307 2 351 1 
1388 2 310 2 1750 1 
311 2 344 3 309 2 1749 3 
1748 2 310 2 1 4 305 1 
313 4 2112 1 308 1 1747 1 
312 4 2111 4 1746 4 1762 4 
315 1 1927 2 967 2 8 2 
9 2 314 1 966 1 553 1 
6 2 319 2 1927 3 969 2 
1893 2 1900 3 
321 3 963 3 4 2 319 2 
316 2 5 1 962 1 318 2 
321 3 2 2 323 2 965 3 
318 3 320 3 964 3 3 2 
323 1 10 2 1606 1 971 2 
322 1 320 2 11 3 970 4 
1847 2 1738 1 1736 2 758 2 
1742 2 760 3 2353 3 1845 2 
327 2 1838 3 785 3 2268 2 
784 1 1839 1 326 2 330 1 
783 3 331 2 1834 2 329 2 
1835 3 334 1 782 2 328 2 
1836 3 331 1 327 1 781 1 
328 2 330 1 780 3 1837 2 
1830 3 779 2 333 2 335 4 
1831 2 778 3 2021 2 332 2 
329 1 1832 1 335 3 777 2 
334 3 1833 3 776 3 332 4 
337 1 2413 2 606 4 339 1 
336 1 340 3 2412 1 605 1 
2415 4 339 1 343 1 604 1 
338 1 336 1 603 1 2414 1 
337 3 602 3 341 4 607 3 
340 4 2159 3 
858 4 698 4 343 4 589 4 
634 1 857 1 342 4 338 1 
310 3 2240 2 1388 3 1 5 
1444 3 347 2 306 2 2247 3 
63 1 350 3 596 1 1042 3 
305 2 345 2 2246 3 1 5 
593 1 1555 1 269 2 349 3 
1554 4 592 3 360 3 348 3 
346 3 242 4 595 3 1041 3 
1444 3 2112 1 2245 2 308 1 
355 1 1764 1 353 2 572 1 
1334 2 352 2 571 2 1763 2 
576 1 355 1 1756 2 357 1 
354 1 352 1 575 2 1755 1 
1563 1 2189 1 588 2 2191 1 
1757 1 573 1 354 1 2188 1 
586 1 2193 2 1557 2 2191 1 
2190 3 2188 3 579 3 1759 4 
2193 2 1559 2 349 3 584 1 
2192 3 577 3 1761 2 2190 2 
1746 1 1762 1 1772 2 363 2 
364 2 1761 2 362 2 1771 4 
363 2 1774 1 1760 2 365 1 
1759 2 364 1 366 2 1773 1 
1758 2 1776 2 365 2 367 3 
1757 2 368 2 1775 2 366 3 
1778 2 1756 2 367 2 369 2 
1755 2 1777 2 370 3 368 2 
371 3 1764 2 1766 2 369 3 
1313 2 1765 3 370 3 1763 2 
1491 3 574 4 379 3 373 4 
374 3 1492 2 372 4 573 2 
576 2 373 3 1489 3 375 3 
1490 3 575 3 374 3 380 2 
377 4 494 3 578 5 1487 3 
376 4 577 3 378 2 1488 2 
1485 1 377 2 379 1 580 3 
1486 1 372 3 378 1 579 1 
572 1 375 2 381 1 1483 1 
571 1 1484 2 1229 2 380 1 
383 1 1574 1 460 1 1375 4 
382 1 1573 2 459 1 2311 2 
1240 2 385 4 1469 2 1957 2 
1956 3 1239 3 388 3 384 4 
1236 2 387 1 1961 4 389 1 
392 1 386 1 1235 2 1960 2 
389 1 1238 2 385 3 1959 1 
388 1 1237 2 386 1 1958 2 
393 3 1232 1 1965 1 391 1 
615 3 1231 2 1964 1 390 1 
1234 1 387 1 393 3 1963 2 
390 3 392 3 1233 3 1962 3 
1819 2 1766 1 395 1 401 3 
1377 2 1818 2 1765 2 394 1 
1811 3 399 2 397 4 1774 2 
1810 4 402 3 1773 3 396 4 
1772 3 399 2 1421 2 1813 3 
1812 2 1771 3 396 2 398 2 
403 3 1778 3 401 4 1815 2 
1814 3 394 3 400 4 1777 3 
1817 1 397 3 1776 1 403 2 
1775 2 400 3 1816 3 402 2 
409 1 1133 2 405 1 1332 1 
404 1 1331 1 1132 2 
976 1 407 3 1328 2 1137 1 
408 3 1136 4 406 3 1327 3 
407 3 409 1 201 3 1135 2 
404 1 1134 3 1329 1 408 1 
1821 4 417 2 411 2 1817 2 
1816 2 1820 2 412 1 410 2 
413 1 411 1 1815 1 1823 2 
1865 2 412 1 1822 4 1814 1 
1825 1 639 2 1813 2 415 3 
1824 3 416 3 1812 4 414 3 
1827 2 415 3 1811 2 417 1 
1810 2 410 2 1826 3 416 1 
536 4 1966 2 419 2 
1955 2 535 1 420 2 418 2 
421 3 419 2 538 2 2429 2 
420 3 537 2 2428 2 2430 4 
423 1 2027 1 425 1 2399 2 
422 1 769 3 2026 1 2398 1 
427 2 425 1 2030 1 2397 2 
2396 1 424 1 2029 1 422 1 
2395 2 428 2 2032 3 427 2 
2031 2 424 2 2394 3 426 2 
2393 2 2028 3 426 2 
430 2 436 2 2287 2 1917 2 
429 2 431 2 2286 1 1916 2 
2289 4 1915 3 432 3 430 2 
1914 2 2288 2 431 3 186 2 
434 3 2283 2 438 2 1921 2 
435 2 433 3 1920 2 2282 4 
1919 1 434 2 2285 2 436 1 
1918 1 429 2 2284 3 435 1 
2291 3 438 1 1911 1 581 1 
437 1 1910 1 2290 1 433 2 
1601 4 448 3 440 3 1713 4 
1600 1 441 1 1712 1 439 3 
442 3 440 1 1710 1 1603 2 
441 3 1602 3 1708 4 443 4 
1605 2 442 4 1717 2 444 3 
1716 2 1604 3 445 2 443 3 
1607 2 444 2 1715 2 446 3 
1714 3 971 4 1606 3 445 3 
1587 4 448 2 867 2 1599 2 
439 3 447 2 1598 1 1586 2 
452 1 851 2 450 2 151 2 
150 2 168 3 449 2 455 2 
452 3 171 3 149 3 458 3 
451 3 148 3 449 1 170 1 
147 1 165 1 456 1 454 1 
146 1 164 1 766 1 453 1 
145 2 167 1 456 1 450 2 
144 2 455 1 166 1 453 1 
143 3 173 5 2319 4 458 2 
142 1 854 1 451 3 457 2 
1617 1 383 1 460 1 474 1 
1616 1 1285 1 382 1 459 1 
865 2 100 3 462 3 2063 1 
463 3 864 3 2064 4 461 3 
462 3 2061 2 464 2 871 1 
2062 2 465 3 870 3 463 2 
869 2 464 3 466 3 2059 2 
2060 2 465 3 124 3 868 2 
1609 2 2310 1 2220 1 468 3 
1608 3 2309 4 469 4 467 3 
2308 3 468 4 1611 3 470 4 
1610 3 471 4 469 4 2307 3 
472 3 1613 2 470 4 2318 3 
471 3 2314 3 473 3 1612 3 
1615 2 472 3 2312 3 474 2 
2311 2 1614 2 459 1 473 2 
1333 4 23 3 719 3 1453 2 
479 2 848 2 667 2 477 2 
847 3 476 2 96 1 666 2 
846 3 669 3 479 3 481 5 
668 1 476 2 478 3 845 3 
481 4 671 2 483 2 844 3 
480 4 843 5 670 4 478 5 
485 3 673 2 842 1 483 1 
480 2 672 2 841 1 482 1 
2102 2 485 4 2346 3 675 2 
484 4 482 3 674 3 850 3 
495 3 2245 3 487 2 701 2 
2244 1 488 3 486 2 702 1 
699 3 2247 5 487 3 489 3 
490 2 488 3 2246 2 700 1 
705 2 491 3 2241 3 489 2 
2240 2 492 3 490 3 706 3 
493 2 703 2 491 3 2243 2 
704 1 492 2 2242 1 692 1 
1282 1 376 3 707 1 495 2 
486 3 708 4 1281 3 494 2 
508 2 842 2 884 3 497 2 
841 1 883 1 498 1 496 2 
844 2 882 1 499 1 497 1 
843 3 881 1 498 1 239 1 
2182 1 501 2 1482 1 506 3 
1481 2 500 2 2181 2 2153 4 
886 2 503 3 848 1 240 1 
847 5 502 3 885 3 86 3 
2183 1 505 2 
506 4 1478 2 2185 4 504 2 
505 4 1477 3 2184 3 500 3 
661 2 880 2 508 1 2102 1 
879 2 850 1 496 2 507 1 
1615 1 1641 2 510 4 512 1 
519 5 1614 5 509 4 1640 4 
1643 3 512 1 1613 1 514 3 
1612 2 511 1 1642 1 509 1 
1645 4 270 2 1611 3 514 4 
511 3 1644 3 1610 3 513 4 
823 3 696 2 516 2 
695 2 517 2 822 2 515 2 
518 3 694 1 825 1 516 2 
824 5 517 3 693 3 1745 4 
520 3 1639 2 510 5 1617 2 
519 3 814 3 1638 2 1616 2 
2114 2 2323 2 522 2 2058 3 
2113 2 529 1 2057 1 521 2 
2108 2 524 2 2066 3 526 1 
2065 2 523 2 849 4 2107 4 
2110 2 528 2 526 1 2064 2 
2063 1 2109 1 523 1 525 1 
528 2 2062 1 2104 2 530 1 
527 2 2103 3 525 2 2061 3 
522 1 2060 1 2106 2 530 1 
2105 2 2059 1 529 1 527 1 
12 2 2305 2 98 4 107 2 
2380 3 1095 4 2126 3 541 3 
740 1 683 2 1890 1 1897 2 
536 3 1177 1 
536 3 538 1 419 1 1976 1 
534 3 535 3 418 4 1175 4 
540 2 538 1 421 2 1174 2 
1173 3 537 1 535 1 420 2 
540 3 2431 2 1172 2 293 3 
537 2 539 3 1171 2 2430 4 
2379 3 2125 2 532 3 
1066 2 543 2 1859 2 2202 2 
1065 2 542 2 1858 3 1767 1 
787 1 547 1 214 3 545 3 
786 3 544 3 550 3 215 3 
547 2 789 2 212 4 
544 1 213 2 546 2 788 1 
218 1 549 1 551 1 791 1 
548 1 790 1 219 3 552 2 
793 2 551 1 216 2 545 3 
548 1 550 1 217 1 792 3 
553 2 210 3 582 4 549 2 
552 2 1930 1 211 2 315 1 
555 1 2434 2 1926 1 
554 1 2433 1 1925 2 111 2 
300 3 228 1 2134 1 298 1 
1669 2 559 1 
1668 3 559 3 635 3 561 3 
557 1 1667 3 558 3 633 1 
1671 4 712 2 637 3 561 2 
1670 1 636 3 558 3 560 2 
741 2 1891 2 680 3 1887 2 
568 3 1952 4 1277 3 564 2 
1951 1 1276 1 565 3 563 2 
1275 4 566 3 1954 3 564 3 
565 3 1274 2 1953 2 1711 1 
2408 3 1895 1 200 3 2071 4 
563 3 1950 2 1278 2 
570 1 2427 3 1249 1 193 1 
1248 1 192 3 569 1 115 1 
572 1 381 1 353 2 2205 1 
571 1 380 1 575 2 352 1 
576 1 357 1 574 2 373 2 
372 4 579 2 2188 2 573 2 
375 3 572 2 355 2 576 2 
354 1 374 2 573 1 575 2 
578 4 580 4 361 3 377 3 
1282 3 577 4 2192 4 376 5 
580 3 574 2 359 3 379 1 
577 4 579 3 2190 3 378 3 
2374 4 2124 1 1111 2 437 1 
916 4 790 3 1930 3 552 4 
586 1 2193 2 584 1 2217 3 
592 1 360 1 583 1 2216 2 
2219 3 586 3 2191 3 588 4 
358 1 583 1 585 3 2218 2 
2189 1 588 2 590 1 2213 3 
2212 4 356 2 587 2 585 4 
2187 1 590 1 2215 2 342 4 
2214 1 2186 1 589 1 587 1 
2406 3 2067 3 1895 3 601 3 
349 3 2221 1 584 1 593 1 
1609 2 348 1 592 1 2220 1 
154 1 785 2 2268 1 
350 3 596 1 203 1 876 3 
597 2 875 2 346 1 595 1 
878 2 596 2 63 2 598 3 
877 2 597 3 599 3 62 3 
874 3 600 3 67 3 598 3 
599 3 873 2 66 3 
297 1 591 3 2405 1 202 3 
1400 1 340 3 605 1 
604 1 339 1 606 4 1402 2 
1401 2 603 1 857 1 338 1 
606 4 1404 2 602 1 337 1 
336 4 605 4 1403 5 603 4 
2159 2 2412 1 1678 2 340 3 
609 2 989 2 949 3 1004 2 
610 1 608 2 988 2 948 1 
609 1 611 1 947 2 991 1 
946 2 610 1 990 1 620 1 
613 2 1476 2 953 2 993 3 
992 1 612 2 1003 2 952 2 
615 4 1795 3 1005 3 1070 2 
614 4 391 3 1069 3 1794 4 
1005 2 1799 1 619 1 1072 2 
977 1 1596 2 276 2 979 2 
1797 3 1074 4 619 3 
1796 1 1073 1 616 1 618 3 
621 3 1001 1 611 1 945 1 
1000 4 620 3 944 4 1141 3 
976 2 982 2 1291 4 812 2 
1588 2 977 2 624 4 274 3 
273 3 1247 3 623 4 1589 4 
660 2 2349 2 632 1 626 3 
2348 3 659 4 627 3 625 3 
2347 2 626 3 628 1 662 2 
2102 1 2346 2 627 1 661 2 
2122 1 2376 1 1111 2 630 3 
2375 3 2121 4 1089 4 629 3 
1102 2 632 2 2351 3 665 3 
631 2 625 1 664 1 2350 1 
635 1 559 1 
698 1 343 1 1673 1 2415 4 
633 1 636 3 1155 1 558 3 
635 3 561 3 1157 5 637 4 
2372 3 560 3 636 4 1156 2 
1241 2 1020 2 997 2 1406 4 
640 2 1037 2 1649 2 414 2 
1036 1 639 2 1648 1 641 1 
640 1 1656 2 1033 2 642 1 
1032 2 643 1 1655 1 641 1 
1035 2 642 1 1654 1 644 2 
1653 3 643 2 1034 2 645 3 
1031 2 644 3 646 2 1652 3 
1651 2 1030 1 645 2 
1412 3 1002 2 1025 2 648 2 
1024 3 1411 1 647 2 998 2 
650 1 294 1 1001 1 656 1 
649 1 1000 2 293 2 2431 1 
654 4 2345 2 995 3 652 2 
657 2 994 2 651 2 1889 1 
1464 3 993 3 654 4 1892 2 
992 3 653 4 299 4 651 4 
302 2 658 2 656 2 991 2 
655 2 1894 2 990 1 649 1 
304 4 658 2 989 2 652 2 
657 2 1896 2 655 2 988 2 
626 4 662 3 660 3 1399 3 
1398 2 625 2 664 2 659 3 
662 3 507 2 628 2 1397 3 
661 3 1396 3 659 3 627 2 
1102 2 665 3 
665 2 660 2 1393 1 632 1 
664 2 663 3 631 3 1392 2 
1892 2 1446 3 667 2 477 2 
668 1 299 2 476 2 666 2 
479 1 2345 1 667 1 669 1 
670 2 1889 1 478 3 668 1 
304 4 671 2 669 2 481 4 
670 2 480 2 672 2 1896 2 
673 3 483 2 671 2 302 2 
672 3 482 2 1894 3 674 2 
675 1 294 1 673 2 485 3 
674 1 1172 1 484 2 293 2 
1986 4 1897 2 683 2 677 3 
678 3 1987 3 303 3 676 3 
677 3 679 2 1984 2 1876 1 
1985 2 678 2 910 4 301 2 
685 4 1990 3 681 3 562 3 
680 3 1991 2 682 3 1891 2 
1988 2 681 3 1890 2 683 3 
1989 2 533 2 676 2 682 3 
158 2 1888 3 1992 2 685 3 
680 4 1887 3 684 3 1993 3 
764 4 1736 4 758 4 1808 5 
2436 2 688 2 2320 2 690 2 
173 4 2435 3 687 2 2319 3 
691 2 690 2 2322 2 2434 3 
2433 1 2321 2 687 2 689 2 
2316 4 689 2 
913 1 493 1 
253 1 694 1 518 3 897 1 
252 3 517 1 695 1 693 1 
696 2 694 1 256 3 516 2 
695 2 697 2 515 2 255 2 
257 1 696 2 
634 1 342 4 1672 1 2215 2 
1385 2 488 3 700 1 702 1 
1384 1 705 1 699 1 489 1 
702 1 708 3 486 2 1387 2 
701 1 1386 2 699 1 487 1 
706 2 492 2 1381 2 704 1 
913 1 493 1 703 1 1380 1 
490 2 700 1 706 2 1383 2 
703 2 705 2 491 3 1382 2 
1487 1 494 1 708 3 1379 1 
701 3 495 4 707 3 1378 3 
15 2 1518 5 717 3 720 2 
713 4 2370 2 711 3 1514 2 
716 2 2369 3 1513 3 710 3 
560 2 1512 1 713 3 2372 2 
710 4 712 3 2371 3 1511 4 
715 2 1518 4 2366 2 717 2 
718 2 714 2 1517 3 2365 3 
711 2 717 2 720 1 2368 1 
716 2 709 3 714 2 2367 3 
2364 1 715 2 1333 3 719 2 
93 3 2363 2 475 3 718 2 
14 1 716 1 1513 2 709 2 
722 2 965 3 1884 2 736 2 
1883 1 964 2 723 3 721 2 
722 3 1060 3 963 4 724 3 
1059 2 725 1 723 3 962 1 
969 1 1880 2 724 1 726 1 
968 1 727 2 1879 2 725 1 
726 2 728 2 1882 3 967 3 
727 2 917 3 1881 1 966 1 
1809 1 730 2 1784 1 732 4 
1808 4 729 2 1709 3 1783 3 
732 5 1807 2 734 3 1786 2 
731 5 1806 5 1785 4 729 4 
1780 2 1719 2 734 2 1805 2 
733 2 1804 3 731 3 1779 3 
971 2 1714 1 736 1 1878 3 
970 4 1877 1 735 1 721 2 
2145 3 936 2 738 3 1888 4 
2144 3 737 3 1887 2 741 2 
742 2 740 1 1890 1 2140 1 
744 1 533 1 739 1 2139 1 
562 2 2138 1 738 2 742 2 
2137 2 739 2 741 2 1891 2 
1876 2 745 4 2143 2 
1897 2 740 1 745 3 2142 3 
303 3 743 4 2141 4 744 3 
747 1 2039 1 2087 1 755 2 
2086 1 746 1 2038 2 748 1 
2041 3 2085 1 747 1 749 1 
750 1 2084 2 2040 2 748 1 
749 1 2043 1 2091 1 751 2 
2042 2 752 2 2090 3 750 2 
2045 1 2089 3 753 1 751 2 
2044 2 2088 3 752 1 1054 1 
2083 1 2037 1 2253 2 755 2 
2036 3 746 2 2082 2 754 2 
757 2 1739 4 763 2 1807 2 
756 2 1806 2 758 2 1738 1 
757 2 324 2 686 4 1809 2 
1433 3 1439 4 825 3 1527 4 
1803 2 325 3 1087 2 1793 2 
2141 2 1787 1 
1793 2 1805 3 1741 2 763 2 
1804 2 756 2 1740 2 762 2 
765 2 686 4 1801 2 1735 2 
764 2 1265 2 1734 2 1800 2 
2055 1 454 1 2037 1 767 2 
2036 3 774 2 2054 2 766 2 
769 4 771 2 2045 2 2047 3 
423 3 768 4 2044 4 2046 4 
2043 1 773 2 2049 1 771 1 
2048 4 768 2 2042 1 770 1 
2051 3 775 2 2041 4 773 3 
770 2 2050 2 2040 3 772 3 
2039 1 775 1 767 2 2053 1 
2038 2 774 1 772 2 2052 1 
779 1 777 2 335 3 2406 1 
782 3 776 2 334 2 2405 2 
927 3 779 3 333 3 2408 5 
776 1 2407 3 778 3 332 2 
783 4 781 3 2134 3 331 3 
784 1 780 3 2401 1 330 1 
783 3 2404 2 777 3 329 2 
328 3 2403 3 782 3 780 4 
785 2 327 1 2411 1 781 1 
784 2 326 3 2410 3 594 2 
921 1 545 3 793 2 787 1 
544 1 920 1 788 1 786 1 
919 2 787 1 789 1 547 1 
546 2 918 1 788 1 
582 3 549 1 925 2 791 1 
548 1 792 3 924 2 790 1 
791 3 923 4 793 4 551 3 
550 2 922 3 786 2 792 4 
2408 3 795 2 2071 4 927 1 
856 5 794 2 926 2 2070 2 
2080 3 1949 2 2085 2 799 2 
1788 2 1948 2 1307 1 1720 1 
2078 2 799 1 2087 1 1970 3 
2077 1 798 1 2086 1 796 2 
2076 3 803 4 801 3 2089 4 
2075 2 1707 2 800 3 2088 4 
1949 3 2074 4 803 5 2091 3 
802 5 2090 4 2073 4 800 4 
2267 3 1727 2 805 2 1782 4 
806 2 1726 1 1781 1 804 2 
805 2 807 4 1780 3 1729 2 
806 4 1969 3 1779 4 1728 3 
200 3 1970 3 2071 4 2083 1 
1722 3 1785 2 810 4 1969 2 
811 3 1784 3 1725 3 809 4 
1724 1 810 3 1948 2 1783 2 
1121 1 821 1 813 1 622 2 
976 1 1328 2 1120 2 812 1 
520 3 815 3 1115 3 985 2 
816 2 1114 4 814 3 984 2 
987 1 815 2 1113 1 817 2 
1112 2 986 3 818 2 816 2 
1119 1 817 2 981 2 819 1 
980 1 820 2 818 1 1118 2 
821 2 1117 4 983 2 819 2 
820 2 812 1 982 1 1116 2 
825 1 516 2 823 3 1439 2 
515 3 1440 4 822 3 
974 3 518 5 1433 3 825 3 
517 1 759 3 822 1 824 3 
1585 3 1159 2 827 2 56 3 
830 3 826 2 1584 1 1158 2 
1581 3 831 2 829 2 1929 2 
1166 1 834 2 828 2 1580 3 
831 3 827 3 1165 3 1583 3 
830 3 1164 4 1582 3 828 2 
1163 2 835 3 1577 2 833 5 
1576 4 1241 4 832 5 1162 4 
1579 3 835 3 1913 2 829 2 
834 3 1160 2 1578 3 832 3 
839 1 141 2 
852 2 237 2 2177 2 208 2 
2417 1 2180 1 251 2 207 2 
140 2 840 1 836 1 
139 2 839 1 
844 2 497 1 842 1 483 1 
850 1 841 1 482 1 496 2 
499 3 481 5 844 4 846 3 
841 2 498 2 480 3 843 4 
848 3 479 3 846 3 240 3 
478 3 845 3 843 3 239 1 
503 5 848 3 477 3 1167 4 
845 3 476 2 847 3 502 1 
65 4 77 4 169 3 524 4 
508 1 842 1 2102 1 485 3 
2256 2 168 3 170 2 449 2 
837 2 2176 2 205 1 853 2 
254 2 204 2 852 2 2175 3 
2249 2 458 1 171 1 173 4 
178 2 60 1 68 1 172 1 
795 5 859 4 935 4 2078 5 
1395 3 604 1 343 1 858 1 
342 4 1394 1 857 1 2187 1 
856 4 934 1 1922 2 2077 1 
943 2 861 4 161 3 
184 3 160 3 942 5 860 4 
242 2 863 1 126 1 1041 1 
868 1 241 1 862 1 124 2 
871 1 865 2 462 3 248 1 
864 2 247 4 461 2 866 2 
250 1 100 3 867 1 865 2 
447 2 249 1 99 2 866 1 
863 1 244 2 869 1 466 2 
243 3 465 2 870 2 868 1 
871 2 464 3 246 2 869 2 
864 1 245 1 870 2 463 1 
2079 2 266 2 1922 3 932 3 
600 2 1542 1 874 2 
599 3 877 2 1541 3 873 2 
876 4 596 2 1540 2 878 2 
875 4 292 3 595 3 1539 4 
598 2 874 2 878 1 1538 1 
597 2 877 1 875 2 1537 3 
508 2 884 3 1928 3 880 3 
1222 3 507 2 1397 3 879 3 
882 1 1225 1 499 1 888 1 
1226 2 881 1 498 1 883 1 
1223 1 497 1 884 2 882 1 
879 3 1224 2 496 3 883 2 
1229 2 886 2 1484 2 503 3 
885 2 502 2 1230 3 887 3 
888 2 1227 4 240 2 886 3 
887 2 881 1 239 1 1228 3 
155 2 1924 4 890 3 892 3 
154 2 296 4 1923 2 889 3 
1926 2 892 3 153 2 
152 3 1925 3 891 3 889 3 
894 2 1733 2 900 2 106 1 
893 2 895 2 105 4 1732 2 
894 2 108 1 276 2 896 1 
12 1 107 1 1730 2 895 1 
102 1 898 2 693 1 1745 2 
899 2 101 4 897 2 1744 2 
898 2 900 2 104 2 1743 3 
893 2 103 2 899 2 1737 2 
212 3 1022 2 1144 2 
903 3 1248 2 909 2 
1249 2 902 3 904 4 
905 3 903 4 1246 3 
1247 1 904 3 1589 2 
907 1 911 2 1244 3 
1245 2 906 1 908 1 
1242 2 909 1 907 1 
1243 1 908 1 902 2 
2002 3 679 4 911 4 1250 3 
2001 2 906 2 910 4 1251 3 
1157 3 913 1 
704 1 692 1 1156 1 912 1 
1026 4 1028 3 218 2 996 4 
1088 3 16 1 1958 2 1090 1 
582 4 917 4 925 3 1690 4 
1930 3 916 4 728 3 1689 3 
1998 1 919 2 789 1 
788 2 920 2 918 2 1693 2 
919 2 787 1 2012 1 921 1 
922 2 786 1 2409 2 920 1 
921 2 793 3 2025 2 923 3 
924 3 792 4 2023 2 922 3 
2034 2 923 3 925 3 791 2 
924 3 2033 3 916 3 790 2 
927 1 935 1 2022 1 795 2 
926 1 778 3 794 1 2021 2 
1324 3 929 3 1912 3 2014 2 
930 2 928 3 1909 4 2013 3 
1908 2 929 2 931 2 2016 1 
266 2 930 2 932 3 2015 2 
933 2 931 3 2018 2 872 3 
932 2 934 1 1922 2 2017 3 
933 1 2020 1 859 1 935 1 
2019 1 926 1 856 4 934 1 
737 2 937 1 236 3 181 1 
938 1 936 1 180 2 235 3 
937 1 939 1 183 2 234 1 
938 1 940 1 233 2 182 1 
185 1 232 2 939 1 941 1 
231 3 184 1 940 1 942 3 
861 5 230 4 943 3 941 3 
860 2 942 3 229 3 
621 4 1105 3 1120 3 945 2 
946 2 944 2 620 1 1121 1 
611 2 1116 3 945 2 947 3 
948 2 1117 4 610 2 946 3 
947 2 949 2 1118 2 609 1 
948 2 950 2 1119 2 608 3 
949 2 1112 1 951 2 1004 1 
1113 2 950 2 1003 3 952 3 
953 2 951 3 1114 4 613 2 
44 2 952 2 612 2 1115 2 
1688 2 1325 2 1280 2 1062 2 
956 3 1707 2 1054 2 2088 4 
955 3 1706 3 957 2 1053 2 
1703 2 1051 1 956 2 958 2 
1702 2 957 2 959 2 1050 3 
1049 1 1705 2 958 2 960 2 
1048 3 961 2 959 2 1704 2 
1701 2 1052 2 960 2 
969 1 963 2 319 1 724 1 
964 3 962 2 723 4 318 3 
722 2 963 3 321 3 965 3 
970 5 320 3 721 3 964 3 
315 1 728 1 1930 1 967 2 
727 3 968 2 314 2 966 2 
969 1 726 1 1927 2 967 2 
968 1 725 1 962 1 316 2 
736 4 971 5 965 5 323 4 
735 2 970 5 446 4 322 2 
1592 2 973 1 975 1 1743 3 
972 1 978 2 1593 3 1737 1 
824 3 975 1 1590 1 1745 2 
1744 1 972 1 974 1 1591 2 
622 2 406 1 1292 2 813 1 
617 1 1597 1 1730 2 623 2 
973 2 1594 2 1733 3 979 3 
1595 2 978 3 617 2 1732 2 
819 1 983 1 1290 3 981 2 
980 2 1289 2 818 2 986 3 
1288 2 983 1 622 2 821 1 
980 1 820 2 982 1 1287 2 
987 1 985 1 1286 1 815 2 
1616 1 984 1 1285 1 814 2 
987 2 817 3 1284 4 981 3 
1283 3 984 1 986 2 816 1 
991 2 609 2 989 2 658 2 
994 2 657 2 608 2 988 2 
991 1 1001 1 611 1 656 1 
990 1 988 2 610 1 655 2 
654 3 995 2 613 1 993 2 
653 3 992 2 612 3 34 2 
989 2 652 2 1004 2 995 3 
992 2 1003 3 651 3 994 3 
999 5 997 3 1408 5 914 4 
1407 2 996 3 638 2 1028 2 
1027 2 1410 3 999 4 648 2 
1026 5 996 5 998 4 1409 3 
621 4 650 2 1977 4 1001 2 
990 1 620 1 649 1 1000 2 
647 2 1022 2 1413 1 
995 3 1004 2 951 3 613 2 
1003 2 608 2 994 2 950 1 
616 2 1798 2 1071 2 614 3 
1011 3 1007 4 142 3 1365 3 
1547 3 143 3 1006 4 1364 2 
150 1 1359 2 1015 1 1009 3 
1010 3 1358 3 151 4 1008 3 
1009 3 1011 1 1357 2 148 3 
1010 1 1356 3 149 1 1006 3 
1363 4 1013 2 1123 2 146 2 
1014 3 1012 2 1362 2 147 1 
1013 3 1361 3 1015 3 144 4 
145 2 1014 3 1360 3 1008 1 
1837 2 1021 2 1017 1 1851 1 
1850 2 1016 1 1836 3 1465 1 
1853 3 1029 2 1835 3 1021 2 
1162 1 211 2 1241 1 1020 1 
638 2 210 2 1019 1 1028 2 
1852 4 1016 2 1834 2 1018 2 
1025 2 901 2 213 3 1002 2 
1029 4 1833 3 1855 4 1480 3 
648 3 215 3 1025 3 1027 3 
1022 2 214 3 1024 3 647 2 
999 5 217 3 914 4 1027 3 
998 2 1024 3 216 2 1026 3 
219 4 914 3 1020 2 997 2 
1023 4 1832 2 1018 2 1854 2 
1935 1 1031 1 646 1 
1936 2 645 2 1030 1 1034 1 
642 2 1033 3 1931 3 1035 3 
1032 3 1036 2 641 2 1932 2 
1933 2 1035 2 644 2 1031 1 
643 2 1034 2 1934 2 1032 3 
640 1 1033 2 1037 1 1943 1 
639 2 1036 1 1944 2 1825 1 
1047 1 1040 2 67 2 
1042 3 1046 1 1040 2 63 1 
1038 2 1045 3 1039 2 62 3 
1042 3 1044 1 862 1 350 3 
1039 3 1043 3 1041 3 346 3 
1940 2 1042 3 1044 1 1046 1 
1043 1 1941 1 126 1 1041 1 
1046 2 1040 3 1938 3 1047 2 
1045 2 1939 3 1043 1 1039 1 
1038 1 1553 2 1045 2 
960 3 1052 3 2395 3 1049 2 
1050 2 959 1 2394 2 1048 2 
1049 2 1051 2 2397 3 958 3 
957 1 1050 2 2396 1 1053 1 
961 2 1048 3 2393 2 
1054 1 1051 1 2399 2 956 2 
2398 1 1053 1 955 2 753 1 
1682 1 1058 1 1303 1 1322 1 
1108 4 1886 4 1861 3 1057 3 
1860 1 1107 1 1056 3 
1685 1 1055 1 1062 1 1321 2 
1496 2 724 2 1880 3 1060 2 
1169 1 723 3 1883 1 1059 2 
35 2 45 2 1472 2 1476 2 
1684 2 1320 3 1058 1 954 2 
1398 1 1768 1 1064 3 1068 3 
1767 3 1399 4 1063 3 1065 4 
543 2 1066 2 1396 3 1064 4 
542 2 1222 2 1065 2 1397 2 
1068 4 1392 2 1770 2 
1067 4 1393 3 1063 3 1769 4 
615 3 1231 2 1394 1 1070 1 
1395 3 1071 1 614 2 1069 1 
1072 2 1401 2 1005 2 1070 1 
1071 2 1073 2 616 2 1402 3 
1403 2 619 1 1072 2 1074 2 
1404 3 618 4 1075 2 1073 2 
1074 2 1400 1 
1079 2 1077 1 1202 2 2356 2 
1082 1 1201 3 2355 1 1076 1 
1200 2 2035 1 2358 2 1079 2 
1076 2 2357 4 1199 2 1078 2 
1081 1 1083 2 1198 2 2360 2 
1080 1 2359 1 1197 1 1086 1 
1083 2 1077 1 1196 1 2362 4 
1082 2 1080 2 1195 2 2361 3 
1085 1 1091 1 21 1 1963 2 
1084 1 1344 1 1962 1 20 1 
1087 1 1081 1 1194 1 2354 1 
1086 1 1193 1 2353 2 760 2 
915 3 1330 3 1959 3 17 3 
2378 3 1095 3 2128 3 630 4 
1961 4 1091 1 915 1 15 1 
14 1 1084 1 1090 1 1960 2 
2149 4 1093 5 1099 3 1196 3 
1195 3 1092 5 1094 4 2148 3 
2147 2 1198 3 1093 4 1376 2 
1089 3 532 4 2377 2 2127 2 
1097 2 2153 3 1200 2 1481 1 
1199 2 1098 2 2152 3 1096 2 
1097 2 1099 1 1202 2 2151 1 
2150 2 1098 1 1092 3 1201 3 
1101 1 1206 2 1194 1 1376 1 
1100 1 1718 1 1193 1 1205 2 
663 2 631 2 2352 3 
1270 1 1104 3 1106 1 1143 2 
1103 3 1271 4 1142 3 1109 3 
1141 2 1272 3 1106 2 944 3 
1103 1 1140 2 1105 2 1273 2 
1108 2 1057 1 
1056 4 1107 2 1792 2 1390 3 
1268 2 1110 1 1139 1 1104 3 
1109 1 1269 1 1138 2 
581 2 2123 2 629 2 2373 2 
1119 1 817 2 950 1 1113 1 
951 2 1114 3 1112 1 816 1 
1113 3 815 4 1115 4 952 4 
1638 2 1114 4 953 2 814 3 
1117 4 1121 2 946 3 821 2 
820 4 1116 4 947 4 1118 4 
1119 2 1117 4 948 2 819 2 
1118 2 1112 1 818 1 949 2 
1272 3 1121 2 813 2 944 3 
1116 2 812 1 1120 2 945 1 
1129 2 2054 1 2392 1 1123 1 
2391 2 1012 2 2055 1 1122 1 
2382 1 1125 1 1127 2 2048 4 
1130 3 1124 1 2381 1 2049 1 
2384 4 1127 3 1572 2 2046 3 
2047 3 2383 2 1126 3 1124 2 
2386 3 1129 4 1131 3 2052 3 
1128 4 1122 2 2385 2 2053 2 
1131 3 1125 3 2050 3 2388 3 
1130 3 1128 3 2051 2 2387 2 
1133 3 1542 2 405 2 
1541 3 404 2 1134 4 1132 3 
409 3 1135 4 1538 3 1133 4 
1134 4 1136 3 1537 4 408 2 
1135 3 1540 2 407 4 1137 2 
1136 2 1539 2 1292 2 406 1 
1139 2 1110 2 1966 2 
1109 1 1138 2 1142 1 1955 2 
1997 2 1106 2 1141 2 1143 3 
1105 2 1140 2 621 3 1977 3 
2429 1 1139 1 1104 3 1143 2 
1140 3 1103 2 1142 2 2428 2 
1523 2 901 2 
1168 1 2304 1 2000 1 1577 1 
203 2 241 2 291 3 1153 3 
1148 3 288 2 250 2 1150 2 
287 3 1147 3 1628 2 249 2 
248 1 290 1 1150 1 1152 2 
1149 1 247 3 1147 2 289 3 
1152 3 246 2 284 3 1154 2 
1151 3 283 2 1149 2 245 2 
286 3 244 3 1146 3 1154 2 
1153 2 285 1 243 3 1151 2 
635 1 1157 3 
1157 3 1380 1 913 1 637 2 
1156 3 636 5 1155 3 912 3 
1159 2 11 4 1165 2 827 2 
1158 2 10 2 177 3 826 2 
7 1 1913 1 835 2 1163 1 
1878 3 1566 1 1494 1 1875 3 
1019 1 9 2 1163 1 833 4 
1160 1 832 2 8 2 1162 1 
3 4 1165 4 1929 4 831 4 
1164 4 830 3 2 1 1158 2 
1929 1 1913 1 829 1 5 1 
86 2 96 2 1493 2 847 4 
1576 1 1145 1 2303 1 2120 2 
1060 1 1496 1 1498 2 1871 2 
1495 4 88 2 1497 2 84 1 
2347 2 1174 2 540 2 1172 1 
2346 2 675 1 539 2 1171 1 
1174 4 2349 4 538 3 1976 3 
1173 4 1171 2 2348 2 537 2 
2351 3 1976 2 1177 2 536 4 
1873 2 1498 3 1494 2 1884 2 
1175 2 2352 3 534 1 
1493 2 90 3 82 2 1497 3 
93 4 2363 3 1500 4 81 3 
1881 1 1499 2 1658 1 1866 2 
1869 2 1880 3 1496 2 1182 3 
1879 3 1499 3 1868 2 1181 3 
1310 2 1187 2 1188 2 
1192 1 1307 1 1185 1 1720 1 
1186 4 1191 1 1184 1 1306 1 
1190 4 1187 4 125 5 1185 4 
1308 2 1183 2 1189 2 1186 4 
1535 1 1183 2 1189 2 
1190 2 1187 2 1530 4 1188 2 
1189 2 1186 4 1191 1 1529 2 
1532 1 1192 1 1185 1 1190 1 
1184 1 1432 2 1191 1 1531 1 
1087 1 1803 1 1101 1 1194 1 
1100 1 1086 1 1193 1 1197 1 
1083 2 1093 3 1196 1 1198 2 
1082 1 1195 1 1092 3 1201 3 
1198 2 1081 1 1376 1 1194 1 
1197 2 1094 3 1080 2 1195 2 
1097 2 1202 2 1079 2 1200 2 
1078 2 2081 3 1199 2 1096 2 
1077 3 1202 4 1099 3 1196 3 
1199 2 1098 2 1201 4 1076 2 
1204 2 1259 2 65 2 2426 2 
1203 2 64 2 1211 2 1258 3 
1206 3 2267 3 1782 4 1101 2 
1100 2 1205 3 2266 2 2146 3 
1996 3 1208 2 55 4 1214 2 
1207 2 1209 3 54 2 1262 1 
2315 3 1208 3 57 5 1210 4 
56 3 1585 3 2313 2 1209 4 
2024 2 1212 1 1204 2 59 2 
1211 1 58 3 1479 1 1213 2 
1214 2 61 2 2332 3 1212 2 
1213 2 1207 2 2331 2 60 1 
2275 3 1216 3 1218 5 2265 4 
2264 2 2158 2 1215 3 2274 2 
1218 4 2277 3 2263 3 1220 2 
1217 4 1215 5 2276 5 2262 5 
2279 4 2160 3 1220 3 2261 3 
2260 3 1219 3 2278 3 1217 2 
2259 1 2281 1 2160 2 2162 1 
880 3 1066 2 2202 2 1928 3 
883 1 1226 2 1224 1 2211 1 
2210 1 884 2 1223 1 1928 2 
1226 2 881 1 1228 3 2209 1 
2208 3 882 2 1223 2 1225 2 
887 4 2207 3 1230 4 1228 5 
1225 3 2206 4 1227 5 888 3 
885 2 2205 2 381 2 1230 3 
2204 2 886 3 1227 4 1229 3 
1560 4 1232 2 391 2 1069 2 
1561 1 1231 2 390 1 1233 1 
1562 1 1234 1 1232 1 393 3 
392 1 1233 1 1235 2 1563 1 
1236 3 1234 2 387 2 1556 4 
1557 3 1235 3 386 2 1237 3 
1238 3 389 2 1558 2 1236 3 
1239 2 1237 3 1559 3 388 2 
1238 2 385 3 1240 1 1554 2 
384 2 1239 1 1555 1 49 2 
638 2 1019 1 1405 1 833 4 
908 2 1245 3 1243 2 116 3 
115 1 909 1 1242 2 1248 1 
1251 4 906 3 118 3 1245 4 
907 2 117 2 1242 3 1244 4 
2427 3 1247 1 1249 1 904 3 
1246 1 119 2 624 3 905 1 
570 1 902 2 1243 1 1249 1 
903 2 1246 1 569 1 1248 1 
1251 2 114 2 910 3 1985 1 
1250 2 1244 4 113 2 911 3 
1795 2 1253 2 1257 1 2296 2 
1345 4 1252 2 2295 2 1794 3 
1797 1 1255 2 
1796 2 1254 2 2294 2 1256 3 
2293 3 1799 2 1257 2 1255 3 
1252 1 2292 1 1798 1 1256 2 
2024 3 136 2 1204 3 1259 3 
2335 2 1203 2 135 3 1258 3 
1279 2 1261 3 1263 3 1443 3 
1260 3 1278 2 1266 2 1907 2 
2315 1 1996 2 130 2 1208 1 
1906 3 1260 3 
1905 4 1267 2 1265 2 1275 2 
765 2 1904 2 1264 2 1274 3 
1261 2 1267 2 1903 1 1277 2 
1276 2 1264 2 1902 2 1266 2 
1109 2 1332 2 1271 3 1269 2 
1331 1 1110 1 1268 2 
1103 1 1273 2 201 3 1271 2 
1268 3 1329 2 1104 4 1270 2 
1273 3 1105 3 1120 3 1328 3 
1272 3 1327 2 1270 2 1106 2 
1800 3 566 2 1265 3 1275 3 
565 4 1276 2 1274 3 1264 2 
1275 2 1267 2 1277 2 564 1 
1278 2 563 3 1276 2 1266 2 
1279 1 1261 2 1277 2 568 2 
1278 1 1260 2 
1324 2 1687 2 954 2 1912 2 
2245 3 2112 2 495 3 1282 2 
494 1 578 3 1281 2 2111 1 
987 3 1284 5 1373 3 1286 3 
1283 5 1289 3 986 4 1372 5 
460 1 1286 1 1375 4 985 1 
1374 1 1285 1 984 1 1283 3 
1290 4 1369 3 983 2 1288 3 
1291 4 982 2 1368 2 1287 3 
1290 3 1284 3 1371 1 981 2 
1289 3 1287 4 980 3 1370 3 
1288 4 1292 4 622 4 1367 3 
976 2 1137 2 1291 4 1366 3 
1626 1 2237 3 1347 2 
189 2 1297 2 134 3 1295 4 
188 4 1304 4 133 4 1294 4 
191 2 1299 3 1297 2 132 2 
1294 2 190 3 1296 2 131 2 
130 2 1301 1 1299 2 193 1 
1296 3 192 4 129 3 1298 2 
98 4 128 3 195 2 1301 2 
127 1 1298 1 194 2 1300 2 
1627 2 2268 2 1838 3 
1055 1 1683 1 2129 2 1323 2 
136 2 187 3 1295 4 1305 3 
186 2 1914 2 135 3 1304 3 
125 2 1307 1 1954 1 1185 1 
1184 1 1306 1 797 1 1953 2 
1310 2 1187 2 125 3 1952 4 
2230 4 1691 3 123 3 1391 3 
1308 2 1183 2 1950 1 
1312 1 1694 1 1314 3 2229 1 
2402 2 1311 1 2228 2 1317 2 
371 2 1314 3 1696 2 2227 1 
1313 3 1695 3 1311 3 2226 3 
1316 4 1698 4 2225 4 1318 5 
1315 4 123 1 1697 1 2224 1 
1700 2 2223 3 1312 2 1318 3 
2222 4 1699 2 1317 3 1315 5 
2129 3 1323 3 1936 3 
1325 3 1062 3 1321 4 1932 3 
1320 4 1931 3 1058 2 1322 2 
1323 2 1055 1 1934 1 1321 2 
1322 2 1319 3 1933 3 1303 2 
1325 2 1280 2 928 3 1944 3 
1320 3 1324 2 1943 1 954 2 
1330 2 23 3 1957 2 1455 3 
1273 2 201 3 1328 2 407 3 
813 2 1327 2 406 2 1272 3 
201 3 409 1 1271 2 1332 1 
1326 2 1956 1 22 1 1088 3 
1269 1 1332 1 405 1 
1268 2 404 1 1331 1 1329 1 
475 4 22 3 718 3 1517 4 
353 2 1696 2 2205 1 1335 1 
2204 1 1336 1 1695 1 1334 1 
1337 3 2207 1 1335 1 1694 1 
1336 3 2206 4 1338 3 2402 4 
1700 1 1339 1 2209 1 1337 3 
1338 1 1699 1 1340 3 2208 2 
1698 3 1341 4 1339 3 2211 3 
1340 4 2210 2 1342 2 1697 2 
1692 3 2203 1 1343 1 1341 2 
2202 1 1859 1 1342 1 1691 1 
1085 1 1965 1 1345 3 19 1 
18 4 1253 4 1964 3 1344 3 
1589 2 1347 2 
1588 2 1350 2 1293 2 1346 2 
2239 2 1351 4 1349 2 1595 2 
2238 1 1594 1 1354 2 1348 2 
2237 3 1347 2 1597 1 1351 3 
1348 4 1596 4 1350 3 2236 3 
1355 4 2235 3 1591 4 1353 3 
1528 2 2234 1 1590 1 1352 3 
1593 4 1349 2 1355 3 2233 3 
2232 3 1352 4 1592 3 1354 3 
1357 4 1365 3 1011 3 1428 3 
1356 4 1010 2 1358 2 1427 2 
1430 1 1357 2 1009 3 1359 2 
1008 2 1358 2 1360 4 1429 3 
1424 3 1361 3 1015 3 1359 4 
1014 3 1423 1 1360 3 1362 2 
1363 4 1013 2 1426 3 1361 2 
1012 4 1362 4 2391 4 1425 3 
1432 2 1531 1 1365 1 1007 2 
1356 3 1364 1 1006 3 1431 2 
1539 3 1367 2 292 2 1292 3 
1368 1 1366 2 291 2 1291 3 
286 2 1367 1 1288 2 1369 2 
1370 2 1287 3 1368 2 285 2 
284 2 1371 1 1369 2 1290 3 
1370 1 283 1 1289 1 1372 3 
1373 3 1371 3 290 3 1284 5 
1283 3 289 3 1372 3 1374 1 
1375 4 1286 1 288 1 1373 1 
1374 4 1285 4 287 5 382 4 
1100 1 1094 2 1197 1 2146 2 
395 2 2227 2 1524 2 1857 2 
2364 1 1387 2 1379 1 708 3 
1378 1 81 1 2363 1 707 1 
1156 1 1381 2 2372 2 704 1 
1382 2 703 2 2371 2 1380 2 
1383 2 1381 2 2370 1 706 2 
1384 2 1382 2 2369 3 705 2 
700 1 2368 1 1383 2 1385 2 
1386 3 699 2 2367 3 1384 2 
1385 3 2366 3 702 2 1387 3 
2365 3 1378 2 1386 3 701 2 
309 2 344 3 1389 2 2243 2 
2242 1 1388 2 
1791 3 1886 3 1391 2 1108 3 
1790 1 1390 2 1885 2 1309 3 
1067 2 665 2 1393 1 
1068 3 664 1 1398 1 1392 1 
858 1 1395 3 1560 3 1069 1 
857 3 1401 4 1070 3 1394 3 
1399 3 662 3 1065 3 1397 3 
1066 2 661 3 880 3 1396 3 
1063 1 660 2 1393 1 1399 2 
1396 3 1064 4 659 3 1398 2 
1404 2 602 1 1075 1 
604 2 1402 3 1395 4 1071 2 
1401 3 1403 3 1072 3 603 2 
1073 2 1402 3 606 5 1404 3 
1074 3 1400 2 605 2 1403 3 
2120 2 1241 1 1576 1 1406 3 
2119 3 1407 4 1405 3 638 4 
997 2 2118 3 1406 4 1408 4 
2117 4 1409 3 996 5 1407 4 
2116 2 1408 3 1410 2 999 3 
2115 3 998 3 1409 2 1411 2 
648 1 1412 2 1410 2 
647 3 1413 2 1411 2 
1412 2 1002 1 
2169 4 1417 4 1415 4 1654 3 
1653 3 1414 4 1419 4 2168 2 
1656 2 1417 2 1422 1 2167 1 
1416 2 1655 2 1414 4 2166 2 
1420 2 2172 1 1650 1 
2171 4 1415 4 1652 4 1420 4 
1418 2 1651 3 2170 3 1419 4 
398 2 1649 1 2165 2 1422 1 
2164 1 1648 1 1416 1 1421 1 
1426 2 1361 1 1424 1 1729 1 
1360 3 1429 2 1423 1 1728 1 
1363 3 1727 1 2270 1 1426 2 
1423 2 1362 3 1726 2 1425 2 
1428 1 1725 1 1430 1 1357 2 
1427 1 1431 2 1724 1 1356 3 
1723 2 1424 2 1430 2 1359 3 
1358 1 1427 1 1722 2 1429 2 
1428 2 1721 3 1432 3 1365 2 
1364 2 1192 2 1431 3 1720 2 
759 3 1528 2 824 3 1590 1 
2362 4 1435 1 
1436 2 1434 1 2355 1 
1435 2 1437 2 2356 3 
1436 2 1438 1 2357 3 
1437 1 2358 2 1995 1 
759 4 1534 2 1440 3 822 2 
823 4 1439 3 
2353 3 1845 2 1442 2 
2354 1 1441 2 
1906 3 1979 2 1907 2 1260 3 
345 3 2244 3 351 3 307 4 
33 3 1448 2 1446 2 97 1 
96 2 32 2 666 3 1445 2 
1450 2 1448 3 91 3 25 4 
24 2 1447 3 1445 2 90 3 
89 2 1450 2 1452 4 27 2 
1447 2 88 2 26 3 1449 2 
1454 2 95 2 29 2 1452 3 
94 5 28 3 1451 3 1449 4 
93 2 31 1 1454 2 475 2 
1451 2 92 3 30 3 1453 2 
1456 3 1326 3 37 2 31 2 
30 3 36 4 1455 3 1457 3 
1458 3 29 3 1456 3 39 2 
1459 3 1457 3 38 4 28 2 
27 2 1458 3 41 3 1460 2 
1461 1 40 1 26 3 1459 2 
1460 1 1462 1 25 3 43 2 
1463 2 1461 1 42 1 24 1 
1464 3 1462 2 35 2 33 4 
653 3 1463 3 34 2 32 2 
1864 2 1839 1 1466 2 1017 1 
1838 3 1627 2 1465 2 1863 3 
1470 1 1468 1 47 2 39 1 
1467 1 38 3 46 2 1473 2 
49 2 37 1 384 2 1470 1 
1467 1 48 2 36 3 1469 1 
43 4 1474 3 1472 3 51 4 
50 2 42 1 1061 2 1471 3 
53 3 41 3 1468 2 1474 2 
52 2 40 1 1471 3 1473 2 
1480 3 1857 3 1831 4 2400 4 
612 2 34 1 1061 2 44 2 
506 3 1478 1 1482 1 
505 2 1477 1 
2024 2 2332 2 1212 1 134 2 
1475 3 1830 2 1856 1 1023 3 
501 2 1482 1 2081 2 1096 1 
1477 1 1481 1 500 1 
87 1 1490 2 380 1 1484 2 
885 2 86 2 381 2 1483 2 
1486 1 79 1 378 1 1488 1 
379 1 1485 1 1491 1 78 3 
707 1 1488 1 81 1 376 3 
1487 1 80 2 1485 1 377 2 
1492 2 374 3 1490 3 83 3 
375 3 1489 3 1483 2 82 2 
372 3 1486 1 85 1 1492 1 
1489 2 84 1 373 2 1491 1 
1178 2 1167 2 97 1 87 1 
1877 1 1874 3 1176 2 1161 1 
85 4 1170 4 89 4 1502 4 
1870 2 1059 2 1169 1 1181 2 
91 3 1170 2 83 3 1178 3 
1169 2 1883 2 1176 3 1872 2 
1180 2 1867 2 1182 3 1882 3 
1501 3 1179 4 80 3 92 3 
1500 3 79 2 95 3 1502 2 
94 3 78 3 1495 4 1501 2 
2124 2 1504 3 158 3 1992 3 
159 4 1503 3 2123 2 1505 3 
1504 3 1506 2 156 3 2122 2 
157 1 1507 1 2121 2 1505 2 
1506 1 1508 3 162 4 2128 2 
1509 3 163 4 1507 3 2127 3 
1508 3 2126 1 160 1 1510 2 
2125 3 1509 2 161 3 
1512 2 1514 2 19 2 713 4 
1511 2 712 1 1671 3 18 2 
711 3 1514 2 720 2 21 2 
1511 2 1513 2 20 1 710 2 
1864 2 1516 3 1522 1 2231 2 
2230 4 1515 3 1863 4 2010 3 
715 3 1518 5 1333 4 17 2 
709 5 714 4 16 4 1517 5 
1853 3 2223 2 1520 1 1526 1 
1852 3 2222 3 1521 1 1519 1 
1522 1 2225 1 1851 1 1520 1 
1850 2 1521 1 2224 1 1515 1 
1144 2 212 3 
2226 1 1377 2 1525 2 1856 1 
1526 2 1855 3 1524 2 2229 2 
2228 2 1525 2 1854 1 1519 1 
1528 3 2093 2 1534 2 759 4 
1353 2 1527 3 1433 2 2092 4 
1530 4 1532 2 1190 2 1549 2 
1529 4 1535 3 1548 3 1189 4 
1532 1 1364 1 1547 2 1192 1 
1191 1 1529 2 1531 1 1546 2 
1545 1 1536 3 
1439 2 1527 2 
1530 3 1188 1 1544 1 1536 3 
1533 3 1543 3 1535 3 
1540 3 878 3 1135 4 1538 3 
1541 2 1134 3 877 1 1537 3 
1366 3 1137 2 876 4 1540 2 
1136 2 875 2 1537 3 1539 2 
1133 3 1538 2 874 3 1542 2 
873 1 1132 2 1541 2 
1545 1 1544 1 2325 3 1536 3 
2326 2 1543 1 1548 1 1535 1 
1543 1 1533 1 2324 1 
2329 3 1549 2 1532 2 1547 3 
2330 3 1007 3 1531 2 1546 3 
1530 3 1544 1 1549 1 2327 3 
1548 1 2328 1 1546 2 1529 2 
1551 3 120 3 2031 3 2272 5 
1550 3 2032 3 2273 2 
1947 1 1553 2 
1047 2 1946 4 1938 3 1552 2 
349 4 1555 2 1559 3 1239 2 
1554 2 348 1 1647 2 1240 1 
2191 3 1235 4 1563 3 1557 4 
1236 3 358 2 1558 2 1556 4 
1559 2 2193 2 1237 2 1557 2 
1558 2 360 2 1238 3 1554 3 
1231 4 1561 3 1394 3 2187 3 
1232 1 1560 3 1562 1 2186 1 
1233 1 1561 1 2189 1 1563 1 
356 1 1234 1 1556 3 1562 1 
2308 3 1565 4 1637 5 1567 2 
2307 3 1636 3 1570 3 1564 4 
2310 1 1635 1 1567 1 1161 1 
2309 2 1634 1 1566 1 1564 2 
1571 2 1633 2 2312 3 1569 2 
1573 2 2311 2 1632 3 1568 2 
1565 3 1631 1 1571 1 2318 2 
1568 2 2314 2 1630 2 1570 1 
110 1 1126 2 1575 1 2026 1 
1569 2 383 2 1629 2 1574 2 
382 1 1628 1 1573 2 287 2 
109 1 1572 1 2027 1 2271 2 
1168 1 833 4 1577 1 1405 1 
1578 2 1576 1 832 2 1145 1 
1577 2 835 3 1579 3 2000 2 
834 3 1578 3 1999 3 1580 4 
2006 4 1579 4 1581 4 829 3 
1582 4 1580 4 828 3 2005 2 
1581 4 2004 4 831 3 1583 3 
1584 1 1582 3 830 3 2003 1 
2008 2 1583 1 1585 2 827 1 
2007 2 826 3 1210 3 1584 2 
1587 4 1713 3 448 2 1629 2 
249 3 1628 3 447 4 1586 4 
1347 2 623 2 1597 1 1589 2 
1346 2 624 4 905 2 1588 2 
1591 2 974 1 1353 1 1433 1 
1590 2 975 2 1592 3 1352 4 
972 2 1593 4 1355 3 1591 3 
1592 4 1354 4 973 3 1594 3 
1349 1 978 2 1593 3 1595 1 
979 2 1596 2 1348 2 1594 1 
1595 2 617 2 1351 4 1597 2 
977 1 1596 2 1588 1 1350 1 
76 1 1599 1 448 1 1601 2 
99 2 1598 1 77 2 447 2 
70 1 440 1 1601 2 1603 2 
71 2 439 4 1600 2 1598 2 
442 3 68 1 1605 1 1603 2 
69 4 1600 2 441 2 1602 2 
444 3 1607 3 74 4 1605 2 
443 2 1602 1 75 1 1604 2 
1607 2 446 3 72 2 322 1 
445 2 1604 3 1606 2 73 3 
468 3 1609 2 1611 2 270 1 
593 2 467 2 269 3 1608 2 
1611 2 470 3 514 3 1613 1 
1610 2 1608 2 513 3 469 3 
512 2 1615 2 1613 2 472 3 
471 2 511 1 1612 2 1610 1 
510 5 474 2 1615 2 1617 2 
509 1 473 2 1612 2 1614 2 
460 1 1617 1 985 1 520 2 
1616 1 459 1 1614 2 519 2 
1619 1 140 2 2237 3 1626 1 
1618 1 1620 1 139 2 2236 1 
2239 1 1619 1 138 2 1621 3 
2238 3 1622 3 137 3 1620 3 
2233 2 1621 3 1623 1 
2232 2 1622 1 1624 3 
1625 3 2235 3 1623 3 
2163 2 1624 3 2234 1 
1293 1 141 2 1618 1 
1302 2 1466 2 1994 2 
1587 3 1148 2 1574 1 1629 1 
1632 3 1573 2 1628 1 1586 2 
1633 2 1631 2 1571 2 1710 2 
1708 2 1636 1 1630 2 1570 1 
1713 4 1633 3 1629 3 1569 3 
1632 3 1630 2 1568 2 1712 1 
1635 1 1715 2 1567 1 1637 4 
1634 1 1878 3 1714 1 1566 1 
1631 1 1565 3 1637 4 1717 1 
1636 4 1634 4 1564 5 1716 4 
1639 1 1115 2 520 2 44 2 
1638 1 519 2 1640 1 45 1 
1641 2 1639 1 50 2 510 4 
1640 2 1642 2 509 2 51 3 
52 2 1641 2 512 1 1643 3 
53 4 511 3 1644 3 1642 3 
514 3 1643 3 1645 3 46 2 
513 4 1646 4 47 4 1644 3 
270 2 1645 4 1647 3 48 3 
1646 3 49 3 1555 2 269 3 
1422 1 640 1 1649 1 1656 2 
1813 2 639 2 1648 1 1421 1 
1651 2 1418 1 
1650 2 1420 3 1652 3 646 2 
1651 3 1419 4 645 3 1653 3 
1415 3 644 3 1654 2 1652 3 
643 1 1653 2 1414 3 1655 1 
1656 2 1417 2 642 1 1654 1 
1655 2 1416 2 641 2 1648 2 
1658 1 1660 1 1673 1 1690 3 
1657 1 1689 1 1180 1 1672 1 
1662 2 1675 4 2034 2 1660 2 
1674 1 1657 1 2033 2 1659 2 
2025 1 1677 1 1664 1 1662 1 
1659 2 1676 1 2023 1 1661 1 
1679 1 1666 3 2012 1 1664 1 
1678 2 2409 2 1661 1 1663 1 
1998 2 1681 3 1666 4 
1693 3 1663 3 1680 5 1665 4 
2293 4 1668 3 1669 4 559 3 
1670 1 558 3 1667 3 2292 1 
557 2 2294 2 1667 4 
561 1 1668 1 1671 3 2296 2 
560 4 1512 3 1670 3 2295 3 
1673 1 698 1 1658 1 1866 2 
1674 1 1672 1 634 1 1657 1 
1673 1 1660 1 2415 4 1675 3 
1659 4 1674 3 2414 3 1676 3 
1662 1 1677 1 2413 2 1675 3 
1676 1 1661 1 1678 2 2412 1 
1664 2 1679 2 607 2 1677 2 
2159 2 1663 1 1678 2 1680 3 
1681 4 1666 5 1679 3 2416 3 
1680 4 1665 3 
1685 1 1055 1 1705 2 1683 1 
1682 1 1686 1 1704 1 1303 1 
1062 2 1688 2 1703 3 1685 2 
1058 1 1682 1 1684 2 1702 1 
2129 2 1701 2 1683 1 
1280 2 1688 2 1707 2 2075 2 
954 2 1684 2 1687 2 1706 2 
1658 1 1881 1 917 3 1690 3 
1657 3 916 4 2033 4 1689 3 
1309 3 1692 3 1343 1 1885 2 
1697 3 1342 3 123 3 1691 3 
1666 3 2012 1 1998 1 919 2 
1695 1 1311 1 2402 2 1336 1 
1694 1 1314 3 1696 2 1335 1 
1334 2 1695 2 1313 2 1763 2 
1692 3 1316 1 1341 2 1698 1 
1340 3 1699 1 1315 4 1697 1 
1339 1 1318 2 1698 1 1700 1 
1338 1 1317 2 1699 1 2402 2 
961 2 1686 2 1704 2 
958 2 1703 2 1705 2 1685 1 
957 2 1702 2 1706 3 1684 3 
1705 2 1683 1 960 2 1701 2 
1682 2 959 2 1704 2 1702 2 
1707 2 956 3 1703 3 1688 2 
1706 2 955 2 801 2 1687 2 
1631 2 442 4 1717 2 1710 2 
1789 4 730 3 1711 2 1801 2 
441 1 1712 1 1708 2 1630 2 
1800 2 1709 2 566 1 1788 2 
1713 2 440 1 1633 1 1710 1 
1586 3 1632 4 1712 2 439 4 
446 3 1635 1 1715 2 735 1 
1634 2 1714 2 1716 2 445 2 
444 2 1717 1 1715 2 1637 4 
1716 1 1708 2 443 2 1636 1 
1101 1 1782 3 1803 1 1719 2 
733 2 1781 2 1802 2 1718 2 
1721 2 1184 1 1432 2 797 1 
1948 3 1720 2 1724 2 1431 3 
809 3 1723 2 1430 2 1725 2 
1429 2 1728 1 1722 2 1969 1 
811 1 1725 1 1721 2 1428 1 
1427 1 1724 1 810 3 1722 2 
805 1 1727 1 1426 2 1729 1 
2161 3 804 2 1726 1 1425 1 
1723 1 1424 1 1729 1 807 3 
806 2 1423 1 1728 1 1726 1 
276 3 274 3 977 2 896 2 
1918 2 281 3 2339 2 275 2 
894 2 276 2 1733 2 979 2 
893 2 1737 2 978 3 1732 2 
1735 2 1840 2 765 2 1904 2 
1841 1 1734 2 1736 2 764 2 
686 4 1846 2 324 2 1735 2 
1743 3 1733 2 900 2 973 1 
324 1 757 1 1848 2 1739 3 
756 4 1740 4 1849 3 1738 3 
1842 3 1741 2 1739 4 763 2 
1843 4 1740 2 762 2 1742 1 
325 2 1844 1 1741 1 1793 1 
1737 3 1744 3 972 3 899 3 
975 1 1743 3 898 2 1745 2 
897 2 974 2 1744 2 518 4 
362 1 1747 1 2165 2 313 4 
1746 1 2164 1 1751 4 312 1 
311 2 1754 2 1749 3 2171 3 
1750 2 310 3 2170 3 1748 3 
1749 2 309 1 2172 1 
308 4 2167 4 1752 4 1747 4 
1751 4 2166 1 307 2 1753 1 
2169 2 306 2 1754 1 1752 1 
2168 1 1748 2 305 1 1753 1 
369 2 1756 2 1764 1 355 1 
1755 2 1757 2 368 2 354 2 
357 1 1756 2 367 2 1758 1 
1759 2 366 2 2188 1 1757 1 
1758 2 365 2 359 4 1760 3 
1761 2 364 2 1759 3 2190 2 
1760 2 363 2 1762 1 361 2 
2192 2 1761 1 362 1 313 4 
1696 2 1764 1 371 2 353 2 
352 1 1755 1 370 2 1763 1 
371 3 1766 2 395 2 2227 2 
1777 1 1765 2 394 1 370 2 
1064 3 1768 1 1861 1 543 1 
1769 2 1767 1 1063 1 1860 1 
1768 2 1862 2 1068 4 1770 2 
1067 2 1769 2 
399 3 1772 4 1774 3 363 4 
398 3 1771 4 362 2 2165 3 
365 1 397 3 1776 1 1774 1 
364 1 1771 3 396 2 1773 1 
1776 1 403 2 1778 2 367 2 
1775 1 366 2 402 1 1773 1 
1766 1 369 2 1778 2 401 3 
1775 2 1777 2 368 2 400 3 
1780 3 807 4 734 3 1786 2 
733 2 1779 3 806 3 1781 2 
1719 2 1780 2 805 1 1782 3 
1718 3 1205 4 1781 3 804 4 
1784 2 1789 4 811 2 730 3 
1783 2 1785 1 810 3 729 1 
1784 1 1786 1 732 4 809 2 
1785 1 1969 1 1779 2 731 2 
2142 3 761 1 
1953 3 797 2 1789 4 1711 2 
1783 4 1709 4 1788 4 1948 4 
2010 1 1791 2 2230 2 1391 1 
1790 2 1792 2 1390 3 2009 2 
2011 1 1791 2 1108 2 
762 2 1742 1 1802 1 760 2 
1795 3 615 4 1964 2 1253 3 
1252 2 1794 3 1798 2 614 3 
1255 2 619 1 1799 1 1797 1 
1254 1 618 3 1796 1 
1005 2 1795 2 1257 1 1799 1 
616 1 1796 1 1256 2 1798 1 
1711 2 1274 3 1801 2 765 2 
1808 3 1800 2 764 2 1709 2 
1803 1 1805 2 1719 2 1793 1 
1193 1 1802 1 760 2 1718 1 
763 2 734 3 1805 3 1807 2 
762 3 1802 2 733 2 1804 3 
1807 2 1809 2 732 5 757 2 
731 2 1806 2 756 2 1804 2 
730 4 1809 3 1801 3 686 5 
729 1 1808 3 1806 2 758 2 
1811 3 397 4 1817 2 417 2 
1810 3 396 3 1812 3 416 2 
399 2 415 4 1813 3 1811 3 
1649 2 414 2 1812 3 398 3 
1819 2 1815 1 401 3 413 1 
1814 1 1816 2 400 2 412 1 
411 2 1815 2 403 3 1817 2 
1810 2 402 1 410 2 1816 2 
395 2 1857 2 2400 3 1819 3 
394 2 1814 2 1818 3 1865 3 
411 2 2017 4 1821 4 1823 3 
1826 5 410 4 1820 4 2018 3 
2019 4 1823 5 1829 4 413 4 
1822 5 2020 2 412 2 1820 3 
1825 1 415 3 2013 2 1827 2 
1824 1 414 1 2014 1 1037 1 
1821 5 2015 3 417 3 1827 4 
2016 2 416 2 1824 2 1826 4 
1831 2 2400 2 1829 1 2021 2 
1865 2 1828 1 1822 4 2022 1 
1833 2 1480 2 332 3 1831 3 
333 2 1828 2 1475 4 1830 3 
1835 3 334 1 1029 2 1833 1 
1023 3 1830 2 335 3 1832 1 
1837 2 328 2 1835 3 1021 2 
329 3 1832 3 1834 3 1018 3 
330 3 1837 4 1839 3 1017 3 
1016 2 1834 2 1836 4 331 2 
1466 3 1839 2 326 3 1302 3 
327 1 1838 2 1465 1 1836 3 
1841 1 1982 2 2101 4 1734 2 
1735 1 1840 1 2100 1 1846 1 
2095 2 1740 3 1849 2 1843 5 
1741 4 1844 4 1842 5 2094 4 
1843 4 1742 1 1845 1 
1441 2 1844 1 325 2 
1847 2 1736 2 2099 1 1841 1 
324 2 1846 2 1848 3 2098 3 
1849 2 2097 2 1847 3 1738 2 
1848 2 2096 2 1842 2 1739 3 
1851 2 1017 2 1522 2 1864 3 
1850 2 1521 1 1016 1 1852 3 
1520 3 1021 4 1853 5 1851 3 
1519 3 1852 5 1018 3 1854 3 
1855 2 1526 1 1029 2 1853 3 
1856 2 1854 2 1525 3 1023 4 
1855 2 1480 1 1524 1 1857 1 
1818 2 1475 3 1377 2 1856 1 
543 3 1859 3 1886 4 1861 3 
1343 1 1858 3 542 2 1885 2 
1057 1 1861 1 1862 1 1768 1 
1860 1 1767 1 1056 3 1858 3 
1860 1 1769 2 
1864 3 1994 3 1516 4 1466 3 
1465 2 1850 3 1515 2 1863 3 
413 2 1829 2 1819 3 2400 3 
2215 3 1867 2 1180 2 1672 2 
1868 1 2214 1 1866 2 1499 2 
1867 1 2213 3 1869 1 1182 2 
1181 2 1868 1 1870 2 2212 3 
1496 2 2219 2 1869 2 1871 3 
1169 2 1870 3 2218 3 1872 2 
1873 1 2217 3 1498 2 1871 2 
1872 1 1874 3 1176 2 2216 2 
2221 3 1494 3 1873 3 1875 5 
2220 3 2310 3 1874 5 1161 3 
743 2 301 1 303 1 678 1 
1494 1 1884 1 1878 3 736 1 
1635 3 1877 3 1161 3 735 3 
1182 3 1880 3 726 2 1882 3 
725 2 1181 3 1059 3 1879 3 
1180 1 1882 2 1689 1 728 1 
1881 2 727 3 1499 3 1879 3 
722 1 1884 1 1060 1 1498 2 
1883 1 1877 1 1176 2 721 2 
1859 2 1691 2 1391 2 1886 3 
1056 4 1390 3 1885 3 1858 4 
685 3 738 2 1888 3 562 2 
684 3 181 3 1887 3 737 4 
2345 1 304 3 669 1 652 1 
1891 1 533 1 682 2 739 1 
562 2 1890 1 681 2 742 2 
666 2 653 2 32 1 299 2 
317 2 1901 2 
302 2 294 2 656 2 673 3 
2056 2 567 1 591 3 2407 3 
658 2 304 4 671 2 302 2 
744 2 676 2 303 2 533 2 
197 1 1967 2 1899 3 
1900 4 1898 3 196 4 
199 2 1899 4 317 3 1901 3 
198 2 1900 3 1893 2 
1905 4 1267 2 1903 1 1980 3 
1907 1 1981 1 1266 1 1902 1 
1265 2 1905 4 1982 2 1734 2 
1902 4 1983 4 1264 4 1904 4 
1263 3 1443 3 
1903 1 1978 2 1261 2 1443 2 
930 2 266 2 1909 4 2073 3 
1912 4 1908 4 929 4 2076 4 
1921 1 438 1 272 2 1911 1 
271 2 437 1 1910 1 2374 4 
1909 4 2075 2 928 3 1280 2 
1160 1 6 1 1166 1 834 2 
432 2 1915 2 280 2 1305 2 
1914 2 1916 3 431 3 279 3 
1915 3 1917 2 282 3 430 2 
1916 2 281 2 1918 1 429 2 
436 1 1919 1 1731 2 1917 1 
435 1 1918 1 1920 1 275 1 
1919 1 278 1 434 2 1921 1 
1910 1 277 2 433 2 1920 1 
933 2 872 3 859 2 2080 3 
2389 2 112 1 890 2 1924 3 
889 4 1923 3 1925 4 111 4 
1926 2 892 3 555 2 1924 4 
1925 2 554 1 891 2 
7 2 316 3 968 2 314 2 
2203 2 879 3 1222 3 1224 2 
1166 1 4 1 1164 4 828 2 
917 3 582 3 553 1 966 1 
1032 3 1932 2 1934 2 1321 3 
1943 1 1931 2 1033 2 1320 3 
1034 2 1936 3 1934 2 1323 3 
1035 2 1931 2 1933 2 1322 1 
1030 1 1936 2 
1031 2 1933 3 1935 2 1319 3 
2323 1 1940 2 1942 2 206 2 
1945 2 1045 3 1939 4 1553 3 
1940 4 1942 4 1046 3 1938 4 
1939 4 1043 2 1937 2 1941 2 
1044 1 2058 2 1940 2 2323 1 
1939 4 1945 2 209 2 1937 2 
1932 1 1944 2 1325 1 1036 1 
2014 2 1943 2 1324 3 1037 2 
1938 2 1946 3 1942 2 208 1 
205 3 1945 3 1947 3 1553 4 
1946 3 1552 1 204 1 
1721 3 811 2 797 2 1789 4 
802 3 2084 2 796 2 2079 1 
568 2 1952 3 1310 1 
1952 3 125 2 564 1 1954 1 
1951 3 563 4 1950 3 1308 4 
1788 3 566 2 1307 2 1954 2 
565 3 1951 1 1306 1 1953 2 
1139 2 419 2 2429 2 1966 2 
1957 1 1330 1 385 3 1959 1 
1956 1 1326 2 37 1 384 2 
1959 2 915 2 389 2 1961 5 
1958 2 1088 3 388 1 1956 1 
1961 5 1963 3 1091 2 387 2 
1960 5 1090 4 386 4 1958 5 
1965 1 1963 2 1085 1 393 3 
1962 2 1960 3 1084 2 392 2 
1345 3 1965 1 1794 2 391 1 
1962 1 1964 1 1344 1 390 1 
1955 2 1138 2 418 2 
1968 3 1898 2 2101 5 
1967 3 2100 2 2343 2 
807 3 1786 1 1723 1 809 2 
2082 3 808 3 2070 3 798 3 
2155 1 1972 2 1975 4 122 1 
2154 4 1973 3 121 3 1971 2 
1972 3 2156 2 120 2 
1975 4 2274 1 110 1 2158 1 
1974 4 2157 5 109 4 1971 4 
1175 2 1173 3 535 1 2350 1 
2431 3 1000 4 1997 3 1141 3 
1979 2 1907 2 1981 2 238 2 
1978 2 1443 2 
1981 3 199 3 1983 3 1902 3 
198 1 1903 1 1978 2 1980 3 
197 2 1840 2 1983 2 1904 2 
1905 4 1982 2 196 2 1980 3 
2289 4 1987 2 1985 2 678 2 
679 2 1984 2 2288 1 1250 1 
1989 4 676 4 1987 4 2287 4 
2286 1 1986 4 1984 2 677 3 
682 2 1991 1 1989 1 2285 2 
1986 4 683 2 2284 3 1988 1 
1991 2 680 3 2283 2 1993 2 
1990 2 1988 1 2282 3 681 2 
684 2 1993 2 2291 4 1503 3 
1992 2 2290 1 1990 2 685 3 
1863 3 2010 2 1627 2 
2432 2 1438 1 
1207 3 1262 2 2331 3 129 3 
1140 2 2428 1 2430 3 1977 3 
1665 2 918 1 1693 1 
2000 2 1579 3 2006 3 2302 4 
1999 2 2301 1 1578 2 1145 1 
911 2 2002 1 
910 3 301 1 2001 1 
2298 1 2004 2 1583 1 2008 2 
2005 2 2297 4 1582 4 2003 2 
2300 2 2004 2 1581 2 2006 2 
1580 4 2299 2 1999 3 2005 2 
2008 2 1585 2 2306 1 2313 1 
2007 2 1584 2 2305 2 2003 2 
2010 1 2011 1 1791 2 
2009 1 1790 1 1994 2 1516 3 
1792 1 2009 1 
1693 1 1663 1 920 1 2409 2 
2014 2 1824 2 929 3 2016 2 
1944 2 2013 2 1825 1 928 2 
2016 1 2018 1 1826 3 931 2 
2015 1 1827 2 930 1 2013 2 
2018 3 2020 3 1820 4 933 3 
2017 3 2015 1 932 2 1821 3 
935 1 1822 4 2020 1 2022 1 
934 1 2019 1 2017 3 1823 2 
2022 2 333 2 1828 2 927 2 
2021 2 926 1 1829 1 2019 1 
2034 1 2025 1 923 2 1662 1 
1211 2 133 3 1258 3 1479 2 
1661 1 2023 1 922 2 2409 2 
2046 2 423 1 2027 1 1572 1 
2029 1 422 1 1575 1 2026 1 
2032 4 428 3 2273 3 
2030 1 2271 2 2027 1 425 1 
2029 1 2272 3 2031 1 424 1 
427 2 2030 1 2032 3 1550 3 
1551 3 2028 4 2031 3 426 3 
925 3 1660 2 2034 2 1690 4 
924 2 2023 1 1659 2 2033 2 
2081 2 2432 2 1078 1 
2037 2 767 3 755 3 2039 2 
2036 2 754 1 164 1 766 1 
775 2 747 2 2041 4 2039 2 
774 1 746 1 2036 2 2038 2 
2041 4 749 2 773 3 2043 2 
748 3 2040 4 2038 4 772 4 
2045 1 2043 1 771 1 751 2 
770 1 750 1 2042 1 2040 2 
2398 2 753 2 769 4 2045 2 
2042 1 752 1 768 2 2044 2 
2026 2 2047 3 1126 3 769 4 
1127 3 2046 3 2048 5 768 3 
771 4 2049 4 2047 5 1124 4 
2050 1 2048 4 770 1 1125 1 
2051 2 1130 3 2049 1 773 2 
2050 2 772 3 1131 2 2052 2 
2053 1 1128 3 2051 2 775 1 
2054 1 2052 1 774 1 1129 2 
2053 1 1122 1 2055 1 767 2 
766 1 146 1 2054 1 1123 1 
1895 2 265 3 2067 2 200 4 
124 2 522 1 2058 2 2060 1 
1941 2 2057 2 126 2 521 3 
2060 1 2062 1 530 1 465 2 
2059 1 466 2 529 1 2057 1 
2062 2 463 2 2064 3 528 3 
464 2 2061 2 527 1 2059 1 
2066 3 2064 2 526 1 461 1 
2063 2 2061 3 462 4 525 2 
524 2 99 2 77 2 2066 3 
2063 3 523 3 100 5 2065 3 
591 3 202 3 2056 2 262 1 
228 1 261 3 298 1 2069 3 
202 5 2068 3 297 3 260 3 
1970 3 2071 4 795 2 2078 2 
794 4 2070 4 808 4 567 4 
2390 4 228 2 259 2 300 4 
2076 3 2074 3 803 4 1908 3 
802 4 2079 2 2073 3 266 2 
2076 2 1912 2 801 2 1687 2 
2075 2 2073 3 800 3 1909 4 
799 1 2080 2 2078 2 859 1 
798 2 856 5 2077 2 2070 2 
1949 1 2074 2 872 2 2080 2 
796 3 2077 2 2079 2 1922 3 
2035 2 1200 3 1481 2 
1970 3 2083 1 755 2 2087 1 
2082 1 754 1 264 1 808 1 
1949 2 2091 2 749 2 2085 2 
2086 1 748 1 2084 2 796 2 
747 1 2087 1 2085 1 799 1 
746 1 2086 1 798 1 2082 1 
753 3 955 4 2089 5 801 4 
2090 4 752 3 2088 5 800 4 
2091 2 803 4 2089 4 751 3 
2084 2 2090 2 802 3 750 1 
2234 3 2163 4 1528 4 2093 3 
1527 2 2092 3 
2095 1 1843 4 
1842 2 2094 1 2096 2 
2097 2 1849 2 2095 2 
1848 2 2096 2 2098 2 
2097 2 1847 3 2344 2 2099 2 
2343 1 1846 1 2100 1 2098 2 
1968 2 1841 1 2101 4 2099 1 
197 4 1967 5 1840 4 2100 4 
484 2 628 1 850 1 507 1 
2110 3 2422 4 528 3 2104 3 
527 2 2421 2 2103 3 2105 3 
530 2 2420 2 2106 3 2104 3 
529 2 2419 2 2105 3 2113 3 
2426 4 65 4 524 4 2108 4 
523 2 2109 2 2425 2 2107 4 
2424 1 2110 2 2108 2 526 1 
2109 2 2103 3 525 2 2423 2 
313 4 1282 1 2192 2 2112 1 
312 1 1281 2 351 1 2111 1 
522 2 2418 4 2114 2 2106 3 
521 2 2417 1 207 2 2113 2 
1410 3 2116 3 2131 2 
2117 3 2115 3 1409 2 2130 4 
2116 3 1408 4 2118 3 2133 2 
1407 3 2132 2 2117 3 2119 2 
1406 3 2120 2 2136 2 2118 2 
2119 2 1405 2 1168 2 2135 2 
2122 2 2128 3 1506 2 630 4 
2123 1 2121 2 629 1 1505 2 
2122 1 2124 1 1504 2 1111 2 
1503 2 2291 3 2123 1 581 1 
541 2 1510 3 2126 2 
1509 1 2127 1 532 3 2125 2 
2128 2 1095 2 2126 1 1508 3 
2121 3 2127 2 1089 3 1507 2 
1686 2 1319 3 1303 2 
2116 4 2131 3 257 3 2133 3 
2130 3 2115 2 
256 3 2118 2 2133 1 2136 2 
255 1 2132 1 2117 2 2130 3 
556 1 780 3 2401 1 2403 2 
253 1 2303 1 2120 2 2136 2 
252 4 2119 2 2135 2 2132 2 
2138 1 742 2 2140 1 
2137 1 741 1 2144 2 
2140 1 2142 3 740 1 
2139 1 2137 1 739 1 
2142 4 2143 2 761 2 745 4 
1787 3 2141 4 2139 3 744 3 
2141 2 743 2 
738 3 2145 3 2138 2 
737 3 236 4 2144 3 
2259 2 1206 3 2147 2 1376 2 
1094 2 2258 3 2148 1 2146 2 
2147 1 2149 2 1093 3 2261 2 
1092 4 2148 2 2150 3 2260 3 
2263 4 1099 2 2151 2 2149 3 
2152 2 2150 2 1098 1 2262 2 
2265 4 2151 2 1097 3 2153 4 
2152 4 2264 3 1096 3 501 4 
1972 4 2155 3 2185 5 2156 3 
2184 1 2154 3 1971 1 2157 2 
1973 2 2154 3 2183 1 
1975 5 2155 2 2158 2 2182 2 
1216 2 2157 2 1974 1 2181 1 
1679 2 607 2 2416 2 341 3 
1219 3 2280 2 1221 2 2258 4 
1727 3 2267 4 2162 3 2270 3 
2269 1 2266 1 2161 3 1221 1 
1625 2 2092 4 
1422 1 2165 2 1747 1 2167 1 
2164 2 1746 2 1772 3 1421 2 
2167 1 1752 1 2169 2 1417 2 
2166 1 1751 4 2164 1 1416 1 
2169 2 1754 1 1415 2 2171 2 
1414 4 1753 2 2168 2 2166 2 
2171 3 2172 2 1420 3 1749 3 
2170 3 1419 4 2168 2 1748 3 
2170 2 1418 1 1750 1 
2197 1 2174 3 
2173 3 2196 3 2175 4 254 3 
853 3 2195 3 2176 3 2174 4 
852 2 2194 2 2177 2 2175 3 
2201 1 837 2 2178 2 2176 2 
2179 2 2200 2 237 2 2177 2 
2180 1 2178 2 251 2 2199 2 
2198 1 2179 1 838 1 2342 1 
2264 1 501 2 2182 1 2158 1 
500 1 2184 1 2157 2 2181 1 
504 1 2185 3 2156 1 
2155 1 2182 1 2185 3 506 3 
505 4 2154 5 2183 3 2184 3 
590 1 2187 1 2189 1 1561 1 
589 1 2186 1 1560 3 858 1 
359 3 574 2 1758 1 357 1 
587 1 356 1 2186 1 1562 1 
359 3 580 3 361 2 1760 2 
1556 3 585 3 356 1 358 1 
361 3 1762 2 578 4 2111 2 
360 2 1558 2 358 2 583 2 
2378 2 2201 1 2176 2 2195 2 
2196 2 2377 2 2194 2 2175 3 
2195 2 2197 1 2380 1 2174 3 
2173 1 2379 3 2196 1 
271 2 2180 1 2374 4 2199 2 
2373 2 2198 2 2179 2 2200 2 
2376 1 2178 2 2201 1 2199 2 
2194 1 2177 1 2375 1 2200 1 
2203 1 1343 1 1222 2 542 2 
2210 1 2202 1 1928 2 1342 1 
1335 1 1230 2 2207 1 2205 1 
1229 2 2204 1 1334 1 571 1 
2207 2 2209 2 1337 4 1228 4 
2206 2 2204 1 1227 3 1336 1 
1226 3 1339 2 2211 2 2209 2 
2206 2 1338 1 1225 1 2208 2 
2203 1 1224 1 2211 1 1341 2 
2210 1 1223 1 1340 3 2208 2 
588 4 2213 5 2219 3 1869 3 
2212 5 1868 3 2214 3 587 3 
590 1 1867 1 2213 3 2215 2 
1866 3 589 2 2214 2 698 2 
2221 2 2217 4 584 2 1873 2 
2218 4 1872 3 2216 4 583 3 
2217 4 2219 2 586 2 1871 3 
585 3 1870 2 2212 3 2218 2 
1875 3 467 1 2221 1 593 1 
1874 3 592 1 2216 2 2220 1 
1520 3 2225 3 1318 4 2223 4 
2228 3 2222 4 1519 2 1317 3 
2231 2 1522 1 1316 1 2225 1 
2222 3 1521 1 1315 4 2224 1 
2229 1 1524 1 2227 1 1314 3 
1765 2 1377 2 1313 1 2226 1 
1526 2 2223 3 1312 2 2229 2 
2226 1 2228 2 1525 2 1311 1 
1516 4 2231 3 1309 4 1790 2 
2230 3 2224 2 123 2 1515 2 
1355 3 2233 3 2235 2 1623 2 
1622 2 2232 3 2238 2 1354 3 
1353 1 2092 3 1625 1 2235 1 
2232 2 1352 3 1624 3 2234 1 
2237 3 2239 1 1619 1 1351 3 
2236 3 1618 3 1350 3 1293 3 
1349 1 1621 3 2239 1 2233 2 
1348 2 1620 1 2236 1 2238 1 
2241 2 491 2 344 2 2243 1 
2246 3 1 5 2240 2 490 3 
2243 1 493 1 1389 1 
2242 1 2240 1 492 2 1388 2 
1444 3 487 1 2245 2 2247 3 
1281 3 486 3 2244 2 351 2 
2241 3 2247 4 347 3 489 2 
488 5 2246 4 2244 3 345 3 
2435 4 268 2 173 5 2249 3 
267 2 854 2 2248 3 2254 2 
263 3 167 3 2251 4 2257 3 
262 2 166 2 2252 5 2250 4 
265 5 2253 5 2251 5 165 4 
164 2 2252 5 754 2 264 2 
171 1 259 1 2255 1 2249 2 
258 2 170 1 2256 1 2254 1 
261 3 851 2 2257 1 2255 1 
168 2 2256 1 2250 3 260 1 
2147 3 2261 4 2259 3 2160 4 
1221 1 2146 2 2266 1 2258 3 
1220 3 2263 4 2261 3 2149 3 
2258 4 2260 3 2148 2 1219 3 
2263 4 2265 4 2151 2 1218 5 
2150 4 2262 4 2260 4 1217 3 
2181 1 1216 2 2265 3 2153 3 
2264 3 2152 4 2262 4 1215 4 
2162 1 2259 1 2267 2 1206 2 
804 3 2161 4 1205 3 2266 2 
1302 2 326 2 594 1 
2162 1 2281 1 2270 1 2392 1 
2391 2 2161 3 2269 1 1425 1 
2029 2 122 2 1575 2 2272 4 
2030 3 121 4 2271 4 1550 5 
2028 3 1551 2 
2275 2 1974 1 2384 3 1216 2 
2274 2 1215 3 2383 2 2276 3 
1218 5 2275 3 2382 2 2277 4 
1217 3 2381 3 2276 4 2278 4 
2388 2 2279 4 1220 3 2277 4 
1219 4 2387 4 2280 3 2278 4 
2279 3 2386 1 2281 1 2160 2 
2385 1 1221 1 2280 1 2269 1 
2283 3 1991 3 434 4 2285 4 
2290 1 2282 3 433 2 1990 2 
436 3 2285 4 1989 3 2287 3 
2284 4 435 2 1988 2 2282 4 
1987 1 2289 3 430 1 2287 1 
2284 3 429 2 1986 4 2286 1 
2289 3 432 2 1985 1 114 2 
2288 3 431 4 1984 4 2286 3 
438 1 2283 1 2291 3 1993 1 
437 3 2124 3 1992 4 2290 3 
2293 2 1668 1 1257 1 2296 2 
2294 2 1667 4 2292 2 1256 3 
2293 2 1669 2 1255 2 
18 2 2296 2 1253 2 1671 3 
2295 2 1670 2 1252 2 2292 2 
108 3 2004 4 2298 3 2300 4 
2297 3 107 1 2003 1 2305 1 
2300 2 106 1 2006 2 2302 3 
2005 2 2299 2 2297 4 105 4 
2304 1 104 2 2302 3 2000 1 
2301 3 2299 3 103 3 1999 4 
2304 1 1168 1 2135 1 102 1 
2303 1 2301 1 101 3 1145 1 
531 2 2306 1 2008 2 2298 1 
98 3 2007 1 2305 1 128 2 
1565 3 2308 2 2318 2 470 3 
469 3 2309 3 2307 2 1564 3 
1567 2 468 4 2308 3 2310 2 
1566 1 1875 3 467 1 2309 2 
474 2 1569 2 2312 3 383 2 
2314 3 473 3 2311 3 1568 3 
2315 1 2007 1 1210 2 128 2 
2312 3 1571 2 472 3 2318 3 
1262 1 1209 3 2313 1 127 1 
2322 4 691 4 2317 4 2326 5 
2316 4 2325 3 
471 3 2307 2 2314 3 1570 2 
2320 3 2330 4 688 3 457 4 
2319 3 2321 2 687 2 2329 2 
2320 2 2328 2 2322 2 690 2 
2316 4 2321 2 2327 3 689 2 
1937 1 207 2 521 2 1941 1 
1545 1 2325 3 
2326 4 1543 3 2317 3 2324 3 
1544 2 2325 4 2316 5 2327 4 
2326 4 1548 3 2328 3 2322 3 
2321 2 1549 1 2329 2 2327 3 
2320 2 2328 2 1546 3 2330 3 
1547 3 2319 4 2329 3 143 3 
1996 3 2332 3 1214 2 132 2 
131 3 1479 2 1213 3 2331 3 
2334 3 2424 2 2336 3 282 3 
2333 3 2339 2 2423 2 281 3 
2336 2 1259 2 280 2 2426 2 
2335 2 279 3 2333 3 2425 2 
2338 5 2340 5 2420 4 278 4 
2337 5 2419 2 2341 3 277 3 
2334 2 2422 3 1731 2 2340 2 
275 2 2337 5 2421 2 2339 2 
2342 2 272 3 2418 4 2338 3 
2341 2 271 2 2180 1 2417 1 
2344 1 2099 1 1968 2 
2343 1 2098 2 
1889 1 668 1 651 2 299 2 
1172 2 2347 3 628 2 484 3 
1171 2 627 2 2346 3 2348 2 
626 3 2349 2 2347 2 1174 2 
2348 2 1173 4 2350 2 625 2 
2349 2 2351 2 1976 1 632 1 
1175 3 631 3 2350 2 2352 4 
2351 4 1102 3 1177 3 
1441 3 2354 2 1087 2 325 3 
2359 1 2353 2 1442 1 1086 1 
1077 1 2356 2 1435 1 2362 4 
2355 2 1436 3 2357 4 1076 2 
2358 4 1079 4 2356 4 1437 3 
2357 4 2432 3 1438 2 1078 2 
2354 1 1081 1 2360 2 
2361 3 2359 2 1080 2 
2360 3 1083 3 2362 5 
1082 4 1434 4 2361 5 2355 4 
719 2 1179 3 1379 1 2364 1 
718 1 1378 1 2365 2 2363 1 
1387 3 715 3 2366 3 2364 2 
714 2 2367 3 1386 3 2365 3 
2366 3 2368 2 1385 3 717 3 
1384 1 2369 2 2367 2 716 1 
711 3 2368 2 1383 3 2370 2 
710 2 2369 2 1382 1 2371 1 
713 3 1381 2 2370 1 2372 2 
637 3 712 2 1380 2 2371 2 
2199 2 2374 4 2376 1 1111 2 
2198 4 581 4 2373 4 1911 4 
2376 1 630 3 2201 1 2378 2 
2375 1 2200 1 629 1 2373 1 
2380 1 1095 2 2195 2 2378 2 
2194 2 1089 3 2375 2 2377 2 
541 3 2197 3 2380 3 
532 3 2379 3 2377 1 2196 1 
2388 1 1125 1 2382 1 2277 3 
1124 1 2383 1 2381 1 2276 2 
1127 2 2384 3 2275 2 2382 1 
1126 4 110 3 2383 3 2274 3 
2281 1 1129 2 2392 1 2386 1 
2387 2 1128 3 2280 1 2385 1 
2386 2 2279 4 2388 2 1131 2 
2381 1 2278 2 2387 2 1130 3 
1923 2 2390 4 268 2 296 4 
267 3 2072 4 295 3 2389 4 
1123 2 2392 2 1363 4 2270 2 
2391 2 1122 1 2385 1 2269 1 
2395 2 428 2 1052 2 
2395 3 427 3 1049 2 2397 3 
2394 3 1048 3 2393 2 426 2 
425 1 2397 2 2399 2 1051 1 
2396 2 1050 3 424 2 2394 3 
2044 2 2399 2 1054 1 423 1 
2398 2 2396 2 1053 2 422 2 
1828 2 1818 3 1475 4 1865 3 
2134 1 300 3 2411 1 781 1 
1312 2 1694 2 1700 2 1337 4 
783 3 2404 2 2134 2 298 2 
782 2 2403 2 297 1 2405 1 
2406 1 777 2 601 1 2404 1 
591 3 2405 1 2407 3 776 1 
779 3 2406 3 2408 5 1895 3 
567 3 794 3 2407 5 778 5 
1664 2 921 2 2012 2 2025 2 
154 2 296 4 2411 2 785 3 
784 1 2410 2 2401 1 295 1 
2413 2 607 1 337 1 1677 1 
336 2 2412 2 2414 2 1676 2 
2413 2 1675 3 339 1 2415 4 
338 4 634 4 1674 4 2414 4 
2159 2 1680 3 
2114 1 838 1 2418 3 2342 1 
2417 3 2341 4 2113 4 2419 3 
2338 2 2106 2 2418 3 2420 1 
2421 1 2105 2 2337 4 2419 1 
2422 3 2340 2 2420 1 2104 2 
2421 3 2103 4 2339 3 2423 3 
2334 2 2110 2 2424 1 2422 3 
2109 1 2333 2 2425 1 2423 1 
2424 1 2108 2 2426 2 2336 2 
2107 4 2335 2 2425 2 1203 2 
1246 3 119 4 194 4 569 3 
1997 1 421 2 1143 2 2429 1 
1142 1 1955 2 420 2 2428 1 
2431 3 1997 3 540 4 421 4 
1977 3 2430 3 539 2 650 1 
2358 3 2035 2 1995 2 
555 1 690 1 2436 1 2434 2 
554 2 689 3 2433 2 
688 3 2248 4 112 3 2436 3 
687 2 111 2 2435 3 2433 1 
