2510 4858 001
2 6 2098 4 95 4 2146 4 
1 6 2300 5 2145 6 2097 4 
1379 3 1717 4 
5 3 7 4 1169 5 809 6 
4 3 10 3 808 3 1168 2 
7 3 807 3 1175 3 15 4 
6 3 1170 2 806 4 4 4 
805 6 2445 5 11 5 9 5 
2443 5 8 5 804 6 153 6 
1189 3 5 3 803 4 11 4 
802 3 1188 4 8 5 10 4 
13 8 1239 7 943 5 1379 7 
944 8 12 8 1378 6 
1469 4 2325 2 801 6 15 3 
1468 4 800 4 6 4 14 3 
2100 6 2144 4 95 4 97 6 
2016 5 1818 3 
19 8 1213 8 839 6 21 7 
1212 4 18 8 838 4 26 6 
21 4 23 3 1215 6 837 3 
836 7 20 4 1214 5 18 7 
1209 3 843 7 25 6 23 4 
20 3 842 5 1208 2 22 4 
841 4 168 8 25 7 1211 7 
24 7 840 7 22 6 1210 6 
835 3 19 6 27 5 1203 4 
834 5 2293 6 26 5 1202 4 
1668 4 1638 5 29 4 33 6 
1637 8 28 4 1657 3 2411 5 
31 6 37 6 430 6 1374 7 
1556 6 30 6 376 6 32 5 
1221 5 33 7 31 5 1892 6 
1891 7 2222 8 32 7 28 6 
2234 4 186 3 1898 5 35 8 
36 8 1897 11 34 8 2231 7 
35 8 2236 7 37 4 1896 5 
2235 3 30 6 36 4 1895 4 
152 3 1273 3 57 6 1332 4 
1239 4 40 3 1717 5 1379 4 
1706 4 39 3 41 3 1716 2 
1705 2 1719 5 40 3 42 6 
1718 7 1704 7 41 6 43 6 
44 2 1711 7 1713 3 42 6 
1710 3 43 2 1712 2 45 2 
46 2 1709 3 1715 3 44 2 
1714 2 45 2 1708 3 47 1 
1721 1 48 2 46 1 1703 4 
1702 4 204 4 47 2 1720 6 
209 4 440 3 711 2 50 3 
710 3 439 3 49 3 53 2 
56 8 52 7 432 8 
431 4 51 7 
54 1 436 5 50 2 
435 4 53 1 55 5 
56 6 438 9 54 5 
55 6 51 8 437 6 
1333 7 38 6 2443 8 153 9 
59 5 61 3 1560 3 
58 5 1559 8 
2077 4 61 3 1562 3 
60 3 1561 5 58 3 
1802 7 863 6 63 7 1276 5 
1801 7 1271 7 862 7 62 7 
1274 6 151 4 65 3 1325 4 
1324 4 64 3 66 1 150 2 
145 5 1331 3 67 3 65 1 
68 6 144 7 1330 5 66 3 
67 6 118 7 147 5 1329 5 
791 4 1948 5 70 4 240 6 
790 4 71 4 69 4 1947 2 
1942 6 786 4 70 4 72 3 
785 2 1941 4 71 3 73 3 
1940 6 74 6 788 6 72 3 
75 9 787 4 73 6 1939 7 
74 9 782 7 1946 6 76 7 
77 4 75 7 781 4 1945 6 
784 7 76 4 1944 10 78 3 
783 3 1943 2 77 3 1363 3 
2158 2 80 4 1771 3 86 3 
2157 4 1770 6 81 4 79 4 
2160 5 1769 3 80 4 82 3 
1767 4 2159 5 2455 5 81 3 
2162 6 84 7 90 6 2444 6 
2395 7 85 6 83 7 2161 9 
2164 4 86 3 84 6 1375 4 
85 3 1358 3 2163 2 79 3 
88 7 841 4 2488 5 1868 4 
1867 5 87 7 196 6 840 7 
90 5 1954 3 2166 5 244 4 
89 5 2165 8 83 6 1953 8 
2399 4 668 3 92 3 837 3 
2398 2 836 6 91 3 93 6 
94 6 839 6 2397 9 92 6 
93 6 2396 8 649 4 838 2 
2099 6 16 4 2143 4 1 4 
2142 4 2094 6 97 6 105 6 
16 6 96 6 2141 7 2093 8 
2013 6 99 4 104 3 2250 3 
2249 4 98 4 100 5 2012 7 
2015 4 2248 4 101 4 99 5 
2247 3 100 4 2014 4 265 4 
105 5 2140 4 1290 3 2096 4 
104 4 2011 3 2252 3 
2010 5 103 4 2251 4 98 3 
102 5 2139 5 2095 7 96 6 
107 4 1167 2 468 6 
1166 7 106 4 445 6 110 4 
1165 4 111 9 109 3 442 3 
275 3 108 3 441 3 1164 3 
1163 2 111 7 107 4 444 1 
110 7 1162 9 443 9 108 9 
113 3 2252 2 
112 3 116 4 2251 4 
115 6 2248 5 117 4 2335 4 
2247 4 114 6 277 8 2334 5 
117 3 113 4 2250 4 
116 3 2333 2 2249 2 114 4 
1328 8 68 7 2490 4 146 6 
1398 5 121 5 1439 6 1707 3 
1934 10 946 5 
1866 5 1397 5 1438 6 119 5 
129 5 731 4 123 6 2347 6 
730 5 124 3 2346 3 122 6 
2345 6 123 3 733 3 125 4 
1034 6 130 5 732 7 124 4 
727 4 127 3 
128 6 2350 5 726 3 126 3 
127 6 729 9 2349 6 129 6 
2348 4 728 4 122 5 128 6 
2343 4 735 6 131 3 125 5 
1450 4 734 4 130 3 1054 6 
313 5 2166 6 749 6 133 7 
2165 9 132 7 136 5 2304 8 
135 7 2164 8 737 6 137 7 
134 7 736 5 2163 2 140 3 
137 2 739 5 133 5 2162 4 
136 2 2161 6 738 3 134 7 
2160 6 141 3 2277 7 139 6 
1758 5 2271 9 138 6 2159 7 
141 2 135 3 2158 2 743 3 
138 3 140 2 2157 2 2283 6 
1296 6 794 7 337 5 143 6 
155 4 793 8 336 2 142 6 
145 9 67 7 147 6 
144 9 66 5 150 6 623 5 
1452 6 118 6 147 4 
68 5 144 6 146 4 
1274 6 151 4 1612 4 149 3 
152 2 1273 2 621 3 148 3 
620 6 145 6 151 3 65 2 
148 4 64 4 619 4 150 3 
38 3 149 2 618 2 153 6 
152 6 617 6 57 9 9 6 
2259 5 583 5 157 7 1596 3 
143 4 345 7 156 5 796 5 
344 4 959 4 155 5 
1595 7 2262 6 154 7 724 8 
1919 8 159 9 165 7 1721 5 
1918 5 2170 6 1720 9 158 9 
1925 7 161 5 1719 5 163 3 
166 4 160 5 1718 6 1924 7 
163 2 1717 4 
162 2 1716 2 1926 4 160 3 
165 5 167 4 1715 4 1921 5 
1920 5 164 5 1714 4 158 7 
161 4 167 2 1923 4 1713 2 
166 2 164 4 1712 3 1922 5 
169 5 24 8 1003 7 645 10 
168 5 171 3 644 3 1002 2 
648 3 1008 7 172 4 
169 3 647 5 172 4 1010 3 
1009 5 646 4 170 4 171 4 
833 5 2256 4 1289 4 1601 4 
352 3 2233 3 1123 3 175 5 
2232 3 176 4 174 5 1124 6 
177 5 1119 5 175 4 2226 3 
176 5 178 8 1120 7 2225 5 
177 8 2224 7 1121 6 179 6 
180 2 2223 4 178 6 1122 5 
179 2 2230 2 1115 2 181 5 
2229 6 1116 6 182 8 180 5 
1117 5 181 8 2228 7 183 7 
2227 6 751 4 1118 5 182 7 
185 6 1564 5 1018 5 1237 5 
1238 8 820 7 184 6 1563 7 
2420 5 187 5 1487 5 34 3 
186 5 2419 7 194 7 1486 4 
1479 3 191 4 2428 6 189 5 
2427 5 1478 7 365 6 188 5 
191 3 193 4 1481 3 2426 1 
1480 5 2425 5 190 3 188 4 
2424 5 193 6 1483 9 195 6 
192 6 190 4 1482 8 2423 4 
195 7 1485 7 2422 6 187 7 
2421 4 194 7 1484 4 192 6 
843 7 88 6 2401 5 668 4 
386 7 1547 7 198 7 2188 8 
201 3 2187 6 197 7 1546 6 
200 3 1553 6 725 5 202 4 
199 3 2185 2 1552 1 205 2 
1555 2 198 3 2184 4 202 2 
2183 3 199 4 201 2 1554 4 
1549 3 2182 3 206 5 204 3 
1548 6 48 4 2181 4 203 3 
206 6 1551 4 200 2 715 5 
2179 5 205 6 1550 5 203 5 
216 6 296 6 526 6 208 8 
2213 7 525 4 295 6 207 8 
1031 5 49 4 288 5 210 5 
1748 5 287 4 209 5 211 4 
1021 4 212 3 290 4 210 4 
213 3 211 3 289 4 1015 3 
212 3 1036 5 284 5 214 3 
1035 4 283 2 215 4 213 3 
286 6 214 4 1033 4 216 4 
207 6 1032 3 285 6 215 4 
1155 3 218 5 1359 5 
581 5 223 5 217 5 1154 7 
577 6 220 4 226 4 1149 7 
221 4 576 3 1148 4 219 4 
222 8 220 4 579 8 1147 7 
221 8 1146 9 578 5 394 7 
573 7 218 5 224 6 1153 5 
572 6 1152 6 225 8 223 6 
1151 8 575 7 224 8 226 5 
1150 2 219 4 225 5 574 3 
228 7 2207 5 1906 6 
1905 7 2206 8 227 7 229 5 
2211 6 230 5 1900 5 228 5 
1899 9 2210 7 229 5 231 5 
2209 3 232 3 1902 2 230 5 
770 5 1901 4 2208 3 231 3 
933 6 712 5 1527 5 691 4 
615 6 239 5 1794 5 235 5 
614 4 234 5 607 2 413 5 
603 2 243 4 1782 6 237 3 
602 6 238 6 1781 9 236 3 
239 4 1780 6 605 7 237 6 
604 3 238 4 234 5 1779 4 
241 6 1786 8 1498 5 69 6 
242 5 240 6 1785 3 606 5 
241 5 243 6 1500 5 1784 6 
242 6 1783 5 236 4 608 7 
1800 5 2003 3 245 4 89 4 
246 4 244 4 1799 2 2002 4 
247 7 2005 5 245 4 1798 5 
246 7 1797 8 248 6 2004 6 
249 3 1804 4 247 6 1999 5 
248 3 1998 3 250 5 1803 8 
251 4 249 5 2001 6 1802 7 
1801 4 250 4 2000 3 252 4 
2007 5 1796 7 253 4 251 4 
1795 4 427 3 252 4 2006 2 
647 6 255 5 1768 7 
646 4 254 5 
1840 10 257 9 2266 9 2086 9 
1839 3 256 9 258 6 2085 5 
2084 6 259 5 257 6 1842 7 
1841 2 2083 5 258 5 260 2 
2090 2 1844 4 261 4 259 2 
2089 6 260 4 262 5 1843 6 
263 4 261 5 1846 6 2088 4 
1845 3 2087 3 262 4 264 3 
265 2 1838 3 2082 1 263 3 
264 2 2081 3 1837 3 101 4 
269 3 267 4 976 3 300 5 
272 3 266 4 299 3 975 3 
269 3 771 4 974 3 302 4 
268 3 266 3 301 6 973 7 
273 7 271 10 304 5 972 6 
971 9 270 10 303 9 274 9 
970 4 273 4 267 3 306 2 
270 7 969 7 272 4 305 9 
275 5 968 4 271 9 308 5 
274 5 109 3 307 4 967 8 
277 6 2082 2 2138 3 280 2 
276 6 115 8 2137 6 2081 6 
281 5 2083 5 2136 4 
2088 3 280 1 282 2 2135 5 
2134 3 279 1 2087 1 276 2 
2090 5 278 5 282 5 2133 6 
2089 4 2132 2 279 2 281 5 
214 2 1373 2 284 4 286 4 
289 6 283 4 213 5 1372 8 
1371 6 286 8 216 6 296 6 
215 6 1370 5 285 8 283 4 
210 4 290 4 288 4 1369 3 
440 4 287 4 480 5 209 5 
212 4 284 6 290 5 479 5 
287 4 289 5 1366 5 211 4 
2025 5 323 4 292 4 298 3 
322 3 293 4 291 4 2026 5 
325 5 292 4 2023 6 294 6 
324 6 2024 4 293 6 1933 6 
1943 4 296 4 1363 5 208 6 
1362 3 207 6 295 4 285 6 
1952 6 298 3 321 5 2019 3 
2020 2 320 3 297 3 291 3 
300 4 1443 4 267 3 306 2 
1376 8 299 4 266 5 301 8 
269 6 2326 6 302 7 300 8 
801 8 301 7 2325 4 268 4 
304 4 308 5 271 9 2332 3 
303 4 270 5 2331 3 305 7 
306 7 273 9 2330 9 304 7 
305 7 299 2 2329 5 272 2 
1357 6 441 4 308 4 275 4 
1356 6 307 4 303 5 274 5 
310 5 316 4 2007 4 558 7 
1437 3 309 5 2006 4 557 3 
2005 4 554 4 314 4 312 4 
2004 4 311 4 317 5 553 6 
556 5 132 5 314 5 2003 3 
313 5 555 6 2002 5 311 4 
550 3 316 3 318 5 2001 4 
2000 4 309 4 315 3 549 2 
318 6 552 7 312 5 1999 6 
317 6 551 4 1998 5 315 5 
321 4 1952 5 798 2 
298 3 323 4 321 5 1701 5 
319 4 1700 5 320 5 297 5 
292 3 325 4 323 3 966 5 
320 4 291 4 965 5 322 3 
294 6 964 5 327 3 325 5 
293 5 322 4 324 5 963 5 
1934 9 327 2 
1933 3 324 3 326 2 
332 8 2496 5 329 7 2414 7 
330 4 328 7 2413 6 2495 6 
329 4 2416 5 2466 5 331 4 
2415 3 2493 4 330 4 333 6 
328 8 2412 4 
2492 6 334 4 2418 7 331 6 
2491 4 333 4 2417 2 476 8 
1101 3 349 4 1317 4 1319 3 
337 1 345 5 143 2 534 3 
338 2 336 1 142 5 533 4 
337 2 339 6 1296 3 532 4 
1295 6 531 5 338 6 340 8 
1298 5 341 5 339 8 538 9 
342 4 1297 4 340 5 537 4 
1300 4 341 4 536 7 343 4 
506 6 342 4 535 4 1299 4 
345 6 156 4 530 3 
344 6 529 9 155 7 336 5 
347 7 2079 7 351 6 1321 5 
346 7 2078 5 1322 7 1353 6 
355 4 349 3 1317 3 2072 2 
348 3 335 4 2071 4 350 5 
2070 4 1319 4 351 4 349 5 
2069 6 346 6 350 4 1320 3 
174 3 1313 4 353 2 2076 2 
354 6 2075 3 352 2 1314 2 
353 6 355 8 2074 6 1315 6 
1316 7 348 4 354 8 2073 7 
1286 8 357 8 2219 8 359 10 
364 2 1285 5 2218 3 356 8 
2217 4 361 6 359 6 1288 3 
1287 6 358 6 2216 5 356 10 
1282 6 361 6 363 7 2215 6 
1281 6 2214 5 360 6 358 6 
1284 5 2213 5 363 6 525 2 
360 7 362 6 1283 6 2212 5 
357 2 1292 2 365 3 2221 4 
2220 4 1291 3 364 3 189 6 
797 6 535 6 506 8 367 4 
368 4 505 3 962 3 366 4 
367 4 369 6 789 8 500 6 
499 4 370 7 368 6 956 4 
369 7 371 7 1013 9 498 7 
372 5 497 4 370 7 1014 7 
373 6 951 5 504 8 371 5 
372 6 778 5 374 6 503 5 
780 9 502 6 373 6 375 6 
954 5 501 8 622 6 374 6 
1221 6 31 6 430 6 1686 7 
682 6 
379 3 389 6 2040 4 1381 4 
378 3 1380 2 2039 2 1738 4 
381 3 687 5 
380 3 686 4 382 4 
383 5 685 5 381 4 
684 4 382 5 2029 8 
385 4 1383 5 387 6 2038 5 
2037 5 1382 4 384 4 390 5 
197 7 2046 4 2036 5 387 7 
2035 9 1384 8 384 6 386 7 
2034 8 389 9 1387 7 391 8 
378 6 2033 4 1386 6 388 9 
1389 3 391 5 2032 9 385 5 
2031 6 390 5 1388 6 388 8 
1090 2 883 5 2452 3 1763 4 
394 3 962 3 402 4 410 2 
393 3 797 5 409 3 222 7 
954 3 396 2 614 5 413 6 
395 2 412 6 397 2 780 7 
778 3 415 5 398 4 396 2 
951 5 397 4 399 5 414 3 
1014 7 417 6 398 5 400 4 
1013 6 401 2 416 4 399 4 
402 4 956 2 400 2 419 4 
401 4 418 5 789 8 393 4 
404 3 1749 2 1650 3 2144 3 
1649 2 403 3 405 4 2143 4 
1648 4 406 5 2146 4 404 4 
405 5 1647 6 2286 6 2145 5 
408 8 2140 7 1345 5 1654 7 
407 8 1653 8 2139 5 411 7 
410 2 2308 3 578 1 394 3 
409 2 418 3 2307 3 393 2 
2142 5 1652 5 1749 4 408 7 
415 9 413 10 396 6 2316 8 
2315 5 412 10 395 6 235 5 
2314 5 415 4 417 4 398 3 
414 4 397 5 412 9 2313 7 
419 6 417 6 400 4 2312 4 
2311 4 399 6 414 4 416 6 
402 5 419 5 410 3 2310 3 
2309 7 416 6 418 5 401 4 
421 3 587 3 1816 8 2328 5 
420 3 424 4 1815 3 2327 2 
425 3 423 3 2324 2 1824 5 
428 6 2323 6 1823 7 422 3 
421 4 1826 8 2322 5 425 6 
2321 5 422 3 1825 4 424 6 
2320 2 429 4 427 4 1820 4 
1819 3 2319 4 253 3 426 4 
423 6 2318 8 429 6 1822 7 
1821 7 2317 4 426 4 428 6 
1685 3 2235 3 376 6 30 6 
1187 7 432 5 52 4 434 4 
431 5 437 6 51 8 1186 3 
2476 6 1185 6 434 3 
1184 4 431 4 433 3 
54 4 1183 4 436 8 438 8 
1182 8 53 5 439 6 435 8 
1181 6 432 6 438 9 56 6 
1180 5 437 9 55 9 435 8 
440 3 1177 2 50 3 436 6 
439 3 288 4 49 3 1176 2 
307 4 2122 5 442 3 109 3 
441 3 443 3 2121 5 108 3 
444 3 111 9 442 3 2120 5 
443 3 445 3 110 1 2119 2 
2126 5 107 6 444 3 468 8 
467 2 852 5 510 7 
2124 3 468 7 
452 2 849 3 449 3 
848 5 450 4 448 3 
451 3 851 4 449 4 
450 3 467 2 850 4 
846 5 448 2 
1461 6 454 2 892 4 592 5 
1662 3 453 2 593 3 2344 2 
476 12 456 6 1217 8 2491 8 
455 6 475 6 1216 2 
464 8 815 4 1506 2 458 4 
459 4 1507 6 814 7 457 4 
1504 2 813 4 460 2 458 4 
459 2 812 3 1505 6 643 3 
1510 5 466 3 462 5 819 5 
1511 4 818 4 461 5 463 5 
1508 3 817 6 462 5 464 10 
816 10 1509 9 457 8 463 10 
811 5 1512 8 466 3 
461 3 1513 4 810 4 465 3 
853 2 446 2 451 2 
2125 11 445 8 447 7 106 6 
889 6 595 7 2340 4 470 5 
596 3 892 4 1451 4 469 5 
1757 4 2454 8 877 3 891 3 
473 6 876 3 
472 6 875 8 1360 7 474 6 
1361 5 473 6 874 3 653 4 
2209 6 478 6 456 6 476 12 
455 12 475 12 334 8 2208 9 
478 2 2211 5 
2210 5 475 6 477 2 
1372 7 1366 5 289 5 2073 6 
1369 4 1176 3 288 5 2076 4 
482 9 1368 8 1047 7 1789 8 
1792 9 1006 6 481 9 483 4 
484 1 1791 3 482 4 
483 1 613 5 
897 3 2338 8 903 5 2278 3 
488 5 491 4 2198 7 1581 5 
610 5 1030 4 2021 3 
1580 8 486 5 1765 6 2197 7 
901 4 2284 5 903 5 2340 3 
1928 6 1579 8 2200 6 491 6 
1578 5 486 4 2199 2 490 6 
1585 4 494 7 496 5 2194 4 
1861 7 2101 5 1200 5 1876 5 
1755 4 492 7 1584 6 2193 5 
1766 5 1697 4 882 4 1764 4 
2195 2 1582 2 492 5 1765 5 
498 4 504 7 371 4 1110 4 
499 4 497 4 370 7 1109 5 
498 4 369 4 500 4 1112 6 
1111 6 499 4 505 5 368 6 
1106 6 375 8 696 8 502 8 
1105 5 374 6 503 5 501 8 
1108 6 504 7 502 5 373 5 
497 7 1107 6 503 7 372 8 
367 3 506 7 500 5 1104 3 
343 6 505 7 366 8 1103 7 
514 7 508 6 1958 6 1265 6 
507 6 1957 3 1264 5 509 3 
1960 3 510 7 508 3 560 3 
509 7 446 7 1959 7 559 7 
516 8 1962 6 566 5 512 5 
1961 6 513 5 565 7 511 5 
1964 7 514 5 512 5 564 5 
513 5 507 7 1963 6 563 7 
1956 6 568 5 516 7 2481 3 
567 9 511 8 1955 6 515 7 
595 7 1964 8 520 5 518 7 
1963 7 523 7 517 7 594 6 
528 3 520 2 1962 4 597 2 
519 2 596 3 1961 5 517 5 
524 5 522 4 1960 5 599 7 
1959 2 521 4 2246 3 598 3 
1958 5 601 6 518 7 524 5 
600 5 521 5 1957 3 523 5 
1092 3 208 4 362 2 526 2 
1091 4 1032 3 207 6 525 2 
593 3 2430 4 528 3 1956 5 
519 3 1955 3 527 3 592 6 
1154 9 345 9 534 7 530 6 
1155 2 344 3 529 6 
339 5 538 6 1150 2 532 3 
533 6 531 3 1151 6 338 4 
532 6 1152 6 534 6 337 4 
529 7 533 6 1153 5 336 3 
1146 7 366 6 343 4 536 7 
537 7 342 7 535 7 1147 8 
536 7 538 8 341 4 1148 6 
537 8 531 6 1149 9 340 9 
540 3 2393 3 941 4 542 5 
539 3 940 5 2478 4 545 5 
542 5 939 5 2481 3 568 5 
541 5 2480 5 539 5 938 6 
544 4 546 5 937 7 2483 3 
543 4 2482 3 547 6 936 7 
2394 6 540 5 546 6 935 9 
934 5 543 5 2484 3 545 6 
548 7 616 7 544 6 2372 10 
2476 6 930 4 547 7 
550 2 558 5 921 6 316 2 
920 4 549 2 551 2 315 3 
550 2 552 5 318 4 919 4 
551 5 317 7 553 8 918 7 
554 6 925 10 552 8 312 6 
553 6 311 4 924 5 555 6 
923 8 314 6 556 6 554 6 
313 5 922 4 555 6 749 6 
1160 3 310 3 917 3 558 5 
549 5 916 9 309 7 557 5 
560 3 510 7 
559 3 1264 5 509 3 
582 4 562 5 
561 5 1266 4 580 5 2149 3 
564 7 514 7 1995 6 1265 6 
513 5 563 7 565 7 1994 4 
566 7 1977 7 512 7 564 7 
565 7 567 6 1996 3 511 5 
1990 5 516 9 566 6 568 7 
515 5 1989 7 567 7 541 5 
2468 7 752 7 1589 6 570 7 
989 7 569 7 1588 5 2467 9 
966 6 1385 5 
573 7 224 6 2109 10 575 5 
223 7 572 7 581 7 2108 8 
2107 4 577 5 575 5 226 3 
2106 3 225 7 572 5 574 5 
220 3 2105 6 577 5 579 7 
219 6 2104 3 576 5 574 5 
409 1 222 5 2103 2 579 5 
221 8 578 5 576 7 2102 5 
1385 5 1701 5 582 4 562 5 
1359 5 218 5 2111 3 573 7 
561 4 580 4 1700 4 
2260 5 154 5 1591 4 1597 4 
588 4 591 5 1365 2 1413 2 
1640 4 1406 3 586 3 2118 6 
589 3 585 3 1639 2 2117 2 
2116 3 1642 3 420 3 1406 1 
584 4 1364 6 1259 6 1412 3 
590 3 586 3 2112 5 1646 6 
589 3 1645 5 
584 5 1377 7 1787 7 1420 5 
593 6 528 6 453 5 597 5 
527 3 454 3 592 6 742 5 
601 5 595 6 889 5 518 6 
517 7 594 6 469 7 596 5 
520 3 470 3 597 3 595 5 
892 4 519 2 596 3 592 5 
885 4 599 6 864 5 522 3 
598 6 600 7 886 8 521 7 
524 5 599 7 601 6 887 6 
594 5 888 4 600 6 523 6 
603 5 237 6 605 7 1534 5 
1533 3 602 5 236 2 608 5 
239 3 1532 6 605 6 615 4 
604 6 238 7 1531 4 602 7 
1498 4 1500 5 1530 7 241 5 
2315 2 2420 5 235 2 1794 2 
1500 6 1528 5 603 5 243 7 
684 4 1989 7 1499 4 2029 8 
611 4 487 5 1501 6 1977 6 
1996 1 1030 3 610 4 1499 1 
1501 6 1995 5 1503 10 2128 7 
1791 7 1793 6 484 5 1414 9 
235 4 615 5 395 5 1526 5 
234 6 614 5 604 4 1525 6 
936 8 547 7 930 4 
804 6 618 2 2468 5 153 6 
2467 6 621 3 152 2 617 2 
151 4 620 7 1612 4 2470 7 
623 5 150 6 2469 5 619 7 
1612 4 2472 8 618 3 149 3 
799 3 375 6 696 6 1526 4 
620 5 145 5 
1688 3 812 4 643 4 625 5 
630 4 642 5 624 5 1687 4 
627 3 637 3 1680 3 633 3 
626 3 1679 4 628 5 636 6 
627 5 635 3 629 3 1682 3 
634 3 1261 1 1681 2 628 3 
631 4 625 4 1684 6 641 5 
632 6 640 4 630 4 1683 4 
631 6 639 7 633 6 1686 7 
638 3 632 6 1685 3 626 3 
629 3 635 3 1677 5 823 5 
634 3 628 3 636 4 1678 2 
1675 7 627 6 637 6 635 4 
626 3 636 6 1676 8 638 3 
639 4 633 3 637 3 1673 6 
638 4 632 7 640 5 1674 5 
631 4 639 5 641 5 1671 5 
642 6 640 5 630 5 1672 5 
625 5 641 6 1669 4 643 4 
624 4 460 3 1670 2 642 4 
169 3 1768 6 647 5 645 8 
2488 7 841 6 644 8 168 10 
647 5 255 4 172 4 648 3 
171 5 646 5 254 6 644 5 
646 3 170 3 
1880 6 94 4 650 4 835 3 
1879 3 984 4 834 4 649 4 
2439 6 845 4 
1535 5 679 7 653 5 657 7 
1536 5 678 6 474 4 652 5 
661 6 673 6 655 7 1539 6 
656 5 1540 6 672 5 654 7 
657 6 655 5 1537 4 671 4 
1538 7 656 6 670 10 652 7 
854 3 677 8 659 3 1543 7 
676 4 1544 4 660 3 658 3 
1541 3 675 4 659 3 661 5 
1542 4 654 6 674 5 660 5 
663 2 2440 1 2041 8 667 3 
662 2 2042 5 869 6 2439 5 
1244 3 669 3 1455 5 1466 3 
666 4 2043 2 
665 4 2044 10 2442 5 667 6 
2045 3 2441 5 666 6 662 3 
842 5 2400 3 91 3 196 4 
1454 7 1243 3 664 3 2189 6 
2322 7 679 10 671 8 657 10 
672 4 2321 5 670 8 656 4 
671 4 673 4 2324 3 655 5 
674 5 672 4 2323 6 654 6 
673 5 2318 7 661 5 675 4 
660 4 676 5 2317 3 674 4 
2320 4 677 9 659 4 675 5 
676 9 1272 11 658 8 2319 7 
679 8 653 6 2328 6 874 5 
678 8 652 7 2327 6 670 10 
935 7 681 3 687 6 
680 3 934 4 682 7 
683 6 681 7 937 10 377 6 
682 6 936 6 
383 4 609 4 939 4 685 4 
938 6 686 5 382 5 684 4 
685 5 687 6 941 4 381 4 
686 6 940 8 680 6 380 5 
689 2 923 5 691 3 933 5 
922 3 688 2 932 4 907 7 
925 9 693 4 712 6 691 5 
688 3 924 5 233 4 690 5 
695 10 693 7 929 9 919 9 
692 7 690 4 928 4 918 4 
695 8 921 9 697 7 927 7 
692 10 926 5 694 8 920 7 
697 7 917 6 622 6 501 8 
799 4 696 7 916 8 694 7 
2190 3 1248 7 1459 4 709 4 
700 2 907 7 922 3 749 5 
699 2 2304 4 701 6 906 5 
739 10 909 9 702 10 700 6 
738 6 701 10 703 8 908 5 
911 7 702 8 704 7 737 4 
910 6 705 4 736 7 703 7 
743 2 704 4 913 1 706 4 
912 4 2283 9 705 4 707 5 
915 4 2277 6 706 5 708 3 
914 4 2271 7 1980 5 707 3 
1458 6 2201 4 698 4 1247 3 
894 2 711 2 50 3 
1031 3 49 2 893 5 710 2 
233 5 690 6 928 6 1528 5 
1346 7 907 8 714 5 932 5 
1347 5 906 7 713 5 722 5 
2179 4 2185 5 1425 5 205 5 
915 5 1352 6 719 4 717 5 
1322 7 1353 6 716 5 914 5 
1354 6 913 1 719 2 721 3 
1355 3 718 2 716 4 912 2 
911 6 721 5 723 5 1348 7 
910 5 720 5 718 3 1349 7 
909 6 723 5 1350 4 714 5 
720 5 908 3 722 5 1351 4 
1089 6 2261 5 157 8 1594 4 
199 5 1427 4 2183 4 2185 4 
729 6 127 3 727 4 1087 2 
126 4 726 4 950 5 1086 3 
1085 7 731 3 729 7 129 4 
726 6 128 9 728 7 1084 10 
731 3 1083 6 123 5 733 5 
728 3 730 3 122 4 1082 2 
1081 6 733 6 735 8 125 7 
1080 3 732 6 124 3 730 5 
1336 6 1092 5 131 4 735 7 
732 8 130 6 1091 7 734 7 
135 5 743 5 737 4 704 7 
736 4 738 2 134 6 703 4 
702 6 739 6 737 2 137 3 
738 6 701 10 136 5 2304 8 
1203 5 741 4 1587 6 747 5 
2281 2 740 4 1202 2 1586 1 
2430 6 1662 5 1240 7 593 5 
736 5 705 2 2283 7 140 3 
2203 7 745 6 1215 9 1583 6 
1214 4 1582 2 744 6 746 4 
747 4 1585 3 1213 6 745 4 
746 4 1584 4 740 5 1212 2 
2305 4 957 6 1579 6 1211 6 
132 6 556 6 2304 7 699 5 
1658 3 751 2 2264 2 2438 7 
2437 3 183 4 750 2 1659 3 
1415 4 2299 8 753 4 569 7 
754 3 2298 4 752 4 1414 5 
755 8 1417 6 2297 3 753 3 
1416 8 754 8 756 8 2296 7 
757 3 1419 6 755 8 2303 6 
756 3 1418 3 2302 5 758 2 
757 2 1421 2 759 4 1270 3 
1420 4 758 4 1269 4 760 9 
761 9 779 9 1413 7 759 9 
760 9 771 5 974 4 1412 3 
2404 8 1817 7 1012 4 1516 6 
2416 4 766 2 764 2 1392 4 
1391 3 763 2 2415 2 769 5 
2361 7 766 5 1394 5 2414 6 
2413 5 763 2 765 5 1393 5 
768 2 990 6 2407 5 1515 6 
2406 1 767 2 1012 2 1514 3 
764 5 2418 7 1396 5 770 7 
232 5 1395 6 2417 5 769 7 
761 5 268 4 779 5 801 8 
2056 4 776 3 
2052 4 774 5 999 3 
773 5 2051 5 775 5 
776 4 774 5 2054 6 
775 4 772 3 2053 3 
2080 4 1300 3 952 4 2502 9 
373 5 397 3 780 8 951 4 
800 4 760 9 771 5 1269 4 
374 9 954 8 778 8 396 7 
1355 4 76 4 782 4 784 7 
75 7 781 4 787 2 1354 7 
78 3 2078 5 784 7 1353 6 
77 7 1352 8 783 7 781 7 
1351 3 72 2 786 3 788 5 
71 4 790 4 1350 3 785 3 
74 4 788 4 782 2 1349 5 
787 4 73 6 785 5 1348 8 
402 8 956 6 368 8 962 7 
791 4 70 4 786 4 1347 5 
69 4 1346 6 790 4 1498 3 
953 1 1295 2 955 3 2505 2 
794 9 796 9 2508 11 143 8 
793 9 142 7 955 5 2507 5 
1010 2 1410 4 958 8 960 3 
793 9 2509 5 155 5 959 4 
366 6 1146 7 394 5 962 5 
319 2 1700 3 
697 4 1525 5 622 3 927 4 
779 4 807 3 801 7 15 4 
302 8 14 6 800 7 771 8 
11 3 805 4 2297 2 803 3 
808 4 10 4 802 3 2296 3 
617 6 805 7 2299 9 9 6 
2298 6 8 6 804 7 802 4 
809 6 807 4 7 4 1270 4 
1269 3 800 3 806 4 6 3 
803 4 2303 6 5 3 809 6 
806 6 808 6 2302 8 4 6 
811 6 466 4 1523 6 819 6 
1522 6 1788 5 465 5 810 6 
624 4 460 3 1519 2 813 5 
459 4 1518 4 814 7 812 5 
815 7 813 7 1521 6 458 7 
814 7 457 4 816 6 1520 4 
464 10 1515 7 817 6 815 6 
1514 6 816 6 463 6 818 5 
462 4 1517 2 819 4 817 5 
1516 6 818 4 461 5 810 6 
1568 5 1235 5 185 7 821 9 
1236 7 1567 7 822 9 820 9 
1566 6 821 9 
824 5 1134 8 1261 3 634 5 
827 4 823 5 1260 6 1135 3 
826 10 828 11 1128 10 2487 8 
2486 8 825 10 831 3 1129 5 
1257 3 824 4 828 5 1126 4 
2479 7 827 5 825 11 1127 5 
832 4 1255 4 830 3 1132 4 
1017 6 1133 3 829 3 2475 2 
826 3 832 3 1130 6 2474 3 
831 3 1131 3 2473 6 829 4 
173 5 1590 4 1600 6 2255 7 
27 5 650 4 2381 6 835 3 
838 1 26 3 649 3 834 3 
21 7 92 6 839 6 837 6 
842 5 91 3 20 3 836 6 
835 1 19 4 94 2 839 2 
93 6 836 6 838 2 18 6 
25 7 841 4 88 7 843 8 
24 4 87 4 645 6 840 4 
668 5 837 5 843 8 23 5 
196 7 842 8 22 7 840 8 
2244 3 847 4 845 2 
2243 8 844 2 651 4 
452 5 847 7 849 6 2242 5 
844 4 846 7 2241 9 
849 5 2240 6 449 5 851 5 
848 5 2239 4 846 6 448 3 
851 5 2238 4 853 4 451 4 
2237 6 450 4 850 5 848 5 
2246 6 446 5 1959 5 853 5 
467 2 852 5 2245 2 850 4 
987 2 658 3 1272 6 855 3 
862 6 1271 6 854 3 988 5 
1280 4 905 3 859 1 857 5 
1279 9 2018 5 1046 8 856 5 
1917 7 859 5 1278 7 861 8 
1927 3 1277 2 858 5 856 1 
1276 5 863 6 1912 4 861 7 
1914 5 858 8 860 7 1275 5 
855 6 63 7 863 6 1689 4 
860 6 978 7 62 6 862 6 
2246 5 865 6 2191 5 598 5 
2192 5 864 6 2245 4 870 7 
2242 2 2197 5 873 3 867 3 
2198 7 2241 8 868 6 866 3 
869 8 2244 6 867 6 2199 4 
868 8 2200 6 663 6 2243 11 
2238 5 2193 5 865 7 871 6 
872 6 2237 6 870 6 2194 3 
2240 7 2195 4 871 6 873 6 
2196 6 866 3 872 6 2239 4 
678 5 474 3 875 5 2116 4 
876 5 473 8 2115 7 874 5 
875 5 472 3 2118 5 
1762 2 471 3 878 3 2447 4 
2446 6 879 4 877 3 1761 7 
878 4 1760 4 880 3 2449 7 
1759 6 881 3 879 3 2448 3 
1766 5 880 3 882 4 2451 6 
881 4 495 4 2450 4 883 5 
1764 5 392 5 882 5 2453 7 
2480 4 1524 4 2429 3 890 3 
598 4 2337 2 886 6 2191 4 
887 7 2336 6 599 8 885 6 
886 7 2339 6 888 4 600 6 
601 4 2338 7 887 4 889 4 
1444 3 469 6 594 5 888 4 
2432 1 1545 3 884 3 2393 2 
2455 5 1758 3 2159 5 471 3 
597 4 453 4 2342 6 470 4 
950 7 894 5 711 5 1086 5 
893 5 710 2 949 1 
2287 5 902 6 896 5 1461 7 
2344 4 895 5 2286 6 1647 6 
900 3 2339 4 485 3 2279 2 
2380 4 980 5 904 6 2354 7 
1586 3 2281 4 2337 3 900 5 
897 3 2336 4 2280 4 899 5 
489 4 1451 4 902 5 1224 5 
2342 7 895 6 901 5 2282 9 
489 5 2285 9 1444 3 485 5 
2379 5 898 6 2353 6 1171 5 
2018 3 1888 7 1927 5 856 3 
714 7 909 8 907 10 700 5 
699 7 713 8 906 10 689 7 
723 3 909 4 702 5 911 4 
908 4 906 8 722 6 701 9 
721 5 911 6 704 6 913 3 
720 6 910 6 703 7 908 4 
913 1 706 4 915 3 719 2 
912 1 718 1 705 1 910 3 
708 4 1093 7 717 5 915 5 
716 5 707 4 912 3 914 5 
917 7 921 10 558 9 697 8 
916 7 696 6 1106 4 557 3 
919 6 925 9 693 4 552 7 
920 6 918 6 551 4 692 9 
919 6 550 4 695 7 921 8 
549 6 916 10 694 9 920 8 
689 3 923 6 556 4 699 3 
555 8 922 6 688 5 924 7 
925 9 554 5 923 7 691 5 
924 9 690 9 918 9 553 10 
695 5 929 4 1531 1 927 4 
1532 7 926 4 799 4 694 7 
1533 4 693 4 712 6 929 6 
1534 5 926 4 692 9 928 6 
548 4 616 4 
2360 8 1066 4 2374 4 1251 6 
1529 4 689 4 933 7 713 5 
233 6 1530 9 932 7 688 5 
681 4 546 5 937 7 935 8 
680 7 940 9 545 9 934 8 
937 10 616 8 683 6 544 7 
936 10 543 7 682 10 934 7 
685 6 939 6 941 5 542 6 
938 6 684 4 541 5 1989 7 
540 5 941 6 935 9 687 8 
940 6 539 4 938 5 686 4 
1588 3 989 5 1911 5 
2360 6 1609 1 12 5 944 5 
948 8 2359 8 13 8 943 5 
2352 3 946 4 947 2 
945 4 2028 4 120 5 2351 4 
2353 4 945 2 
944 8 2358 6 
950 3 894 1 
893 7 949 3 727 5 
1014 7 372 5 398 5 778 4 
1908 6 1299 5 2501 6 777 4 
2080 3 792 1 2504 3 1298 2 
375 5 395 3 780 8 1526 3 
2506 3 1296 4 794 5 792 3 
401 2 789 6 1013 6 369 4 
1408 5 1003 6 748 6 958 10 
1407 9 795 8 957 10 1002 8 
156 4 796 4 2510 2 
1409 3 961 3 1009 5 795 3 
1008 6 960 3 1411 3 
393 3 367 3 789 7 797 5 
964 5 325 5 966 6 
324 5 963 5 
966 7 1385 6 323 5 1701 6 
571 6 965 7 963 6 322 5 
968 7 1164 8 275 8 1226 7 
1225 5 967 7 274 4 971 4 
1228 4 273 7 970 7 972 6 
272 4 969 7 1227 6 975 4 
271 9 972 5 1230 7 968 4 
971 5 270 6 969 6 1229 8 
976 7 974 7 1232 11 269 7 
761 4 973 7 1231 3 268 3 
1234 2 976 2 267 3 970 4 
1233 3 973 7 975 2 266 3 
2376 5 2358 5 1251 6 1114 5 
1689 5 863 7 1912 5 1885 9 
2378 7 1114 7 980 6 2356 7 
2377 4 898 5 2355 4 979 6 
2394 3 2434 6 1545 3 982 6 
2433 6 981 6 2484 6 983 9 
1569 7 2436 7 982 9 2483 4 
2351 4 650 4 1171 5 2381 6 
2438 7 1569 5 986 4 2372 7 
2437 5 2476 6 1185 6 985 4 
854 2 1543 6 988 4 1882 6 
1689 3 1881 10 987 4 855 5 
942 5 570 7 2472 9 1267 5 
2269 7 1520 5 767 6 2408 8 
1888 5 2015 3 992 1 994 7 
1191 2 991 1 1887 2 2014 2 
2013 8 1890 6 994 9 996 3 
2012 10 1889 9 993 9 991 7 
996 3 2011 4 1884 5 998 4 
995 3 1883 3 993 3 2010 3 
1000 6 998 5 1886 4 2009 6 
1885 6 997 5 2008 3 995 4 
1882 6 773 3 1000 4 
997 6 1881 10 2017 3 999 4 
2411 6 1637 9 1011 8 1519 4 
1010 2 958 8 169 2 1003 4 
957 6 168 7 1211 6 1002 4 
1367 4 1005 6 1048 3 1727 3 
1004 6 1728 9 1377 8 1007 6 
482 6 1724 4 1047 4 
1365 2 1005 6 1069 6 1722 4 
961 6 1009 8 170 7 
172 5 960 5 1008 8 1010 4 
795 2 1002 2 1009 4 171 3 
2269 7 1518 5 1001 8 2410 9 
1517 2 768 2 2405 4 762 4 
400 6 1014 9 370 9 956 6 
951 7 399 7 1013 9 371 7 
1085 6 1036 5 212 3 1021 4 
1027 3 1332 5 1058 4 1017 7 
1333 7 1057 9 830 6 1016 7 
1019 4 1401 5 184 5 
1020 5 1400 9 1018 4 
1019 5 1399 6 
211 4 1748 5 1015 4 1084 8 
1330 3 1023 1 1056 4 1310 4 
1055 1 1331 3 1022 1 1318 6 
1167 4 1025 3 1436 3 
1024 3 1026 6 1435 6 1166 4 
1312 11 1025 6 1441 8 1163 7 
1311 3 1327 4 1016 3 1051 3 
1323 6 1439 6 1312 8 1165 4 
1311 6 1049 7 1325 5 1318 9 
611 3 487 4 2030 5 
711 3 1748 5 209 5 1086 3 
1033 3 216 3 526 3 1081 4 
1032 3 1080 2 215 4 1035 4 
2345 8 2343 5 125 6 2152 4 
214 4 1033 4 1036 6 1083 6 
1015 5 1035 6 1082 5 213 5 
1040 6 1077 4 1038 5 1174 6 
1975 4 1076 5 1045 6 1037 5 
1075 3 1040 5 1172 2 1042 2 
1039 5 1173 4 1074 6 1037 6 
1073 5 1178 6 1042 3 1044 6 
1179 3 1041 3 1039 2 1072 3 
1071 8 1249 4 1044 7 1976 10 
1070 8 1043 7 1978 5 1041 6 
1991 6 1046 7 1038 6 1079 4 
1045 7 1997 5 857 8 1078 4 
1048 3 1725 6 1006 4 481 7 
1004 3 1047 3 1726 4 1368 4 
1052 6 1029 7 1341 6 1050 8 
1318 10 1055 5 1049 8 1340 5 
1058 4 1027 3 1052 5 1343 6 
1049 6 1342 4 1051 5 1311 5 
1337 6 1054 9 1310 8 1056 8 
1336 8 131 6 1053 9 1309 10 
1023 1 1339 5 1050 5 1056 4 
1338 7 1022 4 1053 8 1055 4 
1017 9 1058 6 2475 5 1335 6 
1051 4 1057 6 1334 4 1016 4 
1060 5 1068 5 1970 3 2096 4 
1059 5 1969 5 2095 7 1061 5 
1972 5 2094 5 1060 5 1062 2 
1063 3 1971 3 1061 2 2093 5 
1062 3 2100 6 1966 5 1064 3 
1065 6 1965 2 1063 3 2099 5 
1968 8 1066 7 1064 6 2098 7 
1065 7 1967 3 931 4 2097 2 
1623 7 1974 5 2092 5 1068 6 
1973 6 1059 5 2091 6 1067 6 
1723 5 1364 8 1007 6 1201 8 
1044 8 1073 7 1071 9 1769 6 
1767 7 1043 8 2178 5 1070 9 
1073 5 1771 4 1075 4 1042 3 
1770 6 1072 5 1041 5 1070 7 
1375 5 1075 4 1040 6 1077 4 
1039 3 1358 3 1074 4 1072 4 
1079 3 1038 5 2444 6 1077 4 
2395 4 1037 4 1074 4 1076 4 
1954 2 1279 5 1079 1 1046 4 
1076 3 1953 5 1045 4 1078 1 
1083 4 1081 3 733 3 1033 2 
1091 5 1080 3 732 6 1032 4 
731 2 1085 6 1083 5 1036 5 
1080 4 730 6 1035 6 1082 5 
1021 8 1085 10 729 10 1087 6 
728 7 1015 6 1082 6 1084 10 
893 5 1087 1 1031 3 727 3 
1748 3 1086 1 1084 6 726 2 
2446 6 1460 5 2201 3 1458 5 
1593 5 2254 8 724 6 1090 3 
1592 3 392 2 2253 4 1089 3 
1081 5 1092 5 526 4 735 7 
734 5 1091 5 525 3 1284 6 
1980 8 914 7 1322 9 1094 6 
1099 4 1979 3 1321 2 1093 6 
1316 6 1096 5 1102 6 1982 4 
1981 5 1315 4 1095 5 1097 5 
1984 7 1098 3 1314 3 1096 5 
1313 4 1983 2 1097 3 1294 2 
1320 4 1094 4 1986 5 1100 5 
1101 4 1985 6 1319 4 1099 5 
335 3 1100 4 1988 2 1102 5 
1317 6 1987 7 1095 6 1101 5 
1908 6 1104 3 1299 5 506 7 
1103 3 1111 4 505 3 1907 2 
502 5 1106 3 1108 6 1161 3 
1105 3 501 6 917 4 1160 4 
1159 3 504 6 1108 5 1110 3 
1158 6 503 6 1105 6 1107 5 
1110 5 1157 4 1112 7 498 5 
1109 5 497 4 1107 3 1156 5 
500 6 1910 7 1112 8 1104 4 
1109 7 1111 8 499 6 1909 8 
1125 3 1824 6 2341 4 1157 3 
979 7 2357 5 977 5 2375 5 
1116 3 1122 5 180 2 1304 3 
1115 3 1303 5 181 6 1117 3 
182 5 1302 3 1118 3 1116 3 
1301 3 1659 4 1117 3 183 5 
1308 7 1124 7 176 5 1120 7 
1307 5 177 7 1119 7 1121 5 
1306 3 1122 5 178 6 1120 5 
1121 5 1115 5 179 5 1305 4 
174 3 1294 2 1124 4 1313 4 
1119 7 1293 5 1123 4 175 6 
1113 3 1432 2 1156 4 1823 6 
1127 4 827 4 1135 3 1175 4 
1126 4 1128 4 828 5 1170 2 
1169 5 1127 4 825 10 1129 5 
826 5 1130 8 1128 5 1168 4 
1131 6 1129 8 831 6 1189 6 
832 3 1130 6 1188 3 1132 3 
1133 4 2445 4 1131 3 829 4 
1132 4 1333 4 830 3 2443 5 
1135 6 1469 9 1677 8 823 8 
1134 6 1126 3 824 3 1468 2 
1137 6 1681 6 1261 5 1487 8 
1136 6 1486 2 1260 5 1142 5 
1481 8 1139 7 1145 6 2474 8 
1140 5 2473 5 1138 7 1480 4 
1139 5 1479 5 1141 6 1255 6 
1478 6 1335 4 2475 3 1140 6 
1257 5 1143 8 1485 7 1137 5 
1144 6 1484 5 1142 8 2479 8 
1143 6 1145 2 2487 2 1483 8 
1138 6 1482 5 1144 2 2486 6 
535 7 797 7 222 9 1147 8 
1146 8 536 8 1148 7 221 7 
1149 7 220 4 537 6 1147 7 
1148 7 538 9 1150 5 219 7 
1151 5 226 2 531 2 1149 5 
225 8 1152 6 1150 5 532 6 
1151 6 224 6 533 6 1153 5 
1154 7 534 5 223 5 1152 5 
529 9 1155 5 1153 7 218 7 
530 2 1154 5 217 3 
1157 4 1125 4 1159 5 1110 5 
1156 4 1109 4 1909 5 1113 3 
1108 6 1161 3 1159 4 1433 2 
1107 3 1158 4 1432 3 1156 5 
557 3 1161 4 1106 4 1437 3 
1434 3 1160 4 1158 3 1105 3 
1163 4 111 9 1165 4 1312 8 
1162 4 110 2 1026 7 1166 5 
1165 4 967 8 1323 6 109 3 
1164 4 1162 4 108 4 1028 4 
107 7 1167 5 1163 5 1025 4 
1024 4 106 2 1166 5 
1189 2 1169 4 5 2 1129 4 
1128 5 1168 4 4 5 1170 3 
7 2 1175 2 1169 3 1127 2 
2352 4 984 5 904 5 2382 4 
1173 1 1179 3 1734 4 1039 2 
1172 1 1733 4 1040 4 1174 4 
1732 7 1173 4 1037 6 1975 5 
1468 3 1126 4 1170 2 6 3 
480 3 440 2 1177 1 2233 1 
1182 4 439 2 2232 1 1176 1 
1179 6 1041 6 1736 6 1978 5 
1172 3 1178 6 1042 3 1735 6 
2224 3 438 5 1183 1 1181 2 
1186 3 437 6 2223 4 1180 2 
1177 4 436 8 1183 4 2226 5 
435 4 1180 1 1182 4 2225 2 
1185 7 1187 7 2228 7 434 4 
1184 7 2227 6 986 6 433 6 
1187 5 1181 3 432 3 2230 3 
1186 5 431 7 1184 7 2229 5 
2445 4 11 4 1189 3 1131 3 
1188 3 10 3 1168 2 1130 6 
1730 4 1193 5 1838 4 1191 3 
1837 3 1729 3 992 2 1190 3 
1846 7 1195 5 1193 6 1732 6 
1845 4 1192 6 1190 5 1731 6 
1197 6 1734 4 1844 4 1195 3 
1733 6 1192 5 1843 5 1194 3 
1842 7 1197 9 1199 6 1736 6 
1841 6 1735 9 1194 6 1196 9 
1199 4 1738 5 1380 3 1840 5 
1198 4 1737 4 1196 6 1839 3 
1873 3 493 5 1864 5 1201 5 
1874 6 1863 7 1069 8 1200 5 
2368 2 1203 3 741 2 27 4 
740 5 1202 3 1212 2 26 4 
1860 3 1869 2 1205 2 1207 5 
1870 5 2101 2 1204 2 1859 3 
1207 4 1871 2 2129 6 1858 3 
1872 5 1206 4 1857 7 1204 5 
1209 1 1215 5 2203 3 23 2 
1208 1 1210 3 22 3 2306 4 
1209 3 1211 6 2305 4 25 6 
1210 6 748 6 1003 6 24 7 
19 4 1213 4 1203 2 747 2 
18 8 1212 4 1214 6 746 6 
745 4 1215 7 1213 6 21 5 
1208 5 1214 7 20 6 744 9 
1217 4 456 2 
1219 5 1216 4 455 8 1754 6 
2465 5 2383 3 2270 6 
1217 5 1402 4 
1660 6 2432 3 1223 5 1240 7 
376 6 32 5 1683 4 2222 6 
2276 6 2389 5 2274 4 
2431 3 2265 4 1220 5 1661 5 
2284 6 2282 9 2366 9 901 5 
968 5 1263 5 1226 5 1230 8 
1323 5 1262 6 1225 5 967 7 
1228 3 1234 4 2477 3 970 6 
1227 3 969 4 1229 6 1254 4 
1253 8 1228 6 1230 10 972 8 
971 7 1225 8 1229 10 1252 9 
1232 7 1412 2 1259 5 974 3 
1258 9 1231 7 973 11 1233 7 
976 3 1234 3 1232 7 2485 3 
975 2 1233 3 1227 4 1256 5 
1238 6 820 5 1236 3 
1235 3 821 7 
184 5 1238 7 
185 8 1235 6 1237 7 
39 4 12 7 1706 5 1609 3 
2429 5 1663 6 1220 7 742 7 
2037 6 1242 7 2190 5 1248 9 
2038 7 2189 8 1241 7 1243 5 
1244 3 669 3 1242 5 2035 6 
1243 3 2036 4 664 3 1431 5 
1246 6 2033 5 1250 7 2202 7 
1245 6 2201 3 2034 4 1247 2 
1248 6 2031 4 1246 2 709 3 
1247 6 698 7 1241 9 2032 12 
1043 4 2039 2 2178 1 1250 3 
2177 4 2040 4 1245 7 1249 3 
2359 7 2373 9 977 6 931 6 
1253 7 1263 6 1230 9 1858 7 
1254 6 1229 8 1252 7 1857 6 
1253 6 1228 4 1860 5 2477 4 
2475 3 829 4 2473 6 1140 6 
1862 8 2477 4 1234 5 2485 5 
827 3 1142 5 2479 5 1260 5 
1232 9 1259 7 2485 5 1864 7 
1258 7 588 6 1231 5 1863 7 
1261 4 1137 5 824 6 1257 5 
1260 4 1136 5 629 1 823 3 
1226 6 1263 6 1866 7 1438 8 
1865 6 1225 5 1262 6 1252 6 
1993 6 1265 5 508 5 560 5 
1992 3 1264 5 563 6 507 6 
1385 4 1614 3 562 4 
2471 3 1911 5 989 5 1268 3 
2470 6 1913 3 1267 3 
807 3 1270 3 759 4 779 4 
1269 3 2302 6 758 3 806 4 
63 7 1272 9 855 6 1796 7 
677 11 854 6 1271 9 1795 9 
38 3 1327 5 149 2 1274 5 
148 6 64 6 1273 5 1326 8 
1276 3 1278 4 861 5 1804 4 
860 5 1803 8 1275 3 62 5 
1280 5 859 2 1278 4 1798 4 
1797 6 858 7 1275 4 1277 4 
1280 8 857 9 1078 5 1800 7 
1279 8 1277 5 856 4 1799 4 
1282 6 1288 3 361 6 1339 7 
1338 7 1281 6 360 6 1283 5 
1284 5 1337 3 1282 5 363 6 
1283 5 362 5 1092 6 1336 7 
1286 5 357 5 1292 5 1343 7 
1285 5 356 8 1287 4 1342 3 
1341 5 359 6 1286 4 1288 3 
1281 3 1340 1 1287 3 358 3 
1290 4 173 4 2092 5 2148 6 
1289 4 2147 6 2091 4 102 3 
365 3 1478 4 1292 2 1335 2 
364 2 1285 5 1334 4 1291 2 
1828 6 1124 5 1294 3 1308 5 
1827 6 1123 2 1293 3 1098 2 
339 6 1296 3 1298 3 792 2 
955 4 142 6 338 3 1295 3 
1298 4 341 4 2080 5 1300 4 
340 5 1295 3 1297 4 953 2 
952 5 1300 4 1103 5 343 4 
342 4 777 3 1299 4 1297 4 
1496 4 1118 3 1302 3 1834 6 
1301 3 1117 3 1833 4 1303 5 
1116 5 1836 7 1304 5 1302 5 
1835 3 1305 2 1115 3 1303 5 
1830 3 1304 2 1306 2 1122 4 
1121 3 1305 2 1307 3 1829 4 
1120 5 1308 5 1832 8 1306 3 
1119 7 1307 5 1293 5 1831 6 
1450 8 1328 10 1054 10 1310 9 
1329 5 1053 8 1022 4 1309 9 
1029 6 1326 7 1027 3 1052 5 
1028 8 1026 11 1440 7 1162 8 
1098 4 352 4 1314 4 1123 4 
1097 3 1315 2 353 2 1313 4 
1316 5 1096 4 1314 2 354 6 
1315 5 355 7 1095 6 1317 6 
1102 6 335 4 1316 6 348 3 
1324 9 1050 10 1029 9 1023 6 
1320 3 350 4 1100 4 335 3 
1319 3 1099 4 1321 2 351 3 
1322 5 1320 2 1094 2 346 5 
717 7 1321 5 347 7 1093 9 
1028 6 1226 5 1164 6 1438 7 
1331 6 65 4 1318 9 1325 5 
1029 5 1326 6 64 4 1324 5 
1327 8 1311 7 1325 6 1274 8 
1326 8 1273 5 1027 4 1332 6 
118 8 1309 10 2155 8 1329 6 
1310 5 1330 4 68 5 1328 6 
1022 3 67 5 1329 4 1331 5 
1324 6 1330 5 1023 3 66 3 
1016 5 38 4 1327 6 1333 5 
57 7 1017 7 1133 4 1332 5 
1335 4 1058 4 1292 4 1343 6 
1334 4 1141 4 1291 2 1057 6 
734 6 1054 8 1337 5 1284 7 
1338 5 1053 6 1283 3 1336 5 
1282 7 1337 5 1339 8 1056 7 
1338 8 1281 7 1055 5 1340 5 
1341 3 1288 1 1339 5 1050 5 
1340 3 1287 5 1342 4 1049 6 
1052 4 1286 3 1341 4 1343 5 
1285 7 1334 6 1051 6 1342 5 
1656 5 1849 7 2148 6 1345 3 
2147 5 407 5 1344 3 1655 5 
791 6 713 7 1529 6 1347 7 
714 5 790 5 1346 7 1350 4 
1349 9 1351 6 788 8 720 7 
1348 9 1354 10 721 7 787 5 
722 4 786 3 1351 3 1347 4 
785 3 1350 3 723 4 1348 6 
784 8 716 6 1355 5 1353 7 
717 6 783 6 1352 7 347 6 
718 6 1349 10 782 7 1355 7 
719 3 781 4 1352 5 1354 7 
308 6 1357 8 1626 11 2332 4 
1625 7 307 6 2122 7 1356 8 
1771 3 1075 3 86 3 1375 4 
581 5 217 5 2110 3 
2205 6 473 7 1361 6 
474 5 1360 6 2204 7 1536 6 
296 3 2079 4 1371 3 1363 4 
2078 5 295 5 1362 4 78 3 
588 6 1069 8 1863 7 1365 4 
1007 2 584 2 1364 4 1377 4 
479 5 2074 4 1369 4 290 5 
1004 4 1787 6 1377 6 1368 5 
1367 5 481 8 1790 6 1048 4 
480 4 287 3 2075 3 1366 4 
286 5 1373 3 2070 3 1371 3 
285 6 2069 6 1362 3 1370 3 
1373 6 479 7 2072 6 284 8 
1372 6 1370 3 283 2 2071 3 
2311 4 30 7 1895 5 1556 7 
1074 5 2395 5 85 4 1358 4 
1632 6 300 8 2326 6 1443 8 
1367 6 1005 8 591 7 1365 4 
1379 5 13 6 
3 3 1378 5 39 4 12 7 
2392 3 379 2 1198 3 1381 3 
1380 3 378 4 2391 6 1386 4 
1389 2 385 4 1383 5 2386 2 
2385 5 1382 5 384 5 1384 7 
2046 5 2384 7 387 8 1383 7 
1266 4 580 5 571 5 965 6 
1387 4 389 6 2390 4 1381 4 
1386 4 388 7 1388 5 2389 4 
2388 5 1389 4 391 6 1387 5 
390 3 2387 5 1382 2 1388 4 
2361 6 1394 4 1724 4 
764 3 1392 5 1728 6 1396 3 
1391 5 1727 5 763 4 1393 7 
1394 5 1392 7 766 5 1726 6 
1393 5 1725 6 1390 4 765 5 
1901 5 770 6 1396 4 1723 3 
1722 4 1395 4 769 5 1391 3 
2047 3 1398 5 121 5 2127 6 
119 5 1397 5 2048 5 
1400 10 1020 6 2333 3 
1399 10 1019 9 2335 9 1401 10 
1400 10 1018 5 2334 4 1564 5 
1951 4 1403 6 1754 5 1219 4 
1753 6 1402 6 1404 7 1950 6 
1949 6 1751 6 1405 5 1403 7 
1750 4 1404 5 
2115 4 585 3 587 1 1641 4 
1929 6 1410 5 1408 4 958 9 
1928 3 1579 5 957 5 1407 4 
960 3 1410 4 1932 5 1411 3 
1409 4 1931 3 1407 5 795 4 
1409 3 961 3 1930 3 
1231 2 588 3 1413 1 761 3 
1420 2 760 7 584 2 1412 1 
1417 8 1415 5 613 9 753 5 
752 4 1414 5 1589 3 1793 2 
1792 8 755 8 1417 6 1419 6 
754 6 1416 6 1414 8 1791 6 
757 3 1421 3 1790 6 1419 6 
756 6 1789 6 1416 6 1418 6 
1413 2 759 4 591 5 1421 2 
758 2 1418 3 1787 4 1420 2 
2181 2 1473 4 1602 6 1423 1 
1472 3 1422 1 1424 7 2182 3 
1471 8 1425 8 2179 7 1423 7 
1426 6 1424 8 1470 5 715 5 
1425 6 2185 6 1477 6 1427 6 
1428 5 1476 5 725 4 1426 6 
1427 5 1429 5 2183 5 1475 6 
1428 5 1474 6 2184 5 1430 4 
1431 6 2187 6 1429 4 1467 6 
1430 6 2188 7 1466 5 1244 5 
1125 2 1433 1 1822 4 1159 3 
1432 1 1821 5 1434 2 1158 2 
1161 3 1433 2 1437 2 1820 4 
1436 6 1441 8 1025 6 
1435 6 1024 3 
310 3 1160 3 1434 2 1819 1 
121 6 1439 7 1262 8 1323 7 
1028 6 1440 5 119 6 1438 7 
1439 5 1441 4 1312 7 1707 2 
1440 4 1435 8 1026 8 
1465 9 1826 7 1910 6 2341 5 
2329 7 299 4 1631 7 1376 8 
889 3 903 3 2338 6 2340 1 
1453 3 1446 5 2498 3 
1447 6 1445 5 2497 4 
1446 6 2500 5 1448 8 
1449 6 2499 8 1447 8 
1448 6 2494 1 
2343 5 1309 8 131 4 2155 6 
2342 6 2340 3 901 4 470 4 
146 6 1453 5 2490 4 
1445 3 1452 5 2489 3 
2453 9 669 7 1457 9 1455 9 
1616 7 1454 9 664 5 2452 5 
1459 5 2190 4 1457 6 2451 6 
1454 9 1456 6 2450 6 2189 8 
2449 8 709 6 1459 6 1088 5 
1456 5 1458 6 2448 5 698 4 
2447 6 1088 5 1463 7 2202 6 
2342 8 453 6 2344 6 895 7 
2178 4 1463 7 2455 7 1767 6 
2454 10 1462 7 1460 7 2177 5 
1816 8 2501 6 1908 6 1465 9 
1907 8 1442 9 1815 9 1464 9 
1616 5 1431 5 664 3 1467 5 
1615 5 1474 8 1430 6 1466 5 
1175 3 1469 5 15 4 1135 2 
1630 7 14 4 1134 9 1468 5 
1471 5 1425 5 1622 6 1477 5 
1470 5 1424 8 1621 5 1472 4 
1473 6 1423 3 1624 6 1471 4 
1472 6 1422 4 1974 6 1623 8 
1475 7 1429 6 1618 5 1467 8 
1474 7 1476 6 1428 6 1617 5 
1427 5 1477 5 1475 6 1620 5 
1476 5 1470 5 1426 6 1619 4 
1479 5 1141 6 1291 4 189 7 
188 3 1478 5 1140 5 1480 4 
191 5 1139 4 1479 4 1481 5 
1482 7 1138 8 1480 5 190 3 
1481 7 1483 11 1145 5 193 8 
1482 11 192 9 1484 7 1144 8 
1485 4 1143 5 195 4 1483 7 
1486 4 1484 4 194 7 1142 7 
1137 2 1485 4 1487 4 187 4 
2234 6 1486 4 186 5 1136 8 
1652 7 1667 7 1491 6 1489 10 
1666 7 1651 6 1494 7 1488 10 
1665 5 1654 6 1497 6 1491 4 
1653 5 1664 4 1488 6 1490 4 
1495 5 1493 6 1663 4 1648 4 
1647 7 1492 6 1662 6 2344 5 
1489 7 1650 4 1661 5 1495 5 
1492 5 1660 6 1649 3 1494 5 
1301 4 1497 5 1656 5 1659 5 
1496 5 1658 4 1490 6 1655 7 
1529 3 606 4 791 3 240 5 
2030 3 1990 2 611 1 609 4 
1527 6 242 5 608 6 606 5 
612 6 1994 4 2021 4 610 6 
1993 7 1503 11 2131 5 
2130 9 1992 8 1502 11 612 10 
459 2 1507 4 1505 6 1812 6 
1811 7 1670 5 460 6 1504 6 
1507 4 457 2 1509 3 1810 6 
1504 4 1506 4 1809 4 458 6 
1511 2 463 3 1808 3 1509 2 
1807 3 464 9 1506 3 1508 2 
461 5 1806 6 1513 6 1511 4 
462 4 1508 2 1510 4 1805 4 
1814 7 465 8 1513 9 
466 4 1510 6 1813 4 1512 9 
1517 3 1515 7 817 6 768 3 
816 7 1520 5 1514 7 767 6 
819 6 1517 4 1523 6 762 6 
1514 3 818 2 1012 2 1516 4 
813 4 1011 5 1519 1 1521 3 
1688 1 812 2 1001 4 1518 1 
1521 3 1515 5 990 5 815 4 
1520 3 814 6 2269 5 1518 3 
811 6 1523 6 2016 7 1818 5 
1817 7 1522 6 1516 6 810 6 
884 4 2430 5 1956 6 2481 3 
1532 8 1526 6 799 5 615 6 
1525 6 954 3 614 5 622 4 
1500 6 1528 5 1530 8 233 5 
1533 3 608 5 1527 5 712 5 
1498 3 932 4 1346 6 1530 6 
1527 8 606 7 933 9 1529 6 
1534 2 605 4 926 1 1532 4 
1525 8 927 7 604 6 1531 4 
603 3 1528 3 928 4 1534 3 
929 5 1531 2 1533 3 602 5 
652 5 1536 5 1538 5 2050 4 
653 5 2049 6 1535 5 1361 6 
1538 5 656 4 2058 3 1540 5 
2057 4 657 7 1537 5 1535 5 
2056 6 1542 4 1540 5 654 6 
655 6 2055 3 1537 5 1539 5 
2054 5 660 3 1544 4 1542 2 
661 4 1539 4 2053 2 1541 2 
1544 8 987 6 2052 7 658 7 
2051 5 1543 8 1541 4 659 4 
890 3 981 3 2431 3 2478 5 
2176 8 1547 6 1555 5 198 6 
2046 4 197 7 1546 6 2175 4 
204 6 2170 5 1720 8 1549 6 
203 3 2169 8 1550 3 1548 6 
1551 3 2168 1 206 5 1549 3 
2167 5 1550 3 205 4 1552 3 
2174 1 1551 3 200 1 1553 4 
199 6 2173 10 1552 4 1554 6 
2172 6 1555 4 1553 6 202 4 
201 2 1554 4 2171 4 1546 5 
31 6 1892 7 1374 7 2312 5 
1558 4 1773 6 
1557 4 1559 7 1772 5 
1778 9 1558 7 1560 6 59 8 
1561 5 1777 2 1559 6 58 3 
1562 5 1560 5 61 5 1776 6 
1561 5 1775 3 1628 5 60 3 
2138 5 1568 5 1564 6 185 7 
2137 4 184 5 1563 6 1401 5 
1566 6 2133 6 
1565 6 822 6 1567 4 2132 3 
1568 3 2135 6 1566 4 821 7 
820 5 1567 3 1563 5 2134 4 
983 7 2435 7 985 5 2482 5 
1575 2 1571 3 1923 5 
1572 2 1570 3 1922 5 
1571 2 1921 3 1573 1 1938 3 
1937 3 1572 1 1920 3 1576 3 
1925 7 1575 2 
1570 2 1574 2 1924 4 
1577 6 1919 6 1936 7 1573 3 
1740 6 1576 6 1935 6 1918 4 
491 5 1579 7 2305 5 1581 6 
1408 5 1578 7 490 8 748 6 
488 8 1581 8 1583 7 2203 8 
2306 6 1580 8 486 5 1578 6 
745 2 496 2 1583 2 1585 1 
1580 7 1582 2 1765 5 744 6 
494 6 1585 3 747 4 1587 5 
492 4 746 3 1584 3 1582 1 
899 3 1756 3 1587 3 741 1 
1586 3 740 6 1755 3 1584 5 
1589 4 942 3 570 5 
1588 4 1613 3 569 6 1415 3 
2258 2 833 4 1591 2 1599 5 
2257 2 1590 2 583 4 1598 2 
1090 3 1763 5 1856 5 1593 5 
1089 5 1855 4 1592 5 1594 3 
1852 2 1593 3 1595 3 724 4 
157 7 1851 4 1594 3 1596 3 
1854 1 154 3 1597 2 1595 3 
1598 2 1853 6 1596 2 583 4 
1848 6 1597 2 1591 2 1599 5 
1847 8 1600 7 1598 5 1590 5 
833 6 1599 7 1601 5 1850 5 
2148 6 1849 7 1600 5 173 4 
1702 8 1422 6 1603 8 1974 8 
1703 6 1606 7 1602 8 1973 5 
1605 4 1710 5 1607 3 1972 6 
1610 4 1604 4 1971 4 1711 7 
1708 7 1603 7 1970 6 1607 5 
1709 2 1606 5 1969 2 1604 3 
1968 4 1609 2 1611 2 1706 4 
1967 2 1608 2 943 1 1239 3 
1605 4 1611 3 1704 5 1966 5 
1610 3 1608 2 1705 1 1965 2 
621 4 2471 3 148 4 619 4 
1589 3 1793 2 
1266 3 2149 2 
1467 5 1618 2 2254 7 1616 5 
1466 5 1455 7 2253 7 1615 5 
2262 4 1620 4 1618 3 1475 5 
1615 2 2261 2 1474 5 1617 3 
1620 4 2260 5 1477 4 1622 5 
1619 4 1617 4 2259 4 1476 5 
2258 5 1471 5 1624 7 1622 6 
2257 3 1470 6 1621 6 1619 5 
1624 8 1473 8 2256 7 1067 7 
2255 7 1623 8 1472 6 1621 7 
1357 7 1626 10 1670 3 1811 5 
1625 10 1356 11 1635 8 1669 9 
2186 4 1936 6 1628 5 
1935 6 1562 5 2077 6 1627 5 
1938 3 2186 3 
1469 7 1677 6 2325 5 2180 7 
1676 9 1634 7 1632 5 1443 7 
2180 5 1376 6 1675 5 1631 5 
1634 7 1674 5 1636 6 2330 7 
1633 7 1631 7 1673 9 2329 7 
2332 1 1626 8 1636 3 1672 2 
2331 4 1633 6 1671 6 1635 3 
29 8 1638 9 1688 6 1001 9 
1687 5 28 5 1637 9 2222 7 
1646 5 2504 4 586 2 1640 3 
585 4 2503 4 1639 3 1641 5 
1642 6 1406 4 1640 5 2502 11 
587 3 1816 8 2501 6 1641 6 
1644 3 2508 6 
1643 3 2507 4 1645 6 
590 5 2506 5 1646 8 1644 6 
589 6 1639 5 2505 5 1645 8 
1493 7 1648 5 406 6 896 6 
405 4 1647 5 1649 2 1492 4 
1650 2 404 2 1648 2 1495 3 
1651 3 1649 2 403 3 1494 4 
1650 3 1489 6 1749 2 1652 3 
1488 7 1653 6 1651 3 411 5 
1491 5 408 8 1654 7 1652 6 
407 7 1653 7 1490 6 1655 7 
1656 7 1497 7 1654 7 1345 5 
1344 5 1496 5 1655 7 1834 7 
2063 3 29 3 1668 3 2308 3 
1665 3 1497 4 750 3 1659 4 
1118 4 1496 5 1658 4 751 3 
1663 5 1661 6 1495 6 1220 6 
1660 6 1666 5 1494 5 1223 5 
454 3 1493 6 742 5 1663 4 
1660 5 1492 4 1240 6 1662 4 
1665 5 1491 4 1667 5 2263 6 
1664 5 1658 3 1490 5 2264 2 
1489 7 2265 4 1667 4 1661 5 
1666 4 1488 7 1664 5 2268 2 
28 4 1657 3 2307 4 1891 5 
1672 3 1670 2 642 4 1626 9 
1625 3 1505 5 643 2 1669 2 
1672 5 1674 5 1636 6 640 5 
1671 5 1669 3 641 5 1635 2 
1634 9 1674 7 1676 11 638 6 
639 5 1633 5 1671 5 1673 7 
636 7 1632 5 1676 9 1678 5 
1631 9 1675 9 637 8 1673 11 
1134 8 634 5 1678 4 1630 6 
2180 5 1677 4 1675 5 635 2 
2236 7 627 4 1680 4 1682 2 
1685 3 626 3 1679 4 2235 3 
1136 6 1682 2 629 2 2234 4 
2231 1 1681 2 1679 2 628 3 
1686 5 1221 4 1684 6 631 4 
1687 6 2222 8 630 6 1683 6 
1680 3 430 3 633 3 1686 4 
1683 5 1685 4 376 7 632 7 
1688 2 1638 5 1684 6 625 4 
624 3 1687 2 1637 6 1519 1 
988 3 978 5 1886 1 862 4 
1691 3 1760 4 1693 3 1988 3 
1696 3 1987 4 1759 6 1690 3 
1762 1 1699 4 1986 3 1693 1 
1692 1 1690 3 1761 6 1985 4 
1984 6 1695 4 1764 3 1697 3 
1983 4 1694 4 1763 5 1856 5 
1982 4 1697 4 1691 3 1766 5 
1696 4 495 4 1694 3 1981 4 
1699 7 1758 5 1980 7 2271 9 
1979 5 1698 7 1692 4 1757 6 
1701 5 321 5 798 3 582 4 
580 5 1700 5 965 6 320 5 
1703 6 48 4 2181 4 1602 8 
1702 6 1603 6 1708 6 47 4 
1610 5 42 7 1705 3 1711 8 
41 2 1706 3 1611 1 1704 3 
40 4 1705 3 1239 5 1608 4 
119 3 1440 2 
1606 7 1703 6 46 3 1709 4 
1607 2 45 3 1708 4 1710 4 
44 3 1711 8 1604 5 1709 4 
1710 8 43 7 1605 7 1704 8 
167 3 44 2 1715 3 1713 3 
1718 4 43 3 166 2 1712 3 
46 2 1715 3 165 4 1721 2 
1714 3 164 4 1712 3 45 3 
1719 4 163 2 40 2 1717 4 
162 4 3 4 39 5 1716 4 
42 7 161 6 1719 6 1713 4 
1716 4 41 5 1718 6 160 5 
159 9 1721 5 1548 8 48 6 
47 1 1720 5 158 5 1714 2 
1723 3 1396 4 1728 7 1007 4 
1069 5 1874 3 1722 3 1395 3 
1006 4 1725 6 1390 4 
1726 7 1724 6 1394 6 1047 6 
1725 7 1048 4 1727 4 1393 6 
1392 5 1004 3 1726 4 1728 6 
1005 9 1391 6 1722 7 1727 6 
1997 3 1191 3 1730 4 1887 3 
1731 5 1991 5 1190 4 1729 4 
1730 5 1732 6 1975 4 1193 6 
1731 6 1174 7 1733 7 1192 6 
1195 6 1173 4 1734 7 1732 7 
1735 7 1172 4 1733 7 1194 4 
1197 9 1734 7 1179 6 1736 6 
1178 6 1737 4 1735 6 1196 6 
1199 4 1978 3 1738 5 1736 4 
1198 5 1976 10 1737 5 379 4 
1740 7 1742 7 1776 7 2463 8 
1739 7 1577 6 1775 4 2462 5 
1744 7 1778 9 2461 6 1742 7 
1777 3 1739 7 2460 4 1741 7 
1746 4 2459 5 1744 5 1773 7 
1741 7 1772 5 2458 6 1743 5 
1747 1 2457 2 1746 2 
2456 5 1743 4 1745 2 1774 4 
1745 1 2464 6 
210 5 1031 5 1087 3 1021 5 
2141 4 403 2 1651 2 411 4 
1405 4 1752 3 1751 5 2466 6 
1753 5 2493 4 1404 6 1750 5 
2495 4 1750 3 
1751 5 1403 6 1754 5 2492 5 
1753 5 1217 6 1402 5 2491 6 
2192 2 494 4 1587 3 1756 3 
2337 3 1586 3 2191 5 1755 3 
471 4 1762 3 1758 4 1699 6 
139 5 1698 5 891 3 1757 4 
880 6 1760 7 1766 8 1691 6 
1759 7 1761 7 879 4 1690 4 
1760 7 1693 6 1762 6 878 7 
1692 1 877 2 1757 3 1761 6 
1592 5 392 4 1764 4 1695 5 
883 5 495 4 1763 4 1694 3 
488 6 2196 7 496 5 1583 5 
881 5 1759 8 495 5 1696 5 
1769 4 1071 7 82 4 1462 6 
644 6 2488 5 254 7 
1767 4 81 3 1770 5 1070 6 
1073 6 80 6 1771 5 1769 5 
1358 3 1072 4 1770 5 79 3 
1773 7 1744 5 1778 7 1558 5 
1772 7 1557 6 1774 7 1743 7 
1773 7 1746 4 
1562 3 1935 4 1740 4 1776 4 
1777 3 1739 7 1561 6 1775 4 
1776 3 1742 3 1560 2 1778 5 
1559 9 1741 9 1772 7 1777 5 
1780 6 1794 4 239 4 2422 6 
238 6 1779 6 2421 3 1781 9 
2424 9 237 9 1780 9 1782 12 
1783 7 236 6 2423 6 1781 12 
1784 5 2426 2 1782 7 243 5 
1783 5 242 6 1785 4 2425 6 
241 3 1784 4 2428 5 1786 5 
2427 6 240 8 1948 7 1785 5 
1367 6 591 7 1421 4 1790 7 
811 5 2016 6 
1790 6 1419 6 481 8 1792 8 
1789 6 1418 6 1368 6 1787 7 
1792 8 613 7 483 3 1417 6 
1416 8 1791 8 482 9 1789 8 
613 6 1613 2 1415 2 
234 5 2419 4 1779 4 607 2 
253 4 2319 5 1796 7 1272 9 
1795 7 1801 7 252 7 1271 7 
1278 6 1804 6 247 8 1798 6 
1799 3 1277 4 246 5 1797 6 
1800 3 1798 3 1280 4 245 2 
244 5 1799 3 1279 7 1954 4 
251 4 63 7 1796 7 1802 7 
62 7 1803 10 250 7 1801 7 
1276 8 1802 10 249 8 1804 9 
1797 6 248 4 1803 9 1275 4 
2124 4 1808 5 1511 4 1806 6 
1813 4 1510 6 2123 5 1805 6 
1509 3 1810 6 2126 4 1808 4 
1805 5 1508 3 2125 8 1807 4 
1810 6 2120 4 1507 4 1812 6 
1809 6 1807 6 2119 6 1506 6 
1505 7 2122 5 1625 5 1812 7 
2121 9 1504 6 1809 6 1811 7 
1806 4 2114 4 1513 4 1814 2 
1512 7 2113 3 1813 2 
1826 7 1816 8 1465 9 421 3 
1464 8 1642 8 1815 8 420 8 
1523 7 1818 6 2403 5 762 7 
1817 6 2402 4 17 3 1522 5 
427 3 1820 3 2006 2 1437 1 
1819 3 1821 7 426 4 1434 4 
429 7 1433 5 1820 7 1822 8 
1823 8 1432 4 1821 8 428 7 
1822 8 423 7 1824 9 1125 6 
1823 9 1825 6 1113 6 422 5 
1826 6 1824 6 425 4 2341 4 
424 8 1825 6 1815 7 1442 7 
1856 7 1294 6 1983 6 1828 9 
1293 6 1827 9 1831 7 1855 6 
1854 3 1830 5 1306 4 1832 9 
1305 3 1835 4 1853 7 1829 5 
1832 9 1828 7 1852 4 1308 6 
1831 9 1851 8 1307 8 1829 9 
1850 5 1302 4 1836 6 1834 7 
1301 6 1849 9 1656 7 1833 7 
1304 3 1848 7 1830 4 1836 5 
1847 7 1303 7 1833 6 1835 5 
1191 3 265 3 2014 3 1838 4 
264 3 1845 3 1190 4 1837 4 
1840 4 257 3 1842 4 1199 3 
1839 4 256 10 2392 5 1198 5 
259 2 1844 4 1197 6 1842 4 
1196 7 1839 4 1841 4 258 7 
1846 7 261 6 1195 5 1844 6 
1841 4 260 4 1194 4 1843 6 
263 3 1838 3 1193 4 1846 5 
1192 7 1845 5 1843 7 262 6 
1599 8 1850 6 1836 7 1848 9 
1598 6 1835 7 1847 9 1853 10 
1850 7 1344 7 1601 7 1834 9 
1849 7 1847 6 1833 5 1600 5 
1832 8 1852 3 1595 4 1854 2 
1855 3 1851 3 1594 2 1831 4 
1854 5 1830 7 1597 6 1848 10 
1596 1 1829 3 1853 5 1851 2 
1593 4 1852 3 1828 6 1856 4 
1827 7 1592 5 1855 4 1695 5 
1860 5 1207 7 1858 6 1253 6 
1857 6 1865 7 1206 3 1252 7 
1860 4 1862 7 2477 3 1205 3 
1857 5 1859 4 1204 3 1254 5 
2485 5 1864 7 493 7 1862 8 
1256 8 1859 7 2101 6 1861 8 
1201 7 1864 7 1364 7 1259 7 
1861 7 1863 7 1258 7 1200 5 
2129 10 1263 6 1858 7 1866 7 
2127 6 121 5 1262 7 1865 7 
88 5 2401 4 2022 4 1868 2 
87 4 1867 2 
1870 5 1872 2 1204 2 1906 3 
1905 8 1205 5 1869 5 1875 7 
1872 3 1206 2 1904 2 1878 4 
1871 3 1207 5 1903 3 1869 2 
1876 3 1200 3 1874 4 1902 2 
1201 6 1723 3 1873 4 1901 5 
2101 4 1900 6 1870 7 1876 4 
1873 3 1899 7 493 5 1875 4 
2127 5 1878 4 2047 2 1894 3 
1893 4 1877 4 2129 8 1871 4 
650 3 2351 3 2028 3 1880 5 
2396 10 2027 6 649 6 1879 5 
1000 10 1886 8 1882 12 988 10 
999 6 1881 12 2052 7 987 6 
1914 4 1884 5 996 3 1890 6 
1885 7 1912 3 1883 5 995 5 
1884 7 1886 5 998 6 978 9 
1689 1 1885 5 1881 8 997 4 
2018 2 1888 6 1729 3 992 2 
905 7 991 5 1889 7 1887 6 
994 9 1888 7 1927 5 1890 6 
1917 6 993 6 1889 6 1883 6 
33 7 2310 4 1668 5 1892 6 
1556 7 2309 7 1891 6 32 6 
1878 4 1904 2 1894 3 
1893 3 1877 3 
1896 5 2314 6 37 4 1374 5 
1897 8 1895 5 2313 7 36 5 
1896 8 1898 8 2316 7 35 11 
1897 8 2315 4 34 5 2420 7 
1900 9 1902 6 230 9 1876 7 
1899 9 1875 6 1905 7 229 5 
1395 5 232 4 1902 3 1874 5 
1899 6 231 2 1901 3 1873 2 
1872 3 1906 4 1904 2 
1871 2 1893 2 1903 2 
1870 8 1906 6 228 7 1900 7 
1905 6 1903 4 1869 3 227 6 
1465 8 1908 5 1910 5 1104 2 
1103 6 952 6 1907 5 1464 6 
2341 6 1112 8 1157 5 1910 7 
1111 7 1907 5 1909 7 1442 6 
1267 5 1913 5 942 5 
1914 2 1884 3 978 5 860 4 
1911 5 1268 3 
1912 2 1883 4 1917 4 861 5 
1916 2 2267 3 
2086 4 1915 2 2266 4 
1890 6 1914 4 858 7 1927 5 
159 5 1919 4 2462 3 1577 4 
158 8 1918 4 1576 6 1920 6 
1921 5 165 5 1919 6 1573 3 
1572 3 1920 5 1922 6 164 5 
1571 5 1921 6 1923 7 167 5 
1924 7 166 4 1922 7 1570 5 
1923 7 161 7 1925 9 1575 4 
1574 7 160 7 1926 8 1924 9 
1925 8 163 4 
859 3 1917 5 905 5 1889 5 
1408 3 490 6 1929 5 2042 5 
2041 11 1931 4 1407 6 1928 5 
1932 5 2043 3 1411 3 
1932 4 1929 4 2045 1 1410 3 
1931 4 1930 5 1409 5 2044 10 
2027 5 327 3 294 6 1934 10 
120 10 326 9 2028 9 1933 10 
1775 4 1628 6 1936 7 1577 6 
1627 6 1935 7 1576 7 1937 7 
2186 5 1573 3 1936 7 1938 5 
1572 3 1629 3 1937 5 
2217 5 1940 7 1946 4 74 7 
73 6 1941 7 1939 7 2216 5 
1940 7 2219 5 72 4 1942 7 
71 6 2218 5 1947 4 1941 7 
295 4 78 2 1944 9 2213 5 
2212 8 77 10 1943 9 1945 12 
1946 5 76 6 2215 8 1944 12 
75 6 2214 2 1945 5 1939 4 
2221 4 1942 4 70 2 1948 3 
69 5 2220 4 1786 7 1947 3 
1404 6 1950 5 
1951 4 1949 5 1403 6 
1402 4 1950 4 
297 6 2022 6 319 5 
1079 5 2444 8 1954 6 90 8 
1078 2 89 3 1953 6 1800 4 
528 3 516 6 1962 4 1956 5 
515 6 1524 6 1955 5 527 5 
1958 3 1960 3 508 3 524 3 
1957 3 1963 5 523 5 507 6 
522 2 1960 3 852 5 510 7 
509 3 1959 3 1957 3 521 5 
1964 8 512 6 520 5 1962 7 
519 4 511 6 1955 4 1961 7 
1964 8 1958 5 518 7 514 6 
513 7 1963 8 517 8 1961 8 
1966 4 1064 2 1968 4 1611 2 
1063 5 1965 4 1971 5 1610 5 
1609 2 1968 4 1066 3 2360 7 
1608 4 1065 8 1967 4 1965 4 
1060 5 1972 5 1607 2 1970 3 
1606 6 1973 4 1059 3 1969 3 
1972 6 1062 3 1605 4 1966 5 
1061 5 1971 6 1969 5 1604 6 
1068 6 1974 5 1970 4 1603 5 
1973 5 1473 6 1602 8 1067 5 
1038 4 1991 4 1731 4 1174 5 
1738 10 2039 8 1978 8 1043 10 
1996 3 565 7 610 6 1994 4 
1737 3 1976 8 1044 5 1178 5 
1699 5 1986 4 1094 3 1980 5 
1093 8 708 5 1698 7 1979 5 
1096 5 1984 7 1982 4 1697 4 
1696 4 1987 5 1981 4 1095 4 
1984 6 1098 2 1695 4 1827 6 
1983 6 1694 6 1097 7 1981 7 
1986 6 1100 6 1988 4 1693 4 
1985 6 1692 3 1979 4 1099 5 
1691 4 1102 7 1982 5 1988 4 
1101 2 1985 4 1987 4 1690 3 
609 7 568 7 939 7 1990 5 
567 5 1499 2 1989 5 1996 2 
1045 6 1997 4 1975 4 1730 5 
1503 8 1265 3 1993 4 1995 3 
1264 6 1502 7 1992 4 
1501 4 1977 4 1995 3 564 4 
612 5 563 6 1992 3 1994 3 
611 1 566 3 1977 3 1990 2 
1991 4 2018 2 1046 5 1729 3 
249 3 1999 5 318 5 2001 4 
2004 5 1998 5 248 5 317 6 
251 3 316 4 2007 4 2001 5 
250 6 1998 4 315 4 2000 5 
2003 3 2005 5 314 5 245 4 
2002 3 244 3 313 3 2166 4 
2005 4 312 4 1999 5 247 6 
311 4 2004 4 2002 5 246 5 
2007 3 310 4 1819 2 253 2 
2006 3 252 5 2000 4 309 4 
2011 3 998 3 2009 4 
2017 3 997 6 2008 4 
104 5 2011 4 2013 8 996 3 
2008 3 995 4 103 3 2010 4 
994 10 2015 6 2013 9 99 7 
993 8 2012 9 98 6 2010 8 
101 4 2015 4 1837 3 992 2 
100 4 2012 6 2014 4 991 3 
17 5 1522 7 1788 6 
2009 3 1000 3 
1887 2 905 3 1997 2 857 5 
2020 2 2401 3 2022 3 297 3 
298 2 2019 2 2025 4 2400 3 
2128 5 1501 4 487 3 
1867 4 1952 6 2019 3 
2397 8 2026 7 293 6 2024 4 
2027 3 2023 4 294 4 2396 7 
2399 5 2020 4 291 5 2026 6 
2023 7 2025 6 2398 4 292 5 
1933 5 2024 3 2028 4 1880 6 
2027 4 1934 9 946 4 1879 3 
2030 7 609 8 383 8 
1499 3 2029 7 1030 5 
391 6 1247 4 2032 10 2034 6 
2031 10 2037 9 390 9 1248 12 
1245 5 2040 2 389 4 2034 3 
388 8 1246 4 2033 3 2031 6 
387 9 2036 7 1243 6 2038 8 
1244 4 2188 6 2035 7 386 5 
1241 6 385 5 2032 9 2038 6 
1242 7 2037 6 384 5 2035 8 
2040 3 1249 2 1976 8 379 2 
2039 3 2033 2 1250 4 378 4 
1929 11 662 8 2045 8 2042 11 
2200 5 663 5 1928 5 2041 11 
2044 8 665 2 1930 3 
2043 8 2045 7 666 10 1932 10 
2044 7 1931 1 667 3 2041 8 
1547 4 1384 5 386 4 2383 2 
1397 3 2048 3 1877 2 
2047 3 1398 5 
2050 5 2204 7 1536 6 
2049 5 2057 3 1535 4 
1544 5 774 5 2052 4 2054 6 
773 4 1543 7 1882 7 2051 4 
2056 4 2054 5 1542 2 776 3 
1541 5 2053 5 775 6 2051 6 
2056 4 2058 1 1540 3 
1539 6 2053 4 2055 4 772 4 
1538 4 2058 2 2050 3 
2055 1 2057 2 1537 3 
2066 5 2107 3 2407 5 2060 2 
2061 4 2106 1 2406 1 2059 2 
2060 4 2062 4 2405 6 2109 11 
2067 3 2061 4 2108 4 2404 6 
1657 3 2411 5 2103 4 2064 4 
2102 2 2065 2 2410 6 2063 4 
2409 3 2066 4 2064 2 2105 4 
2104 4 2408 7 2065 4 2059 5 
2111 3 2062 3 2403 3 2068 3 
2110 1 2067 3 2402 3 
2079 7 351 6 1371 6 2070 6 
2071 3 350 4 1370 3 2069 6 
2070 3 2072 3 349 4 1373 3 
2073 5 2071 3 1372 6 348 2 
2072 5 2074 5 479 6 355 7 
2073 5 1366 4 2075 3 354 6 
2076 3 353 3 1369 3 2074 3 
2075 3 352 2 2233 2 480 4 
60 4 1628 6 
1363 5 2079 5 783 5 347 5 
2069 7 1362 4 346 7 2078 5 
953 3 777 4 2503 5 1297 5 
265 3 2082 2 2247 2 277 6 
276 2 264 1 2087 1 2081 2 
2084 6 259 5 2090 5 278 5 
2083 6 258 6 2085 5 
2086 5 2084 5 257 5 
1916 4 2085 5 256 9 
263 3 2088 3 280 1 2082 1 
2087 3 2089 5 279 3 262 4 
2088 5 282 4 261 6 2090 4 
281 5 260 2 2083 5 2089 4 
2092 5 2096 5 1290 4 1068 6 
2091 5 2256 5 1289 5 1067 5 
2094 8 2100 8 97 8 1062 5 
2095 7 1061 5 2093 8 96 6 
2094 7 1060 7 105 7 2096 6 
2091 5 2095 6 102 4 1059 4 
2098 2 2374 2 2 4 1066 2 
2097 2 2099 6 1065 7 1 4 
2098 6 95 6 1064 5 2100 8 
16 6 1063 6 2093 8 2099 8 
1875 4 1862 6 493 5 1205 2 
2105 4 2064 2 2103 2 579 5 
2063 4 578 2 2308 4 2102 2 
2066 4 2105 4 2107 2 577 3 
2104 4 2102 4 576 6 2065 4 
2107 2 2060 1 575 3 2109 8 
2104 2 2106 2 2059 3 574 4 
2111 4 2062 4 573 8 2109 11 
2106 8 2061 11 572 10 2108 11 
2068 1 2111 1 1359 3 
2067 3 2108 4 2110 1 581 3 
2117 4 589 5 
1814 3 2114 5 
2123 5 1813 4 2113 5 
1406 4 2116 6 875 7 2118 7 
587 3 2328 5 2115 6 874 4 
2112 4 586 2 2118 5 
876 5 2115 7 2117 5 585 6 
2120 4 1810 6 2126 4 444 2 
2121 7 2119 4 1809 4 443 5 
2120 7 2122 7 1812 9 442 5 
1357 7 2121 7 441 5 1811 5 
2114 5 2124 3 1806 5 
1805 4 447 3 2125 7 2123 3 
2124 7 468 11 2126 8 1808 8 
445 5 1807 4 2125 8 2119 4 
1877 5 2129 9 1866 6 1397 6 
2130 6 2021 5 612 7 
1865 10 2127 9 1206 6 1878 8 
2128 6 1503 9 2131 3 
2130 3 1502 5 
282 2 2133 3 1566 3 2135 5 
1565 6 2132 3 2136 5 281 6 
2135 7 280 3 1568 4 2138 4 
2134 7 1567 6 279 5 2132 5 
2133 5 278 4 
1564 4 2334 3 277 6 2138 3 
1563 5 276 3 2137 3 2134 4 
2142 3 2140 4 105 5 408 5 
407 7 2139 4 102 4 2147 7 
2144 5 1749 4 2142 5 97 7 
2139 3 411 5 96 4 2141 5 
2146 4 2144 4 95 4 404 4 
2141 5 2143 4 16 4 403 3 
2146 4 2 6 2363 4 406 5 
2143 4 2145 4 405 4 1 4 
1345 5 1290 6 2148 8 2140 7 
1601 6 2147 8 1289 6 1344 6 
562 3 1614 2 
2500 7 2153 6 2151 6 2346 5 
2154 3 2499 4 2347 4 2150 6 
2153 3 2156 3 1034 4 2498 3 
2152 3 2150 6 2345 7 2497 2 
2494 2 2151 3 2348 4 
2156 5 2490 4 1328 8 1450 6 
2155 5 2152 3 2343 4 2489 3 
80 4 141 2 2158 2 2160 5 
79 2 2157 2 140 2 2163 1 
82 5 2160 7 891 5 139 7 
81 5 138 6 2159 7 2157 5 
137 6 2162 8 84 9 2164 7 
83 6 2161 8 2165 8 136 4 
2164 3 135 2 2158 1 86 2 
85 4 134 8 2163 3 2161 7 
90 8 133 9 2166 8 2162 8 
132 6 89 5 2165 8 2003 4 
2168 3 2174 3 1551 5 2461 4 
2167 3 2460 2 1550 1 2169 6 
2170 7 1549 8 2463 9 2168 6 
2169 7 2462 4 159 6 1548 5 
2457 4 2176 7 1555 4 2172 6 
1554 6 2173 10 2171 6 2456 7 
2172 10 1553 10 2174 7 2459 9 
2167 3 1552 1 2173 7 2458 4 
2383 2 2176 6 2465 4 1547 4 
1546 8 2171 7 2464 10 2175 6 
1250 4 2202 4 2178 2 1463 5 
1462 4 1071 5 2177 2 1249 1 
206 5 715 4 1424 7 2182 3 
1632 5 1678 5 2326 5 1630 7 
1422 2 1702 4 204 4 2182 4 
203 3 1423 3 2181 4 2179 3 
1428 5 202 3 2184 5 725 4 
2183 5 201 4 2187 7 1429 5 
200 2 1426 6 715 5 725 4 
1937 5 1627 4 1629 3 
198 6 1430 6 2184 7 2188 7 
2036 6 1431 7 2187 7 197 8 
1242 8 2190 6 669 6 1457 8 
1456 4 698 3 1241 5 2189 6 
1756 5 864 5 2192 4 885 4 
865 5 1755 2 2193 3 2191 4 
2192 3 870 5 494 5 2194 2 
2195 1 2193 2 492 4 871 3 
496 2 2196 4 2194 1 872 4 
2197 8 2195 4 873 6 1765 7 
2196 8 2198 9 866 5 488 7 
867 7 486 7 2197 9 2199 5 
2200 2 491 2 868 4 2198 5 
2199 2 2042 5 490 6 869 6 
1246 3 2202 4 1088 3 709 4 
2177 4 2201 4 1245 7 1460 6 
2306 6 1208 3 744 7 1580 8 
2205 7 2049 7 1361 7 
1360 6 2204 7 
2211 9 228 8 2207 6 
227 5 2206 6 
2417 3 232 3 2209 3 476 9 
231 3 475 6 2210 5 2208 3 
230 7 2209 5 2211 8 478 5 
2206 9 229 6 2210 8 477 5 
1944 8 2213 4 2215 4 363 5 
208 7 2212 4 362 5 1943 5 
361 5 1946 2 2215 5 2217 3 
2212 4 360 6 2214 5 1945 8 
2217 3 359 5 2219 3 1940 5 
1939 5 358 4 2216 3 2214 3 
2219 3 1942 5 2221 5 357 3 
2218 3 1941 5 2216 3 356 8 
2221 5 2427 3 1948 4 365 4 
2220 5 2218 5 1947 4 364 4 
33 8 1684 8 1221 6 1638 7 
1181 4 2230 4 2224 5 179 4 
1180 3 178 7 2223 5 2225 4 
1183 2 177 5 2224 4 2226 3 
2232 2 1182 5 176 3 2225 3 
183 6 2228 6 1185 6 2437 5 
2227 6 1184 7 2229 5 182 7 
2230 3 181 6 1187 5 2228 5 
2229 3 2223 4 180 2 1186 3 
1682 1 2234 3 2236 6 35 7 
2226 2 1177 1 175 3 2233 1 
174 3 2076 2 2232 1 1176 1 
1487 6 2231 3 34 4 1681 4 
37 3 430 3 2236 6 1680 3 
1679 7 2235 6 36 7 2231 6 
851 6 871 6 2240 7 2238 5 
870 5 2245 2 2237 5 850 4 
849 4 2242 3 2240 5 873 4 
872 7 2239 5 848 6 2237 7 
2244 8 867 8 2242 7 847 9 
2239 3 866 2 2241 7 846 5 
2439 10 845 8 2244 9 869 11 
844 3 2241 8 2243 9 868 6 
865 4 2238 2 853 2 2246 3 
852 6 864 5 522 3 2245 3 
101 3 115 4 2248 3 2081 2 
100 4 2249 3 114 5 2247 3 
99 4 2250 3 2248 3 117 2 
2249 3 116 4 2251 4 98 3 
104 4 113 4 2252 3 2250 4 
112 2 103 3 2251 3 
2254 9 2452 5 1090 4 1616 7 
2253 9 1089 8 1615 7 2261 7 
1624 7 2258 5 833 7 2256 6 
2092 5 173 4 1623 7 2255 6 
2258 2 2260 3 1591 2 1622 3 
2257 2 1621 5 1590 2 2255 5 
154 5 2262 4 2260 5 1620 4 
2257 3 583 5 1619 5 2259 5 
2262 3 724 5 1618 2 2254 7 
157 6 1617 4 2261 3 2259 4 
2436 6 2264 3 2268 3 1664 6 
750 2 2263 3 2435 4 1665 2 
1666 4 1223 4 2434 7 2268 2 
2267 5 1916 4 2392 4 256 9 
2391 7 2266 5 1915 3 2276 6 
1667 2 2263 3 2433 1 2265 2 
1011 7 2409 5 990 7 1521 5 
2273 6 2384 7 1218 6 
2277 10 708 7 139 9 1698 9 
2275 5 2273 6 2386 4 
2385 4 2270 6 2272 6 
1222 4 2275 3 2388 3 
2272 5 2387 6 2274 3 
1222 6 2390 5 2267 6 
2271 10 707 6 138 7 2283 10 
2279 2 2285 7 485 3 2371 2 
2278 2 2370 3 897 2 2280 3 
2369 2 2281 3 900 4 2279 3 
741 2 2368 2 2280 3 899 4 
2367 8 2287 8 1224 9 902 9 
706 9 141 6 743 7 2277 10 
2365 3 489 5 2285 9 1224 6 
2284 9 2278 7 903 9 2364 8 
2287 6 2363 5 406 6 896 6 
895 5 2282 8 2286 6 2362 4 
2365 4 2378 6 2291 6 2289 6 
2294 5 2288 6 2377 5 2364 4 
2376 4 2301 2 2291 4 2367 4 
2288 6 2290 4 2375 5 2366 8 
2295 7 2293 8 2382 6 2369 5 
2381 7 27 6 2292 8 2368 4 
2295 5 2371 4 2289 5 2380 3 
2294 5 2379 5 2292 7 2370 4 
755 7 2297 2 803 3 2303 5 
754 3 802 2 2298 4 2296 2 
805 6 753 4 2297 4 2299 8 
752 8 804 9 2468 8 2298 8 
2 5 2363 3 2374 3 2301 2 
2290 2 2373 6 2362 2 2300 2 
2303 8 757 5 1270 6 809 8 
2302 8 808 6 2296 5 756 6 
700 4 739 8 749 7 133 8 
748 4 1578 5 2306 5 1210 4 
2203 6 1581 6 2305 5 1209 4 
1668 4 410 3 2310 3 2308 4 
409 3 2103 4 2307 4 1657 3 
419 7 2312 5 1892 7 2310 5 
1891 4 2309 5 2307 3 418 3 
1374 4 2312 2 417 4 2314 5 
2311 2 2309 5 416 4 1556 5 
2316 6 415 7 2314 8 1896 7 
414 5 1895 6 2311 5 2313 8 
413 5 1898 4 607 2 2316 3 
1897 7 2313 6 2315 3 412 8 
2320 2 429 4 675 3 2318 6 
674 7 2323 8 428 8 2317 6 
1795 5 427 4 2320 2 677 7 
676 4 2317 2 426 2 2319 2 
425 5 671 5 2322 4 2324 4 
670 7 2321 4 2327 3 424 5 
423 6 673 6 2318 8 2324 5 
2321 4 672 3 2323 5 422 2 
14 2 302 4 2326 3 1630 5 
1376 6 301 6 2325 3 2180 5 
679 6 2328 4 2322 3 421 2 
2116 5 678 6 2327 4 420 5 
1443 7 2330 7 1634 7 306 5 
2329 7 1633 7 305 9 2331 5 
1636 4 2332 2 2330 5 304 3 
2331 2 1635 1 1356 4 303 3 
117 2 2335 2 1399 3 
2137 3 1401 4 115 5 2335 3 
1400 9 2334 3 2333 2 114 4 
900 4 886 6 2337 2 2339 5 
1756 3 885 2 899 3 2336 2 
485 8 888 7 1444 6 2339 9 
897 4 887 6 2338 9 2336 5 
1451 3 489 3 1444 1 469 4 
1909 6 1113 4 1825 4 1442 5 
1461 8 902 7 1451 6 892 6 
1450 5 1034 5 130 4 2156 4 
896 4 1461 6 454 2 1493 5 
1034 8 2346 6 124 6 2153 7 
2345 6 123 3 2347 3 2150 5 
2348 5 2151 4 122 6 2346 3 
129 4 2347 5 2154 4 2349 4 
2348 4 2350 5 128 6 
127 5 2349 5 
984 4 1879 3 2352 3 946 4 
2353 5 945 3 1171 4 2351 3 
904 6 2352 5 947 4 2354 7 
2355 6 898 7 2353 7 
2354 6 2356 5 980 4 
2355 5 2357 5 979 7 
2358 5 1114 5 2356 5 
977 5 2357 5 948 6 2359 6 
2360 9 944 8 1251 7 2358 6 
2359 9 943 6 931 8 1967 7 
1390 6 765 7 2412 4 
2363 3 2367 4 2301 2 2287 4 
2362 3 2300 3 2286 5 2145 4 
2285 8 2371 3 2365 2 2289 4 
2288 4 2284 3 2364 2 2366 6 
1224 9 2291 8 2365 6 2367 8 
2282 8 2362 4 2290 4 2366 8 
1202 2 2369 1 2281 2 2293 4 
2368 1 2370 2 2280 2 2292 5 
2371 3 2369 2 2279 3 2295 4 
2294 4 2370 3 2364 3 2278 2 
2476 9 2482 7 547 10 985 7 
2301 6 2376 8 1251 9 2374 7 
2300 3 2097 2 2373 7 931 4 
2378 5 2376 5 2291 5 1114 5 
2290 4 2373 8 977 5 2375 5 
980 4 2378 5 2289 5 2380 3 
979 7 2288 6 2377 5 2375 5 
904 5 2380 3 2382 4 2295 5 
2379 3 898 4 2294 3 2377 3 
2293 7 2382 5 984 6 834 6 
2379 4 2381 5 2292 6 1171 4 
2175 2 1218 3 2384 4 2046 2 
1384 7 2385 5 2270 7 2383 4 
2273 4 1383 5 2384 5 2386 2 
2387 5 1382 2 2272 4 2385 2 
2275 6 1389 5 2388 6 2386 5 
2389 4 2387 6 1388 5 2274 3 
1222 5 2388 4 1387 4 2390 4 
2276 5 1386 4 2389 4 2391 6 
2267 7 2392 6 1381 6 2390 6 
1380 3 1840 5 2391 6 2266 4 
539 3 2478 4 890 2 2480 3 
545 6 2484 3 981 3 2478 5 
84 7 1077 4 1375 5 2444 6 
94 8 2397 11 1880 10 2024 7 
2398 5 2023 8 93 9 2396 11 
2397 5 2399 3 92 2 2026 4 
2025 5 2398 3 91 4 2400 4 
2401 4 668 3 2020 3 2399 4 
2400 4 2019 3 1867 4 196 5 
1818 4 2068 3 2403 3 
2067 3 2404 6 2402 3 1817 5 
2405 8 2403 6 762 8 2062 6 
2406 3 2404 8 2061 6 1012 4 
768 1 2405 3 2407 4 2060 1 
2408 7 2406 4 767 5 2059 5 
2066 7 2407 7 2409 6 990 8 
2269 5 2065 3 2410 7 2408 6 
2409 7 2411 7 2064 6 1011 9 
1001 6 2063 5 2410 7 29 5 
2361 4 332 4 2414 3 
2416 7 766 5 2414 6 329 6 
2413 6 328 7 2412 3 765 6 
2416 4 331 3 764 2 2418 4 
2415 4 2413 7 763 4 330 5 
2418 5 2208 3 770 5 334 2 
2417 5 769 7 333 7 2415 4 
1794 4 2422 6 187 7 2420 7 
186 5 2419 7 607 5 1898 7 
195 4 2424 3 1780 3 2422 3 
2419 6 194 6 2421 3 1779 6 
2424 3 1782 6 193 4 2426 1 
2423 3 2421 3 192 5 1781 9 
191 5 2426 3 2428 7 1784 6 
1783 2 2425 3 190 1 2423 1 
189 5 2428 6 1786 6 2220 3 
2427 6 2425 7 188 6 1785 5 
1240 5 884 3 2430 4 2432 1 
527 4 742 6 2429 4 1524 5 
2432 1 1223 3 1545 3 2434 6 
2431 1 890 1 1220 3 2429 1 
982 6 2434 6 2436 4 2268 1 
981 6 2431 6 2433 6 2265 7 
2438 9 1569 7 2264 4 2436 7 
2263 6 983 7 2433 4 2435 7 
751 3 986 5 2438 8 2227 5 
2435 9 985 7 2437 8 750 7 
2243 10 651 6 2440 4 663 5 
2441 3 662 1 2439 4 
2440 3 2442 4 667 5 
2441 4 666 5 
2445 5 57 8 1133 5 9 5 
1953 8 2395 6 83 6 1076 6 
1188 4 2443 5 8 5 1132 4 
878 6 1088 6 2449 9 2447 7 
2454 9 1460 6 877 4 2446 7 
2449 7 1459 5 880 3 2451 6 
1458 8 2448 7 2446 9 879 7 
2451 6 882 4 1457 6 2453 6 
2450 6 881 6 2448 6 1456 6 
2253 5 392 3 2453 5 1455 5 
1454 9 2452 5 883 7 2450 6 
2455 10 2447 9 1463 10 471 8 
891 5 2454 10 1462 7 82 5 
1746 5 2459 6 2172 7 2457 5 
2464 7 2171 4 1745 2 2456 5 
2459 6 2461 5 1744 6 2174 4 
2458 6 2456 6 1743 5 2173 9 
2168 2 1742 4 2461 3 2463 5 
2458 5 1741 6 2460 3 2167 4 
2170 4 2463 6 1740 5 1918 3 
2462 6 2169 9 2460 5 1739 8 
2457 7 2465 8 1747 6 2176 10 
1218 5 2464 8 2175 4 
2493 5 2495 7 330 5 1750 6 
618 6 2472 11 2468 9 570 9 
569 7 2467 9 2299 8 617 5 
2470 5 620 5 
2471 6 2469 5 1268 6 619 7 
2472 7 1267 3 1612 3 2470 6 
2471 7 621 8 2467 11 989 9 
2474 6 1139 5 832 6 1255 6 
2473 6 831 3 2486 8 1138 8 
1057 5 1255 3 1141 3 830 2 
2372 9 548 6 986 6 433 6 
1859 3 1227 3 1254 4 1256 4 
540 4 1545 5 2394 5 2393 4 
828 7 1143 8 1257 5 2487 4 
884 4 2481 3 542 5 2393 3 
2480 3 541 3 515 3 1524 3 
2372 7 544 3 1569 5 2483 2 
2484 1 543 3 2482 2 983 4 
2394 3 2483 1 982 6 546 3 
1861 5 1258 5 1256 5 1233 3 
826 8 2487 6 2474 8 1145 6 
2486 6 825 8 1144 2 2479 4 
645 7 1768 5 87 5 
2156 3 1453 3 2498 3 2490 2 
2155 4 118 4 1452 4 2489 2 
334 4 2492 6 1754 6 455 8 
333 6 2493 4 1753 5 2491 6 
2466 5 1751 4 2492 4 331 4 
2154 2 2499 3 1449 1 
1752 4 2466 7 2496 4 329 6 
328 5 2495 4 
2498 2 1446 4 2153 2 2500 3 
2497 2 2152 3 2489 3 1445 3 
2494 3 2151 4 2500 5 1448 8 
2150 7 1447 5 2499 5 2497 3 
1464 6 2502 11 952 6 1642 6 
2501 11 777 9 2503 10 1641 11 
2080 5 1640 4 2504 5 2502 10 
2505 4 1639 4 2503 5 953 3 
2504 4 2506 2 1646 5 792 2 
955 3 2507 3 2505 2 1645 5 
2506 3 1644 4 794 5 2508 7 
2509 7 793 11 1643 6 2507 7 
2508 7 796 5 2510 3 
2509 3 959 2 
