21
23
49
49
49
49
49
43
43
49
43
30
5
5
5
5
5
5
5
5
17
17
45
45
43
43
41
45
45
45
46
46
42
42
41
42
47
47
42
47
47
47
5
5
25
25
5
5
32
5
5
5
31
47
47
18
47
47
47
41
41
20
20
20
20
20
18
20
20
25
25
48
48
30
14
30
30
30
30
25
30
40
14
40
40
40
40
42
40
40
38
44
16
16
18
18
18
18
16
16
18
16
9
9
9
9
7
25
9
9
49
9
9
21
21
21
21
21
21
21
21
33
33
33
33
33
33
11
11
11
8
11
11
11
11
8
8
28
33
33
33
33
7
33
33
26
26
41
41
27
48
26
43
43
43
43
45
43
45
45
45
45
13
13
15
15
17
17
17
17
17
17
2
2
2
2
2
2
2
42
26
47
42
26
37
26
25
26
42
25
42
25
42
42
42
42
41
41
26
26
26
26
26
25
42
41
41
40
40
40
40
40
40
5
5
39
40
6
6
31
31
31
31
32
31
31
31
31
31
42
42
26
26
25
25
42
26
26
26
35
35
35
35
32
32
32
32
35
35
41
41
27
27
27
27
27
1
27
1
36
36
7
9
9
7
7
9
9
9
9
44
45
31
31
23
23
23
23
23
26
42
42
35
35
36
36
36
36
42
42
40
40
40
40
42
40
2
34
28
0
2
0
0
4
4
4
4
2
2
38
29
32
32
27
26
30
30
25
25
28
30
30
30
30
30
30
25
37
14
37
37
14
14
14
14
14
14
8
8
8
8
6
6
8
6
6
6
25
25
42
42
15
15
25
25
13
13
15
15
45
36
35
35
36
36
36
36
36
36
39
39
39
39
39
39
39
39
39
10
10
36
36
36
36
35
35
23
23
22
23
22
48
10
22
8
31
5
32
3
3
3
0
0
0
0
0
1
1
29
29
29
29
29
30
34
48
48
48
8
0
0
0
0
4
3
0
4
1
1
15
27
15
15
26
27
27
27
27
41
41
33
33
33
33
33
33
14
14
13
13
13
14
13
13
40
24
1
1
1
34
35
35
34
34
32
44
32
44
44
42
38
35
35
38
38
4
4
16
17
17
17
4
4
4
4
31
31
31
31
31
31
31
31
47
18
23
47
46
8
7
7
10
10
10
10
10
23
8
8
2
33
33
33
33
32
33
42
42
38
38
38
38
38
37
37
37
35
35
32
32
33
33
35
35
35
35
29
8
8
40
10
10
10
10
7
7
10
7
39
48
37
48
48
1
1
1
1
1
26
26
5
12
25
19
26
26
12
12
12
12
12
12
12
12
13
13
13
14
13
13
14
14
42
25
25
5
15
15
25
25
13
13
15
15
25
25
15
15
13
13
13
12
12
12
12
12
42
6
6
8
8
6
6
6
6
6
1
32
32
32
32
35
35
32
32
25
25
35
34
30
30
13
13
17
17
17
17
17
17
15
15
15
15
31
10
10
24
23
23
22
22
22
22
10
41
23
23
29
29
14
14
30
30
24
29
14
24
23
29
37
37
37
48
48
48
48
49
49
49
49
49
49
49
49
49
43
13
13
14
13
14
14
6
14
6
6
8
8
8
8
13
8
12
28
28
28
28
28
28
16
16
18
18
18
18
16
16
16
16
48
25
25
15
25
15
12
13
13
49
49
49
49
43
43
43
25
28
28
32
28
28
30
28
28
35
48
42
34
7
7
8
8
8
8
6
6
27
35
32
34
43
45
43
43
45
32
45
45
34
43
43
38
38
12
38
34
34
32
32
32
32
31
32
31
31
8
11
11
11
11
11
11
11
8
8
25
26
26
26
26
26
26
42
42
42
7
19
19
19
19
7
8
7
7
18
44
44
44
44
44
44
42
42
26
26
42
26
26
25
26
26
45
41
41
19
27
27
27
27
27
29
27
48
37
46
46
37
46
46
46
46
46
45
45
45
45
45
43
43
43
43
43
23
21
6
6
25
21
21
10
12
12
15
21
21
15
15
9
9
12
12
12
10
23
23
3
3
4
4
4
12
16
16
16
16
39
39
39
39
39
39
39
39
39
39
1
1
1
1
1
40
40
18
18
40
40
40
40
20
20
20
20
18
18
18
20
49
49
49
49
49
49
43
43
49
49
49
43
49
49
49
49
48
48
48
48
2
2
44
44
4
4
0
4
0
0
2
0
11
11
24
24
24
24
24
24
20
20
20
19
43
43
44
44
44
44
44
44
44
43
14
7
9
9
10
7
7
18
18
20
18
20
20
20
20
20
20
5
17
17
41
5
20
3
44
34
34
34
34
34
34
34
44
44
37
37
37
37
37
39
25
25
25
25
30
30
30
30
14
30
47
7
43
43
44
44
43
44
44
44
44
44
34
47
37
47
47
41
41
47
47
47
47
22
24
46
46
22
22
11
22
17
17
5
17
5
34
5
5
5
5
47
47
41
47
41
41
12
7
7
7
7
9
9
9
9
7
7
40
39
40
40
40
40
5
5
40
40
23
23
24
23
24
24
1
1
0
0
0
0
0
0
3
3
34
24
48
38
38
38
38
38
19
38
38
10
19
19
19
37
37
23
23
32
45
45
45
45
43
43
45
45
43
43
37
37
37
2
2
44
44
44
44
44
44
4
4
4
4
4
4
16
16
16
16
44
19
44
44
44
44
40
5
40
40
40
40
40
40
38
40
35
35
32
32
32
33
35
35
35
35
21
21
10
10
23
23
22
21
10
10
42
38
34
34
40
32
32
32
31
31
31
31
31
33
33
2
33
33
33
33
38
38
42
42
38
38
38
38
37
37
43
43
19
19
19
19
19
46
46
8
48
46
46
46
46
11
11
11
11
48
48
11
11
23
15
23
23
17
17
17
17
17
17
23
23
47
7
21
30
30
30
30
30
28
30
30
27
27
22
7
7
7
10
7
7
10
10
10
10
15
15
12
12
12
12
12
12
12
12
17
17
17
17
17
17
15
15
15
15
3
3
3
11
3
3
3
3
3
3
10
10
10
10
7
7
7
7
7
7
21
41
41
42
27
27
26
27
26
26
41
41
36
36
36
36
36
36
35
35
45
36
16
16
16
16
16
16
15
15
15
15
16
16
16
16
16
16
18
18
18
18
34
34
34
38
38
38
34
38
38
38
38
34
39
11
44
48
45
45
36
36
36
36
35
35
36
36
48
22
15
12
24
24
42
42
42
42
42
42
20
20
20
20
24
24
24
24
24
22
22
32
32
32
32
35
35
35
35
22
35
35
22
14
22
24
24
24
24
24
24
20
20
20
20
1
1
1
6
6
6
6
8
8
8
39
39
39
2
2
2
2
2
29
14
14
14
48
48
48
14
28
28
28
28
28
28
9
9
9
9
27
41
14
14
14
27
13
13
13
13
41
41
10
10
22
10
22
22
22
22
23
23
19
21
33
33
12
33
33
33
33
1
1
23
5
30
5
5
5
0
0
0
0
0
29
21
29
21
31
30
18
16
16
16
18
30
18
18
30
11
11
37
22
25
7
7
15
27
35
35
5
33
33
32
32
29
7
29
29
23
23
27
27
6
33
30
28
30
29
29
30
30
45
28
28
45
28
28
28
28
28
47
47
47
47
41
41
41
41
5
47
47
5
16
16
16
16
4
4
4
4
4
4
44
2
2
2
2
2
41
34
34
31
31
31
31
31
32
32
47
25
25
25
15
15
15
13
13
25
25
47
14
13
13
13
12
12
12
14
13
13
30
30
30
28
12
45
30
3
30
11
11
3
43
11
11
11
11
19
19
38
19
19
36
36
36
36
34
34
34
36
44
44
41
2
2
1
4
4
4
4
0
0
0
2
16
18
16
16
18
18
18
18
16
16
28
28
28
28
28
41
28
28
41
26
26
29
27
47
27
9
41
27
41
41
47
21
21
21
27
27
6
6
19
24
19
19
24
24
24
24
24
24
15
4
4
4
4
2
0
0
0
1
1
1
29
39
2
40
4
40
40
4
5
4
4
34
34
34
34
34
36
45
36
36
35
35
36
36
36
36
37
37
37
46
46
46
46
46
46
47
46
37
46
46
46
46
47
47
37
37
1
22
0
0
0
2
4
4
4
0
2
2
34
34
34
34
34
34
34
44
44
44
26
26
26
26
26
42
49
12
12
12
12
12
12
12
12
12
15
4
3
11
11
22
11
22
22
22
22
22
22
5
17
5
17
17
42
3
3
3
3
3
3
16
3
3
3
1
24
24
24
1
24
24
19
19
19
27
1
27
10
10
10
10
11
11
8
11
8
8
37
37
46
46
46
37
46
46
46
46
28
28
28
28
28
28
8
8
6
6
7
7
8
8
6
6
24
7
7
9
9
9
9
9
9
2
2
2
2
2
2
2
2
11
16
22
22
22
22
27
18
33
33
33
33
33
33
11
39
11
39
39
39
39
39
39
39
39
34
34
31
31
27
31
31
31
32
32
43
43
43
43
45
45
45
45
45
45
41
41
41
22
47
25
47
47
27
47
25
46
43
27
27
45
45
45
45
30
45
43
30
15
9
9
21
21
21
21
21
21
21
21
5
47
42
47
47
47
42
43
43
19
19
19
29
29
35
1
1
1
33
29
29
30
30
18
18
18
18
20
20
20
20
29
18
18
19
1
1
14
46
0
0
3
3
0
0
0
0
45
41
41
27
27
27
27
27
29
27
27
23
23
45
23
23
23
23
22
24
23
22
10
22
22
19
10
10
43
14
32
44
21
21
21
21
21
21
21
21
9
9
44
11
11
11
11
3
3
3
3
3
3
15
15
15
15
17
17
17
17
17
17
43
49
49
49
49
49
49
49
48
48
31
31
31
31
31
32
31
31
31
31
48
48
41
41
49
49
49
49
48
27
49
49
6
6
9
9
9
9
19
19
19
19
19
8
8
6
6
6
6
6
6
8
8
6
6
24
24
24
24
24
24
20
20
20
20
7
7
9
9
9
9
7
9
7
7
0
0
0
1
8
8
0
0
1
1
19
19
19
39
39
39
39
39
39
39
39
1
1
1
1
1
11
29
29
29
29
29
29
29
29
29
29
6
6
1
48
48
48
48
37
37
37
11
18
20
20
20
20
20
20
5
5
5
18
18
48
48
48
34
37
37
32
29
29
29
29
29
29
29
29
33
33
23
23
23
23
39
36
36
14
14
29
6
6
14
24
29
29
19
24
45
38
45
10
10
5
18
18
9
9
10
20
20
20
20
18
18
18
18
22
22
5
22
21
21
5
14
28
28
2
28
28
28
28
39
39
32
4
4
5
5
40
40
40
40
26
49
46
46
46
48
48
49
49
48
48
47
47
38
38
38
38
37
38
37
37
13
13
15
15
17
17
17
17
17
17
3
46
19
48
46
46
46
46
46
48
48
19
19
0
38
38
38
38
38
38
38
38
22
6
37
37
14
12
14
14
13
14
13
13
13
13
8
8
6
6
6
3
8
13
3
3
3
3
16
3
3
3
3
3
3
35
35
36
36
36
36
36
36
41
41
11
22
23
21
23
19
19
21
21
21
21
21
21
9
9
19
19
19
2
2
37
37
13
13
10
22
22
22
14
14
10
10
13
13
14
14
