23
23
21
23
39
39
47
47
38
38
39
39
38
41
38
38
3
3
12
12
17
17
17
17
15
17
15
15
12
12
31
3
8
7
8
7
19
19
6
6
19
19
21
21
44
44
21
33
33
45
45
47
47
45
45
31
45
47
40
46
36
35
41
31
41
33
36
36
36
36
38
41
23
23
24
24
24
40
40
40
40
42
42
40
42
40
40
34
34
25
25
25
25
21
21
28
21
23
23
21
21
16
16
16
16
16
17
17
26
26
37
21
31
31
31
31
25
25
25
25
27
27
39
27
39
39
38
38
38
38
38
38
48
48
48
48
48
48
48
48
48
48
0
2
2
2
2
2
2
2
31
31
31
31
31
0
0
40
40
0
0
0
0
41
41
41
41
40
40
40
41
3
3
3
3
37
1
1
3
1
46
9
9
9
9
11
9
47
47
45
45
45
45
45
45
44
28
28
28
28
19
28
28
8
23
8
28
28
28
8
28
28
33
33
5
16
5
5
4
5
3
3
17
12
16
16
15
16
17
17
16
16
40
17
17
17
17
15
15
17
15
7
12
17
8
41
37
40
37
38
37
8
8
8
38
37
41
37
8
41
41
41
23
23
21
21
23
23
21
21
21
21
45
17
31
31
47
31
31
47
0
2
47
2
47
2
2
2
2
2
2
2
2
2
34
2
11
3
34
34
34
34
34
34
40
40
34
34
34
4
31
31
24
24
47
47
22
22
22
22
24
24
24
2
36
35
36
36
36
36
36
36
31
31
31
22
22
18
18
18
18
18
18
18
10
27
38
38
38
38
33
33
32
32
33
32
31
31
21
33
33
34
34
34
34
34
34
40
40
45
45
40
40
47
47
47
25
44
45
33
19
32
33
32
32
7
32
7
7
25
34
47
33
33
7
32
32
32
32
32
32
32
18
18
18
18
18
20
18
18
22
22
33
33
33
33
31
31
33
33
35
33
12
12
12
12
12
41
45
45
9
9
9
9
9
9
10
12
23
23
23
10
10
41
41
41
41
41
33
33
32
32
32
32
45
31
46
9
8
9
9
8
8
33
33
46
32
32
31
31
33
33
32
32
44
44
14
45
47
45
24
24
24
14
35
35
35
35
35
35
35
25
25
30
11
11
11
11
11
10
12
31
12
12
17
17
17
15
15
15
36
30
30
33
33
35
35
35
35
28
30
34
34
44
44
44
8
8
8
8
8
8
46
46
46
46
39
46
46
46
7
7
46
47
44
44
44
1
1
1
1
6
6
9
6
1
1
20
20
30
30
22
22
35
35
35
35
18
10
10
10
22
18
18
18
42
44
44
44
44
31
11
11
11
9
20
20
10
11
20
20
6
14
14
22
22
22
22
24
24
24
24
15
15
15
5
5
5
5
5
4
4
1
26
26
49
42
42
42
42
42
39
6
6
6
6
6
6
6
6
46
20
20
30
30
35
30
30
30
33
33
35
35
6
6
6
6
6
6
20
20
20
20
27
12
12
12
12
13
13
13
13
13
13
25
25
27
27
27
27
4
4
3
5
5
15
5
10
10
5
10
15
15
37
37
37
23
23
17
17
17
16
17
16
16
16
16
42
31
31
42
9
42
41
41
9
9
7
31
7
7
7
10
10
11
10
10
10
11
11
11
11
49
49
48
48
48
48
49
49
49
49
18
18
18
18
20
18
18
18
22
22
13
14
14
14
14
13
13
14
14
12
0
0
0
0
0
0
11
4
17
4
17
16
16
16
16
16
30
30
30
30
30
26
26
26
26
26
21
21
20
20
20
20
18
18
18
22
39
39
7
8
7
39
39
39
39
30
30
29
29
26
29
26
26
26
26
38
39
39
39
18
18
18
38
22
22
39
39
20
8
8
20
8
6
8
8
6
29
29
29
28
26
29
29
29
23
1
27
39
23
27
3
3
3
27
3
3
11
10
11
11
11
11
11
11
10
10
27
27
25
25
25
25
25
25
19
33
7
8
7
7
32
32
33
32
35
20
20
20
19
19
19
19
19
45
21
45
7
45
44
30
44
30
41
23
23
26
24
14
14
24
31
31
22
31
31
22
12
14
13
12
13
13
13
13
13
13
22
43
43
49
43
49
49
43
43
43
43
48
48
48
48
48
48
1
1
40
49
49
46
46
1
46
1
1
1
1
3
4
4
4
7
7
7
7
16
16
16
15
17
17
16
16
26
26
12
12
19
19
19
19
32
7
7
8
8
8
23
23
23
11
11
2
2
2
2
2
44
44
44
9
28
28
4
28
19
19
3
28
28
28
28
3
19
19
36
8
6
6
6
6
6
19
19
38
32
32
32
32
32
32
32
32
33
33
28
29
29
29
29
29
29
26
26
26
15
15
22
15
14
14
9
11
9
9
14
9
48
48
48
48
44
44
43
43
43
43
43
43
49
43
49
49
36
36
28
28
28
2
2
2
44
2
0
36
33
42
32
36
32
7
33
32
32
36
36
36
12
12
25
25
25
25
25
34
34
10
44
44
45
45
45
45
47
47
47
47
6
6
9
9
9
9
19
19
19
19
19
28
19
19
28
21
40
12
27
5
28
16
16
47
44
44
44
44
29
29
7
45
38
38
38
38
39
39
38
38
39
39
7
28
30
28
28
33
28
33
33
30
30
38
38
38
48
43
11
11
11
39
10
10
11
11
48
10
10
48
37
37
37
26
37
37
37
37
37
37
38
12
12
15
15
17
15
17
17
12
17
39
38
40
16
16
16
5
5
5
5
4
4
4
11
28
34
3
4
4
0
0
0
0
0
0
4
4
28
28
28
28
28
28
33
28
28
28
0
0
0
0
0
0
4
4
4
4
2
30
30
33
33
28
33
28
28
30
28
39
41
41
46
46
46
46
47
47
47
8
8
0
1
44
44
44
34
5
5
16
8
4
3
5
4
16
16
17
12
16
17
17
17
16
16
16
16
6
6
6
6
6
8
6
6
19
19
8
42
42
42
42
8
1
1
1
1
1
1
1
47
47
45
45
7
7
45
7
7
7
42
42
42
46
46
46
46
46
46
46
39
49
49
25
25
25
25
27
27
14
14
14
24
24
24
27
37
37
37
37
37
37
37
37
38
37
27
27
27
30
30
30
30
30
27
27
18
18
22
22
10
10
10
18
22
15
29
29
29
26
29
29
29
29
26
26
13
13
12
13
12
12
13
13
13
13
27
43
39
39
43
38
38
38
3
3
3
39
43
25
20
25
15
15
4
4
5
5
5
5
5
15
20
29
29
29
29
29
29
26
29
26
26
4
5
4
4
15
15
5
5
15
15
33
33
32
32
32
31
32
32
32
32
23
17
17
16
17
17
16
16
16
16
22
3
12
3
3
3
3
1
3
1
1
3
3
4
4
5
4
5
5
15
5
16
15
27
27
20
20
20
20
20
20
19
20
21
21
9
14
14
10
10
10
11
10
10
11
11
11
11
14
3
1
1
1
3
3
3
3
3
3
2
41
41
41
41
40
40
41
41
47
47
45
45
47
47
47
47
43
43
45
45
15
7
32
7
7
7
7
7
7
48
48
48
39
49
49
49
49
27
49
49
36
44
44
44
44
48
48
44
48
22
22
22
22
22
24
24
24
35
26
26
26
26
26
26
45
45
40
40
32
7
7
34
31
7
45
45
45
46
46
47
46
46
39
46
39
46
46
46
31
46
46
47
46
31
8
27
1
1
27
1
1
1
1
1
27
30
30
0
0
0
0
3
30
0
3
34
34
4
30
40
40
2
34
13
13
13
13
13
12
12
12
13
13
34
34
34
34
34
34
22
22
18
18
18
18
18
18
10
18
27
3
4
4
29
29
26
26
29
30
29
29
26
26
19
19
41
41
41
19
19
41
41
21
21
44
44
44
44
2
2
43
43
43
43
49
49
49
43
43
43
25
25
35
36
36
36
25
35
35
35
15
15
22
22
14
14
14
14
14
14
39
39
33
38
38
38
38
39
39
39
39
37
37
1
37
37
37
37
37
37
37
37
32
36
32
29
26
29
29
29
29
29
29
26
26
2
0
6
8
9
9
8
2
2
2
2
2
9
10
10
11
11
11
11
10
10
10
10
1
9
9
47
41
47
47
45
45
47
41
45
44
41
41
41
41
35
40
1
2
2
2
8
8
40
40
40
40
40
40
41
41
41
41
24
40
40
42
42
42
40
40
40
40
40
34
34
34
34
40
40
34
34
25
34
27
27
30
27
27
27
25
25
25
25
26
26
12
12
42
42
15
42
15
17
17
17
17
12
21
24
24
24
24
35
24
35
36
30
36
36
36
30
42
42
42
36
13
13
13
13
14
14
13
13
13
24
38
38
38
3
22
23
21
21
20
20
20
20
20
20
21
20
34
22
22
10
18
10
10
18
18
18
18
24
21
24
24
21
21
21
21
24
24
3
27
27
27
30
27
27
30
30
30
30
13
31
31
14
14
13
13
14
14
14
14
42
42
42
42
42
9
9
9
36
42
42
42
42
9
11
40
40
35
35
1
1
35
35
25
35
2
1
1
1
1
1
28
28
19
19
19
19
28
19
28
19
4
42
42
42
42
36
36
36
36
36
36
27
27
25
25
25
25
27
27
27
27
26
29
29
29
29
29
29
29
37
37
26
26
21
23
23
23
0
21
21
21
2
2
2
2
23
23
2
2
43
43
43
43
49
49
43
49
43
43
23
43
43
43
43
43
43
43
49
49
49
22
25
4
47
17
45
45
20
20
45
6
6
8
48
6
6
6
6
36
35
36
23
20
20
20
20
22
18
18
18
35
22
22
25
35
35
23
23
48
21
21
23
23
21
21
21
21
24
24
24
24
24
39
39
38
38
38
38
38
38
39
39
27
46
10
10
14
14
11
11
11
11
0
0
11
0
24
24
24
24
24
12
12
42
42
42
42
31
36
31
31
36
36
36
36
3
3
36
3
0
0
0
0
19
19
7
32
19
19
8
7
7
7
46
34
34
34
34
36
36
34
34
25
25
45
45
47
49
47
47
43
43
45
43
26
26
26
15
15
4
4
5
5
5
5
15
5
14
14
14
14
14
14
14
22
22
22
24
48
24
48
49
49
49
49
48
48
48
48
27
27
49
49
48
39
46
46
46
46
49
49
49
49
49
20
41
41
23
23
23
39
41
39
39
20
48
48
24
44
44
44
44
44
18
31
13
13
7
7
13
12
13
13
12
12
12
12
8
8
8
8
8
8
6
6
6
20
6
6
6
6
20
20
19
19
19
19
9
9
9
9
9
11
8
30
47
47
30
30
35
35
30
30
33
33
40
35
30
35
35
35
35
35
15
15
5
15
5
5
5
5
10
10
23
23
23
21
21
21
21
21
22
22
21
22
24
24
23
48
42
17
17
17
17
15
15
16
16
17
48
31
4
4
5
5
5
5
16
16
16
31
31
23
23
23
26
36
45
40
36
9
9
9
9
9
9
9
49
49
46
46
39
46
46
49
46
46
43
43
48
48
48
48
43
43
43
43
4
4
0
0
0
0
4
4
0
0
14
14
14
14
14
13
13
13
13
5
4
4
4
15
15
5
5
15
15
35
42
42
35
42
41
37
37
37
37
37
37
37
37
37
37
25
25
