2569 4998 001
4 2 584 3 1011 2 2 1 
2021 3 1010 3 583 1 1 1 
4 2 1144 2 6 1 582 1 
581 3 3 2 1 2 1143 2 
8 3 588 3 1007 3 6 3 
587 1 1006 1 3 1 5 3 
586 2 1009 2 8 1 
5 3 1008 3 585 1 7 1 
66 4 2253 4 93 5 832 4 
678 3 11 2 368 1 886 1 
677 2 367 3 10 2 18 4 
65 3 13 2 1996 4 726 2 
2274 2 12 2 14 1 64 1 
2283 1 308 1 13 1 15 1 
2282 4 16 3 54 3 14 1 
17 3 57 3 15 3 2281 3 
16 3 138 2 743 2 56 2 
439 4 139 3 364 3 11 4 
316 3 2537 2 138 2 20 3 
2277 3 320 3 19 3 141 4 
684 2 140 2 365 2 136 3 
23 1 25 2 2096 2 1060 2 
22 1 2094 3 1059 1 30 1 
27 3 1058 1 2103 2 25 2 
2101 4 22 2 24 2 1057 3 
29 2 2088 1 27 3 1056 4 
24 3 1055 3 26 3 2087 5 
2092 1 2033 1 29 2 1054 2 
26 2 1053 2 2090 2 28 2 
2069 1 31 1 23 1 
1111 4 30 1 
796 1 2546 1 35 1 33 3 
2545 3 795 3 38 3 32 3 
2548 2 794 1 35 1 218 1 
34 1 2547 1 32 1 793 1 
39 1 2542 2 37 2 792 1 
791 2 40 2 2541 2 36 2 
790 2 39 1 33 3 2544 1 
36 1 789 2 38 1 2543 1 
2475 1 37 2 798 2 41 1 
2555 2 797 2 2426 1 40 1 
1859 1 606 3 1119 1 53 2 
44 3 1721 2 46 3 1134 2 
43 3 699 3 
1132 1 46 2 48 1 702 2 
43 3 45 2 1131 3 701 3 
50 3 704 1 48 1 
1842 1 45 1 703 1 47 1 
50 3 706 2 52 2 1128 2 
705 3 49 3 1127 4 47 3 
1126 2 52 3 222 2 2489 3 
1125 3 51 3 1736 2 49 2 
1037 2 605 2 42 2 1114 2 
2505 4 308 3 15 3 57 3 
306 3 1841 4 1344 4 60 2 
2503 3 57 2 17 2 59 3 
2502 1 16 3 56 2 54 3 
317 2 1333 3 1846 2 61 2 
138 3 316 4 56 3 2508 2 
61 1 55 2 1324 2 1848 1 
619 1 60 1 58 2 1847 1 
1840 3 63 1 632 2 317 1 
1681 2 631 2 1839 1 62 1 
65 2 2501 2 308 1 13 1 
12 3 2500 4 64 2 568 2 
67 2 9 4 837 3 88 1 
66 2 838 2 87 2 68 3 
402 2 71 3 835 2 67 3 
2275 3 2411 3 472 3 70 3 
725 2 471 2 80 2 69 3 
836 2 291 4 401 2 68 3 
1828 3 2235 3 73 2 1215 2 
2234 2 72 2 1827 1 
75 3 733 4 470 4 77 3 
74 3 469 1 250 3 2276 1 
79 2 742 5 77 1 468 2 
2278 1 74 3 467 1 76 1 
744 3 466 3 79 2 81 2 
78 2 76 2 2280 2 465 3 
70 2 464 2 81 2 1662 1 
463 3 80 2 747 2 78 2 
106 2 92 2 343 2 83 4 
342 3 1711 4 105 4 82 4 
476 2 452 2 2023 2 90 4 
86 3 1568 1 1039 1 1635 2 
85 3 2460 4 1038 4 1567 3 
1908 2 67 2 88 1 402 1 
93 2 1907 2 66 1 87 1 
788 2 1560 3 1035 2 404 2 
475 4 2022 4 84 4 293 4 
1566 4 404 3 1029 3 406 3 
2550 1 340 4 82 2 403 3 
88 2 339 2 9 5 94 3 
2253 2 403 4 338 5 93 3 
2050 2 96 1 2356 2 1291 2 
2355 1 95 1 97 2 2049 1 
2358 2 2048 2 98 4 96 2 
2357 3 99 4 97 4 2047 4 
2046 3 1236 2 98 4 100 2 
2045 1 101 1 99 2 1234 1 
2044 1 100 1 102 1 1246 2 
2361 2 101 1 2043 1 103 1 
2364 2 104 2 2052 1 102 1 
2051 2 273 3 103 2 2363 2 
83 4 1298 3 106 2 839 2 
840 1 2550 1 105 2 82 2 
558 3 1909 2 110 3 
553 2 2050 3 1578 2 947 3 
1911 1 557 1 486 3 110 2 
556 2 109 2 107 3 1910 3 
2418 2 112 3 597 2 182 2 
111 3 181 4 113 2 2417 2 
2420 1 114 3 180 1 112 2 
179 3 2419 4 113 3 115 3 
178 1 114 3 2416 1 
642 3 117 2 2229 2 1919 4 
116 2 2228 2 118 1 1918 2 
2227 1 1921 2 117 1 119 1 
120 1 1920 1 118 1 2226 1 
1915 3 119 1 121 2 2233 1 
2232 3 120 2 122 2 1914 2 
121 2 1917 3 2231 2 123 2 
1916 2 124 2 2230 3 122 2 
1923 3 125 2 2235 2 123 2 
124 2 1922 3 2234 3 
2120 4 127 5 816 5 893 4 
130 3 126 5 892 2 815 3 
897 2 131 2 812 2 129 2 
896 3 134 1 811 3 128 2 
127 3 895 4 131 2 814 2 
813 1 894 1 130 2 128 2 
552 2 808 2 901 2 135 2 
514 2 2540 2 1026 2 
129 1 899 1 135 2 810 1 
898 2 809 3 134 2 132 2 
1141 3 683 4 21 3 137 2 
682 1 136 2 359 1 
59 3 17 2 2279 3 19 2 
2089 1 18 3 686 3 140 1 
685 1 2095 3 21 2 139 1 
729 4 2400 2 20 4 318 3 
1703 1 365 1 420 1 419 3 
1600 1 1311 2 1598 2 1756 1 
147 3 1264 2 1754 2 145 2 
144 2 1753 1 
149 3 1752 3 147 4 1259 5 
144 3 1751 3 1258 2 146 4 
1261 1 149 1 2498 1 1750 2 
146 3 148 1 1260 1 1749 1 
2385 1 771 2 623 1 153 1 
1634 3 152 3 321 2 154 2 
151 3 1633 2 325 3 1734 2 
2386 1 770 2 627 2 150 1 
1631 1 151 2 1725 3 805 1 
158 5 1630 3 297 2 156 2 
1727 2 1629 1 805 1 155 2 
158 4 1730 2 1628 2 160 2 
1627 4 157 4 155 5 1729 4 
664 3 1732 2 160 3 1626 2 
159 3 157 2 1625 2 1731 2 
850 2 162 3 164 2 1906 2 
849 4 161 3 1905 2 173 3 
1904 4 852 5 164 4 166 4 
851 2 163 4 161 2 1903 1 
854 1 166 1 1902 1 819 2 
1901 3 165 1 853 2 163 4 
168 1 170 2 263 2 1985 4 
262 2 1984 2 167 1 335 1 
269 2 1979 1 170 2 172 2 
268 3 169 2 167 2 1978 2 
433 1 1981 3 172 2 
1980 3 169 2 171 2 266 3 
1898 3 174 3 162 3 195 2 
1897 2 173 3 847 4 379 2 
1142 3 183 4 711 4 422 3 
177 2 1121 3 2524 2 
1120 2 176 2 
179 1 115 1 
114 3 178 1 180 1 
181 3 179 1 113 1 
180 3 182 3 307 3 112 4 
1818 2 181 3 111 2 2422 1 
2102 2 1228 3 175 4 1315 2 
185 1 1574 1 1921 2 187 1 
184 1 1920 1 1573 1 190 2 
1576 3 2466 2 1919 3 187 1 
1575 2 1918 2 184 1 186 1 
1638 3 1917 5 189 4 191 3 
192 2 1569 2 1916 2 188 4 
1915 4 185 2 191 2 1572 4 
1571 2 1914 1 188 3 190 2 
189 2 1577 2 1923 3 
1854 2 2564 3 935 3 1027 2 
265 3 846 4 848 3 2149 2 
849 3 1792 2 173 2 847 3 
197 2 2163 1 848 2 267 2 
196 2 1424 3 1031 4 2162 2 
201 2 199 2 2424 1 1674 2 
1673 3 202 4 2423 2 198 2 
1672 1 2555 2 2426 1 201 2 
2425 3 198 2 1671 3 200 2 
1643 4 199 4 203 3 1670 4 
2421 1 202 3 1669 1 
913 2 205 2 279 2 2157 2 
912 2 204 2 278 2 1968 3 
2367 2 616 3 207 2 209 2 
206 2 212 3 615 3 2366 5 
219 2 209 2 2369 2 614 1 
208 2 613 2 206 2 2368 2 
213 4 2371 3 612 2 211 2 
611 1 2370 1 1479 4 210 2 
610 3 213 4 207 3 2373 2 
212 4 2372 4 210 4 609 4 
215 3 1679 3 1110 3 1211 3 
220 3 214 3 1210 3 1678 1 
1209 2 1110 1 1839 1 1681 2 
1235 3 1780 2 1850 2 1230 3 
219 2 618 1 34 1 1350 1 
218 2 1349 2 617 3 208 2 
1685 4 215 3 221 3 1205 3 
1684 1 1245 2 1204 2 220 3 
1945 2 2488 1 51 2 223 1 
1944 2 226 3 222 1 2559 2 
225 1 2363 1 919 1 273 2 
224 1 918 1 2160 1 272 1 
1947 3 227 3 223 3 1677 4 
1946 2 226 3 228 1 1676 2 
1675 1 227 1 1948 2 
2337 2 318 3 2400 2 230 2 
2399 1 2336 3 234 3 229 2 
233 5 
233 5 2343 2 235 1 2402 1 
232 5 2401 5 2342 5 231 5 
2404 3 2341 3 230 3 235 3 
2403 5 232 1 234 3 2340 2 
1649 3 488 1 
1348 2 1171 3 2394 3 
549 1 1525 1 239 4 
1524 5 551 5 238 4 240 4 
550 2 247 3 1523 1 239 4 
242 1 244 2 1167 1 2396 2 
241 1 1168 1 245 2 2395 1 
244 3 1169 2 2398 2 1348 2 
243 3 241 2 1170 3 2397 3 
246 2 1165 4 2392 2 242 2 
245 2 1166 2 2391 1 1880 2 
1527 3 240 3 248 4 548 3 
547 3 247 4 1105 2 1526 3 
250 3 254 2 570 1 980 1 
569 3 249 3 979 4 75 3 
252 2 984 2 257 2 575 2 
983 1 251 2 253 2 573 3 
930 2 252 2 982 3 254 3 
249 2 253 3 981 3 576 2 
256 3 987 2 578 2 
257 2 255 3 986 3 580 4 
256 2 985 2 251 2 933 1 
842 1 1380 3 261 2 259 1 
1379 2 441 4 258 1 841 1 
1422 2 261 3 1378 3 844 2 
843 3 1377 2 258 2 260 3 
401 2 168 2 291 4 263 3 
167 2 268 3 262 3 290 3 
267 2 1382 1 265 2 848 2 
1421 3 194 3 264 2 1381 3 
287 2 433 2 269 3 172 3 
1424 3 264 2 196 2 1386 2 
170 3 289 2 269 3 263 3 
169 2 288 3 266 3 268 3 
2161 2 1836 3 271 2 277 3 
272 1 1835 1 2160 1 270 2 
271 1 273 2 1834 1 225 1 
104 3 272 2 224 2 1833 2 
275 2 1832 2 2157 3 279 3 
274 2 1831 4 2156 1 276 1 
277 2 1830 1 2159 2 275 1 
276 2 1829 2 2158 3 270 3 
1838 3 445 1 205 2 279 2 
204 2 1837 2 278 2 274 3 
804 3 826 1 1636 3 2171 2 
2175 2 828 1 1876 1 1636 3 
283 2 2215 3 1061 2 600 3 
282 2 599 2 2214 1 284 1 
2213 2 285 2 283 1 602 2 
601 2 292 2 2212 3 284 2 
604 1 485 1 1501 2 2211 1 
266 2 288 2 681 2 
287 2 679 2 269 3 289 2 
680 2 268 2 288 2 290 2 
1606 2 289 2 263 3 291 4 
71 4 262 4 1607 3 290 4 
293 2 608 3 285 2 2207 3 
292 2 2206 2 607 2 90 4 
955 2 2436 1 862 1 1658 3 
1251 2 1816 1 1290 3 296 1 
1293 1 1250 3 295 1 1446 1 
1729 1 1727 2 1884 2 155 2 
299 2 775 1 586 2 
298 2 585 2 300 3 774 3 
301 3 773 2 299 3 588 2 
300 3 302 3 772 4 587 2 
582 2 301 3 771 3 303 2 
770 2 304 2 302 2 581 2 
303 2 584 4 305 4 769 3 
304 4 482 3 768 3 583 3 
55 3 315 3 998 2 641 2 
2422 1 181 3 
2504 2 54 3 14 1 64 1 
1754 1 1643 2 310 1 314 1 
2421 1 1753 1 309 1 
1750 3 312 3 797 3 2426 2 
311 3 2425 3 313 4 1749 2 
314 3 312 4 1752 3 2424 3 
2423 1 309 1 313 3 1751 2 
1649 4 306 3 1337 2 1843 4 
2509 4 19 3 59 4 320 3 
58 2 1845 3 1277 2 62 1 
320 2 229 3 2507 2 141 3 
1357 1 1263 1 322 1 1294 1 
318 2 2506 2 20 3 316 3 
151 2 1734 1 1725 3 1886 2 
1820 2 1262 1 319 1 1351 1 
2171 4 1720 3 1023 3 431 5 
1533 1 325 2 1443 1 327 1 
1532 4 324 2 152 3 1442 3 
1441 3 329 3 327 3 1535 4 
1440 1 1534 1 326 3 324 1 
1529 3 331 5 1439 3 329 3 
1438 3 328 3 326 3 1528 2 
1437 1 333 1 331 3 1531 2 
328 5 1530 3 1436 4 330 3 
2344 3 1538 3 1435 2 333 2 
1434 3 330 1 1537 1 332 2 
402 2 633 3 335 2 1908 3 
978 1 334 2 168 1 401 1 
345 5 1225 3 337 4 1488 2 
1226 4 1487 4 336 4 
339 4 341 4 1201 4 94 5 
531 1 338 4 93 2 1907 2 
92 4 654 4 343 4 341 4 
338 4 653 3 403 3 340 4 
83 3 495 3 1790 2 343 1 
1789 1 342 1 82 2 340 4 
1490 1 1595 1 1223 1 345 4 
336 5 1224 5 344 4 1489 5 
1311 2 1017 1 358 3 1987 3 
1024 3 2056 5 2086 3 2066 4 
719 2 351 3 2084 2 349 1 
354 3 718 3 348 1 2083 1 
1724 2 2082 1 351 3 
2081 3 720 3 348 3 350 3 
722 1 2080 2 353 1 355 2 
2079 1 721 1 356 1 352 1 
349 3 355 4 724 3 2078 3 
723 2 354 4 2077 2 352 2 
713 2 353 1 357 1 2086 1 
504 1 356 1 712 2 2085 1 
1016 3 346 3 1982 3 1310 3 
1141 2 137 1 
1722 2 370 2 956 2 1614 1 
400 3 2091 4 362 3 1613 3 
1612 3 956 2 361 3 397 2 
366 1 2091 2 1611 1 1735 1 
410 1 2089 1 18 3 367 2 
2095 3 142 1 1141 2 21 2 
363 1 2093 2 1608 2 707 1 
11 3 434 3 364 2 368 2 
2013 1 367 2 10 1 435 1 
1824 3 2233 2 372 2 374 2 
2145 4 700 3 371 2 360 2 
370 2 856 1 571 2 1616 2 
1823 2 2232 2 369 2 2301 1 
1822 4 2227 2 1278 3 374 2 
369 2 1821 2 373 2 2226 1 
1668 1 689 3 376 1 2348 2 
2557 2 375 1 688 1 384 2 
1351 2 1820 3 2229 2 1278 3 
381 3 379 1 1660 1 696 3 
378 1 695 2 1659 1 174 2 
381 3 698 2 2531 2 383 1 
697 4 1657 3 378 3 380 3 
692 5 383 5 1656 5 385 5 
1655 3 382 5 691 1 380 1 
694 2 376 2 1654 3 385 2 
382 5 1653 1 693 1 384 2 
1971 2 390 3 
1968 3 912 2 388 3 2271 2 
1967 3 389 2 2270 2 387 3 
1966 2 388 2 2273 1 390 3 
386 3 389 3 1965 4 2272 3 
1644 1 1672 1 872 1 392 3 
1645 3 1671 4 393 5 391 3 
1674 4 392 5 394 3 1641 4 
395 1 1642 2 1673 2 393 3 
394 1 1670 2 396 3 1639 2 
1640 3 1669 3 395 3 
1723 4 2109 2 362 2 400 2 
2435 2 622 2 432 2 1313 2 
1635 2 788 1 1562 1 1033 1 
361 3 1733 2 2108 2 397 2 
262 2 71 2 402 1 335 1 
68 2 401 1 334 2 87 1 
94 4 2560 5 341 3 92 3 
1565 2 91 3 1028 2 89 2 
1564 3 1031 3 1424 2 406 1 
1563 1 405 1 1030 1 91 3 
1701 1 419 3 410 1 2089 1 
2430 4 2365 4 1044 4 1500 5 
1593 2 1413 3 532 1 2297 3 
364 1 1700 1 434 2 407 1 
1052 2 414 3 412 3 1496 2 
417 3 1051 3 1495 2 411 3 
414 2 2365 1 1498 2 1050 3 
413 2 411 3 1497 2 1049 2 
1048 3 418 1 416 2 1492 1 
1229 3 1491 4 1047 2 415 2 
1046 3 412 3 1494 3 418 2 
1493 1 1045 1 415 1 417 2 
407 3 1702 4 2095 5 142 3 
1141 2 142 1 
2217 1 992 2 1403 2 426 2 
820 3 1315 1 175 3 1983 1 
424 1 1411 2 2223 5 430 1 
423 1 2222 1 425 1 1410 3 
426 2 1409 1 2225 1 424 1 
2224 3 1408 3 425 2 421 2 
559 2 1407 2 428 3 2219 3 
427 3 1406 4 2218 2 429 2 
1405 2 2221 3 430 1 428 2 
429 1 423 1 2220 1 1404 1 
2102 3 1098 3 323 5 1315 3 
624 2 2432 2 398 2 
171 1 266 2 
410 2 435 2 367 3 1699 3 
1042 1 434 2 1698 2 368 1 
510 1 2170 1 437 2 
489 3 438 4 2173 3 436 2 
440 3 437 4 2172 4 502 4 
2194 3 686 4 677 2 18 4 
519 2 441 4 438 3 2181 3 
440 4 259 4 513 5 2180 4 
444 4 2416 2 1971 3 
2420 1 444 3 1966 2 446 1 
2419 4 443 3 1965 4 442 4 
278 1 1968 2 2418 1 446 1 
2417 1 445 1 1967 2 443 1 
448 1 2029 1 478 2 462 2 
449 1 447 1 2028 3 477 2 
448 1 2027 2 480 2 450 3 
479 3 451 3 449 3 2026 3 
474 1 452 1 2025 1 450 3 
84 2 473 3 451 1 2024 4 
2052 2 1295 2 456 2 454 3 
2051 2 521 4 590 4 453 3 
458 1 456 1 2044 1 501 1 
2043 1 455 1 453 2 500 3 
458 1 460 3 498 2 2046 2 
455 1 492 1 457 1 2045 1 
553 1 2048 1 1594 1 460 3 
1579 4 2047 4 459 3 457 3 
583 2 2021 4 462 3 482 2 
481 3 2020 2 447 2 461 3 
464 3 81 3 1552 5 466 4 
463 3 80 2 471 2 1551 2 
1554 2 468 3 79 3 466 4 
78 3 463 4 465 4 1553 3 
468 2 470 2 77 1 1556 3 
467 2 465 3 1555 2 76 2 
75 1 470 2 1558 1 979 2 
74 4 1557 2 469 2 467 2 
70 2 472 2 1550 1 464 2 
471 2 69 3 646 3 1549 3 
452 3 474 3 476 3 1328 4 
451 1 1327 2 473 3 479 1 
476 2 607 2 90 4 1326 3 
84 2 475 2 1325 1 473 3 
478 3 1332 3 448 2 480 3 
447 2 477 3 481 3 1331 3 
450 3 480 2 474 1 1330 4 
479 2 449 2 477 3 1329 2 
482 2 1323 4 462 3 478 3 
481 2 305 3 1322 1 461 2 
1579 2 491 1 1708 3 497 1 
499 2 673 2 521 4 1706 2 
1913 3 555 3 286 1 486 3 
109 3 1912 3 554 3 485 3 
2285 4 488 2 
1343 1 487 2 2284 2 236 1 
437 3 556 2 510 2 502 3 
2146 3 1338 2 1336 1 927 1 
1637 1 483 1 1715 1 498 2 
501 1 458 1 498 2 1637 1 
1713 2 494 2 1637 1 501 1 
493 2 500 4 1712 4 499 2 
496 3 342 3 1578 3 1711 4 
495 3 1710 2 1570 1 497 1 
1709 1 483 1 1594 1 496 1 
1579 3 492 2 457 2 491 2 
484 2 1295 1 1707 1 494 2 
494 4 501 3 1295 3 456 3 
492 1 500 3 455 1 493 1 
519 3 557 2 489 3 438 4 
962 1 1336 1 1342 2 579 2 
357 1 532 1 1867 1 509 1 
508 1 1872 3 506 1 
536 1 505 1 1871 1 511 1 
1870 2 508 1 516 2 
505 1 1869 3 507 1 
512 1 504 1 1868 2 533 1 
436 1 489 2 558 2 
535 3 1866 1 512 1 506 1 
509 1 534 1 511 1 1865 2 
1379 3 519 3 441 5 555 4 
1021 2 133 2 1717 2 2539 4 
1875 3 2532 1 516 2 
1874 3 515 2 507 2 
527 2 518 3 2093 3 1426 2 
517 3 1425 2 522 3 526 3 
502 3 440 2 554 2 513 3 
1697 2 917 2 1530 2 525 2 
1956 3 454 4 484 4 1295 3 
1428 2 523 3 518 3 528 2 
522 3 1427 2 
816 2 1704 1 2120 1 
916 1 1531 2 520 2 529 1 
528 2 2285 4 527 2 518 3 
517 2 2284 2 708 3 526 2 
526 2 2286 1 522 2 
913 2 1537 1 525 1 537 1 
1862 1 1851 3 2176 1 1774 1 
339 1 1124 1 942 3 1201 1 
504 1 533 1 409 1 712 2 
534 1 532 1 1593 2 509 1 
1592 2 512 1 533 1 535 3 
511 3 1591 3 536 3 534 3 
506 1 535 3 
912 1 2271 1 1538 2 529 1 
1572 3 545 2 2388 5 539 1 
540 2 1571 2 2387 1 538 1 
1638 2 539 2 2390 2 541 3 
546 2 1569 2 2389 3 540 3 
1536 2 1576 4 2384 4 543 3 
2383 3 544 3 542 3 1575 3 
1574 2 543 3 545 3 2386 2 
2385 2 538 2 1573 2 544 3 
541 2 1577 2 2382 3 
1945 3 248 3 548 2 2242 2 
1944 2 550 2 547 2 247 3 
551 2 238 1 1948 2 
240 2 551 3 548 2 1947 2 
549 2 1946 3 550 3 239 5 
2477 3 132 2 807 2 900 3 
459 1 108 2 1570 1 2049 1 
555 3 519 2 486 3 557 1 
554 3 485 3 2211 3 513 4 
110 2 489 2 558 2 557 1 
109 1 554 1 502 2 556 1 
556 2 107 3 510 2 
427 2 1999 1 1213 2 560 2 
561 2 1998 2 1212 4 559 2 
1991 1 1221 2 560 2 562 1 
563 1 1220 1 561 1 1990 2 
562 1 564 2 1219 2 1993 3 
1218 5 563 2 565 2 1992 3 
1995 3 564 2 566 3 1217 1 
1216 3 1994 4 565 3 567 5 
2445 3 1997 3 566 5 568 3 
1214 2 1996 3 65 2 567 3 
2276 1 250 3 570 1 1784 1 
576 1 249 1 569 1 1780 1 
2107 2 371 2 818 2 700 3 
1687 2 1249 3 1229 3 1203 3 
930 3 575 3 2455 3 252 3 
995 1 1705 2 1623 3 
573 3 2454 2 251 2 933 1 
930 1 570 1 254 2 2453 2 
1990 3 929 2 1338 3 927 2 
2451 2 255 2 580 3 
934 2 1995 4 928 2 503 2 
578 3 256 4 933 3 2448 3 
4 3 584 4 582 2 303 2 
302 2 587 1 581 2 3 1 
584 3 461 2 2 1 305 3 
581 4 583 3 304 4 1 3 
586 2 299 2 8 1 588 1 
585 2 7 2 298 2 
582 1 588 1 6 1 301 2 
587 1 5 3 585 1 300 2 
1834 3 590 5 592 3 1748 3 
1956 3 589 5 454 4 1833 3 
592 1 1955 1 1836 2 594 1 
591 1 589 3 1954 2 1835 1 
1973 1 594 1 596 1 1830 1 
1829 1 1972 2 593 1 591 1 
1590 2 596 1 598 2 1832 1 
1755 2 595 1 1831 4 593 1 
1838 3 111 2 598 2 1818 2 
1837 2 595 2 597 2 1817 3 
283 2 602 3 1115 3 600 3 
605 2 599 3 1114 2 282 3 
608 3 285 2 1113 1 602 2 
599 3 1112 3 601 2 284 2 
1119 1 1501 2 604 1 606 3 
286 1 1118 3 603 1 1913 3 
606 3 1061 1 53 2 600 2 
605 3 42 3 603 3 1502 4 
475 2 1123 2 608 3 293 2 
601 3 292 3 607 3 1122 3 
610 3 213 4 612 2 1395 2 
212 3 609 3 1394 2 615 3 
211 1 612 1 2295 1 1397 3 
611 1 1396 1 609 2 210 2 
616 3 209 2 614 1 1399 1 
617 2 613 1 1398 1 208 1 
616 4 1401 3 207 3 610 3 
615 4 206 3 613 3 1400 3 
219 3 618 2 614 2 1393 3 
794 1 218 1 617 2 1392 1 
1333 2 1324 2 2109 1 61 1 
773 2 623 2 2387 2 2257 5 
1175 3 2165 4 622 4 1313 4 
398 2 2164 2 621 4 624 2 
620 2 772 3 150 1 2388 5 
432 2 622 2 
2389 2 775 1 2257 4 655 1 
821 2 2256 1 1871 1 2258 1 
153 2 628 3 769 3 2383 3 
2384 4 627 3 768 2 690 3 
630 3 2511 2 1346 2 2069 2 
817 2 629 3 2510 4 1111 5 
632 3 63 2 2107 2 1936 2 
631 3 1277 3 62 2 2106 3 
978 2 945 3 334 3 1092 4 
2092 2 2517 2 1163 4 635 2 
2516 2 2090 1 636 1 634 2 
637 1 2519 2 635 1 2088 1 
2518 2 636 1 2087 3 638 1 
639 2 637 1 2513 1 2103 2 
638 2 2101 4 2512 3 640 3 
2096 3 2515 3 1346 2 639 3 
2114 2 1337 1 1344 3 306 2 
116 3 643 3 2414 2 1366 4 
651 2 642 3 2413 3 1365 2 
1783 2 2198 2 849 3 1792 2 
2412 3 1374 2 648 1 646 2 
645 2 2411 3 1373 3 472 3 
2297 3 
2409 1 1352 2 645 1 1375 3 
650 3 1370 4 652 4 2408 3 
649 3 1369 1 2407 1 1352 2 
2406 2 643 2 1372 1 652 2 
651 2 649 4 2405 2 1371 2 
940 3 654 3 341 3 1201 3 
939 1 653 3 340 4 1789 1 
2382 3 625 1 
657 1 2267 1 1048 3 1254 1 
656 1 2058 2 1255 3 1047 1 
659 1 1168 1 1797 1 665 1 
658 1 1167 1 660 3 1796 1 
1170 4 661 4 1795 5 659 3 
1794 2 660 4 1169 2 662 3 
663 3 1799 2 1172 2 661 3 
1798 2 662 3 1171 3 
665 2 159 3 1166 3 728 3 
664 2 1800 2 1165 3 658 1 
1590 2 1522 3 675 1 667 1 
1521 1 1755 2 668 2 666 1 
1520 2 1973 2 667 2 669 3 
670 2 668 3 1519 3 1972 3 
669 2 671 1 1518 1 1955 1 
670 1 1954 2 672 1 1517 2 
671 1 1516 1 673 1 1748 1 
1515 5 484 2 672 1 1956 1 
1514 3 675 3 1818 4 2422 3 
1513 1 674 3 666 1 1817 2 
696 4 2003 3 1719 3 687 3 
678 3 439 2 11 2 2183 1 
1931 5 2182 4 677 3 10 3 
288 2 681 2 680 2 1430 2 
289 2 1429 3 679 2 1606 2 
1431 2 287 2 679 2 
683 3 137 1 2191 1 
682 3 684 3 136 4 2190 3 
21 2 685 1 683 3 2193 2 
140 1 686 3 684 1 2192 1 
439 4 685 3 139 3 2195 4 
695 3 2002 2 1793 2 676 3 
689 3 694 1 376 1 1737 2 
375 3 688 3 757 4 2335 4 
2528 2 1322 2 748 3 628 3 
383 1 692 1 1977 1 698 2 
382 5 1976 1 691 1 693 1 
694 1 1975 1 385 1 692 1 
693 1 384 2 688 1 1716 3 
847 4 687 3 379 2 696 4 
697 4 676 4 695 4 378 3 
381 4 696 4 1719 3 698 3 
1718 2 380 2 691 2 697 3 
2237 2 1721 2 44 3 868 2 
370 3 1722 3 571 3 2106 3 
1721 2 702 3 2241 2 46 3 
2240 3 703 2 45 2 701 3 
704 1 702 2 48 1 2239 2 
705 1 703 1 47 1 2238 1 
704 1 50 3 2245 2 706 2 
49 2 1736 2 2244 2 705 2 
708 3 1735 1 2113 3 366 1 
707 3 527 3 2112 3 2093 4 
727 4 2000 3 1405 3 1368 4 
1142 2 2487 3 1757 2 711 3 
1314 2 1228 3 175 4 710 3 
1413 4 713 3 357 2 532 2 
356 2 712 3 721 2 1412 3 
715 3 1597 2 1319 2 717 4 
714 3 1598 3 1318 3 1756 2 
1321 4 1223 1 717 3 1595 1 
714 4 1596 3 716 3 1320 3 
349 3 719 4 1416 3 724 3 
348 2 720 2 718 4 1415 3 
719 2 351 3 
353 1 722 1 713 2 1420 2 
352 1 721 1 1419 1 723 1 
355 2 724 1 1418 1 722 1 
723 1 354 3 1417 1 718 3 
1662 1 1448 1 70 2 2275 2 
1145 1 2274 2 932 1 12 2 
709 4 1363 3 1404 3 2001 3 
1800 3 996 4 664 3 1626 2 
1148 3 2277 3 141 4 2446 3 
1070 2 2558 3 1808 2 1806 1 
737 4 1828 4 2444 3 732 3 
1827 1 731 3 
2278 2 74 4 2276 2 1451 2 
735 2 2442 2 1824 2 741 3 
736 2 734 2 2443 2 1823 3 
735 2 737 2 1826 1 2440 2 
731 4 1825 2 736 2 2441 3 
2438 3 1820 4 1262 3 739 4 
2439 4 1819 2 740 2 738 4 
1822 3 739 2 2436 1 741 3 
2437 3 1821 4 740 3 734 3 
2280 5 2278 5 76 5 1449 5 
17 2 2279 3 1152 4 2281 2 
78 3 1455 4 747 3 2280 3 
1886 2 746 4 754 1 2364 2 
745 4 919 4 1885 5 2363 4 
1662 1 744 3 1454 1 81 2 
2384 4 1536 2 1812 2 690 3 
750 3 752 1 2358 1 1878 1 
749 3 1877 5 755 3 2357 3 
2356 2 1880 2 2391 1 752 1 
749 1 1879 1 2355 1 751 1 
754 2 1246 3 756 2 1882 4 
753 2 745 1 2361 2 1881 1 
1884 2 750 3 1236 1 756 1 
1883 2 1234 1 753 2 755 1 
2168 2 2009 2 689 4 1737 3 
765 2 759 2 1504 3 2217 1 
2216 4 758 2 995 2 1503 2 
763 1 1510 1 761 1 2221 3 
1509 2 766 1 2220 1 760 1 
1512 5 763 3 2219 4 925 4 
762 3 1511 1 760 1 2218 1 
2225 1 765 2 1506 1 767 2 
758 2 1505 3 764 2 2224 3 
767 2 761 1 1508 3 2223 5 
766 2 1507 2 764 2 2222 2 
769 2 1322 1 305 3 628 2 
770 3 768 2 304 3 627 3 
769 3 771 3 303 2 153 2 
770 3 302 3 150 2 772 4 
771 4 773 3 301 4 623 3 
774 2 620 2 772 3 300 2 
773 2 2257 5 775 2 299 3 
625 1 298 1 774 2 
777 3 1648 3 780 2 1981 4 
776 3 1980 3 1647 2 778 3 
1979 2 779 3 1650 4 777 3 
2478 2 1978 2 778 3 781 2 
1646 1 1974 1 776 2 
1985 4 782 1 1652 2 779 2 
781 1 1651 2 946 3 1984 2 
784 3 2247 2 
783 3 785 5 2246 3 1177 3 
784 5 2252 4 1174 3 786 3 
787 2 2251 1 1173 3 785 3 
786 2 2250 3 1176 3 2287 4 
1034 2 89 2 399 1 1559 2 
1198 2 792 2 39 2 790 3 
795 2 1197 2 38 2 789 3 
37 2 798 2 792 1 1200 1 
1199 2 789 2 791 1 36 1 
796 1 1194 1 794 1 35 1 
618 1 1193 2 793 1 34 1 
790 2 33 3 1196 2 796 1 
793 1 1195 2 32 1 795 1 
1192 3 41 2 798 3 311 3 
791 2 797 3 40 2 1191 2 
1224 2 800 1 2189 1 2299 2 
799 1 1321 4 1223 1 2188 2 
1362 2 2008 3 1403 3 806 4 
803 3 1728 1 1026 2 
802 3 1717 3 1724 4 2082 3 
1873 4 280 3 1772 5 1098 3 
1632 1 156 1 154 1 1726 1 
1180 3 2009 3 1402 3 801 4 
1512 3 808 2 552 2 936 2 
807 2 132 2 1511 2 809 3 
810 2 1510 2 135 3 808 3 
811 3 809 2 1509 2 134 1 
1508 5 812 3 810 3 129 3 
1507 1 811 3 128 2 813 1 
814 1 131 1 1506 1 812 1 
1505 2 815 2 813 1 130 2 
814 2 1504 4 127 3 816 3 
524 2 126 5 1503 2 815 3 
630 2 2354 1 
856 1 571 2 1900 4 819 2 
855 4 1899 2 165 2 818 2 
1982 3 422 3 1310 3 1142 3 
2175 3 822 3 626 2 828 2 
821 3 2256 2 2174 4 823 3 
2177 2 824 3 2255 2 822 3 
2254 2 829 3 823 3 2176 2 
2261 2 1023 1 2171 2 826 1 
827 1 280 1 825 1 2260 1 
826 1 2259 2 828 1 1636 3 
2258 1 827 1 281 1 821 2 
824 3 830 2 2179 2 2269 2 
2268 1 1389 1 2178 2 829 2 
1238 4 834 3 832 3 2253 3 
837 3 1237 1 831 3 9 4 
834 2 2550 2 1240 3 840 2 
833 2 2560 3 1239 2 831 3 
836 1 68 2 1242 2 838 1 
71 2 835 1 1241 2 1607 1 
1244 4 832 3 66 3 838 3 
67 2 1243 2 835 1 837 3 
1248 2 2133 1 105 2 840 1 
106 1 1247 2 833 2 839 1 
2180 1 842 1 259 1 2155 1 
258 1 841 1 2154 1 843 2 
844 2 261 3 2153 2 842 2 
845 1 2152 1 843 2 260 2 
844 1 1422 1 2151 1 846 3 
2150 4 1421 4 194 4 845 3 
695 4 174 4 1793 3 195 3 
2148 2 196 2 194 3 264 2 
162 4 195 3 850 3 644 3 
161 2 1783 2 849 3 851 2 
852 3 164 2 1782 2 850 2 
851 3 163 5 853 3 1781 3 
854 2 1788 3 852 3 166 2 
855 3 853 2 165 1 1787 2 
854 3 819 4 1786 3 856 3 
371 1 818 1 1785 1 855 3 
858 3 2440 2 2429 1 
857 3 859 3 2428 4 2443 3 
2427 1 858 3 2442 2 955 2 
867 4 2435 5 2034 4 861 5 
2033 2 1054 3 2434 2 860 5 
2439 3 2431 1 294 1 863 1 
1044 1 2430 1 2438 1 862 1 
865 1 2038 2 871 1 
864 1 866 1 2037 2 
867 1 2036 2 865 1 
860 4 2432 1 866 1 2035 2 
869 1 2042 1 699 2 
2041 1 868 1 870 2 
869 2 2040 4 871 2 
2039 1 864 1 870 2 
391 1 873 2 1778 2 1130 2 
1129 3 872 2 1779 3 880 2 
1138 3 1772 3 877 1 875 2 
1791 3 874 2 1137 2 1773 2 
1770 2 879 2 877 1 1140 1 
1139 2 1771 1 874 1 876 1 
879 4 881 3 1776 4 1863 3 
878 4 876 2 1133 3 1777 2 
881 1 1136 2 873 2 1774 1 
880 1 1135 2 878 3 1775 2 
889 3 1925 2 2019 2 883 3 
2018 3 1069 3 1924 2 882 3 
2011 2 887 4 1933 3 885 2 
890 1 1932 1 884 2 2010 3 
887 3 2013 1 1931 3 10 1 
886 3 884 4 1930 3 2012 3 
1929 3 889 4 2015 4 891 3 
2014 2 882 3 1928 3 888 4 
885 1 2017 3 1927 2 891 1 
1926 2 2016 1 890 1 888 3 
127 2 895 3 2320 1 893 1 
2319 2 892 1 126 4 
897 1 2315 2 131 1 895 3 
130 4 892 3 2314 3 894 3 
129 3 2317 3 899 3 897 3 
894 1 128 2 896 3 2316 2 
901 2 135 2 899 1 2311 2 
2310 2 896 3 898 1 134 1 
901 3 1080 2 2313 2 552 3 
898 2 900 3 132 2 2312 2 
1764 2 1609 2 903 2 1096 4 
1608 2 1765 2 902 2 904 3 
1611 3 1766 4 903 3 905 3 
1767 1 1610 3 906 1 904 3 
1760 1 1613 1 905 1 907 2 
1612 4 1761 3 906 2 908 4 
909 4 1615 3 1762 3 907 4 
908 4 1763 2 910 2 1614 2 
1758 3 909 2 911 1 2145 3 
1616 2 2201 2 910 1 1759 1 
537 1 205 2 387 2 913 2 
529 2 204 2 916 2 912 2 
917 1 2159 2 915 1 1697 1 
1696 1 920 1 914 1 2158 2 
525 1 913 2 2157 2 917 1 
520 2 2156 1 914 1 916 1 
225 1 1693 2 919 1 921 1 
1692 1 746 4 224 1 918 1 
1695 1 921 1 915 1 2161 1 
2160 1 920 1 1694 2 918 1 
1589 4 924 3 1623 4 923 2 
1622 2 1588 2 992 2 922 2 
922 3 1586 3 1624 2 
1335 2 762 4 926 2 1999 2 
1334 2 929 1 925 2 1998 1 
1993 3 490 1 928 1 577 2 
1336 1 1992 2 579 2 927 1 
1339 2 577 2 926 1 1991 1 
2452 2 576 1 253 2 573 3 
1997 2 932 2 1341 4 934 2 
1996 3 1340 1 931 2 726 1 
2449 1 580 3 257 1 575 1 
1994 2 579 2 1342 2 931 2 
2448 2 1227 2 193 3 1222 2 
1335 2 2477 3 937 3 807 2 
966 2 1334 3 2476 2 936 3 
1265 2 2098 1 
940 1 1466 2 654 1 948 3 
939 1 1465 2 653 3 941 2 
1201 2 940 2 942 4 1468 2 
1467 3 531 3 943 4 941 4 
1470 3 944 2 1124 2 942 4 
1092 3 943 2 1469 3 945 2 
946 4 633 3 1472 3 944 2 
1471 3 945 4 782 3 978 3 
1790 3 948 4 1464 3 108 3 
947 4 939 3 1463 4 1789 3 
954 3 1642 3 1619 5 950 3 
951 2 1641 3 949 3 1618 3 
950 2 952 3 1617 1 1645 1 
1022 3 951 3 1644 3 2144 5 
1640 3 954 4 1621 3 
1620 3 949 3 1639 3 953 4 
294 2 859 2 2437 2 2433 2 
360 2 1615 2 362 2 1723 4 
1814 2 958 3 2100 3 959 2 
957 3 2099 3 1813 2 960 3 
2097 1 1815 2 957 2 
958 3 2105 2 2447 2 961 2 
1148 1 2104 1 2446 1 960 2 
2147 1 2480 3 503 1 963 1 
964 2 2479 1 1342 2 962 1 
965 3 963 2 1341 4 2482 2 
964 3 1896 2 2481 3 1340 2 
1339 2 2484 2 937 2 967 3 
2483 3 1338 4 2146 5 966 3 
1109 2 969 3 971 2 2163 1 
1108 3 1156 4 968 3 2162 3 
973 3 1103 2 971 3 2149 2 
1102 2 2148 2 968 2 970 3 
973 3 2151 2 1101 3 975 2 
972 3 970 3 1100 4 2150 3 
977 2 975 2 2153 2 1107 4 
2152 1 974 2 1106 1 972 2 
977 3 2155 3 1105 3 1526 4 
974 2 1104 3 976 3 2154 1 
633 2 335 1 946 3 1984 2 
1013 3 250 4 980 2 469 2 
981 2 1012 2 249 1 979 2 
1000 3 980 2 982 3 254 3 
981 3 999 2 253 3 983 2 
252 1 984 1 982 2 1002 3 
985 2 251 2 983 1 1001 3 
986 3 257 2 1004 3 984 2 
985 3 1003 4 987 2 256 3 
1005 2 986 2 255 2 
1795 4 2324 2 989 3 991 2 
2323 2 988 3 993 4 1794 2 
991 1 2322 1 997 1 1797 1 
990 1 2321 2 1796 1 988 2 
1402 2 2216 4 421 2 923 2 
1799 3 989 4 994 4 2318 3 
1798 2 993 4 
574 1 1704 1 759 2 1622 2 
1036 3 728 4 2325 4 997 3 
1099 1 1800 2 996 3 990 1 
1841 3 306 2 1843 3 2564 2 
2195 2 1000 2 982 2 1002 3 
981 3 1012 3 999 2 2194 3 
1002 5 1004 4 984 3 2193 4 
1001 5 2192 3 999 3 983 3 
986 4 1005 4 2191 3 1004 4 
985 3 1001 4 2190 2 1003 4 
987 2 1003 4 
2464 1 6 1 1144 2 1007 1 
2463 1 1008 3 5 3 1006 1 
2462 3 8 3 1007 3 1009 4 
7 2 2461 4 1008 4 
1011 4 1567 3 2 3 2460 4 
1010 4 1143 2 2459 2 1 2 
1013 3 1000 3 2183 2 980 2 
1012 3 2182 3 979 3 1558 2 
2056 3 1983 1 1024 1 1015 2 
1016 2 1014 2 1982 2 2055 4 
1015 2 2054 1 358 3 1017 1 
346 1 1016 1 2053 1 1018 1 
2060 1 1987 3 1019 2 1017 1 
2059 2 1986 3 1018 2 1020 3 
1021 2 2122 2 1019 3 1989 4 
1020 2 514 2 1988 1 2121 3 
952 3 1778 2 2178 2 1851 3 
323 3 825 1 2066 2 1024 1 
347 3 1720 1 1014 1 1023 1 
1113 1 1853 2 2014 1 1855 2 
1717 2 133 2 802 2 
2565 1 1222 1 1040 1 193 2 
1964 2 1035 2 404 2 1029 2 
1963 2 91 3 1030 1 1028 2 
1962 2 1029 1 406 1 1031 3 
1961 4 405 3 197 4 1030 3 
1635 4 1033 3 1039 3 1960 3 
1032 3 1034 2 1959 3 399 1 
788 2 1958 3 1033 2 1035 2 
1028 2 1957 1 89 2 1034 2 
996 3 1099 1 2295 1 1397 3 
53 2 1857 1 2010 3 1859 1 
86 4 1970 3 1039 2 1187 3 
85 1 1038 2 1032 3 1969 2 
2566 3 1858 3 1027 1 1233 2 
2569 3 1861 3 1230 4 1850 3 
1860 2 435 1 2013 1 1118 3 
2294 2 2365 1 1050 3 1044 1 
863 1 2288 2 408 4 1043 1 
2267 1 1046 2 418 1 1048 3 
417 3 1045 2 2266 3 1051 3 
1048 3 1202 3 657 1 416 2 
1047 3 656 3 415 3 1045 3 
1050 3 1052 1 414 2 2263 2 
2262 3 1049 3 1043 3 413 3 
412 3 2265 2 1052 2 1046 3 
2264 2 1049 1 411 2 1051 2 
1054 2 29 2 1056 4 2250 2 
1053 2 861 3 2249 3 28 2 
1056 4 27 3 2252 2 1058 1 
1055 4 2251 4 26 4 1053 4 
1058 2 2247 3 25 3 1060 3 
24 1 1057 2 2246 1 1055 1 
23 1 1060 2 
2248 2 1057 3 22 2 1059 2 
605 1 2208 2 282 2 1502 2 
1776 2 1864 1 1862 1 2174 3 
1066 3 1738 1 1812 1 1536 1 
1065 2 1067 4 1747 2 1809 3 
1064 2 1070 2 1746 1 1808 2 
1063 3 1811 3 1067 5 1745 3 
1064 4 1066 5 1810 4 1744 3 
1069 3 1071 3 1743 2 1805 2 
1068 3 883 3 1804 3 1742 2 
730 2 1065 2 1071 3 1741 4 
1070 3 1806 2 1068 3 1740 2 
1073 3 2482 2 2134 3 1075 4 
2133 2 1072 3 1248 3 2481 3 
1077 2 1075 4 2136 2 2480 4 
2135 3 1074 4 2479 3 1072 4 
2138 1 1079 2 2486 1 1077 1 
1074 2 2137 1 2485 3 1076 1 
1081 2 2140 2 1079 3 2484 3 
1076 2 2139 2 1078 3 2483 2 
1081 1 900 2 2477 2 2142 1 
1080 1 1078 2 2141 1 2476 1 
2067 3 1085 4 1083 3 1450 3 
1088 1 1082 3 2068 1 1449 1 
2458 4 2519 4 1186 3 1188 3 
1082 4 2143 2 2415 2 1451 2 
2063 3 1454 3 1087 4 1089 4 
1086 4 1090 3 2064 2 1453 3 
1083 1 2061 2 1456 1 1089 2 
1086 4 1455 3 2062 4 1088 2 
1448 2 1087 3 2057 2 1091 2 
1447 3 1255 3 2058 2 1090 2 
1908 4 944 3 1124 3 633 4 
1428 1 1097 1 1951 2 1094 3 
1952 5 1093 3 1095 3 1427 3 
1953 2 1094 3 
1097 3 1426 3 1949 5 902 4 
1096 3 1425 1 1093 1 1950 1 
431 3 2171 2 1773 1 804 3 
2296 1 997 1 1036 1 2322 1 
1101 4 973 4 2239 4 1103 3 
1106 2 1100 4 972 3 2238 2 
1103 1 971 2 1109 2 2241 1 
1102 1 2240 2 970 2 1100 3 
977 3 1107 5 2243 3 1105 3 
976 3 2242 1 248 2 1104 3 
1101 2 975 1 1107 3 2245 2 
1104 5 1106 3 2244 3 974 4 
1268 2 969 3 1109 2 2237 1 
1102 2 968 2 1108 2 2236 4 
216 1 1208 2 214 3 1680 2 
31 4 2069 4 630 5 
1855 3 602 3 1113 2 1115 3 
1025 1 1122 1 601 1 1112 2 
1857 1 1115 2 53 2 600 2 
1114 2 599 3 1112 3 1856 3 
1650 3 1117 2 
1120 3 1116 2 2478 2 
604 3 1042 3 1698 4 1119 3 
42 1 603 1 1860 2 1118 3 
1652 3 177 2 1121 3 1117 3 
1284 4 1120 3 176 3 1651 3 
1113 1 1853 2 608 3 1123 2 
1326 3 607 2 1852 2 1122 2 
531 1 1907 2 943 2 1092 3 
52 3 1126 2 1128 3 
51 2 2488 1 1125 2 
50 4 1128 3 
1127 3 1125 3 49 2 
873 3 1136 3 2475 2 1130 3 
2555 3 1672 2 872 2 1129 3 
1134 2 1132 2 46 3 
1842 1 45 1 1131 2 
2544 2 1140 2 879 3 1863 2 
1131 2 43 2 
2542 3 881 2 1136 3 1863 2 
880 2 1135 3 1129 3 2541 2 
2548 2 875 2 1312 1 1138 3 
874 3 2547 3 1139 4 1137 3 
2546 2 877 2 1140 2 1138 4 
1133 2 2545 1 1139 2 876 1 
420 2 359 2 365 2 136 3 
175 3 710 2 1600 1 820 3 
2458 2 1144 2 1011 2 4 2 
1143 2 3 2 1006 2 2457 4 
726 1 1896 1 1340 1 1146 3 
1153 3 2274 4 1145 3 1895 4 
1890 3 1148 2 2277 2 1150 4 
1889 1 961 1 729 3 1147 2 
1150 3 2279 2 1152 3 1888 1 
1149 3 2537 4 1147 4 1887 4 
1894 2 2281 2 1152 4 1154 2 
1893 4 1151 4 743 4 1149 3 
1146 3 1892 2 2283 1 1154 1 
1891 2 1153 1 1151 2 2282 4 
1962 2 1156 2 1158 1 1269 1 
1268 3 969 4 1961 3 1155 2 
1964 2 1158 2 1267 3 1160 3 
1963 2 1266 3 1157 2 1155 1 
1160 2 1162 1 1958 2 1273 1 
1957 2 1159 2 1272 3 1157 3 
1162 2 1960 2 1271 3 1164 4 
1161 2 1159 1 1959 3 1270 2 
1275 3 634 4 1970 4 1164 5 
1969 4 1161 4 1163 5 1274 3 
245 4 1166 4 1168 3 665 3 
246 2 1165 4 664 3 1732 2 
1168 1 1170 2 659 1 241 1 
1167 1 658 1 1165 3 242 1 
1172 1 243 2 1170 2 661 2 
1167 2 660 4 1169 2 244 3 
237 3 1172 2 663 3 
1169 1 1348 1 662 2 1171 2 
2362 5 1176 4 786 3 1174 3 
1177 1 785 3 1173 3 
1176 2 621 3 2287 3 2360 2 
1175 2 2359 4 787 3 1173 4 
784 3 1174 1 
1179 3 1801 2 1586 3 
1802 3 1178 3 1180 2 1589 4 
806 3 1179 2 1588 2 1803 2 
2515 4 2462 3 1184 4 1182 4 
1181 4 2461 4 2514 3 1189 2 
1186 1 2464 1 2513 1 1184 2 
2512 3 1181 4 2463 2 1183 2 
2339 1 2349 1 2335 2 2169 2 
1183 1 2518 2 1084 3 2457 3 
1188 2 2460 3 2517 2 1038 3 
1187 2 2516 2 2459 1 1084 3 
2456 1 2511 1 1182 2 1190 1 
2510 3 1189 1 
2499 2 1200 1 798 2 1192 2 
1750 3 797 3 2498 2 1191 2 
2493 2 794 2 1392 2 1194 2 
793 1 1195 2 2492 1 1193 2 
796 2 1194 2 2491 2 1196 3 
2490 3 795 2 1195 3 1197 2 
790 2 2497 2 1196 2 1198 1 
1199 2 789 2 1197 1 2496 2 
792 2 1198 2 2495 2 1200 2 
1191 1 1199 2 791 1 2494 1 
941 2 338 4 653 3 531 1 
2058 4 1047 3 1229 4 1203 4 
2057 2 1206 2 1202 4 572 3 
1205 2 1207 4 2062 4 221 2 
1210 3 1204 2 2061 2 220 3 
1207 3 1203 2 1249 2 2064 1 
1206 3 2063 3 1204 4 1245 4 
1110 2 1211 2 2143 2 1209 3 
216 2 2562 3 2065 5 1208 3 
2068 3 1205 3 215 3 1211 3 
1208 2 1210 3 2067 1 214 3 
1213 4 1221 4 560 4 1581 4 
1580 2 1407 2 1212 4 559 2 
568 2 1583 3 2445 2 2500 4 
2301 1 1825 1 2230 2 72 2 
1217 1 566 3 2445 1 1585 2 
1216 1 1218 4 565 1 1584 3 
564 5 1587 5 1219 5 1217 4 
1218 5 1220 2 563 2 2030 3 
562 1 1219 2 2032 1 1221 2 
561 2 2031 2 1212 4 1220 2 
1027 1 1233 2 935 2 2449 1 
716 1 800 1 344 1 1224 2 
799 2 345 5 1225 3 1223 2 
1226 3 336 3 2299 3 1224 3 
337 4 2298 2 1225 3 
2451 2 935 2 1854 1 
183 3 711 3 1791 3 2473 2 
416 3 1202 4 1686 2 572 3 
2453 3 1231 2 1041 4 217 3 
1230 2 2452 2 1232 1 1861 1 
1858 3 2455 1 1231 1 1233 2 
1222 2 1040 2 2454 3 1232 2 
1236 1 756 1 1246 2 100 1 
1784 2 1849 2 217 3 2415 2 
1234 1 99 2 2357 1 755 1 
1548 2 1244 2 832 1 1238 2 
831 4 1239 3 1547 2 1237 2 
1238 3 1546 2 1240 3 834 2 
1247 3 1545 4 833 3 1239 3 
1242 3 836 2 1544 3 1432 4 
1241 3 835 2 1243 3 1543 3 
1244 3 838 2 1242 3 1542 2 
1541 3 837 4 1237 2 1243 3 
221 2 1683 2 1207 4 1249 3 
2361 3 753 3 1234 2 101 2 
1240 3 1248 3 840 2 1540 2 
1073 3 1539 3 839 2 1247 3 
572 3 1682 4 1245 3 1206 2 
1253 3 1251 4 2264 4 296 3 
295 2 1250 4 2265 2 1256 3 
1294 1 1253 1 2262 1 1263 1 
1293 1 1250 3 2263 2 1252 1 
1257 1 1255 3 656 1 1288 1 
657 3 1254 3 1091 3 1287 3 
2266 3 1257 2 1290 4 1251 3 
1254 1 2267 1 1256 2 1289 3 
1264 1 1259 3 147 2 2347 2 
2346 3 1258 3 1260 3 146 5 
1261 1 149 1 2345 3 1259 3 
2344 2 1435 1 1260 1 148 1 
322 1 2288 2 1263 1 738 3 
319 1 1262 1 1252 1 2294 2 
1258 1 144 2 
1514 2 1276 3 938 2 2319 3 
1269 3 1158 3 1267 4 2040 5 
1272 3 1266 4 1157 3 2039 2 
1108 2 1156 3 1269 2 2042 2 
1266 3 2041 1 1268 2 1155 1 
1162 2 1271 3 2036 3 1273 2 
1161 3 1270 3 2035 3 1274 2 
1267 3 1273 2 2038 3 1160 3 
1272 2 2037 2 1159 1 1270 2 
2034 1 1275 1 1164 3 1271 2 
2033 1 1163 3 2092 1 1274 1 
1265 3 1459 3 2320 2 1513 2 
1333 3 317 2 2111 2 632 3 
1819 2 377 3 373 3 2228 3 
1280 1 1468 1 1282 1 2521 2 
1279 1 2520 1 1285 1 1467 1 
1466 2 1282 1 1292 3 2523 2 
1281 1 1465 2 1279 1 2522 1 
2525 1 1472 2 1286 1 1284 3 
1121 4 2524 3 1471 3 1283 3 
1470 2 1286 1 1280 1 2527 1 
2526 2 1469 3 1285 1 1283 1 
1447 3 1807 1 1255 3 1288 1 
2450 1 1287 1 1254 1 1289 3 
1290 5 1423 4 1257 3 1288 3 
1289 5 1414 4 295 3 1256 4 
1464 3 2530 2 1292 4 95 2 
1463 4 1281 3 1291 4 2529 4 
1253 1 1445 1 1294 1 296 1 
1444 3 1293 1 1252 1 319 1 
499 1 453 2 500 3 521 3 
1297 2 1709 1 2135 1 1299 1 
1296 2 1302 2 2136 2 1708 4 
1299 2 2133 2 1711 3 105 3 
1298 2 2134 2 1296 1 1710 2 
1303 3 1301 2 1713 3 2139 2 
1304 5 2140 1 1300 2 1712 3 
2137 1 1303 2 1297 2 1715 1 
1302 2 1300 3 2138 2 1714 3 
1301 5 2141 5 1707 5 1305 5 
1462 1 1706 1 2142 1 1304 5 
1309 2 1596 1 1989 3 1307 5 
1595 5 1988 5 1306 5 1490 5 
1987 4 1311 3 1598 3 1309 3 
1306 2 1597 2 1986 3 1308 3 
1600 1 1311 2 820 3 358 3 
143 2 1308 3 1310 2 346 2 
1350 1 1137 1 2473 1 1791 2 
2287 4 621 4 398 2 2434 2 
2369 2 711 2 2473 1 2487 2 
1720 1 431 3 422 1 183 2 
1757 2 1317 2 2367 3 2487 3 
1316 2 1756 1 2366 4 1318 2 
2373 2 715 3 1319 2 1317 2 
714 2 1318 2 2372 2 1320 1 
2371 2 1321 4 1319 1 717 3 
2370 4 716 4 800 4 1320 4 
1323 3 768 1 690 2 482 1 
1322 3 2528 3 1331 4 481 4 
619 2 1344 4 2108 3 60 2 
1326 2 1666 2 1328 2 476 1 
1325 2 1123 3 1665 4 475 3 
1328 3 474 2 1330 5 2558 4 
1327 3 1325 2 1667 3 473 4 
1330 4 2538 1 1332 2 480 2 
1661 4 1329 4 479 4 1327 5 
1332 3 1664 2 1323 4 478 3 
1331 3 477 3 1329 2 1663 2 
619 2 1277 3 58 3 2110 3 
937 3 926 2 1335 2 1339 3 
925 2 936 2 1334 2 1512 3 
2147 1 503 1 928 1 490 1 
641 1 315 2 1343 1 2113 3 
490 2 1339 3 967 4 577 3 
966 2 1338 3 929 2 1334 3 
932 1 1145 1 1341 3 965 2 
964 4 1342 4 931 4 1340 3 
963 2 503 2 1341 4 934 2 
1337 1 488 1 1649 3 2112 1 
55 4 641 3 1324 4 2115 4 
1925 2 2377 3 1550 2 1347 2 
2094 3 629 2 640 2 2514 2 
1924 1 2556 2 1549 2 1345 2 
2393 1 237 2 1172 1 243 2 
2473 1 219 2 1350 1 2369 2 
1312 1 1349 1 2548 2 218 1 
377 2 322 1 2414 1 1357 1 
648 2 1376 2 650 2 2410 2 
1458 2 2310 3 1518 2 1354 2 
2311 2 1353 2 1517 2 1461 1 
1356 1 1360 2 2105 1 1433 2 
2104 1 1355 1 1432 3 1544 2 
319 1 2413 2 1444 3 1351 1 
1431 1 1359 2 2097 1 
1360 3 2100 3 1358 2 1430 3 
1359 3 1429 3 2099 3 1355 2 
1409 1 1364 2 2004 1 1362 1 
801 2 2005 2 1408 2 1361 1 
727 3 2006 1 1411 2 1364 2 
2007 2 1410 4 1361 2 1363 2 
1372 1 643 2 2467 2 1366 3 
642 4 1365 3 2466 4 1919 5 
2002 1 1407 1 1368 3 1580 1 
1367 3 2003 4 1406 5 709 4 
2552 2 650 1 1376 1 1370 2 
649 4 2551 2 1371 2 1369 2 
1372 1 2468 2 1370 2 652 2 
1365 1 2549 2 651 1 1371 1 
2556 3 1549 3 646 3 1374 3 
645 2 1375 4 2474 3 1373 3 
648 3 2554 5 1376 3 1374 4 
1352 2 2553 1 1375 3 1369 1 
1380 3 261 2 2209 1 1378 2 
2208 3 1383 3 260 3 1377 2 
513 3 259 2 1380 4 2211 2 
258 3 1377 3 1379 4 2210 3 
1384 2 2213 3 1382 2 265 3 
264 1 2212 2 1386 1 1381 2 
2215 3 1378 3 1384 2 1422 2 
1381 2 1421 2 1383 2 2214 1 
1620 2 1390 1 
1387 1 2207 3 1382 1 267 2 
1386 1 1564 3 1424 2 2206 1 
1391 3 1389 2 2472 2 1617 2 
1388 2 830 1 2144 3 2471 2 
1391 2 1619 4 1385 1 2470 1 
1388 3 1390 2 2469 2 1618 3 
1393 2 2334 2 618 1 1193 2 
1392 2 2333 2 617 3 1398 2 
1401 2 2328 1 1395 1 610 2 
2327 1 1396 1 1394 1 609 2 
2326 1 1397 3 1395 1 612 1 
1396 3 2325 4 1036 3 611 3 
614 1 1399 1 2332 4 1393 2 
2331 2 1398 1 1400 1 613 1 
2330 3 1401 2 616 3 1399 1 
1394 2 615 3 1400 2 2329 2 
992 2 1588 2 1403 2 806 3 
1402 2 801 3 1408 3 421 2 
1411 2 1405 2 727 3 430 1 
429 2 1404 2 1406 4 709 3 
1407 3 428 4 1405 4 1368 5 
1213 2 1367 1 427 2 1406 3 
426 3 1403 3 1362 2 1409 2 
1361 1 425 1 1410 3 1408 2 
1411 4 1364 4 1409 3 424 3 
1404 2 423 2 1410 4 1363 2 
1769 2 713 3 1413 4 1420 3 
1768 4 409 3 712 4 1412 4 
1816 2 2410 2 1290 4 1423 3 
1416 2 719 3 
1417 1 1415 2 718 3 
1418 1 1416 1 724 1 
1417 1 723 1 1419 1 
722 1 1418 1 1420 2 
721 2 1412 3 1419 2 
265 3 1384 2 846 4 1422 2 
260 2 845 1 1421 2 1383 2 
1289 4 2409 2 1414 3 2450 2 
267 3 197 3 1387 2 405 2 
1426 1 518 2 1097 1 1428 1 
1425 1 1096 3 517 2 1609 1 
523 2 1428 1 1094 3 
522 2 1093 1 1425 1 1427 1 
1433 3 1360 3 680 3 1430 3 
1431 2 1429 3 1359 3 679 2 
681 2 1358 1 1430 2 
1356 3 1607 3 1433 4 1241 4 
1606 2 1429 3 1432 4 1355 2 
333 3 1435 3 2499 4 1437 3 
1261 1 1434 3 332 2 2498 1 
1439 2 2495 2 331 4 1437 2 
330 1 2494 1 1434 3 1436 2 
2497 4 1439 3 329 3 1441 3 
328 3 2496 2 1438 3 1436 2 
1441 1 327 1 2491 1 1443 1 
1440 1 326 3 1438 3 2490 2 
1443 2 1633 2 2493 2 325 3 
1442 2 2492 1 324 1 1440 1 
1294 3 2406 4 1445 3 1357 3 
1293 1 1446 1 2405 1 1444 3 
1445 1 1816 1 2408 1 296 1 
1091 3 1448 3 1287 3 2275 4 
1453 2 1447 3 725 1 1090 2 
1456 1 1450 1 742 5 1083 1 
2278 1 1451 1 1449 1 1082 3 
1085 2 1450 1 733 2 1452 2 
2415 2 2276 2 1784 2 1451 2 
1448 2 1454 2 1662 2 1087 3 
1455 2 1086 3 747 1 1453 2 
1454 2 1456 2 744 4 1089 3 
1455 2 1449 1 1088 1 2280 1 
1458 1 2316 2 1460 3 1520 1 
1457 1 2317 1 1353 2 1519 2 
2314 2 1276 3 1460 4 1522 4 
1521 3 1457 3 1459 4 2315 4 
2312 1 1462 1 1354 1 1516 1 
1515 5 1305 1 1461 1 2313 1 
1292 4 948 4 1466 3 1464 3 
947 3 1291 3 2050 3 1463 3 
940 2 1282 2 1466 3 1468 2 
1281 2 939 2 1465 3 1463 3 
1468 1 942 3 1470 2 1280 1 
1467 1 1279 1 1465 2 941 2 
1472 4 1286 3 1470 4 944 3 
1285 2 943 3 1467 2 1469 4 
1472 2 946 3 1284 3 1651 2 
1283 2 1471 2 1469 4 945 3 
1474 3 2289 1 
1475 3 1473 3 2185 3 2293 5 
1474 3 2292 1 1476 1 2184 3 
1475 1 2291 1 1477 1 2187 2 
1478 2 2290 1 2186 1 1476 1 
2189 2 1477 2 1479 5 2296 2 
2295 4 2188 5 211 4 1478 5 
1486 4 2351 2 1481 2 2307 2 
1482 5 2350 4 2306 2 1480 2 
1481 5 1483 5 2309 5 2349 5 
2308 3 2348 2 1668 1 1482 5 
1485 1 2303 2 
2305 1 1486 3 1484 1 2353 1 
2304 3 1480 4 1485 3 2352 5 
1488 2 337 4 
1487 2 2536 1 336 2 1489 2 
1490 2 2540 3 1488 2 345 5 
344 1 2539 3 1489 2 1307 5 
1492 3 1686 3 2128 3 416 4 
2127 2 1491 3 1493 1 415 1 
418 1 1494 2 1492 1 2126 2 
1493 2 1495 2 2125 2 417 3 
2132 2 1496 1 1494 2 412 2 
2131 1 1497 1 1495 1 411 2 
1496 1 1498 2 2130 3 414 2 
2129 3 1499 2 1497 2 413 2 
2124 1 1498 2 2365 1 1500 2 
2123 2 2071 2 1499 2 408 5 
2210 2 603 2 286 2 1502 3 
2209 2 1501 3 606 4 1061 2 
1704 1 816 2 1504 3 759 2 
758 3 815 4 1503 3 1505 4 
814 2 765 3 1506 2 1504 4 
1507 1 1505 2 764 1 813 1 
812 1 1506 1 767 2 1508 3 
811 5 1509 4 766 3 1507 3 
761 2 1508 4 1510 2 810 2 
1511 1 760 1 809 2 1509 2 
763 1 1510 1 1512 3 808 2 
807 3 762 5 1511 3 1335 3 
675 1 1522 3 1276 2 1514 1 
1265 2 2098 1 674 3 1513 1 
1462 5 1706 5 673 5 1516 5 
1517 2 672 1 1515 5 1461 1 
1516 2 1518 2 1354 2 671 2 
1517 2 670 1 1519 2 1353 2 
1518 2 1520 2 1458 2 669 3 
1521 1 668 2 1457 1 1519 2 
1520 1 1460 3 667 1 1522 3 
1513 3 666 3 1459 4 1521 3 
1524 2 1604 2 1527 1 240 1 
1523 2 239 5 1525 2 1603 2 
1605 3 238 1 1524 2 
1527 2 1602 2 248 3 976 4 
247 3 1523 1 1601 1 1526 2 
1535 3 1529 2 1696 2 329 2 
1697 1 328 3 1528 2 1530 1 
1531 2 331 3 520 2 1529 1 
1530 2 1537 2 525 2 330 2 
325 4 1533 3 1734 3 1692 3 
324 1 1693 2 1532 3 1534 1 
1694 2 1535 2 327 1 1533 1 
1528 3 1534 2 1695 2 326 4 
748 2 542 2 1739 2 1063 1 
1531 2 529 1 1538 2 333 1 
537 2 2117 3 332 3 1537 2 
1248 3 2481 3 1896 2 1540 2 
1895 2 1545 3 1539 2 1247 2 
1542 2 1244 3 1888 2 1548 3 
1541 2 1543 2 1243 2 1887 2 
1890 3 1542 2 1544 3 1242 3 
1889 2 1543 3 1241 3 1356 2 
1892 4 1546 3 1240 4 1540 3 
1891 2 1239 2 1545 3 1547 1 
1894 1 1546 1 1548 2 1238 2 
1237 2 1893 3 1547 2 1541 3 
1550 2 1373 3 1347 2 472 3 
1549 2 471 1 1345 2 1551 1 
1552 4 2377 2 1550 1 464 2 
1551 4 1553 4 2376 4 463 5 
1552 4 2375 1 1554 1 466 3 
465 2 2374 2 1555 1 1553 1 
2381 2 1556 3 468 2 1554 1 
2380 3 1557 3 1555 3 467 3 
470 2 1558 1 1556 3 2379 1 
1557 1 469 1 2378 2 1013 2 
788 2 1560 3 1562 2 2027 3 
89 3 1565 3 1559 3 2026 2 
2029 1 1568 1 1635 2 1562 1 
2028 3 1561 1 1559 2 399 1 
1566 2 406 1 1564 3 2023 1 
405 3 2022 4 1387 3 1563 3 
404 2 1566 3 1560 3 2025 2 
1565 3 1563 2 91 4 2024 5 
1010 3 1568 1 2021 3 86 3 
85 1 1567 1 1561 1 2020 1 
1638 1 541 2 189 2 1577 2 
553 1 496 1 1594 1 1578 1 
1572 4 191 2 539 2 1638 2 
538 3 1571 4 1573 3 190 4 
1574 1 1572 3 185 1 545 2 
1573 1 544 2 184 1 1575 2 
1576 4 187 2 1574 2 543 3 
1575 4 1739 4 542 4 186 3 
192 2 1569 2 546 2 
495 3 108 2 1790 2 1570 1 
483 2 460 4 498 3 1594 2 
1213 2 1367 1 1581 2 2204 3 
2205 2 1580 2 2031 2 1212 4 
2200 3 1583 3 2445 2 1585 3 
1214 3 1582 3 1759 2 2201 3 
1585 4 2202 3 1587 4 1217 3 
1584 4 2203 2 1582 3 1216 2 
924 3 1178 3 1589 4 
1218 5 2197 3 2030 3 1584 4 
1402 2 923 2 1180 2 1589 4 
922 4 1179 4 1586 4 1588 4 
595 2 666 2 1817 3 1755 3 
535 3 1592 2 
1599 2 534 2 1593 3 1591 2 
409 2 1592 3 2302 2 533 2 
459 1 1579 2 1570 1 497 1 
1307 5 344 1 1596 1 716 1 
1597 1 1306 1 717 3 1595 1 
714 2 1596 1 1309 2 1598 2 
143 2 715 3 1308 3 1597 2 
1592 2 2302 1 
1310 1 143 1 1142 1 1757 1 
2181 3 1604 2 1527 1 1602 1 
2155 1 1526 2 2180 1 1601 1 
1605 3 2173 2 1604 2 1524 2 
2172 3 1601 2 1523 2 1603 2 
1603 3 1525 3 2170 3 
290 2 1433 2 1607 1 680 2 
291 3 836 1 1432 3 1606 1 
903 2 366 2 1611 2 1609 2 
902 2 1426 1 1608 2 2093 2 
1613 3 1611 3 905 3 2091 4 
904 3 1610 3 363 1 1608 2 
907 4 362 3 1615 3 1613 3 
1610 3 906 1 361 3 1612 3 
1615 1 909 2 2145 3 360 1 
1614 1 956 2 908 3 1612 3 
911 2 2145 4 1785 2 371 2 
2144 3 951 1 1618 2 1388 2 
1619 5 1617 2 1391 3 950 3 
1618 5 1620 5 949 5 1390 4 
1385 2 1619 5 954 3 1621 2 
1620 2 953 3 
923 2 1623 4 995 2 2216 4 
1624 3 1622 4 922 4 574 3 
1623 3 924 2 
1626 1 2326 1 1628 2 160 2 
2325 2 1625 1 728 2 159 2 
158 4 1628 2 1630 2 2328 1 
2327 2 1625 2 157 2 1627 2 
1630 2 156 1 2330 3 1632 1 
1629 2 1627 2 2329 2 155 3 
1634 2 154 1 1632 1 2332 4 
805 1 1631 1 1629 1 2331 2 
1634 2 152 2 1442 2 2334 2 
151 3 1633 2 1631 2 2333 2 
1032 4 399 2 85 2 1561 2 
280 3 1873 4 827 3 281 3 
491 1 1714 2 492 1 493 1 
1569 1 540 2 188 3 1571 2 
1640 2 1642 3 954 3 395 2 
396 3 1639 2 953 3 
1645 2 1642 3 950 3 393 4 
394 2 1641 3 1639 3 949 3 
202 4 309 2 2421 2 2423 2 
1645 1 391 1 952 3 1778 2 
1644 1 1641 2 392 3 951 1 
780 1 1648 2 
1648 2 777 2 1650 3 
1646 2 1647 2 776 3 
236 3 315 4 1343 3 1844 3 
2478 3 1116 3 778 4 1647 3 
1652 3 782 2 1471 2 1121 3 
1120 3 2478 2 1651 3 781 2 
1656 1 2130 3 385 1 1654 2 
2129 3 2557 3 384 3 1653 2 
2132 4 383 3 1656 3 2531 4 
1655 3 1653 1 2131 1 382 5 
2126 2 2531 2 381 3 1660 1 
2431 3 2433 3 294 3 2073 3 
1897 1 2128 1 1660 1 379 1 
1659 1 1657 1 378 1 2127 2 
1330 4 2558 3 1808 2 2538 1 
747 1 725 1 1453 2 80 1 
1810 2 2538 1 1332 2 1664 1 
1331 2 1811 1 2528 1 1663 1 
1804 4 1852 3 1326 4 1666 4 
1805 2 1667 3 1325 2 1665 4 
1666 3 1806 2 2558 4 1328 3 
375 1 1483 1 2557 2 2123 1 
396 3 1670 2 203 1 
1673 3 395 2 1669 2 202 4 
201 3 392 4 1672 2 1674 3 
200 1 391 1 1130 2 1671 2 
1670 3 199 3 394 2 1674 3 
393 4 1673 3 198 2 1671 3 
228 1 1676 2 
1677 3 227 2 1675 2 
1676 3 2559 3 226 4 
1939 2 1679 1 215 1 1685 2 
1678 1 1938 3 1680 2 214 3 
1937 4 1679 2 1110 2 1681 3 
1936 2 63 2 216 2 1680 3 
1687 3 1943 3 1249 4 1683 3 
1245 2 1682 3 1942 1 1684 1 
221 1 1685 2 1941 1 1683 1 
220 4 1684 2 1678 2 1940 2 
1687 1 1491 3 1229 2 1935 1 
1686 1 1682 3 572 2 1934 1 
2535 3 2470 3 1689 4 
2534 2 1690 5 2469 2 1688 4 
2472 4 1689 5 2533 4 1691 5 
2532 2 2471 3 1875 4 1690 5 
1885 2 919 1 1532 3 1693 2 
1533 2 918 2 1692 2 1694 3 
1534 2 1695 2 921 2 1693 3 
920 1 1535 2 1694 2 1696 1 
1697 1 915 1 1695 1 1528 2 
1529 1 1696 1 520 2 914 1 
1699 3 1913 4 435 2 1118 4 
1912 2 1700 2 1698 3 434 3 
410 1 1699 2 1701 1 1911 1 
407 1 1910 2 1702 2 1700 1 
1701 2 419 4 1909 2 1703 2 
142 1 1702 2 
1503 1 995 1 1705 2 524 1 
1704 2 574 2 
1515 5 1707 1 1305 1 484 2 
1706 1 499 1 1304 5 1712 3 
483 3 1709 3 1715 3 1297 4 
1296 1 1710 2 497 1 1708 3 
1709 2 496 2 1711 3 1299 2 
83 4 1710 3 1298 3 495 4 
494 4 1713 4 1301 3 1707 3 
493 2 1712 4 1300 3 1714 3 
1637 2 1715 2 1713 3 1303 3 
491 1 1714 2 1708 3 1302 1 
2005 4 1975 3 1737 4 694 3 
1026 2 803 3 514 2 2121 3 
698 2 2001 1 1977 1 1719 2 
697 3 2000 3 676 3 1718 2 
323 3 1983 1 1315 1 1024 1 
43 2 699 2 2236 3 701 2 
360 2 700 3 2111 2 1723 4 
397 4 2110 4 1722 4 956 4 
350 2 1728 2 803 4 
1726 3 321 3 154 3 1881 3 
1725 3 1882 3 805 1 1727 2 
156 2 297 2 1883 3 1726 2 
1724 2 802 1 
1877 3 297 1 1730 2 158 4 
157 2 1878 2 1729 2 1731 2 
1879 1 1730 2 160 2 1732 1 
159 2 1166 2 1880 2 1731 1 
2091 3 2115 3 400 2 1735 2 
1885 2 321 1 1532 3 152 2 
707 1 2114 2 363 1 1733 2 
2243 1 52 2 706 2 2489 2 
2008 3 757 3 1716 4 688 2 
1063 1 1745 1 2467 2 1739 2 
1576 4 2466 3 1536 2 1738 2 
2554 3 1741 3 1743 1 1071 2 
1740 3 1746 3 2553 3 1070 4 
2556 2 1924 1 1743 1 1069 2 
2474 2 1740 1 1742 1 1068 2 
1747 1 1745 1 2468 2 1067 3 
1744 1 1738 1 2549 2 1066 3 
2552 2 1065 1 1741 3 1747 1 
1744 1 1064 2 2551 1 1746 1 
1956 1 589 3 672 1 1954 2 
1752 1 1750 2 149 1 312 2 
311 3 1192 3 148 2 1749 2 
1754 2 147 3 1752 2 314 2 
146 3 1749 1 1751 2 313 3 
310 1 1754 1 145 1 
1751 2 1753 1 309 1 144 2 
596 2 1973 2 667 2 1590 3 
1317 1 143 1 1757 1 715 2 
1316 2 710 2 1600 1 1756 1 
2501 4 910 3 1763 3 1759 3 
1583 2 911 1 2500 3 1758 3 
906 1 1767 1 2503 2 1761 2 
2502 2 1762 2 907 3 1760 2 
1761 2 908 3 1763 1 2505 2 
909 2 1758 3 2504 2 1762 1 
902 2 2507 1 1949 3 1765 2 
1766 3 903 2 2506 3 1764 2 
1765 3 904 4 1767 2 2509 3 
905 1 1760 1 2508 1 1766 2 
1413 4 2297 4 1769 2 
1412 2 1768 2 
876 2 1876 2 1777 2 1771 2 
1873 2 877 1 1772 3 1770 2 
1773 3 804 5 874 3 1771 3 
1772 3 2102 1 1098 1 875 2 
1779 2 1775 2 880 1 530 1 
1776 3 1862 2 1774 2 881 2 
1062 2 1775 3 1777 2 878 4 
1864 1 1770 2 1776 2 879 2 
1022 2 1779 3 872 2 1644 2 
1774 2 1778 3 873 3 1851 4 
1784 1 2453 2 217 2 570 1 
1788 3 1782 2 2197 3 852 3 
851 2 1783 2 1781 2 2196 2 
644 2 2199 3 850 2 1782 2 
1780 1 1235 2 569 1 1452 2 
856 1 1786 1 2201 2 1616 2 
1787 2 1785 1 855 3 2200 2 
1786 2 2203 2 1788 3 854 2 
1781 3 2202 2 853 3 1787 3 
343 1 948 3 654 1 1790 2 
947 3 342 2 1578 2 1789 2 
875 3 2102 2 1228 3 1312 2 
2205 2 195 2 644 2 1793 2 
2204 3 847 3 687 2 1792 2 
1795 3 661 2 1799 1 989 2 
1794 3 1796 3 988 4 660 5 
1795 3 1797 1 991 1 659 1 
1800 2 658 1 1796 1 990 1 
663 2 994 2 1799 1 
662 2 993 3 1794 1 1798 1 
728 3 1797 2 997 2 665 2 
2166 1 1178 2 1802 2 
1803 3 1179 3 2169 3 1801 2 
1802 3 2168 2 2009 2 1180 2 
1805 2 1665 4 2018 3 1069 3 
1666 2 1804 2 1806 1 1068 2 
1805 1 1667 2 1071 2 730 1 
2275 2 2411 2 1287 1 2450 1 
1809 3 1065 2 1661 2 730 2 
1808 3 2538 2 1810 3 1064 3 
1663 2 1811 2 1809 3 1067 4 
1810 2 1664 1 1066 3 1812 1 
748 2 1063 1 1811 1 2528 1 
2447 1 958 2 1814 1 2404 1 
957 2 1815 2 2403 5 1813 1 
1814 2 2402 2 959 2 
1414 2 2407 1 295 1 1446 1 
1590 3 1818 3 675 2 598 3 
182 2 674 4 1817 3 597 2 
1278 2 739 2 1822 3 1820 2 
322 2 377 3 1819 2 738 4 
1822 4 374 2 741 4 1824 3 
1821 4 740 3 373 4 1819 3 
1824 3 372 2 735 3 1826 2 
369 3 1823 3 1821 3 734 2 
737 2 1826 1 1215 1 1828 2 
1825 1 2301 1 736 1 1823 2 
732 1 1828 2 73 1 
72 3 731 4 1827 2 1825 2 
594 1 277 2 1830 1 1836 2 
276 1 1829 1 1831 4 593 1 
275 4 1832 4 596 4 1830 4 
1831 4 274 2 1837 1 595 1 
2051 1 1834 1 590 3 273 2 
589 3 1833 1 1835 1 272 1 
271 1 1834 1 592 1 1836 2 
270 3 1829 2 591 2 1835 2 
598 2 1832 1 1838 3 279 2 
597 3 278 3 1837 3 2418 3 
2562 2 216 1 1840 3 63 1 
2561 3 1839 3 62 3 1845 5 
2565 3 55 4 998 3 1848 3 
1132 1 48 1 
2563 3 998 3 1844 3 315 4 
1843 3 1649 3 
1846 3 317 3 1840 5 2569 3 
1845 3 1847 1 58 2 2568 1 
2567 2 1846 1 1848 1 61 1 
2566 3 1847 1 1841 3 60 1 
1850 1 1235 2 2065 4 2562 2 
1849 1 2561 1 217 2 1041 3 
530 3 1779 4 1022 3 2179 3 
1665 3 1853 2 2018 2 1123 2 
1025 2 1122 2 1852 2 2019 2 
193 2 2563 1 1227 1 
1112 3 2015 3 1856 3 1025 2 
1855 3 2016 2 1115 3 1857 2 
1114 1 1037 1 2017 3 1856 2 
2567 4 1232 3 1861 3 1040 3 
42 1 1860 2 1037 1 2011 1 
2012 2 1042 2 1859 2 1119 2 
1858 3 1041 3 2568 1 1231 1 
530 1 1062 1 1775 2 2177 1 
2543 1 1133 2 1135 2 878 3 
1062 1 1777 1 1876 1 2175 2 
2259 3 512 2 1868 3 1866 2 
2258 1 511 1 1871 1 1865 2 
2261 2 1868 2 2085 1 504 1 
1867 2 2260 2 509 2 1865 3 
1872 5 2255 3 508 3 1870 4 
2254 2 1874 3 507 2 1869 4 
1872 3 1866 1 506 1 626 1 
1869 5 2256 3 1871 3 505 3 
804 4 1771 2 1636 4 1876 2 
1870 3 516 3 1875 4 2269 2 
515 3 1691 4 2268 3 1874 4 
1770 2 1864 1 281 1 1873 2 
1729 3 1878 3 750 5 1884 4 
1730 2 1877 3 749 1 1879 1 
1731 1 1880 2 752 1 1878 1 
1879 2 751 2 1732 2 246 2 
1886 2 1725 3 754 1 1882 3 
1726 3 753 4 1883 4 1881 3 
1884 3 756 2 1727 3 1882 4 
755 2 1883 3 1877 4 297 2 
1692 2 1734 2 1886 3 746 5 
745 2 1881 2 1885 3 321 2 
1888 2 1890 3 1150 4 1542 2 
1887 2 1893 2 1541 2 1149 1 
1148 1 2104 1 1890 2 1544 2 
1889 2 1543 3 1147 3 1887 3 
1546 2 1892 3 1154 2 1894 2 
1545 4 1153 2 1891 3 1895 3 
1152 4 1894 2 1548 3 1888 2 
1151 2 1893 2 1547 1 1891 2 
1896 2 1540 2 1146 4 1892 3 
965 2 1895 2 1145 1 1539 2 
1659 1 174 2 1898 2 1935 1 
173 3 1934 2 1897 2 1905 2 
1902 1 1937 3 819 2 1900 4 
818 4 1936 4 2107 4 1899 4 
166 3 1902 3 1939 4 1904 3 
1899 1 1938 3 165 1 1901 3 
1904 1 1941 1 1906 1 164 1 
1903 1 163 4 1940 1 1901 3 
1943 1 1906 1 162 2 1898 2 
1942 1 1905 1 1903 1 161 2 
1908 3 1124 2 339 2 88 2 
1092 4 87 2 1907 3 334 3 
1702 2 107 2 1910 2 
1701 2 1911 2 1909 2 110 3 
109 1 1912 1 1910 2 1700 1 
486 3 1699 2 1911 1 1913 3 
485 3 1698 4 604 3 1912 3 
1917 3 191 1 121 2 1915 3 
190 4 120 3 1914 3 1920 3 
123 2 189 2 1923 3 1917 3 
1914 3 188 5 122 3 1916 3 
1921 3 1919 4 187 2 117 2 
1918 4 116 4 186 3 1366 5 
1921 2 185 1 119 1 1915 3 
1918 3 1920 2 118 2 184 2 
1923 4 125 3 
124 3 1916 3 1922 4 192 3 
1347 1 1742 1 1925 1 883 2 
1345 2 882 2 1928 2 1924 1 
1929 2 891 2 2375 2 1927 3 
1932 2 890 2 1926 3 2374 3 
2377 3 1929 2 889 3 1925 2 
1926 2 888 3 1928 2 2376 1 
1931 3 887 3 1933 2 2379 1 
1930 3 678 5 2378 4 886 3 
1933 2 885 1 1927 2 2381 2 
1932 2 2380 2 884 3 1930 2 
1935 1 1898 2 1687 1 1943 1 
1934 1 2128 1 1686 1 1897 1 
1681 2 1900 4 631 2 1937 3 
1680 4 1899 3 1938 5 1936 3 
1939 4 1679 3 1902 3 1937 5 
1678 2 1938 4 1940 2 1901 4 
1904 1 1941 1 1939 2 1685 2 
1684 1 1903 1 1940 1 1942 1 
1906 1 1943 1 1941 1 1683 1 
1905 1 1942 1 1682 3 1934 1 
1945 3 223 2 1947 2 548 2 
1944 3 222 2 547 3 2489 3 
227 2 1948 3 551 3 1947 2 
1944 2 1946 2 226 3 550 2 
1946 3 549 2 228 2 
1950 3 1764 3 2337 3 1096 5 
1949 3 2336 3 1951 2 1097 1 
2341 2 1950 2 1093 2 1952 4 
2340 4 1951 4 1094 5 1953 4 
1095 2 2343 3 1952 4 
1955 2 671 2 592 2 1748 2 
1954 2 1972 2 670 1 591 1 
1748 1 590 3 521 3 673 1 
1160 2 1035 1 1964 1 1958 2 
1034 3 1959 4 1159 2 1957 2 
1960 3 1958 4 1162 3 1033 3 
1161 2 1959 3 1969 2 1032 3 
1962 3 1031 4 1156 3 2162 2 
1961 3 1155 2 1030 2 1963 3 
1158 2 1029 2 1964 2 1962 3 
1028 2 1157 2 1963 2 1957 1 
444 4 1971 3 1966 3 390 4 
389 2 1967 3 443 2 1965 3 
388 3 1968 3 1966 3 446 2 
1967 3 387 3 205 3 445 2 
1164 4 1970 3 1960 2 1039 2 
1038 3 2517 2 1969 3 1163 4 
386 2 1965 3 442 3 
594 2 1955 2 1973 2 669 3 
668 2 593 1 1755 2 1972 2 
780 1 1981 3 
693 1 1976 1 2004 1 1716 3 
1975 1 692 1 1977 1 2007 1 
2006 1 1976 1 691 1 1718 1 
1985 4 779 2 1979 1 170 2 
778 2 169 1 1980 2 1978 1 
777 3 172 3 1981 4 1979 2 
1980 4 171 3 1974 3 776 4 
1983 1 820 3 1015 2 358 3 
1982 1 1720 1 1014 1 422 1 
168 2 1985 5 782 2 978 2 
781 4 1978 4 1984 5 167 4 
1019 3 1987 4 1989 4 1309 3 
1308 4 1018 3 1986 4 346 3 
2539 3 1307 5 1989 3 1021 1 
1306 3 1988 3 1986 4 1020 4 
1991 2 577 3 1993 4 562 2 
1990 2 561 1 1998 1 929 1 
1995 4 1993 4 928 2 564 3 
927 3 1992 4 1990 4 563 3 
1995 4 934 2 1997 2 566 4 
565 3 1992 4 1994 4 579 4 
568 3 932 3 1997 3 12 4 
1996 3 931 2 1994 2 567 3 
1991 1 560 2 926 1 1999 1 
2219 2 559 1 1998 1 925 2 
1719 3 2001 2 709 3 2003 3 
2006 1 1718 1 2000 2 727 3 
1367 1 687 2 2204 3 2003 2 
676 3 1368 4 2002 2 2000 3 
2007 1 1975 1 1361 1 2005 2 
1716 4 2008 3 1362 2 2004 2 
2001 1 2007 1 1977 1 1363 1 
2004 1 1364 2 2006 1 1976 1 
2009 2 1737 3 801 3 2005 3 
2008 2 806 3 757 2 1803 2 
2017 5 2011 3 1037 3 885 3 
884 2 2010 3 2012 1 1859 1 
1860 2 2011 1 2013 1 887 3 
368 1 1042 1 886 1 2012 1 
2015 2 889 2 2019 1 1025 1 
2014 2 1855 3 888 4 2016 2 
891 1 1856 2 2015 2 2017 3 
2010 5 890 3 1857 3 2016 3 
2019 2 883 3 1804 3 1852 2 
2018 2 2014 1 882 2 1853 2 
2021 3 462 2 1568 1 2029 1 
2 3 2020 3 1567 3 461 4 
2023 2 1564 4 2206 2 90 4 
2022 2 2024 4 84 2 1563 1 
2023 4 2025 4 452 4 1566 5 
2024 4 451 1 2026 1 1565 2 
2027 2 2025 1 1560 2 450 3 
2028 4 2026 2 449 2 1559 3 
2027 4 448 3 1562 3 2029 3 
1561 1 447 1 2028 3 2020 1 
2196 3 2032 2 1219 3 1587 3 
2032 1 2198 2 1221 2 1581 2 
2031 1 1220 1 2199 2 2030 2 
861 2 1275 1 2034 1 28 1 
1274 1 2033 1 2035 2 860 4 
2034 2 2036 3 867 2 1271 3 
866 2 2035 3 2037 3 1270 3 
1273 2 2038 3 2036 3 865 2 
864 2 2039 2 2037 3 1272 3 
871 1 2040 3 2038 2 1267 2 
2041 3 2039 3 870 4 1266 5 
869 1 2040 3 2042 1 1269 1 
868 1 2041 1 1268 2 2237 1 
456 1 2052 1 102 1 2044 1 
2045 1 101 1 2043 1 455 1 
2044 1 2046 2 100 1 458 1 
99 3 2045 2 2047 3 457 2 
2048 2 460 4 2046 3 98 4 
2049 1 459 1 2047 2 97 2 
2048 1 2050 2 553 1 96 1 
95 2 108 3 1464 3 2049 2 
1833 1 104 2 454 2 2052 1 
453 2 103 1 2043 1 2051 1 
2054 1 2060 1 2078 1 1017 1 
2053 1 2055 3 1016 1 2077 1 
2080 4 2054 3 2056 5 1015 4 
1014 3 347 5 2055 5 2079 3 
2058 2 2064 1 1203 2 1090 2 
2057 2 1202 4 657 2 1091 2 
2084 2 1019 2 2060 1 2122 1 
1018 1 2059 1 2083 1 2053 1 
1088 2 1205 2 2068 2 2062 4 
2063 3 1204 4 1089 4 2061 4 
1086 3 2062 3 1207 3 2064 1 
2057 1 2063 1 1087 2 1206 1 
2143 4 2415 4 1849 4 1209 5 
2085 2 1023 2 2261 3 347 4 
2143 1 1082 3 2068 1 1211 1 
1210 3 2067 1 1083 1 2061 2 
30 1 2094 3 1111 4 629 2 
2073 1 2309 1 2071 1 2431 1 
1500 2 2430 1 2070 1 2308 3 
2075 3 2433 2 2073 2 2307 2 
2070 1 2306 2 1658 3 2072 2 
2428 2 2075 2 2076 2 2305 1 
2427 2 2074 2 2072 3 2304 2 
2429 2 2303 3 2074 2 
2080 2 2054 1 355 2 2078 1 
354 3 2083 1 2053 1 2077 1 
353 1 2080 2 2056 3 2086 1 
2055 4 2077 2 2079 2 352 2 
351 3 2122 1 2084 2 2082 1 
2121 3 350 1 803 3 2081 1 
2084 2 2060 1 2078 1 349 1 
2059 2 2083 2 2081 2 348 2 
2086 1 1867 1 2066 2 357 1 
2085 1 347 3 356 1 2079 1 
2088 3 27 5 637 3 2103 4 
26 1 2087 3 2090 1 636 1 
139 1 364 1 2095 3 407 1 
29 2 2088 1 2092 1 635 1 
361 4 1733 3 363 2 1610 4 
28 1 634 2 2090 1 1275 1 
517 3 708 4 366 2 1609 2 
2096 4 23 3 1346 3 2069 3 
365 3 140 3 2089 3 419 5 
640 3 2094 4 22 2 2101 4 
959 1 2100 2 1358 1 
1514 1 938 1 2422 1 
2105 2 958 3 1360 3 2100 3 
2097 2 1359 3 2099 3 957 3 
25 4 2103 4 639 4 2096 4 
183 2 1773 1 431 3 1791 2 
24 2 2101 4 2087 4 638 2 
1889 1 2105 1 1356 1 961 1 
2099 2 2104 1 960 2 1355 1 
2107 2 2111 2 700 3 632 3 
571 2 2106 2 631 2 1900 4 
2109 2 2115 3 1324 3 400 2 
2108 2 619 1 397 2 2110 2 
2111 2 1723 4 1333 3 2109 2 
2110 2 1722 2 1277 2 2106 2 
2284 2 708 3 2113 3 1343 1 
707 3 2114 4 2112 3 1337 3 
641 2 2113 4 1735 2 2115 3 
2108 3 1733 3 2114 3 1344 4 
2117 2 2345 3 2270 1 2119 1 
2116 2 2271 2 1538 3 2344 3 
2347 3 2272 2 2119 2 
2346 1 2118 2 2273 1 2116 1 
126 4 524 1 
2082 3 2122 3 1717 3 1021 3 
2081 1 2059 1 1020 2 2121 3 
1500 2 2124 1 1668 1 2308 3 
1499 1 2557 2 2123 1 2129 2 
2126 2 2531 2 2132 2 1494 2 
1657 2 2125 2 1493 2 2127 3 
1492 2 2128 2 2126 3 1660 2 
1659 1 1935 1 1491 3 2127 2 
1654 3 1498 3 2130 4 2124 2 
2131 3 1653 3 2129 4 1497 3 
1496 1 2132 2 1656 1 2130 3 
1655 4 1495 2 2131 2 2125 2 
1073 2 2134 2 1298 2 839 1 
2133 2 1072 3 1299 2 2135 2 
2136 1 1296 1 1075 3 2134 2 
2135 1 1074 2 1297 2 2137 1 
1302 1 2138 1 1077 1 2136 1 
2137 1 2139 1 1076 1 1303 2 
2140 1 2138 1 1079 2 1300 2 
1301 1 2139 1 1078 2 2141 1 
1304 5 1081 1 2142 1 2140 1 
1305 1 2313 1 2141 1 1080 1 
2067 1 2065 4 1085 2 1208 2 
1617 3 2178 4 1389 3 952 5 
370 4 1616 4 1614 3 910 3 
2486 3 490 3 967 5 2147 3 
962 1 1336 1 2485 3 2146 3 
971 2 2163 1 2149 1 848 2 
2148 1 194 2 970 2 2150 2 
846 4 2151 2 973 3 2149 2 
2152 1 972 2 845 1 2150 2 
2151 1 975 1 844 1 2153 1 
2154 1 974 2 2152 1 843 2 
2153 1 2155 1 977 1 842 1 
2154 1 1602 1 976 3 841 1 
917 1 2159 2 2157 2 275 1 
2156 2 916 2 274 3 204 2 
2159 3 277 3 915 2 2161 2 
2156 2 914 2 2158 3 276 2 
2161 1 921 1 271 1 225 1 
2160 1 270 2 920 1 2158 2 
2163 1 1961 2 969 3 197 2 
196 1 2148 1 2162 1 968 1 
622 2 2165 2 
2360 3 621 4 2164 2 
2339 1 2169 2 1801 1 2167 3 
2338 5 2166 3 
757 2 1803 2 2169 2 2335 2 
1802 3 2166 2 2168 2 1185 2 
2173 2 1605 3 436 1 
323 4 825 2 1098 2 280 2 
2173 3 1604 3 2181 4 438 4 
2170 2 2172 3 1603 2 437 3 
1062 3 2177 3 822 4 2175 4 
281 2 821 3 1864 2 2174 4 
824 2 530 1 2177 1 2179 1 
823 2 1862 1 2174 3 2176 1 
2179 2 2144 4 830 2 1022 2 
2178 2 829 2 1851 3 2176 1 
2181 3 841 1 1602 1 441 4 
2180 3 1601 3 2172 4 440 3 
678 4 1013 3 2378 3 2183 2 
1012 2 2194 2 2182 2 677 1 
2187 4 2185 3 2300 3 1475 3 
1474 3 2184 3 
2187 2 2299 2 2189 1 1477 1 
2186 2 2184 4 2298 2 1476 2 
1479 5 2189 2 800 2 2370 2 
1478 2 799 1 2186 1 2188 2 
2191 1 1004 2 2193 2 683 3 
2190 1 682 1 1003 3 
2193 2 1002 3 685 1 2195 2 
2192 2 2190 2 684 2 1001 4 
439 3 2183 2 2195 3 1000 3 
999 2 2194 3 686 4 2192 2 
2197 3 2199 3 2030 3 1782 2 
2196 3 1587 3 1781 3 2202 2 
644 2 2031 2 2205 2 2199 3 
1783 3 2032 2 2196 3 2198 3 
1582 3 2203 2 2201 3 1786 2 
911 2 1785 2 2200 3 1583 3 
1788 2 1584 3 2197 2 2203 1 
2200 2 1787 2 1585 2 2202 1 
1793 3 2002 3 2205 3 1580 3 
1581 2 2198 2 1792 2 2204 3 
2022 2 293 2 1387 1 2207 3 
1386 3 2212 4 292 3 2206 3 
1378 3 2215 3 1061 2 2209 2 
2210 1 1502 2 1377 1 2208 2 
2209 1 1501 2 2211 1 1380 3 
2210 1 555 3 1379 2 286 1 
1382 2 2207 4 285 3 2213 3 
284 2 2214 2 1381 3 2212 3 
2213 2 2215 2 283 1 1384 1 
282 3 1383 3 2214 2 2208 3 
759 4 992 4 2217 3 1622 4 
2224 2 421 1 2216 3 758 1 
2221 3 428 2 2219 2 763 1 
1999 2 762 4 427 3 2218 2 
2223 5 2221 3 761 1 430 1 
429 3 2220 3 2218 3 760 3 
2225 1 424 1 767 2 2223 5 
2220 5 423 5 766 5 2222 5 
426 3 2217 2 765 3 2225 2 
764 1 2224 2 2222 1 425 1 
2233 1 2227 1 374 1 119 1 
118 1 2228 2 373 2 2226 1 
2227 2 2229 2 117 2 1278 3 
2414 1 116 2 2228 2 377 2 
2231 3 1215 2 123 3 2235 3 
2232 3 2301 2 2230 3 122 2 
2233 2 121 3 372 2 2231 3 
2232 2 369 2 2226 1 120 1 
73 2 2235 3 125 3 
2234 3 72 3 124 2 2230 3 
2237 3 1721 3 2241 3 1109 4 
699 2 2236 3 1108 1 2042 1 
1101 2 2239 2 2245 2 704 1 
2240 3 2238 2 1100 4 703 2 
702 3 2239 3 1103 2 2241 2 
2236 3 2240 2 1102 1 701 2 
2489 2 1105 1 2243 1 547 2 
1736 1 1104 3 2244 1 2242 1 
2245 2 2243 1 1107 3 706 2 
2244 2 705 2 2238 2 1106 2 
2247 2 784 3 2252 2 1058 1 
2246 2 1057 3 2248 2 783 2 
1060 2 2247 2 
1054 3 2287 4 2250 3 2434 2 
2251 2 787 3 2249 3 1053 2 
2250 2 1056 4 2252 2 786 1 
2251 2 785 4 2246 2 1055 2 
94 2 9 4 2560 3 831 3 
2255 1 1870 2 824 2 2269 1 
2254 1 2256 1 1869 3 823 2 
2255 1 1872 3 626 1 822 2 
2390 4 625 4 774 5 620 5 
1866 1 828 1 2259 2 626 1 
827 2 1865 3 2258 2 2260 2 
1868 2 826 1 2259 2 2261 2 
1867 2 825 2 2066 3 2260 2 
1050 3 1252 1 2294 2 2263 2 
1253 2 2264 3 1049 2 2262 2 
1052 2 2265 2 2263 3 1250 4 
2264 2 1051 2 2266 2 1251 2 
1256 3 2265 2 2267 2 1046 3 
656 1 1257 1 1045 1 2266 2 
830 1 2269 1 2471 2 1875 3 
2268 1 2254 1 829 2 1874 2 
2271 1 2273 1 2116 1 388 2 
2270 1 537 1 2117 2 387 2 
2118 2 390 3 2273 1 
2270 1 389 1 2119 1 2272 1 
13 2 1146 4 726 2 2283 2 
69 3 1807 2 725 2 1447 4 
569 1 733 2 1452 2 75 1 
729 3 20 3 2537 2 1147 2 
733 2 77 1 1450 1 742 5 
2537 3 1149 2 743 3 138 3 
742 5 744 3 79 2 1456 1 
1151 2 16 3 2282 4 743 2 
2283 4 15 4 2281 4 1154 4 
14 1 2282 4 2274 2 1153 1 
2112 2 527 2 2285 4 488 2 
2286 3 526 4 2284 4 487 4 
2285 3 528 1 
1175 3 1313 4 2249 4 787 4 
1044 2 2294 3 1262 2 2438 2 
2318 1 2293 3 1473 1 
2322 1 2291 1 2296 1 1477 1 
2321 2 2290 1 1476 1 2292 1 
2324 1 1475 1 2293 3 2291 1 
2289 3 2292 3 1474 5 2323 3 
1043 2 2288 3 2262 2 1263 2 
1479 4 1036 1 2296 1 611 1 
1099 1 2290 1 2295 1 1478 2 
1768 4 2302 3 647 3 409 3 
1226 2 2187 2 2300 1 2299 2 
2186 2 1225 3 799 2 2298 2 
2298 1 2184 3 
1215 1 2231 2 1826 1 372 1 
2297 3 1593 2 1599 1 
2305 2 2076 3 1484 2 
1486 3 2307 1 2075 2 2305 1 
2303 2 1485 1 2304 1 2074 1 
2073 2 2307 2 1481 2 2309 2 
2306 2 2304 1 2072 2 1480 2 
1483 3 2309 3 2071 3 2123 3 
2070 1 2308 3 1482 5 2306 2 
899 2 2311 3 2317 2 1353 3 
1354 2 2312 2 2310 3 898 2 
2311 2 1461 1 2313 1 901 2 
2142 1 2312 1 1462 1 900 2 
1459 2 2320 1 895 3 2315 2 
2316 3 894 2 2314 2 1460 4 
2315 3 1457 2 2317 2 897 2 
896 3 1458 1 2310 2 2316 2 
2323 1 2289 1 993 3 
2320 2 893 2 1265 3 
2319 2 2314 1 892 1 1276 2 
2291 2 991 2 2322 2 2324 2 
2290 1 990 1 2321 2 1099 1 
2318 1 2324 1 989 2 2293 3 
2323 1 988 2 2292 1 2321 2 
1626 2 2326 2 996 4 1397 4 
1625 1 2325 2 1396 1 2327 1 
1628 2 1395 1 2328 1 2326 1 
2329 1 1394 1 2327 1 1627 1 
2328 1 2330 3 1401 2 1630 2 
1400 3 1629 3 2329 3 2331 4 
1399 2 2330 4 1632 2 2332 5 
1398 4 2333 4 1631 4 2331 5 
1393 2 1634 2 2334 2 2332 4 
1392 2 2493 2 1633 2 2333 2 
1185 2 2348 3 689 4 2168 2 
2337 3 230 3 1950 3 2341 3 
229 2 2336 3 2507 1 1949 3 
2339 3 2351 3 2465 4 2167 5 
1185 1 2166 1 2338 3 2350 4 
1952 4 2341 2 2343 3 235 2 
1951 2 234 3 2340 2 2336 3 
2343 2 233 5 
232 2 2340 3 2342 2 1953 3 
1261 2 2345 4 332 3 2117 3 
2344 4 2116 3 1260 3 2346 3 
1259 3 2119 1 2347 2 2345 3 
2118 3 2346 2 1258 2 
1483 2 375 2 2335 3 2349 2 
1185 1 1482 5 2348 2 2350 4 
2351 4 2339 4 1481 4 2349 4 
2352 3 2350 4 2338 3 1480 2 
2351 3 2353 3 1486 5 2465 4 
2352 3 1485 1 
817 1 2510 3 
2358 1 96 1 2356 2 752 1 
751 2 2355 2 95 2 2530 2 
98 3 1236 1 2358 1 750 3 
2355 1 97 2 749 1 2357 1 
1176 4 2362 5 2360 4 
2165 3 1175 2 2359 4 
102 2 2364 3 1246 3 754 2 
2359 5 1173 5 
104 2 224 1 2364 2 746 4 
103 2 2361 3 2363 2 745 2 
408 4 1499 1 413 1 1043 1 
1317 4 2373 4 2367 5 207 5 
1316 3 206 2 2368 2 2366 5 
2487 2 2367 2 2369 2 209 2 
1314 2 2368 2 1349 2 208 2 
1321 4 2371 2 211 1 2188 2 
2370 2 2372 3 210 3 1320 2 
213 4 2371 3 1319 2 2373 2 
1318 2 212 2 2366 4 2372 2 
2381 3 2375 2 1554 2 1927 3 
1926 2 2376 1 1553 1 2374 2 
2377 2 1929 1 1552 4 2375 1 
1928 3 2376 2 1551 2 1345 3 
1931 4 2182 3 2379 2 1558 2 
2380 1 2378 2 1930 1 1557 1 
2379 1 1933 2 1556 3 2381 2 
1932 2 2380 2 2374 3 1555 2 
655 3 2389 4 546 3 
543 3 2384 4 627 3 2386 2 
748 4 628 4 542 4 2383 4 
150 1 545 2 2388 5 2386 1 
153 1 2385 1 544 2 2383 2 
2388 5 2390 1 539 1 620 2 
2387 5 2385 5 538 5 623 5 
625 2 2390 2 541 3 2382 4 
2257 4 2389 2 2387 1 540 2 
2530 1 246 1 2392 1 751 1 
245 2 2391 1 2395 1 2529 2 
1348 1 2527 1 2394 2 2398 1 
2393 2 2526 3 237 3 
2523 2 2396 2 242 1 2392 1 
2397 3 2395 2 2522 2 241 2 
2396 3 2521 3 2398 2 244 3 
2393 1 243 2 2520 1 2397 2 
2400 1 230 1 2404 1 2447 1 
2399 1 2446 1 229 2 141 2 
233 5 2402 1 
2403 5 1815 2 2401 1 232 1 
2402 5 235 5 1814 5 2404 5 
234 3 2399 1 2403 5 1813 1 
2406 2 2408 1 1445 1 652 2 
651 2 2405 2 2413 3 1444 4 
2408 1 1816 1 650 1 2410 1 
2407 1 2405 1 649 3 1446 1 
648 1 2410 1 2412 3 1423 2 
2409 1 1414 2 2407 1 1352 2 
646 3 69 3 1807 2 2412 4 
645 3 2409 3 2450 3 2411 4 
2406 3 643 3 1357 2 2414 2 
2229 1 642 2 2413 2 1351 1 
2065 4 1452 2 1085 2 1235 2 
2419 2 115 1 442 2 
2420 1 446 1 2418 1 112 2 
111 2 1838 3 445 1 2417 1 
114 4 444 4 2416 2 2420 2 
113 1 443 1 2417 1 2419 2 
310 1 203 1 1643 2 
2098 1 307 1 182 1 674 3 
2424 1 199 2 314 1 1643 2 
2423 1 2425 2 198 1 313 3 
201 3 2424 2 2426 2 312 3 
41 1 2425 2 200 1 311 2 
859 1 2075 2 2433 1 2428 2 
2429 2 2074 2 858 4 2427 2 
2428 2 2076 2 857 1 
863 1 408 4 2071 1 2431 1 
1658 3 862 1 2430 1 2070 1 
432 2 867 1 2435 2 
1658 3 955 2 2427 1 2072 2 
2435 2 861 2 1313 2 2249 2 
398 2 2434 2 860 5 2432 2 
2437 1 294 1 740 1 2439 3 
2442 2 2436 1 955 2 741 3 
863 1 738 3 2439 3 2288 2 
739 4 862 3 2438 3 2436 3 
2443 2 857 2 2441 3 736 2 
2444 2 2440 3 737 3 
859 2 2437 2 2443 2 734 2 
735 2 2440 2 2442 2 858 3 
2441 2 731 3 
1214 2 1216 1 567 3 1582 2 
2447 1 2400 1 961 1 729 3 
2446 1 1813 1 2399 1 960 2 
935 2 2449 1 2451 2 580 3 
2454 2 2448 1 933 1 1222 1 
1288 1 2412 3 1807 1 1423 2 
1227 2 578 2 2448 2 
930 2 2455 2 2453 3 1231 2 
1230 3 2452 3 1780 2 576 2 
2449 2 575 2 2455 2 1233 3 
2452 2 1232 1 573 3 2454 2 
2461 3 1189 1 
2458 4 2464 3 1144 4 1186 3 
1143 2 1084 4 2457 4 2459 2 
1011 2 2458 2 1188 1 2460 2 
86 4 1187 3 1010 4 2459 2 
2456 3 1009 4 1182 4 2462 3 
1008 3 1181 3 2461 3 2463 1 
1007 1 2464 1 1184 2 2462 1 
1183 1 2463 1 1006 1 2457 3 
2338 4 2352 4 
1739 3 186 2 2467 3 1366 4 
2549 3 1738 2 1365 2 2466 3 
1371 2 1744 2 2549 3 2551 2 
2472 1 2470 1 1391 2 1689 2 
1688 3 2469 1 1390 1 
1691 3 2268 2 1389 2 2472 2 
2469 1 1388 2 1690 4 2471 2 
1349 1 1314 1 1312 1 1228 2 
2554 4 1743 2 1374 3 2556 3 
40 1 2555 2 1129 2 2541 1 
2477 2 2484 2 937 2 1081 1 
2476 2 552 3 1080 2 936 3 
1652 2 779 2 1650 3 1117 2 
963 1 1075 3 2480 3 2482 1 
962 3 2485 5 2479 3 1074 4 
1073 3 2482 2 1539 3 965 3 
1072 2 2481 2 964 2 2479 1 
967 3 2486 1 2484 2 1079 2 
2476 2 966 2 2483 2 1078 3 
2486 3 2480 5 1077 3 2147 3 
2146 3 2485 3 2483 1 1076 1 
2368 2 710 3 1316 3 1314 2 
2559 2 1126 1 222 1 
2242 2 1945 3 1736 2 51 3 
1196 3 2491 2 2497 3 1441 2 
1195 2 2490 2 1440 1 2492 1 
2493 1 1443 1 2491 1 1194 1 
1193 2 2492 1 2334 2 1442 2 
1437 1 2499 2 2495 1 1200 1 
2496 2 1199 2 1436 2 2494 1 
2495 2 2497 3 1439 2 1198 2 
2496 3 1438 4 1197 2 2490 3 
148 1 2499 2 1435 1 1192 2 
1191 2 2494 2 1434 4 2498 2 
65 4 2501 4 1214 4 1759 3 
1758 4 2500 4 2504 3 64 2 
1761 2 2505 2 57 1 2503 2 
56 3 2508 2 1760 2 2502 2 
308 2 2501 3 2505 3 1763 2 
54 4 2502 2 2504 3 1762 2 
2509 3 320 2 2507 2 1765 3 
1764 1 2337 1 318 2 2506 2 
2509 2 2503 2 1767 1 59 2 
316 4 2508 2 2506 3 1766 3 
1190 3 2511 3 630 4 2354 3 
2514 2 2510 3 629 2 1189 1 
1184 3 2513 2 2515 3 639 3 
2518 2 2512 2 1183 1 638 1 
2511 2 2515 3 1182 3 1346 2 
1181 4 2514 3 2512 3 640 3 
2519 3 1188 2 635 2 2517 2 
1970 2 634 2 1187 2 2516 2 
637 2 2519 3 2513 2 1186 2 
2518 3 2516 3 636 2 1084 4 
1280 1 2521 2 2398 1 2527 1 
2520 2 2522 2 1279 2 2397 3 
2521 2 2396 2 2523 2 1282 1 
2395 2 2529 3 2522 2 1281 2 
1284 3 176 2 2525 1 
1283 1 2526 2 2524 1 
1286 2 2525 2 2527 2 2394 3 
2393 1 2526 2 2520 1 1285 1 
1323 3 690 2 1664 1 1812 1 
2523 3 2530 2 2392 2 1292 4 
2391 1 1291 2 2529 2 2356 2 
1657 2 2125 2 1655 4 380 2 
2533 1 1691 2 515 1 
2532 1 2534 1 1690 4 
1689 2 2535 1 2533 1 
2534 1 1688 3 
2540 2 1488 1 
2279 3 1150 4 19 2 2277 2 
1809 2 1663 1 1329 1 1661 1 
1988 3 1490 3 2540 4 514 4 
2536 2 2539 4 133 2 1489 3 
37 2 1136 2 2475 1 2542 2 
1135 3 36 2 2543 2 2541 2 
1863 1 2542 2 2544 1 39 1 
2545 1 1133 2 38 1 2543 1 
33 3 2544 1 2546 1 1140 1 
1139 2 2545 1 32 1 2547 1 
2548 2 1138 3 35 1 2546 1 
2547 2 34 2 1137 2 1350 2 
1372 2 2467 3 1745 2 2468 3 
2560 3 92 1 833 2 106 1 
1370 2 2552 2 2468 2 1747 1 
1746 2 1369 2 2553 2 2551 2 
1376 1 2552 2 1741 3 2554 3 
2474 4 1740 3 1375 5 2553 3 
41 2 2475 2 1130 3 200 2 
1347 2 1373 3 1742 2 2474 3 
376 2 1668 2 2124 2 1654 3 
730 3 1661 3 1667 4 1327 4 
2488 2 1677 3 223 2 
834 3 2550 3 403 5 2253 3 
1840 3 1850 1 2562 2 2569 1 
1839 2 2561 2 1209 3 1849 2 
1843 3 1854 1 2564 2 
193 3 998 2 2565 2 2563 2 
1841 3 1027 1 2566 3 2564 2 
1040 3 2567 4 2565 3 1848 3 
2566 4 1858 4 1847 2 2568 2 
2569 1 1846 1 1861 1 2567 2 
1041 3 2568 1 1845 3 2561 1 
