0
0
0
0
8
8
8
8
8
8
3
3
3
34
3
34
21
21
21
21
21
21
21
47
47
47
47
47
47
47
46
46
47
2
2
47
46
46
2
2
5
5
34
34
34
34
34
32
32
32
33
32
44
36
5
17
17
17
17
16
17
41
17
17
19
7
7
8
7
0
0
0
0
8
8
35
35
8
8
36
36
36
36
35
35
41
9
3
3
16
16
17
17
17
17
30
17
41
3
9
38
38
46
47
47
47
47
47
48
48
48
48
46
48
48
38
14
12
14
14
12
12
14
11
39
39
39
39
39
39
31
31
35
35
35
35
32
32
35
32
24
24
23
23
23
23
23
24
24
24
8
8
0
0
0
0
8
8
8
8
30
30
39
39
46
46
39
23
23
12
12
12
12
12
12
12
16
12
2
2
2
4
14
4
31
31
31
31
13
13
40
40
40
40
40
40
23
23
23
23
24
24
21
21
21
4
4
4
4
4
5
5
36
36
36
36
6
6
36
36
34
34
8
4
8
27
35
27
27
8
27
8
8
35
25
31
32
32
35
32
32
35
35
35
35
0
39
39
39
39
17
37
39
40
42
42
42
42
42
42
41
30
30
30
33
14
14
14
14
30
30
31
14
3
3
3
3
14
14
3
9
34
34
34
34
32
35
32
32
32
32
34
34
39
39
39
39
46
46
49
49
49
49
43
43
43
43
15
15
16
16
16
16
16
16
15
15
27
25
29
29
12
0
0
2
2
2
2
13
13
13
13
26
26
26
26
26
29
29
30
30
30
24
24
24
24
23
23
23
23
21
24
15
15
15
15
16
16
16
16
15
23
13
2
13
25
2
2
2
2
0
0
31
31
39
44
10
9
9
10
9
10
10
10
10
41
41
41
41
41
28
28
28
28
29
29
29
29
29
29
7
7
7
7
6
6
6
6
7
6
44
44
44
33
33
5
4
4
34
4
4
4
34
4
44
44
44
31
31
31
31
32
35
35
37
37
37
47
37
47
47
47
46
46
30
30
25
25
25
25
25
30
25
25
44
10
10
10
10
10
10
9
9
9
38
38
42
42
42
41
38
42
42
42
32
32
32
32
37
20
20
20
20
20
15
20
20
20
20
16
40
20
12
40
12
12
12
12
16
15
20
20
40
29
29
29
29
28
28
28
28
28
28
14
14
14
13
13
13
13
13
45
27
27
27
27
18
18
18
25
21
21
22
18
26
25
22
22
37
25
30
25
22
25
22
25
26
15
30
37
26
8
8
8
8
0
0
0
0
37
8
8
33
33
33
33
46
46
28
46
38
38
38
42
48
48
48
48
48
48
44
44
12
44
44
44
44
44
44
44
44
22
9
9
3
3
9
9
3
3
6
6
29
30
30
1
1
1
5
2
1
1
1
27
6
27
27
27
34
45
45
45
45
45
6
6
45
6
18
23
23
23
43
43
43
43
49
49
49
49
21
48
49
24
44
44
44
44
44
24
45
45
45
45
24
45
47
47
37
38
37
37
37
45
25
17
40
26
26
40
40
18
18
26
26
18
18
18
18
33
33
34
48
34
34
34
34
33
46
16
16
16
16
15
15
16
15
15
15
28
28
22
22
22
22
22
22
26
26
6
11
2
2
5
5
2
2
11
6
11
11
11
11
11
11
14
19
20
19
19
19
19
19
19
20
18
40
9
9
22
34
33
34
34
33
33
34
34
33
33
47
39
39
39
38
38
38
47
33
46
26
29
13
37
37
37
37
37
31
31
31
32
46
5
5
5
5
5
38
39
39
38
48
48
48
48
48
48
48
48
27
25
8
8
8
27
27
27
27
27
21
21
21
11
11
11
11
11
11
11
11
6
11
0
41
41
41
41
41
47
47
46
46
47
47
47
47
46
46
37
37
37
37
37
37
37
7
33
33
33
33
35
24
24
24
23
23
23
23
15
24
24
24
22
20
20
15
20
24
24
20
20
1
4
4
4
4
4
4
4
4
6
36
6
6
36
36
4
36
19
17
17
17
17
13
17
17
17
17
0
0
0
0
7
7
8
7
8
8
21
21
33
9
9
9
48
42
42
42
42
42
42
41
42
35
32
44
44
35
35
37
37
39
39
47
39
39
39
39
39
39
31
31
25
25
25
25
25
25
25
25
21
21
24
21
24
24
1
3
3
3
6
1
1
1
6
6
19
30
30
30
0
2
2
16
2
2
38
5
38
5
17
17
17
17
13
2
13
13
30
30
2
19
17
12
46
46
46
46
5
5
4
5
4
17
40
37
17
40
40
40
40
40
40
40
32
32
32
35
35
35
35
35
32
32
9
9
3
3
3
3
9
3
9
9
0
15
15
15
15
16
16
16
16
16
16
28
28
35
35
36
36
8
8
35
35
36
36
41
41
41
41
41
41
26
31
31
31
13
13
14
14
13
13
14
14
10
9
8
8
10
10
10
10
43
43
28
28
22
22
22
22
22
22
22
28
26
44
28
28
44
21
21
48
49
49
49
49
49
43
43
40
40
40
40
26
14
49
49
49
49
43
13
43
13
49
48
30
10
10
10
10
9
5
9
10
5
10
44
5
5
29
31
31
31
31
17
3
3
3
30
30
28
28
26
28
29
29
29
29
13
13
14
13
14
14
13
13
5
5
1
1
1
1
1
1
6
1
1
6
1
1
1
1
1
1
5
5
36
36
32
32
32
32
20
35
35
27
27
35
45
3
3
3
12
12
12
48
12
12
49
49
49
49
43
43
43
43
22
22
28
22
22
22
22
22
0
7
7
8
28
28
0
0
5
1
1
1
1
1
1
6
6
6
31
31
25
25
25
25
25
25
25
25
41
41
43
43
41
43
41
41
43
49
49
49
44
44
43
4
49
44
5
4
29
29
29
28
29
29
28
28
28
28
33
33
33
33
33
34
34
34
34
45
45
6
6
1
1
6
1
1
5
1
1
34
34
26
33
33
40
40
40
27
40
18
18
18
20
27
27
27
27
29
4
5
4
5
5
6
6
6
6
7
7
7
7
7
7
34
30
7
7
7
7
7
7
0
0
7
0
33
33
3
3
3
29
23
29
21
21
45
45
45
45
45
45
45
45
6
6
26
33
26
33
24
24
24
24
23
23
23
23
33
42
24
24
42
42
41
42
23
0
0
38
38
38
38
5
5
2
2
2
2
2
2
37
37
29
29
29
43
33
33
33
33
38
38
38
39
39
5
5
5
13
46
46
47
47
47
47
46
46
47
47
17
16
17
17
17
17
17
48
15
17
9
2
2
33
34
20
20
19
19
19
20
19
19
19
19
36
36
36
36
36
36
7
7
36
36
36
36
36
36
7
6
36
36
36
34
48
36
35
36
36
36
36
36
36
7
7
1
6
1
1
3
1
3
3
6
6
9
9
11
11
11
11
11
11
21
11
21
21
21
21
23
15
15
15
15
15
0
0
19
19
8
19
8
8
20
20
21
21
21
21
21
21
21
42
42
41
42
42
38
42
42
38
38
9
42
9
14
7
15
11
11
11
11
9
9
11
9
9
11
11
9
49
41
43
43
49
49
49
49
45
38
42
6
48
45
48
48
34
34
38
38
15
15
46
46
46
46
7
7
14
14
39
14
14
14
14
14
14
0
0
7
16
7
7
16
16
15
15
16
16
16
16
15
15
13
13
13
14
13
13
14
14
11
21
39
47
7
7
6
6
6
6
7
7
7
7
30
29
29
26
26
26
26
26
30
30
39
46
46
46
48
49
49
5
4
4
4
5
5
0
11
11
11
11
6
11
11
11
11
43
43
43
43
49
49
49
49
49
49
33
33
33
33
29
29
29
12
49
12
12
12
12
27
27
20
20
27
27
27
27
34
34
27
25
33
33
34
34
21
21
23
23
23
23
24
24
24
24
21
21
29
26
45
45
45
37
45
37
44
44
45
45
38
38
42
42
38
42
48
48
48
48
11
11
11
11
6
11
11
11
11
6
30
30
30
39
47
46
26
26
18
18
18
18
18
18
45
26
26
47
14
14
12
12
12
12
14
16
20
15
20
20
20
20
20
19
22
20
17
17
17
17
13
17
30
30
32
32
32
32
47
47
47
47
47
47
46
46
46
46
1
1
1
1
5
5
1
1
1
2
45
45
45
45
45
45
6
6
45
45
10
10
10
10
10
43
43
33
33
34
34
29
29
45
34
28
29
29
29
28
28
28
28
13
13
13
14
14
14
30
30
33
33
13
13
23
23
35
35
35
35
31
31
25
25
29
31
31
30
30
26
26
29
26
29
29
30
29
40
37
3
3
40
40
40
40
40
40
40
40
38
38
38
38
38
38
38
32
32
20
18
19
19
19
19
19
19
19
20
28
28
28
28
28
0
0
5
5
2
2
2
2
2
2
26
26
18
18
18
18
26
26
18
18
44
44
44
44
45
45
45
45
45
45
42
4
4
4
4
4
5
5
6
32
42
45
23
18
18
22
18
26
26
18
18
26
28
19
18
20
32
32
19
32
20
19
19
19
19
19
19
20
19
44
44
44
44
44
44
44
44
19
44
44
20
20
41
41
40
40
40
40
41
40
40
41
17
0
39
39
39
39
13
13
13
13
17
17
17
17
37
37
37
37
37
41
41
43
41
41
43
41
12
31
31
31
16
18
30
30
32
19
18
35
32
35
35
9
41
3
9
9
35
3
3
3
3
25
31
0
25
0
16
16
16
13
15
16
15
15
15
25
25
25
23
23
15
15
15
15
30
30
41
41
41
41
41
13
13
4
4
4
13
13
4
4
37
40
20
20
20
20
40
20
40
40
40
20
9
10
9
9
10
10
10
10
10
44
45
2
2
5
5
2
2
2
2
2
0
35
35
36
7
36
36
36
36
35
36
12
12
12
12
12
12
18
17
27
26
16
16
43
43
10
10
10
10
10
26
26
27
27
18
18
18
18
18
18
10
10
10
10
9
10
31
31
31
25
25
25
25
25
25
25
4
4
4
4
4
4
4
43
48
48
48
48
26
26
48
48
18
18
26
26
18
18
18
18
42
42
42
37
41
42
42
42
37
37
19
38
38
38
38
38
38
43
43
10
10
10
10
10
10
35
19
12
12
12
12
12
12
12
12
16
23
23
23
23
24
24
24
24
24
24
24
24
30
30
24
30
24
24
23
23
23
23
24
23
24
24
23
23
23
42
21
21
28
28
25
27
27
27
27
27
27
8
8
8
30
30
37
37
37
37
9
9
9
3
3
3
3
3
9
9
7
7
42
7
0
0
0
0
8
8
46
46
46
46
26
16
7
16
16
16
26
15
15
29
29
32
32
32
32
49
48
29
43
43
43
43
49
49
49
47
14
14
14
14
14
14
14
14
31
31
31
31
34
4
34
34
34
4
33
33
44
20
18
19
20
19
19
19
19
15
19
21
21
21
43
43
38
38
41
43
42
42
42
38
41
42
42
42
43
43
43
43
43
49
49
49
49
49
39
39
39
39
39
39
39
38
38
48
48
48
48
48
48
48
48
31
31
31
31
31
25
27
22
22
22
22
22
22
8
8
27
8
27
27
27
27
22
22
22
22
22
22
22
22
28
47
47
47
47
47
17
46
47
46
46
28
28
22
28
22
22
22
22
22
22
21
37
21
37
37
37
37
