256 512 001
2 3 4 3 88 3 130 3 
87 4 129 2 1 3 7 1 
42 3 90 3 128 3 4 3 
127 1 89 1 1 3 3 3 
92 1 8 1 235 2 6 3 
106 4 151 4 91 4 5 3 
124 1 94 2 2 1 8 1 
93 1 5 1 140 4 7 1 
243 2 27 5 10 1 242 1 
13 1 205 4 241 3 9 1 
14 2 12 2 146 2 240 1 
19 3 239 2 11 2 123 3 
10 1 126 2 238 3 14 2 
11 2 237 2 125 3 13 2 
101 1 21 1 23 4 103 1 
190 1 49 1 151 2 139 2 
18 1 26 1 102 1 201 3 
17 1 234 2 105 2 29 1 
12 3 112 2 111 2 182 3 
106 4 180 3 151 4 190 3 
24 1 98 2 15 1 104 2 
23 4 134 2 103 1 189 1 
22 4 188 5 15 4 24 4 
21 1 25 1 187 1 23 4 
180 1 24 1 186 2 104 2 
27 5 17 1 29 1 80 2 
26 5 102 5 9 5 79 5 
31 1 29 1 78 2 105 2 
28 1 77 4 18 1 26 1 
31 2 84 2 33 2 231 2 
28 1 223 2 30 2 83 3 
82 3 33 1 109 1 182 2 
32 1 108 1 30 2 81 2 
39 3 35 4 238 4 256 3 
34 4 237 3 36 5 255 3 
240 3 254 3 37 4 35 5 
253 2 239 2 36 4 149 3 
251 4 242 2 202 2 39 3 
250 2 34 3 241 4 38 3 
42 2 103 2 134 3 222 4 
209 4 74 1 176 1 44 2 
3 3 40 2 133 1 85 2 
207 1 231 1 221 2 232 1 
73 3 212 5 175 2 41 2 
148 2 189 1 46 4 134 2 
45 4 133 4 147 5 51 4 
169 1 99 2 126 2 48 2 
68 3 125 3 98 3 47 2 
16 1 199 4 235 2 163 2 
123 4 65 3 68 4 100 3 
128 1 52 2 171 2 46 4 
86 3 51 2 127 2 145 3 
97 2 169 2 58 2 243 3 
86 3 129 3 206 3 168 4 
56 3 78 4 62 3 94 4 
55 3 77 4 93 1 57 3 
58 3 92 3 80 4 56 3 
79 1 91 2 57 3 53 2 
142 2 60 1 82 3 90 1 
89 1 81 2 61 1 59 1 
84 1 60 1 88 1 62 1 
87 4 55 3 61 1 83 3 
160 3 64 1 199 4 66 2 
63 1 159 3 75 1 139 2 
112 1 222 3 50 3 142 2 
141 2 136 4 63 2 157 2 
70 2 152 3 156 1 144 2 
48 3 146 3 101 2 50 4 
154 1 171 2 184 2 70 2 
153 3 67 2 145 3 69 2 
74 2 72 4 228 2 209 5 
95 3 71 4 208 3 227 3 
44 3 76 2 74 2 226 4 
71 2 225 1 41 1 73 2 
76 1 230 4 64 1 213 2 
75 1 73 2 229 2 212 4 
78 5 29 4 80 5 56 4 
77 5 55 4 28 2 83 4 
58 1 243 2 80 2 27 5 
77 5 79 2 26 2 57 4 
84 2 60 2 82 4 33 2 
32 3 81 4 59 3 170 5 
84 3 31 3 62 3 78 4 
81 2 61 1 83 3 30 2 
222 4 142 3 90 2 42 2 
54 3 144 3 52 3 130 2 
2 4 62 4 94 5 88 4 
89 1 61 1 1 3 87 4 
60 1 88 1 4 1 90 1 
3 3 89 1 85 2 59 1 
58 2 92 2 6 4 97 2 
5 1 57 3 91 2 93 1 
8 1 94 2 56 1 92 1 
7 2 93 2 87 5 55 4 
72 3 167 1 184 2 148 2 
97 1 169 1 107 2 99 2 
96 1 53 2 106 2 91 2 
21 2 101 2 48 3 99 3 
47 2 96 2 104 3 98 3 
101 1 103 1 222 3 50 3 
15 1 100 1 98 2 68 2 
242 1 27 5 17 1 202 1 
40 2 100 1 22 1 15 1 
21 2 107 3 25 2 99 3 
18 2 193 3 28 2 223 3 
20 4 6 4 107 3 97 2 
96 2 180 2 106 3 104 3 
33 1 109 1 231 1 207 1 
143 1 108 1 32 1 110 4 
182 5 111 4 150 5 109 4 
239 1 149 2 110 4 19 2 
19 2 170 3 65 1 123 2 
167 1 178 4 236 2 114 1 
115 2 172 3 200 2 113 1 
154 2 195 3 116 5 114 2 
117 4 194 4 115 5 153 5 
116 4 224 2 156 1 118 1 
119 3 155 1 192 1 117 1 
158 4 233 4 118 3 120 5 
119 5 157 3 121 4 198 5 
197 2 160 4 120 4 122 2 
159 3 173 2 196 3 121 2 
50 4 146 3 12 3 112 2 
129 2 7 1 140 4 168 3 
48 3 14 3 146 3 126 3 
205 5 13 2 47 2 125 3 
4 1 130 1 52 2 128 1 
51 1 3 3 127 1 133 1 
124 2 54 3 2 2 130 2 
127 1 129 2 86 2 1 3 
221 3 224 3 181 3 132 3 
137 3 192 2 131 3 220 3 
134 2 46 4 42 1 128 1 
133 2 22 2 40 3 45 2 
138 4 183 5 197 4 217 4 
158 4 66 4 204 4 152 5 
132 3 138 2 215 2 233 3 
137 2 198 3 135 4 214 1 
230 5 16 2 199 5 64 2 
8 4 235 5 163 5 124 4 
66 2 204 2 163 2 199 4 
59 2 170 4 85 3 65 2 
109 1 207 1 219 1 150 2 
86 3 206 3 67 2 145 3 
171 3 70 3 144 3 52 3 
68 3 123 3 11 2 125 3 
148 3 184 3 46 5 171 3 
45 2 147 3 227 2 95 2 
150 3 111 2 37 3 211 2 
149 3 210 2 110 5 143 2 
16 2 6 4 20 4 235 3 
67 3 206 4 136 5 155 3 
70 3 154 2 116 5 156 2 
115 2 172 3 69 1 153 2 
156 1 152 3 118 1 158 2 
155 1 67 1 153 2 117 1 
160 3 120 3 158 2 66 2 
119 4 136 4 157 2 155 2 
122 3 213 4 64 3 160 5 
63 3 157 3 121 4 159 5 
245 2 251 4 162 2 183 3 
250 1 244 1 166 1 161 2 
141 2 140 5 168 4 49 2 
252 4 249 2 165 2 254 2 
185 3 253 1 248 2 164 2 
247 3 256 2 162 1 252 3 
172 3 208 1 113 1 95 1 
204 4 54 4 163 4 124 3 
96 1 53 2 47 1 205 4 
182 4 112 3 142 4 82 5 
145 3 69 2 147 3 51 2 
167 3 154 3 114 3 184 4 
122 2 213 3 245 2 174 2 
175 1 244 1 212 4 173 2 
247 3 174 1 176 1 44 2 
246 2 41 1 177 1 175 1 
209 4 249 1 176 1 178 4 
248 5 113 4 208 4 177 4 
195 3 181 3 203 2 219 2 
20 3 25 1 107 2 191 3 
179 3 218 5 194 2 131 3 
170 4 110 5 32 2 19 3 
196 4 135 5 216 3 161 3 
69 2 147 3 172 4 95 2 
211 3 165 3 203 3 236 4 
191 4 25 2 187 2 226 4 
188 2 24 1 225 1 186 2 
187 2 189 2 228 2 23 5 
188 2 45 1 227 1 22 1 
230 4 16 1 191 3 20 3 
229 4 186 4 190 3 180 3 
233 2 118 1 132 2 224 2 
232 2 105 3 215 2 234 3 
195 2 116 4 181 2 224 2 
194 2 179 3 115 3 200 3 
245 3 183 4 197 3 122 3 
121 2 198 3 196 3 135 4 
233 4 197 3 138 3 120 5 
63 4 139 5 49 4 141 4 
236 3 195 3 203 2 114 2 
217 3 234 4 202 3 17 3 
216 2 201 3 38 2 102 1 
185 3 179 2 200 2 210 1 
141 2 206 3 136 4 168 4 
10 4 126 5 243 5 169 4 
144 3 204 3 54 3 152 4 
43 1 218 4 143 1 108 1 
167 1 209 4 72 3 178 4 
208 4 177 4 41 4 71 5 
150 2 219 1 211 1 203 1 
185 3 253 1 210 1 149 2 
213 5 44 5 174 4 76 4 
212 5 173 3 159 4 75 2 
234 2 217 1 138 1 215 1 
137 2 193 2 220 2 214 1 
202 2 217 2 183 3 251 4 
214 1 201 3 216 2 135 4 
221 5 219 4 207 4 181 5 
218 4 210 1 143 1 179 2 
232 2 221 3 215 2 132 3 
218 5 131 3 43 2 220 3 
85 4 65 3 100 3 40 4 
232 2 31 2 105 3 231 2 
131 3 117 2 194 2 192 2 
228 1 226 3 74 1 187 1 
225 3 73 4 229 4 186 4 
228 1 148 2 189 1 72 3 
188 2 225 1 227 1 71 2 
191 4 230 5 76 2 226 4 
190 4 229 5 139 5 75 4 
43 1 108 1 223 2 30 2 
223 2 193 2 220 2 43 1 
198 4 192 2 119 4 137 3 
214 2 18 2 201 4 193 3 
140 5 5 2 49 2 151 3 
248 3 200 3 113 2 185 4 
35 3 238 3 14 2 240 1 
237 3 13 3 241 5 34 4 
111 1 12 2 37 2 240 1 
36 3 239 1 11 1 237 1 
242 3 10 3 39 4 238 5 
241 3 102 1 9 1 38 2 
9 2 205 5 79 2 53 3 
162 1 245 1 247 3 174 1 
196 3 244 1 161 2 173 2 
176 2 252 4 247 4 249 2 
166 3 175 3 244 3 246 4 
236 3 178 5 165 2 249 2 
164 2 248 2 177 1 246 2 
256 2 39 2 162 1 251 3 
38 4 161 4 250 3 216 4 
164 4 246 4 255 3 166 3 
37 2 211 1 165 1 254 1 
36 3 255 1 253 1 164 2 
256 2 254 1 252 3 35 3 
250 2 166 2 255 2 34 3 
