2464 4778 001
3 5 1033 5 2 7 
1984 8 1032 8 1 7 
1 5 1183 4 
1324 2 1981 4 1397 4 5 1 
1396 4 4 1 1323 5 6 4 
400 6 5 4 749 4 7 9 
8 9 399 7 6 9 1398 9 
7 9 1693 6 9 6 1401 5 
1400 5 8 6 1617 4 10 4 
11 2 1332 5 1403 2 9 4 
10 2 1402 5 1331 4 12 3 
403 4 1405 4 11 3 13 5 
401 6 1404 4 192 6 12 5 
845 8 18 6 
220 6 309 8 700 7 20 4 
19 5 2191 4 17 4 843 3 
1247 5 842 5 16 4 2190 4 
841 7 19 9 14 6 2193 6 
16 5 18 9 2192 9 840 7 
21 2 312 2 227 6 15 4 
20 2 226 3 904 5 311 6 
23 6 2070 3 29 3 1517 5 
1516 5 2069 7 22 6 24 6 
25 5 1519 4 2068 11 23 6 
2324 3 24 5 1518 6 2067 5 
27 3 2066 3 1513 6 33 6 
1512 3 26 3 2065 4 28 5 
2064 8 1515 9 27 5 29 4 
2063 3 1514 2 22 3 28 4 
390 5 661 6 37 6 31 3 
660 5 30 3 389 2 32 4 
659 7 130 6 392 5 31 4 
127 9 1520 6 2071 6 26 6 
665 6 35 4 394 7 123 7 
393 3 34 4 664 7 36 4 
663 6 396 9 37 7 35 4 
662 4 36 7 395 5 30 6 
41 7 1064 3 742 8 39 3 
38 3 1063 5 
43 3 739 4 41 7 1062 6 
38 7 1061 6 40 7 738 8 
741 3 2005 3 43 3 1060 3 
40 3 1334 5 740 3 42 3 
418 5 142 5 45 6 314 5 
417 8 46 5 313 5 44 6 
1637 2 302 5 45 5 420 2 
2402 4 1269 6 1138 3 49 5 
51 8 1977 6 49 8 2238 9 
48 8 1976 6 2237 6 47 5 
1216 2 848 2 60 5 
48 8 1974 8 2239 6 169 4 
1973 4 53 5 2242 5 55 5 
169 3 52 5 1972 6 2241 5 
2244 6 55 3 57 3 1971 5 
54 3 1970 4 2243 7 52 5 
204 4 1979 4 2246 4 57 2 
2245 4 54 3 56 2 1978 3 
59 7 90 6 1661 5 
215 7 58 7 89 8 1662 9 
1215 7 847 7 50 5 2109 9 
1603 3 1280 9 213 4 839 7 
240 2 1088 2 2339 2 1273 3 
64 8 1678 5 66 6 1169 7 
63 8 1168 6 2345 7 1676 7 
1167 2 66 3 68 2 683 3 
63 6 65 3 1166 5 682 7 
1165 3 1448 6 1679 3 68 4 
1164 5 65 2 684 4 67 4 
1448 4 687 2 72 3 1163 2 
584 5 2288 8 1278 3 824 7 
1161 5 72 5 218 3 1689 5 
1160 5 71 5 2399 4 69 3 
1255 4 375 6 377 3 900 4 
75 4 77 4 1833 5 
74 4 1832 5 80 3 
1365 3 77 5 1009 5 
76 5 74 4 1834 7 
695 5 308 9 79 6 1571 6 
1570 4 694 5 78 6 586 7 
75 3 1836 2 
586 6 696 4 82 6 1568 4 
699 7 1573 6 83 7 81 6 
698 4 1572 4 82 7 2370 4 
238 10 412 7 2294 5 1399 7 
1533 5 405 6 86 4 1599 5 
1598 5 1532 6 85 4 381 5 
1088 4 1266 8 2339 4 88 6 
1265 3 87 6 1087 4 97 7 
90 7 59 8 2382 4 737 8 
89 7 736 6 58 6 
1597 3 92 8 1525 5 387 7 
1795 8 1522 9 91 8 1596 6 
1094 6 100 5 94 4 1260 4 
93 4 1259 3 1093 3 95 3 
96 4 1258 5 1096 3 94 3 
1257 7 95 4 259 5 1095 4 
1090 6 98 7 1264 6 88 7 
1089 7 1263 5 97 7 99 3 
100 3 1092 2 98 3 1262 3 
1261 5 1091 6 99 3 93 5 
102 6 1563 5 1049 6 104 6 
101 6 2390 7 1048 9 1562 7 
104 5 106 2 1557 2 1044 2 
1043 7 103 5 101 6 1556 5 
106 4 1555 7 1046 4 108 4 
1045 2 105 4 103 2 1554 2 
1561 7 108 6 1040 6 110 6 
1560 4 107 6 1039 2 105 4 
1559 5 1042 4 276 5 110 2 
1558 1 109 2 1041 1 107 6 
1638 6 904 7 1650 7 224 8 
1865 3 113 5 565 3 115 3 
1864 4 564 5 112 5 2393 6 
1867 6 883 8 115 5 117 5 
1866 3 114 5 112 3 877 4 
569 5 1869 3 117 3 119 4 
1868 4 568 2 114 5 116 3 
1871 5 567 6 121 7 119 5 
566 4 118 5 116 4 1870 6 
1873 6 1237 10 283 4 121 8 
118 7 1872 7 859 6 120 8 
656 3 123 4 398 4 888 3 
655 4 397 6 122 4 34 7 
1589 5 125 7 1848 6 323 6 
124 7 126 5 1847 6 1588 5 
125 5 635 5 1585 6 1852 6 
33 9 197 7 2072 8 1521 8 
1587 4 129 5 1850 3 635 4 
128 5 1849 5 1586 5 
658 5 391 4 32 6 2321 8 
828 4 134 5 601 7 132 6 
2417 5 600 6 827 4 131 6 
136 3 835 3 134 3 1201 4 
131 5 133 3 834 7 598 2 
837 5 1199 6 138 6 136 4 
836 2 133 3 135 4 1198 4 
138 5 140 5 1196 4 831 3 
137 5 1195 5 135 6 830 12 
335 9 140 7 1192 6 833 4 
137 5 832 6 139 7 592 9 
142 4 316 3 1632 4 424 5 
141 4 2316 4 44 5 1806 7 
144 2 460 8 466 4 
143 2 459 3 
1967 6 1321 2 146 2 2420 3 
147 3 2047 4 1320 4 145 2 
146 3 148 4 1969 3 1319 6 
1318 6 1968 5 147 4 149 5 
150 5 1322 4 148 5 1963 6 
149 5 1962 6 
2299 8 306 5 1544 6 152 8 
1543 8 2298 7 153 6 151 8 
2301 4 152 6 154 6 1548 5 
1547 6 155 5 2300 8 153 6 
154 5 1546 5 156 6 2303 3 
2302 6 1545 6 155 6 157 7 
158 5 1552 4 2305 3 156 7 
157 5 1551 6 159 6 2304 4 
160 6 2307 5 1550 7 158 6 
159 6 2439 7 1549 5 2306 3 
1080 6 162 7 164 6 697 10 
170 4 696 5 161 7 1079 3 
695 7 164 7 1082 6 166 7 
1081 5 694 4 163 7 161 6 
693 6 1084 6 166 5 168 7 
1083 6 165 5 692 9 163 7 
168 6 2086 6 1086 6 691 9 
167 6 1085 6 690 6 165 7 
53 3 2240 5 1783 7 51 4 
162 4 171 4 699 4 1078 2 
698 4 1077 5 170 4 2445 5 
1839 4 2461 4 1248 5 1038 2 
2455 7 1501 5 174 5 180 4 
1502 4 173 5 2454 3 
357 2 2398 8 176 4 1827 4 
2452 6 175 4 1197 7 1826 7 
980 4 1825 4 
179 8 2395 7 
1499 6 178 8 2453 9 180 7 
2397 8 1500 7 179 7 173 4 
182 8 1642 7 2459 7 1662 8 
1641 5 181 8 1661 7 
184 6 1145 4 1224 5 2149 7 
1223 7 183 6 185 7 1144 7 
1143 4 186 6 184 7 1226 7 
1225 6 1142 8 185 6 187 6 
188 10 1220 8 1149 5 186 6 
187 10 1148 9 189 10 1219 9 
1147 5 1222 6 188 10 190 5 
1221 3 1146 5 189 5 191 5 
1218 4 1141 7 192 6 190 5 
1140 4 1217 7 191 6 13 6 
200 2 1350 3 194 2 1929 4 
1928 6 195 4 193 2 1349 4 
194 4 1352 6 1927 6 196 6 
201 4 1351 6 1926 6 195 6 
1925 6 1354 6 198 5 127 7 
199 6 1924 3 1353 5 197 5 
200 5 198 6 1356 4 1923 8 
199 5 193 2 1355 4 1922 2 
196 4 1612 5 1358 4 
2058 3 1791 6 203 3 205 4 
2057 4 208 2 202 3 1790 3 
2060 5 56 4 1789 7 205 5 
720 4 2059 5 202 4 204 5 
2054 8 207 7 1787 8 209 5 
206 7 1786 4 2053 6 210 5 
2056 3 209 2 1785 4 203 2 
1784 2 208 2 2055 3 206 5 
2052 8 207 5 1794 4 211 3 
1793 6 413 4 2051 5 210 3 
1038 2 217 8 1248 5 2381 2 
222 4 61 4 1279 3 2285 2 
2383 4 215 3 1248 5 1839 4 
2382 3 214 3 1840 5 59 7 
1843 5 2385 2 217 7 
212 8 1050 11 2384 8 216 7 
1915 3 2458 3 71 3 219 3 
1914 4 224 7 218 3 1650 6 
1917 6 221 5 15 6 227 8 
220 5 700 6 1916 4 
2127 5 223 5 1454 7 213 4 
1455 4 222 5 1830 5 585 4 
1919 7 225 7 219 7 111 8 
1918 6 224 7 226 4 904 6 
227 7 21 3 225 4 1921 3 
226 7 1920 7 220 8 20 6 
229 7 1577 4 1243 3 235 7 
228 7 230 5 1576 8 1242 8 
1575 3 231 5 229 5 1245 3 
1959 8 1574 9 230 5 1244 7 
237 6 1581 5 233 7 1239 5 
1238 7 234 5 232 7 1580 5 
233 5 1241 3 1579 6 235 6 
1240 5 1578 6 228 7 234 6 
429 3 237 5 2360 3 1583 6 
232 6 1236 4 236 5 1582 6 
1273 8 240 7 84 10 811 9 
1934 3 242 1 
62 2 238 7 1399 4 563 2 
1936 5 242 3 301 5 
1935 2 239 1 241 3 
244 2 248 6 1537 3 781 5 
243 2 780 4 1536 1 245 4 
1535 7 785 5 244 4 246 4 
782 3 253 3 1534 5 245 4 
1539 4 798 2 248 5 
243 6 247 5 1538 9 796 8 
1435 2 250 4 1735 2 404 4 
249 4 1734 3 1434 4 251 4 
1437 3 1733 4 252 5 250 4 
1383 7 1436 10 1732 5 251 5 
1541 3 246 3 254 8 545 5 
544 8 253 8 1112 8 1540 10 
1441 4 1384 4 256 5 1729 4 
1728 5 255 5 1440 6 1366 5 
2006 5 1933 7 871 5 1298 4 
1078 3 259 5 906 3 1427 5 
96 5 258 5 1077 5 905 6 
261 3 995 4 267 4 940 8 
994 2 260 3 262 3 580 4 
582 4 261 3 993 8 263 4 
262 4 992 4 
999 5 944 6 265 6 441 7 
266 6 998 5 943 4 264 6 
267 5 265 6 997 7 946 8 
266 5 996 5 260 4 945 3 
850 3 1388 5 271 6 269 4 
1387 3 450 7 268 4 849 3 
273 6 271 6 1386 6 852 4 
851 7 1385 7 268 6 270 6 
275 8 1392 5 854 8 273 7 
270 6 853 5 272 7 1391 6 
277 2 1390 4 275 5 856 2 
272 8 855 6 274 5 1389 6 
277 5 858 6 1394 5 109 5 
276 5 274 2 857 3 1393 5 
1720 6 1680 3 2092 3 2094 4 
280 4 2148 5 286 4 593 3 
279 4 1186 4 2147 3 281 4 
2146 4 282 5 280 4 595 3 
594 4 288 5 2145 6 281 5 
597 2 120 4 284 3 2144 4 
2143 6 596 3 283 3 285 5 
2142 4 284 5 599 6 286 5 
1200 5 2141 6 279 4 285 5 
290 6 577 6 1768 7 1744 5 
289 5 603 6 282 5 2140 6 
288 5 2139 6 602 7 458 8 
576 3 287 6 866 6 1769 4 
1643 4 473 3 292 4 823 3 
822 6 1640 7 291 4 297 5 
294 9 817 4 1654 5 300 6 
293 9 295 8 2352 7 816 7 
815 3 294 8 2355 4 296 6 
2354 7 814 10 295 6 767 9 
821 4 298 6 2357 6 292 5 
297 6 2356 6 299 5 820 6 
819 3 298 5 2359 4 300 5 
2358 8 818 7 293 6 299 5 
303 3 1567 6 691 9 241 5 
1631 7 46 5 
301 3 690 3 1566 2 305 3 
307 2 2022 3 2345 4 1676 4 
693 5 1565 4 308 8 303 3 
151 5 685 2 2133 2 376 5 
2021 3 2344 4 304 2 874 3 
692 13 1564 7 78 9 305 8 
312 6 15 8 1766 8 310 6 
700 5 1765 4 309 6 
312 6 1639 7 1764 8 21 6 
309 6 311 6 1763 3 20 2 
1715 3 45 5 314 4 1637 2 
313 4 1714 5 1806 7 44 5 
2458 7 1760 6 1644 7 787 5 
482 4 1806 6 141 3 1716 3 
1425 2 1653 4 318 1 322 1 
2253 3 1424 4 317 1 1652 1 
810 4 1421 4 320 4 326 3 
321 6 319 4 2235 6 1420 5 
320 6 1423 5 1660 5 322 4 
321 4 317 1 1422 4 1659 5 
1658 2 324 3 1417 5 124 6 
325 3 323 3 1657 4 1416 4 
324 3 326 3 1419 4 1656 3 
325 3 1655 6 1418 3 319 3 
619 4 328 8 1155 5 334 8 
327 8 329 8 618 7 1154 7 
1153 7 328 8 330 5 621 4 
496 4 329 5 620 7 1152 5 
1159 7 615 7 336 6 332 7 
333 5 1158 5 614 3 331 7 
1274 5 332 5 334 7 1157 3 
1156 9 327 8 333 7 1270 6 
336 7 1151 7 139 9 629 12 
1150 3 335 7 628 2 331 6 
2068 10 338 5 340 4 
2044 5 337 5 801 4 2067 6 
2070 3 340 5 342 5 
2069 6 339 5 337 4 
342 3 344 2 2064 5 
2063 5 341 3 339 5 
344 2 2066 2 346 2 
343 2 2065 4 341 2 
2046 7 346 6 499 8 2072 8 
2071 3 345 6 2045 3 343 2 
2108 6 2110 6 660 8 1028 10 
349 3 355 5 2196 5 1863 3 
348 3 1179 5 2197 4 350 3 
2194 4 1182 4 351 5 349 3 
1181 5 2195 6 350 5 515 7 
2200 6 353 8 
1176 5 2201 8 352 8 354 8 
355 7 2198 5 1178 8 353 8 
1177 6 354 7 348 5 2199 5 
2446 5 882 5 2367 3 876 6 
543 2 175 2 1292 3 2119 2 
2118 4 760 3 2293 3 1317 5 
362 2 360 3 1005 5 
1004 4 363 5 359 3 
1007 7 366 5 362 2 
361 2 359 2 1006 6 
1003 5 364 4 360 5 
363 4 1002 1 
880 1 2440 1 882 4 2365 3 
361 5 1008 5 
2423 2 1677 3 370 4 757 2 
369 5 842 3 895 5 1247 3 
1246 8 368 5 375 7 894 6 
367 4 384 4 2422 3 756 4 
2137 5 372 3 1932 3 1378 5 
1377 5 371 3 2136 5 1913 5 
1250 5 374 5 899 5 1912 6 
373 5 517 3 1249 3 898 6 
1256 5 901 7 369 7 73 6 
1616 9 388 10 1381 6 306 5 
1254 7 903 2 73 3 378 4 
1253 6 1911 6 902 8 377 4 
766 3 1674 7 402 4 2120 4 
753 6 382 5 2131 8 2427 7 
1531 7 383 9 1601 6 86 5 
1752 4 2426 4 752 3 380 5 
1530 8 1600 9 381 9 385 7 
751 4 2131 6 370 4 2429 6 
1595 4 387 6 1529 2 383 7 
2124 9 2130 8 1305 7 550 5 
385 6 1526 8 91 7 1594 8 
1182 8 376 10 2135 7 2133 7 
390 4 392 3 1337 2 31 2 
1338 4 389 4 395 4 30 5 
392 3 1233 7 533 4 130 4 
391 3 389 3 32 5 439 4 
35 3 394 6 396 8 1333 4 
416 5 393 6 34 7 397 6 
396 7 1335 4 390 4 37 5 
395 7 36 9 393 8 1336 11 
123 6 440 5 394 6 398 6 
1773 7 397 6 122 4 443 6 
1693 4 400 4 7 7 609 3 
399 4 1323 7 6 6 608 3 
13 6 611 6 1140 4 403 5 
767 7 1059 4 2354 5 379 4 
12 4 1331 5 610 4 401 5 
1900 5 405 6 1591 5 249 4 
404 6 85 6 1590 7 1899 8 
415 4 407 4 2291 3 1893 3 
406 4 408 6 2290 4 1892 6 
1895 5 2289 6 407 6 409 5 
1894 5 2288 8 410 4 408 5 
411 5 409 4 1889 6 2295 5 
410 5 412 7 1888 5 2294 5 
413 7 84 7 411 7 1891 7 
412 7 211 4 1399 7 1890 4 
415 5 1887 2 2285 2 546 4 
406 4 414 5 1603 4 1886 5 
394 5 1665 3 440 4 1333 3 
45 8 420 5 418 7 2401 7 
44 5 417 7 2400 8 2316 4 
1979 9 2308 7 905 9 554 8 
417 5 46 2 
2308 4 422 4 1971 6 909 5 
910 2 1970 4 423 3 421 4 
2319 4 422 3 907 5 1973 2 
1284 6 2316 5 141 5 2402 5 
913 5 2319 5 426 6 1783 8 
914 7 427 7 425 6 1974 9 
1977 4 426 7 911 8 428 6 
912 5 1976 6 427 6 927 5 
1409 2 236 3 1317 4 430 2 
1316 4 1408 3 431 3 429 2 
1407 3 432 5 430 3 1054 7 
1406 6 433 7 431 5 1053 6 
1056 6 432 7 434 6 1413 5 
1055 4 435 3 1412 5 433 6 
1058 2 434 3 436 5 1411 5 
1410 6 1057 8 435 5 437 8 
1415 8 1674 9 436 8 438 6 
1059 4 786 6 1414 3 437 6 
1233 8 1671 7 1337 3 392 4 
416 4 443 5 397 5 1664 5 
442 5 813 9 264 7 737 9 
441 5 736 3 812 3 
1846 5 440 5 1663 5 398 6 
445 4 2097 2 448 2 530 5 
444 4 529 4 2096 7 446 6 
528 6 447 7 2099 4 445 6 
449 6 446 7 2098 6 527 8 
2100 3 444 2 526 5 
532 5 450 7 447 6 2103 4 
449 7 269 7 531 9 2102 6 
452 4 1995 3 466 5 460 9 
453 5 451 4 1994 5 465 3 
452 5 1993 5 468 7 454 7 
467 8 455 5 453 7 1992 5 
462 4 456 6 1991 5 454 5 
457 6 461 7 455 6 1990 8 
464 3 456 6 1989 4 458 6 
463 7 1988 12 457 6 289 8 
1984 6 460 9 144 3 
143 8 1983 8 451 9 459 9 
456 7 462 5 464 4 1362 5 
455 4 1361 5 461 5 467 7 
464 4 602 6 458 7 1360 5 
457 3 463 4 1359 3 461 4 
466 4 452 3 468 5 
451 5 465 4 143 4 
454 8 468 8 462 7 1364 9 
467 8 453 7 465 5 1363 4 
2199 4 470 4 642 4 476 8 
471 4 641 3 469 4 2198 3 
470 4 640 6 2201 6 472 5 
639 6 471 5 2200 5 
2195 4 291 3 646 4 474 5 
645 7 2194 6 473 5 475 6 
2197 5 476 8 474 6 644 6 
2196 9 475 8 643 9 469 8 
488 5 480 3 2394 4 478 3 
1636 4 483 3 487 6 477 3 
1635 6 486 9 490 7 480 6 
1634 6 477 3 489 3 479 6 
484 6 1633 3 492 3 482 3 
316 4 491 3 1632 5 481 3 
478 3 2391 5 484 7 494 3 
1630 9 481 6 493 6 483 7 
486 7 496 5 620 8 1629 4 
495 7 479 9 485 7 1628 7 
488 8 478 6 958 5 494 6 
957 7 477 5 489 5 487 8 
490 4 488 5 480 3 956 6 
489 4 479 7 495 5 955 5 
1716 2 962 4 482 3 492 3 
493 3 481 3 961 3 491 3 
492 3 484 6 960 4 494 2 
959 2 487 6 483 3 493 2 
486 7 965 5 490 5 496 5 
964 6 485 5 330 4 495 5 
1923 7 498 6 500 5 1856 5 
1855 5 503 6 497 6 1922 4 
1854 5 345 8 1925 7 500 6 
1853 3 497 5 1924 3 499 6 
1860 5 502 4 504 7 1927 7 
1926 3 501 4 505 2 1859 4 
498 6 1929 6 1858 4 504 6 
1928 8 1857 4 503 6 501 7 
1612 6 1861 2 502 2 
1059 3 786 5 507 2 2354 4 
508 5 2355 3 784 4 506 2 
507 5 2352 5 509 8 969 8 
792 10 1654 6 510 6 508 8 
799 6 509 6 2358 7 511 4 
512 6 797 4 510 4 2359 4 
511 6 2356 7 806 6 513 6 
972 2 514 3 512 6 2357 5 
515 5 513 3 975 3 1640 6 
514 5 1643 6 974 4 351 7 
704 2 1076 3 521 3 517 3 
374 3 703 4 1075 4 516 3 
519 2 1070 3 710 2 525 9 
1069 3 518 2 709 3 520 1 
1068 2 521 2 1835 3 519 1 
711 6 520 2 1067 4 516 3 
1813 8 523 6 2448 7 1074 6 
1073 3 705 2 522 6 524 7 
525 13 708 7 523 7 1072 8 
524 13 1071 8 707 11 518 9 
530 8 883 8 448 5 
532 7 567 7 528 7 447 8 
446 6 566 5 529 4 527 7 
530 5 445 4 528 4 569 4 
529 5 526 8 568 5 444 5 
1387 5 532 7 450 9 1237 10 
527 7 449 5 859 5 531 7 
1503 5 391 4 2321 8 534 6 
1504 6 2320 5 533 6 
1795 5 536 5 1596 3 976 8 
977 7 535 5 537 3 1449 3 
538 2 970 4 536 3 2377 3 
539 4 2376 3 537 2 971 7 
538 4 2379 8 802 5 540 5 
2378 5 541 6 973 7 539 5 
1753 6 966 7 2373 6 540 6 
1692 3 2119 3 543 3 553 6 
357 2 1691 3 1827 4 542 3 
1915 5 254 8 545 5 2182 3 
1914 4 782 5 544 5 253 5 
547 4 1695 5 414 4 2127 5 
1694 4 546 4 548 4 1830 4 
1697 5 547 4 2125 3 549 5 
550 4 1696 5 2124 8 548 5 
1699 5 549 4 551 2 386 5 
550 2 1698 3 552 2 2130 5 
2129 4 1701 6 553 6 551 2 
2128 8 542 6 552 6 1700 8 
555 5 1095 4 419 8 1789 6 
1096 4 554 5 556 5 720 5 
1791 6 1093 4 555 5 557 5 
1094 6 558 7 1790 5 556 5 
1785 7 557 7 559 5 1091 8 
1092 2 560 5 558 5 1784 2 
561 5 559 5 1089 9 1787 8 
560 5 1090 2 562 3 1786 2 
561 3 1087 4 1794 4 563 4 
1793 7 240 2 1088 2 562 4 
113 5 565 3 
877 4 112 3 564 3 
119 4 528 5 569 5 567 5 
118 6 859 5 527 7 566 5 
569 4 117 2 883 5 530 5 
568 4 566 5 116 5 529 4 
730 9 1902 7 571 6 873 6 
1901 6 570 6 872 3 574 4 
1910 4 575 5 573 3 861 6 
1909 3 860 3 572 3 578 4 
575 5 1908 4 571 4 863 7 
572 5 574 5 1907 4 862 4 
290 3 579 4 577 3 1906 4 
576 3 287 6 1905 6 2205 5 
867 6 1904 8 573 4 579 7 
576 4 866 7 1903 5 578 7 
582 5 940 9 2385 5 261 4 
939 5 1325 6 941 5 650 3 
262 4 580 5 
1330 6 652 6 942 5 
70 5 1271 5 811 5 2295 6 
1456 4 590 4 223 4 2125 2 
697 10 81 6 1569 5 79 7 
1060 4 2233 7 588 7 1651 3 
589 6 2232 8 587 7 1334 8 
588 6 1062 6 591 6 2231 3 
585 4 1305 6 2124 8 1457 3 
589 6 2230 8 2186 5 1061 5 
1192 8 1382 7 140 9 1196 8 
1200 4 1186 3 1127 2 279 3 
603 5 282 4 1673 1 595 2 
1186 3 1125 4 594 2 281 3 
1675 1 284 3 597 2 599 4 
283 2 1131 5 596 2 1873 4 
1201 3 601 4 2283 2 134 2 
1200 6 1129 6 596 4 285 6 
2293 5 601 7 132 6 760 5 
2292 6 600 7 598 4 131 7 
463 6 1135 6 603 8 289 7 
594 5 288 6 602 8 1134 6 
1324 4 1430 5 1527 5 605 6 
608 4 1431 5 604 6 1323 8 
609 3 1693 4 1438 4 1227 3 
1052 6 613 5 2189 6 769 5 
605 4 400 3 1440 4 609 2 
606 3 399 3 1441 3 608 2 
611 5 403 4 1232 6 1434 4 
401 6 771 5 610 5 1435 3 
1232 6 1436 9 1332 6 1227 4 
2031 5 768 6 1051 6 607 5 
615 3 1274 3 1485 2 332 3 
614 3 628 3 331 7 1484 5 
2093 4 1443 7 617 7 1340 6 
1339 7 2084 5 616 7 626 5 
621 3 1481 5 619 3 328 7 
327 4 1270 2 618 3 1480 5 
621 6 1479 9 485 8 330 7 
620 6 618 3 1478 6 329 4 
623 7 1690 3 2091 2 1346 3 
624 8 622 7 2090 7 1345 7 
623 8 2089 8 1348 5 625 4 
2277 4 2173 3 1347 4 624 4 
1342 4 627 5 2095 6 617 5 
1680 5 626 5 1341 5 2094 6 
1477 2 615 3 336 2 629 7 
1476 11 833 7 335 12 628 7 
741 4 2264 6 1193 6 631 3 
2263 4 740 2 632 1 630 3 
633 1 2273 5 631 1 739 3 
1174 3 632 1 738 3 634 2 
633 2 742 8 
128 4 126 5 1851 4 1584 5 
1749 3 638 4 
2371 2 638 4 1747 2 803 5 
637 4 1746 6 636 4 
472 6 640 7 1373 6 
641 5 471 6 1372 7 639 7 
642 3 640 5 470 3 1375 6 
641 3 643 5 469 4 1374 2 
644 7 642 5 476 9 1369 10 
1368 5 645 7 643 7 475 6 
474 7 646 6 644 7 1371 6 
1370 5 645 6 823 4 473 4 
1303 6 1305 7 2130 8 1451 5 
652 6 841 5 942 5 649 3 
840 3 650 1 648 3 941 3 
843 3 649 1 581 3 651 1 
939 3 842 2 650 1 895 4 
648 6 583 6 845 10 
2361 5 654 1 1224 4 1074 2 
653 1 1223 3 1073 2 829 3 
656 3 665 3 123 4 2106 3 
1897 6 2105 5 655 3 122 3 
2213 5 844 4 1070 4 1220 8 
130 5 2109 7 847 5 659 6 
32 7 2108 6 658 6 660 8 
661 8 31 5 347 8 659 8 
660 8 662 4 30 6 2110 6 
37 4 663 3 661 4 2113 2 
36 6 664 9 662 3 2112 6 
665 9 663 9 35 7 2115 9 
2114 4 664 9 655 3 34 6 
667 2 2205 3 1905 4 1760 2 
666 2 1759 6 2204 4 668 3 
2209 4 1762 4 669 3 667 3 
670 4 2208 3 1761 2 668 3 
1764 6 669 4 2207 4 671 6 
670 6 1763 5 672 7 2206 10 
673 7 1766 7 826 6 671 7 
672 7 1765 6 2212 6 
1778 5 689 7 675 6 838 8 
1779 5 2032 4 674 6 676 5 
1776 4 677 5 675 5 735 3 
676 5 1777 8 678 3 734 3 
1782 4 679 2 729 2 677 3 
678 2 746 3 680 7 728 4 
1780 7 731 7 679 7 681 7 
1781 2 873 3 730 6 680 7 
1678 6 683 7 2181 6 66 7 
2180 7 684 5 65 3 682 7 
1679 3 683 5 68 4 2179 4 
1381 3 950 4 306 2 1544 3 
1679 3 1448 6 2185 4 687 4 
69 2 2399 3 2184 5 686 4 
1774 7 1244 6 1959 7 689 7 
674 7 1958 5 1775 6 688 7 
691 9 168 6 693 5 303 3 
1936 9 690 9 301 9 167 9 
695 9 308 13 693 10 166 9 
305 5 690 5 165 6 692 10 
79 5 164 4 695 4 697 8 
692 9 78 5 163 7 694 4 
699 5 162 5 697 8 81 4 
586 10 696 8 694 8 161 10 
83 4 878 7 171 4 699 4 
696 5 82 7 170 4 698 4 
310 5 221 6 15 7 
808 8 2215 6 2217 8 1447 7 
2258 6 2219 6 1170 3 2236 3 
898 7 517 4 2342 5 704 3 
2341 3 516 2 703 3 711 5 
708 2 1813 4 2340 2 523 2 
2217 6 712 4 1433 5 2386 6 
710 4 708 5 525 11 2338 8 
705 2 524 7 707 5 2337 6 
519 3 2336 8 1835 5 710 3 
707 4 2335 6 518 2 709 3 
521 6 2334 10 1835 7 704 5 
714 4 2234 3 706 4 805 3 
2261 6 721 5 2031 5 768 6 
712 4 804 5 715 6 1442 5 
803 6 714 6 2371 3 2247 4 
1648 4 719 5 
722 9 718 7 926 7 1474 8 
927 4 717 7 912 4 1473 4 
1649 6 1788 5 716 5 
1789 6 205 4 1791 6 555 5 
713 5 2259 5 
717 9 925 6 1475 7 
726 4 724 5 2318 3 1171 3 
1170 5 727 6 723 5 2317 10 
1173 3 733 7 726 5 2313 4 
2315 7 723 4 725 5 1172 6 
724 6 2312 4 1175 3 
731 4 679 4 729 4 1727 6 
734 2 1726 3 678 2 728 4 
570 9 731 6 1725 9 681 6 
680 7 728 4 730 6 1724 4 
1180 5 934 3 2311 4 733 7 
2310 7 725 7 1862 7 732 7 
1721 2 729 2 735 1 677 3 
734 1 2032 2 1720 5 676 3 
442 3 737 7 90 6 
944 8 89 8 736 7 441 9 
739 5 41 8 633 3 742 9 
40 4 738 5 740 4 632 3 
43 3 739 4 741 3 631 2 
42 3 630 4 740 3 1302 4 
38 8 738 9 634 8 
744 5 1502 2 
1501 7 743 5 745 5 
1500 6 744 5 
1154 4 679 3 1780 3 1782 5 
1544 3 748 6 1758 4 950 4 
1543 9 747 6 752 6 1752 7 
2042 4 1396 4 1398 4 6 4 
753 6 2131 8 1546 7 751 6 
384 4 756 4 1545 4 750 6 
382 3 748 6 1548 4 753 4 
380 6 1547 5 750 6 752 4 
1550 7 757 4 1677 5 755 8 
2126 7 963 5 1549 7 754 8 
751 4 1552 3 757 2 370 4 
1551 4 756 2 754 4 367 2 
759 4 2117 6 761 6 2081 5 
764 7 758 4 981 3 2116 3 
761 5 600 5 358 3 2417 4 
760 5 2416 8 2118 6 758 6 
2415 4 765 4 2121 5 763 6 
2414 4 2120 6 766 5 762 6 
765 7 759 7 2413 7 2123 9 
2122 3 764 7 762 4 2412 2 
767 6 379 3 2062 4 763 5 
402 7 766 6 2061 7 296 9 
613 6 1214 5 769 6 713 6 
768 6 2226 6 1213 6 607 5 
773 3 1590 5 1141 6 771 4 
1140 3 611 5 1591 5 770 4 
773 5 1147 6 1598 7 775 6 
1599 4 772 5 770 3 1146 4 
775 4 1600 5 777 3 1149 4 
1148 4 774 4 772 6 1601 5 
1143 3 1594 5 777 3 779 6 
1142 6 1595 4 774 3 776 3 
779 7 1145 5 1596 3 976 8 
778 7 1597 5 776 6 1144 7 
785 5 244 4 1921 5 781 7 
1920 5 796 7 780 7 243 5 
246 3 785 4 545 5 1919 5 
1948 3 794 7 2277 5 1169 6 
2307 5 786 7 507 4 969 7 
780 5 1918 5 782 4 245 5 
784 7 506 5 438 6 2306 4 
788 3 1161 3 1952 3 315 5 
1951 4 787 3 789 5 1160 5 
1950 5 790 4 788 5 1163 4 
1949 4 789 4 791 6 1162 7 
1165 5 790 6 2309 6 1956 5 
509 10 799 10 2305 7 969 10 
1167 3 2309 3 1954 5 794 6 
1166 7 783 7 793 6 1953 7 
1180 8 968 9 934 6 1755 7 
781 7 1917 7 798 5 248 8 
806 4 511 4 799 6 2303 4 
247 2 796 5 1916 3 
510 6 797 6 792 10 2302 5 
2392 6 1593 6 801 4 2225 6 
800 4 338 4 2224 3 1592 2 
971 8 539 5 931 5 973 7 
715 6 2002 4 637 5 804 5 
714 5 2000 5 803 5 805 4 
2004 4 2386 5 712 3 804 4 
2300 6 797 4 972 2 512 6 
2386 4 1997 3 808 4 2217 4 
1996 5 701 8 807 4 809 8 
2392 8 1999 8 808 8 2215 6 
1655 7 319 4 2235 6 2327 3 
584 5 2294 4 238 9 1272 9 
813 7 1216 3 442 3 
812 7 441 9 999 7 1215 8 
2061 8 1204 10 296 10 815 7 
295 3 1203 2 816 2 814 7 
817 2 1206 1 815 2 294 7 
816 2 293 4 1205 5 818 5 
1208 4 819 5 300 7 817 5 
1207 3 299 3 818 5 820 4 
1210 6 821 4 298 6 819 4 
297 4 820 4 822 5 1209 2 
292 6 823 5 821 5 1212 9 
1211 3 646 4 822 5 291 3 
846 7 2289 8 1277 8 70 7 
2132 6 1000 7 
672 6 1742 5 2206 9 2212 5 
132 4 828 2 1020 3 2016 4 
131 4 827 2 834 6 2015 3 
1072 5 1226 7 844 4 654 3 
831 10 138 12 2010 9 837 11 
832 4 830 10 2009 3 137 3 
833 3 140 6 2008 7 831 4 
832 3 629 7 2007 2 139 4 
835 7 828 6 134 7 2014 10 
836 2 834 7 133 3 2013 5 
835 2 136 2 837 3 2012 3 
135 5 2011 5 836 3 830 11 
1722 7 674 8 1958 6 2032 6 
2291 7 1275 8 846 7 61 7 
649 3 843 5 841 5 19 7 
648 5 18 7 840 5 845 9 
843 4 368 3 651 2 17 5 
840 5 842 4 650 3 16 3 
1225 4 657 4 1071 2 829 4 
14 8 652 10 841 9 
2290 3 1276 4 824 7 839 7 
848 4 658 5 2321 8 60 7 
2320 3 847 4 50 2 
2102 2 850 2 269 3 2080 4 
268 3 849 2 2079 3 851 4 
852 5 271 7 2078 5 850 4 
853 3 2077 3 851 5 270 4 
852 3 273 5 2076 3 854 6 
2075 8 272 8 855 6 853 6 
275 6 854 6 856 3 2074 5 
2073 5 857 3 855 3 274 2 
858 4 2083 3 856 3 277 3 
857 4 276 6 1042 5 2082 3 
1237 8 532 5 121 6 567 5 
861 6 867 5 573 3 1964 5 
860 6 572 6 1965 8 862 5 
863 6 575 4 1756 6 861 5 
862 6 1757 6 574 7 872 6 
871 7 2353 6 2006 7 865 6 
2005 3 1060 3 1651 2 864 6 
290 6 579 7 867 6 1966 8 
1767 6 860 5 578 6 866 6 
869 4 2018 7 875 3 2349 5 
868 4 2348 4 870 4 2017 5 
871 5 2351 5 1933 7 869 4 
864 7 2350 5 870 5 257 5 
1960 3 571 3 863 6 873 3 
1961 3 681 3 570 6 872 3 
307 3 2347 6 2020 5 875 3 
2019 3 868 3 2346 2 874 3 
879 6 2447 6 356 6 2368 6 
565 4 115 4 883 7 
698 7 879 7 2445 8 2370 7 
2369 5 878 7 876 6 2444 4 
365 1 2443 2 881 1 2364 3 
2442 2 880 1 884 4 2363 2 
356 5 2441 7 2366 4 365 4 
114 8 526 8 568 5 877 7 
2362 5 2449 6 885 5 881 4 
2448 4 2361 6 1074 3 884 5 
1771 6 889 7 1898 4 887 3 
891 4 886 3 1770 3 
889 7 1773 6 1897 6 122 3 
888 7 886 7 1896 5 1772 10 
1975 6 892 5 
887 4 1792 8 892 5 
2262 2 891 5 890 5 
1935 5 2086 7 2088 6 1614 7 
2175 6 369 6 895 6 901 6 
2174 4 368 5 894 6 651 4 
897 5 1912 5 2172 3 899 4 
896 5 1911 5 2171 5 902 7 
703 7 899 6 374 6 2170 6 
898 6 373 5 896 4 2169 5 
903 3 2168 2 73 4 901 5 
375 7 2167 6 894 6 900 5 
903 6 378 8 2166 8 897 7 
902 6 900 3 377 2 2165 4 
111 7 225 6 1639 6 21 5 
1095 5 906 4 419 9 259 6 
909 3 2308 2 905 4 258 3 
423 5 908 7 1885 8 910 4 
2319 6 913 6 1874 5 907 7 
906 3 1427 5 910 3 421 5 
1426 2 422 2 909 3 907 4 
914 8 912 7 427 8 1429 6 
911 7 428 5 1428 6 718 4 
914 6 425 5 908 6 1957 7 
913 6 426 7 911 8 1432 4 
916 5 1105 4 2016 5 1887 3 
915 5 1886 4 919 3 2015 5 
918 4 2012 5 1895 5 920 3 
923 5 2011 4 1894 4 917 4 
916 3 2014 5 920 1 1893 3 
2013 4 917 3 1892 3 919 1 
2008 7 922 5 1891 6 924 5 
2007 4 921 5 1470 5 1890 3 
918 5 2010 4 1889 8 924 6 
1888 4 921 5 923 6 2009 4 
722 6 1468 5 926 4 
927 4 717 7 925 4 1139 4 
926 4 718 4 1138 3 428 5 
971 9 931 6 2158 4 929 6 
2157 6 970 6 936 5 928 6 
931 6 933 7 2156 5 973 8 
928 6 802 5 2155 5 930 6 
967 7 935 6 2154 7 933 8 
966 7 2153 6 930 7 932 8 
732 3 935 2 795 6 2152 4 
2151 4 934 2 932 6 968 5 
2150 6 937 4 977 7 929 5 
1145 4 976 7 936 4 2149 7 
1808 5 2343 1 
581 5 651 3 2174 3 1326 3 
580 9 2384 7 260 8 945 7 
942 5 581 5 1328 7 649 3 
1327 5 648 5 941 5 583 5 
2383 4 265 4 946 6 944 4 
264 6 737 8 2382 4 943 4 
2381 2 946 6 267 3 940 7 
943 6 266 8 945 6 2380 6 
1814 6 1812 7 1012 7 1097 7 
1969 4 951 5 949 4 1380 10 
1968 4 1379 4 948 4 953 6 
685 4 1967 8 951 5 747 4 
950 5 2047 5 1381 4 948 5 
1376 3 954 2 
1378 8 954 6 1963 8 949 6 
1377 5 953 6 952 2 1962 5 
965 5 956 7 1757 4 490 5 
1756 9 957 8 955 7 489 6 
488 7 956 8 958 4 1965 8 
1964 3 959 1 487 5 957 4 
1767 4 960 4 494 2 958 1 
959 4 1966 8 493 4 961 4 
492 3 1769 2 962 4 960 4 
1768 7 491 4 1506 5 961 4 
755 5 2322 2 2033 3 
1152 7 965 6 1961 5 496 6 
964 6 495 5 1960 4 955 5 
933 7 967 6 541 7 973 8 
966 6 932 7 1753 5 968 6 
795 9 967 6 1754 8 935 5 
2304 5 784 7 792 10 508 8 
929 6 977 8 537 4 971 9 
802 8 928 9 538 7 970 9 
513 2 806 2 975 2 2301 2 
966 8 540 7 802 7 930 8 
2299 4 975 2 515 4 1181 2 
974 2 972 2 2298 5 514 3 
937 7 977 10 535 8 778 8 
536 7 970 8 936 7 976 10 
1823 7 2457 4 1202 4 980 5 
1884 3 1831 3 2029 2 
177 4 2456 4 1822 4 978 5 
2081 4 2413 3 759 3 1023 5 
1116 5 983 9 985 5 2083 4 
1115 8 2314 9 982 9 2082 7 
987 5 1110 4 985 5 2074 6 
1109 4 2073 6 982 5 984 5 
987 5 2076 4 1108 5 989 4 
986 5 984 5 1107 5 2075 6 
991 6 989 6 2078 6 1114 9 
2077 3 988 6 1113 3 986 4 
991 5 2080 6 1112 6 1540 8 
988 6 1111 5 990 5 2079 4 
1025 4 993 8 263 4 
992 8 1024 8 262 8 994 7 
261 2 995 3 993 7 1027 4 
996 5 260 4 994 3 1026 4 
997 7 267 5 1029 6 995 5 
996 7 1028 10 998 6 266 7 
1031 5 997 6 265 5 999 4 
264 5 998 4 813 7 1030 3 
825 7 2247 5 1001 5 
1442 3 1002 2 1000 5 
1001 2 1003 2 364 1 2234 3 
363 5 1433 3 1004 4 1002 2 
1446 5 360 4 1003 4 1005 6 
1447 5 1004 6 359 5 1006 9 
1444 9 1007 11 362 6 1005 9 
361 7 1008 7 1006 11 1445 8 
1007 7 2296 6 366 5 
1642 5 2459 5 1834 7 76 5 
2437 4 1011 4 
1010 4 1014 3 2436 4 
2062 6 1013 4 1019 7 947 7 
1812 4 1012 4 1204 5 2061 3 
2431 5 1011 3 1015 5 
2259 8 2430 7 1014 5 
1017 7 2413 5 1817 8 1023 7 
1018 5 1816 6 1016 7 2412 4 
2415 3 1017 5 1815 3 1019 5 
2414 4 1814 6 1012 7 1018 5 
1821 2 2417 4 827 3 1021 2 
1820 3 2416 5 1022 1 1020 2 
1023 4 1021 1 1819 3 2081 3 
1818 6 1022 4 981 5 1016 7 
2115 5 1025 4 993 8 1027 5 
992 4 1034 4 1024 4 2114 3 
1027 5 1029 5 995 4 2113 4 
1026 5 2112 6 1024 5 994 4 
997 10 1031 9 347 10 1029 9 
996 6 1026 5 2110 5 1028 9 
2109 6 1215 4 1031 4 999 3 
998 5 2108 5 1030 4 1028 9 
1033 6 1562 7 2 8 2390 7 
1032 6 1183 4 2389 6 1 5 
1035 5 1025 4 2106 5 
1034 5 2105 5 1553 4 
1673 3 1838 4 2260 3 1037 5 
1125 5 1975 5 1841 4 1036 5 
2462 3 212 2 1050 5 172 2 
1944 3 1046 2 108 2 1040 2 
1943 4 107 6 1041 1 1039 2 
1942 4 1040 1 110 1 1042 3 
1941 5 109 4 858 5 1041 3 
104 7 1044 4 1049 7 1940 7 
1043 4 1045 2 1939 5 103 2 
106 2 1938 3 1044 2 1046 2 
1039 2 1937 4 105 4 1045 2 
1130 6 1842 5 1770 5 1844 4 
102 9 1946 7 1049 9 1230 8 
101 6 1048 9 1043 7 1945 5 
2463 11 1843 9 1038 5 217 11 
613 6 1234 4 1052 7 
607 6 1065 6 1051 7 
1056 5 432 6 1054 8 2116 4 
1316 8 2117 9 1053 8 431 7 
1056 4 434 4 2122 3 1058 3 
1055 4 1053 5 433 6 2123 6 
436 8 1674 9 1058 5 2120 6 
435 2 1057 5 2121 4 1055 3 
402 4 506 3 438 4 1674 7 
1334 5 865 3 587 4 42 3 
1062 5 41 6 591 5 1064 2 
1061 5 589 6 40 6 1334 8 
1064 5 2187 7 39 5 1066 6 
38 3 1063 5 2186 2 1061 2 
2189 6 1052 6 1066 4 
2188 5 1063 6 1065 4 
2211 6 1068 4 521 4 1076 4 
1069 4 1067 4 520 2 2210 4 
519 3 1068 4 1070 4 2213 5 
518 3 657 4 1069 4 1071 2 
525 8 1070 2 1072 3 844 2 
829 5 1073 4 524 8 1071 3 
1074 3 1072 4 523 3 654 2 
1073 3 885 3 653 2 522 6 
2203 7 1249 4 517 4 1076 4 
2202 5 516 3 1067 4 1075 4 
171 5 1078 3 259 5 1257 7 
258 3 1077 3 170 2 1079 1 
1427 3 1080 2 162 3 1078 1 
1426 3 161 6 1081 5 1079 2 
1885 8 164 5 1080 5 1082 4 
1083 5 1081 4 1874 2 163 6 
1082 5 166 6 1957 9 1084 7 
1432 3 1085 5 165 6 1083 7 
168 6 1084 5 1429 4 1086 6 
1615 7 167 6 1085 6 1428 7 
1088 2 562 4 1090 3 88 4 
87 4 1087 2 62 2 563 2 
98 7 560 9 1092 6 1090 6 
561 2 97 6 1087 3 1089 6 
1094 7 100 6 1092 5 558 8 
559 2 99 2 1089 6 1091 5 
1096 3 556 4 1094 5 94 3 
93 6 1091 7 557 6 1093 5 
905 5 554 4 96 4 1096 3 
555 4 1093 3 95 3 1095 3 
1100 7 1098 8 1692 5 947 7 
1627 8 1097 8 1691 6 1812 8 
1815 3 1102 2 1701 6 1100 5 
1700 7 1097 7 1814 6 1099 5 
1817 7 1102 3 1699 6 1104 5 
1099 2 1101 3 1698 3 1816 3 
1819 3 1104 3 1697 3 1106 3 
1818 5 1103 3 1101 5 1696 5 
1695 4 1106 4 915 4 1821 2 
1694 5 1105 4 1820 5 1103 3 
1108 5 987 5 2179 4 1110 4 
1113 4 1107 5 986 5 2178 4 
1110 3 985 4 1116 4 2181 3 
1109 3 2180 6 984 4 1107 4 
991 5 1114 8 2183 5 1112 6 
990 6 2182 3 254 8 1111 6 
1108 4 989 3 1114 6 2185 3 
1111 8 1113 6 2184 8 988 9 
1295 6 983 8 1116 4 2177 2 
1109 4 982 5 1115 4 2176 6 
1118 7 1375 6 1801 5 1120 5 
1800 8 1117 7 1123 6 1374 6 
1120 4 1373 3 1803 2 
1119 4 1802 6 1372 7 1117 5 
1371 6 1797 7 1124 6 1122 4 
1370 3 1796 3 1307 2 1121 4 
1799 2 1118 6 1369 7 1124 3 
1798 7 1121 6 1368 4 1123 3 
1037 5 595 4 1673 3 1128 5 
1740 4 1132 4 1472 4 1508 4 
1842 3 1128 3 1130 4 593 2 
1127 3 1186 4 1125 5 1841 4 
1844 4 599 6 1675 3 1130 6 
1047 6 1200 6 1129 6 1127 4 
597 5 1846 6 1663 6 1675 4 
1126 4 1741 7 1507 4 1133 3 
1510 5 1136 2 1738 4 1132 3 
1673 2 1838 3 603 6 1135 4 
1360 5 602 6 1837 5 1134 4 
1739 2 1133 2 1137 5 1509 3 
1136 5 1742 7 1511 6 
1139 3 47 3 927 3 1976 4 
1138 3 1269 6 1468 5 926 4 
192 4 771 3 401 4 1141 5 
1146 7 191 7 770 6 1140 5 
1143 6 1149 7 777 6 186 8 
776 3 1142 6 185 4 1144 4 
1145 5 1143 4 779 7 184 7 
1144 5 937 4 778 5 183 4 
1141 7 773 4 190 5 1147 5 
1148 4 772 6 189 5 1146 5 
188 9 1147 4 775 4 1149 4 
1142 7 187 5 774 4 1148 4 
336 3 1151 3 1159 4 1775 4 
1192 4 335 7 1150 3 1774 5 
1781 4 964 7 1153 7 330 5 
329 7 1780 5 1152 7 1154 6 
1155 4 746 4 1153 6 328 7 
1154 4 327 5 1782 5 1156 6 
1777 10 334 9 1157 5 1155 6 
1776 2 1158 3 1156 5 333 3 
1159 5 1157 3 1779 5 332 5 
1158 5 331 7 1778 4 1150 4 
72 5 1161 5 788 5 1163 4 
71 5 2458 5 787 3 1160 5 
1448 9 1163 7 1165 6 790 7 
1162 7 789 4 1160 4 69 2 
1167 5 68 5 2309 5 1165 4 
67 3 791 5 1162 6 1164 4 
1169 6 794 7 1167 4 66 5 
1164 5 793 3 65 2 1166 4 
64 6 1169 5 2277 4 1347 4 
1166 6 1168 5 63 7 783 6 
724 5 1171 3 702 3 1175 2 
1170 3 1172 5 723 3 2258 6 
1173 4 1171 5 1602 5 726 6 
1604 2 1862 3 1172 4 725 3 
633 3 2273 7 1229 3 
727 3 2236 2 1170 2 
1178 5 2138 4 353 5 
355 6 1863 4 2137 6 1178 7 
1176 5 354 8 1177 7 2136 8 
349 5 2135 5 1863 5 1182 6 
732 5 795 8 1862 5 1931 7 
351 5 974 2 2133 3 1182 4 
388 8 350 4 1179 6 1181 4 
2388 6 1184 4 1033 4 3 4 
1183 4 2387 7 
1942 7 2314 6 1188 6 1296 7 
280 4 595 3 1128 4 593 3 
1944 4 1188 5 1294 5 1190 6 
1943 6 1293 5 1187 5 1185 6 
1190 6 2001 5 1938 4 1300 4 
1937 7 1189 6 1299 8 1187 6 
2001 4 1940 5 1298 3 1194 6 
1151 4 2284 8 592 8 139 6 
1302 6 630 6 1946 5 1194 8 
1945 6 1191 6 1193 8 1301 10 
138 5 1196 4 1199 5 2287 6 
2286 10 137 4 1195 4 592 8 
2396 6 1202 6 176 7 1829 7 
1201 5 136 4 2281 4 1199 6 
135 6 2280 4 1195 5 1198 6 
599 6 286 5 1130 6 593 4 
598 3 2282 4 1198 5 133 4 
1828 4 1197 6 978 4 2450 5 
1206 1 815 2 1315 5 1204 5 
1314 7 814 10 1013 5 1203 5 
1206 4 1313 5 1208 4 817 5 
1203 1 1205 4 816 1 1312 2 
1208 2 819 3 1311 3 1210 5 
1207 2 1205 4 1310 2 818 4 
1210 4 1212 6 821 2 1309 1 
1308 7 1207 5 820 6 1209 4 
823 3 1307 3 1212 7 1370 4 
1306 6 1211 7 1209 6 822 9 
2275 7 2104 3 769 6 1214 5 
2261 5 768 5 1213 5 2274 5 
1030 4 60 7 813 8 1216 4 
50 2 812 3 1215 4 
1404 5 1218 5 192 7 2203 8 
191 4 1217 5 2202 5 1221 2 
1222 5 2213 4 188 9 1220 7 
187 8 1225 8 657 8 1219 7 
190 3 2211 4 1222 4 1218 2 
1219 5 1221 4 189 6 2210 6 
184 7 1226 7 654 3 1224 6 
1711 6 653 4 183 5 1223 6 
844 4 186 6 1226 7 1220 8 
1223 7 1225 7 829 7 185 7 
612 4 1439 3 1617 3 606 3 
2388 10 2273 10 1229 6 1231 8 
1174 3 1228 6 2387 5 
1231 5 2390 6 2264 6 1048 8 
1230 5 2263 6 2389 6 1228 8 
612 6 1437 5 610 6 1331 7 
391 7 439 8 1503 8 1672 10 
2031 3 1051 4 
2425 4 2033 4 2343 2 
237 4 1239 3 2292 4 2360 2 
859 8 120 10 2144 10 531 10 
2282 5 1241 5 233 7 1239 5 
2283 3 1236 3 1238 5 232 5 
1241 2 235 5 2280 1 1243 1 
1240 2 1238 5 2281 3 234 3 
1245 6 2286 11 1243 4 229 8 
2287 5 228 3 1242 4 1240 1 
1245 5 688 6 2284 8 231 7 
1244 5 1242 6 1382 4 230 3 
369 8 2035 5 1247 6 1256 6 
17 5 2034 5 1246 6 368 3 
2380 5 214 5 172 5 212 5 
1250 3 2037 5 374 3 1075 4 
373 5 1249 3 2036 6 1251 5 
1252 6 1250 5 2039 5 1912 6 
1911 5 1251 6 1253 5 2038 4 
1252 5 1254 9 378 6 2041 7 
377 7 1253 9 2040 11 1255 8 
73 4 1254 8 2043 3 1256 3 
375 5 2042 5 1246 6 1255 3 
96 7 2445 7 1077 7 1258 8 
95 5 1259 5 2444 6 1257 8 
1258 5 2447 3 94 3 1260 3 
93 4 2446 5 1261 4 1259 3 
2441 6 100 5 1260 4 1262 5 
2440 3 1263 5 99 3 1261 5 
98 5 1262 5 2443 4 1264 4 
2442 3 1265 2 97 6 1263 4 
88 3 1264 2 2449 3 1266 5 
87 8 1813 8 2448 7 1265 5 
2401 4 1268 4 
1468 5 1267 4 2400 8 1269 6 
47 6 1139 6 2403 6 1268 6 
619 2 1274 4 1483 4 334 6 
2338 7 584 5 1272 9 1278 3 
2337 11 1273 8 1271 9 811 9 
238 8 2340 3 1272 8 62 3 
333 5 1270 4 1482 5 614 3 
1280 10 2334 9 1276 5 839 8 
846 4 1277 5 2333 3 1275 5 
1278 4 1276 5 2336 9 824 8 
1277 4 2335 6 70 3 1271 3 
1280 8 1454 6 2342 4 213 3 
1275 10 1279 8 61 9 2341 9 
2391 5 1282 4 1288 3 2240 5 
1630 6 2239 6 1281 4 1283 6 
2238 7 1633 6 1282 6 1284 6 
424 6 2237 6 1283 6 1632 5 
1286 11 2244 8 1290 7 1635 5 
1285 11 2243 13 1287 8 1634 12 
1286 8 2394 3 2242 2 1288 2 
1281 3 2241 5 1287 2 1636 4 
1629 4 2246 6 1464 6 1290 6 
2245 6 1285 7 1289 6 1628 6 
1458 6 1304 7 2119 5 1292 6 
1459 4 2398 9 357 3 1291 6 
1296 6 1188 5 1294 5 2020 5 
1299 7 1293 5 1187 5 2019 5 
1115 6 2314 7 1296 8 2022 6 
1293 6 2021 6 1295 8 1185 7 
2001 5 1298 4 1933 7 1300 4 
1191 3 1297 4 257 4 1301 7 
1294 7 1300 6 2018 9 1190 8 
1299 6 2017 5 1189 4 1297 4 
2006 8 1302 8 1194 10 1298 7 
2005 4 1193 6 741 4 1301 8 
1304 6 647 6 2129 5 1452 6 
2128 7 1303 6 1453 7 1291 7 
590 6 386 7 647 7 1450 5 
1212 6 1619 5 1309 1 1307 2 
1211 3 1618 2 1306 2 1122 2 
1210 7 1311 5 1309 4 1621 4 
1306 1 1620 1 1308 4 1209 1 
1311 3 1623 3 1208 2 1313 3 
1207 3 1308 5 1622 7 1310 3 
1315 6 1313 3 1206 2 1625 4 
1205 5 1624 4 1312 3 1310 3 
1627 6 1204 7 1315 7 1812 6 
1312 6 1314 7 1203 5 1626 9 
1054 8 1317 6 430 4 2118 5 
2360 4 1316 6 429 4 358 5 
148 6 1322 5 1319 8 
147 6 1985 6 1318 8 1320 7 
1987 3 146 4 1321 4 1319 7 
1487 5 145 2 1986 2 1320 4 
149 4 1318 5 
1324 6 400 7 605 8 5 5 
604 4 1323 6 4 2 1497 4 
581 6 1326 4 1328 8 2452 7 
1459 2 1325 4 939 3 2398 7 
942 5 1328 7 1330 6 2450 6 
1327 7 941 7 1325 8 2396 6 
2456 5 1330 7 
1327 6 1329 7 583 6 2457 5 
403 5 1332 7 11 4 1232 7 
612 6 1617 5 1331 7 10 5 
1666 3 1336 7 416 3 393 4 
1060 5 43 5 1062 8 588 8 
1668 5 395 4 1338 4 1336 8 
1333 7 1667 9 396 11 1335 8 
439 3 1670 4 1338 2 389 2 
1669 3 390 4 1335 4 1337 2 
2353 5 617 7 1342 6 1340 6 
2233 7 616 6 1339 6 1651 3 
1344 3 2351 4 627 5 1342 4 
626 4 2350 5 1339 6 1341 4 
1344 4 1690 4 2349 5 1346 4 
1341 3 1343 4 2348 4 1680 3 
2347 5 1346 3 1348 4 623 7 
2346 3 1345 3 1343 4 622 3 
1348 5 625 4 2345 5 1168 4 
1347 5 624 5 1345 4 2344 6 
1352 6 2407 6 1350 5 194 4 
2406 4 193 3 1349 5 1355 5 
1352 6 196 6 1358 6 2405 4 
1349 6 2404 6 1351 6 195 6 
1354 6 1356 3 198 5 2411 4 
2410 5 1521 7 1353 6 197 6 
2409 9 1350 5 200 4 1356 3 
199 4 2408 3 1353 3 1355 3 
2419 3 1358 6 
2418 6 1351 6 201 4 1357 6 
1360 4 1647 5 1362 4 464 3 
1359 4 1135 5 1646 5 463 5 
1362 5 462 5 1364 7 1649 5 
1361 5 1359 4 1648 5 461 5 
1364 5 468 4 
1645 8 1363 5 467 9 1361 7 
76 3 1642 3 
1367 4 1431 4 256 5 1737 4 
1366 4 1736 5 1430 4 
644 5 1369 8 1371 4 1124 4 
1368 8 1123 7 1374 7 643 10 
646 5 1122 3 1211 4 1371 5 
1121 6 645 6 1368 4 1370 5 
1373 6 640 7 1120 7 1375 8 
1372 6 1119 3 639 6 
1375 5 642 2 1369 7 1118 6 
1374 5 1117 6 1372 8 641 6 
1913 6 952 3 1377 6 
372 5 954 5 1376 6 1378 7 
1379 6 953 8 371 5 1377 7 
1932 4 1378 6 949 4 1380 10 
1616 12 1379 10 1381 9 948 10 
685 3 376 6 951 4 1380 9 
2286 9 592 7 1245 4 2284 7 
1384 5 1731 4 252 7 1439 5 
1438 4 1383 5 255 4 1730 4 
1388 6 271 7 2142 5 1386 7 
2141 7 1391 6 270 6 1385 7 
531 5 269 3 1388 4 2144 5 
268 5 1385 6 1387 4 2143 6 
1392 3 2146 4 1390 5 275 6 
274 4 2145 6 1393 7 1389 5 
2148 6 1386 6 1392 4 273 6 
1389 3 272 5 1391 4 2147 2 
1394 5 2140 8 1390 7 277 5 
1393 5 1559 5 276 5 2139 4 
1397 7 1981 7 2276 7 2190 4 
1397 7 5 4 749 4 2035 4 
1396 7 1395 7 2034 7 4 4 
1401 5 2043 5 749 4 7 9 
240 4 413 7 1793 9 84 7 
9 5 2041 7 1401 4 1403 3 
8 5 1398 5 2040 6 1400 4 
11 5 2039 6 1405 6 1403 5 
2038 2 1402 5 10 2 1400 3 
1217 5 2037 5 13 4 1405 3 
1402 6 12 4 1404 3 2036 6 
432 6 1407 4 2431 7 1413 4 
1406 4 2430 4 431 3 1408 3 
430 3 1409 3 2433 4 1407 3 
1583 5 2432 2 429 2 1408 3 
436 6 2435 5 1411 6 1415 6 
1412 7 1410 6 2434 6 435 5 
1413 4 434 5 1411 7 2437 5 
1412 4 2436 3 1406 4 433 5 
2439 5 1415 5 2306 1 438 3 
437 8 1414 5 2438 6 1410 6 
1419 5 2375 6 324 4 1417 6 
1589 4 2374 6 323 5 1416 6 
1419 4 1421 4 2373 4 326 3 
1418 4 1416 5 2372 6 325 4 
2379 8 1423 4 1421 5 320 5 
2378 5 1418 4 319 4 1420 5 
1425 5 1423 5 2377 6 322 4 
1422 5 321 5 1420 4 2376 3 
1795 6 1522 7 318 4 1425 5 
1422 5 317 2 1449 2 1424 5 
1080 3 910 2 1885 6 1427 4 
909 5 1079 3 1426 4 258 5 
1473 6 912 6 1429 5 1086 7 
1428 5 1085 4 911 6 1432 2 
604 5 1542 4 1431 4 1367 4 
605 5 1430 4 1366 4 1440 5 
1957 5 1084 3 914 4 1429 2 
1446 4 1003 3 2234 4 706 5 
1435 2 1437 3 610 4 250 4 
1434 2 611 3 1591 3 249 2 
612 9 1437 8 252 10 1439 8 
251 3 1436 8 1232 5 1434 3 
1384 4 1439 4 606 4 1441 4 
1438 4 1383 5 1227 3 1436 8 
1441 5 608 4 1431 5 256 6 
255 4 1440 5 1438 4 609 3 
1001 3 2234 4 2247 3 714 5 
2270 6 616 7 1718 5 2084 5 
2215 4 1006 9 1447 5 1445 6 
2296 7 1007 8 1444 6 2214 8 
1004 5 1433 4 2217 5 1447 4 
1005 5 1444 5 701 7 1446 4 
686 6 69 4 1162 9 67 6 
2377 3 1425 2 1795 3 536 3 
1457 2 2166 5 1305 5 1451 3 
1452 5 2165 4 647 5 1450 3 
2168 4 1451 5 1303 6 1453 7 
2167 6 1458 6 1304 7 1452 7 
1279 6 222 7 1455 6 2170 6 
2169 5 223 4 1456 4 1454 6 
585 4 2172 3 1457 3 1455 4 
1450 2 1456 3 2171 3 590 3 
1453 6 2175 6 1291 6 1459 4 
1292 4 2174 2 1326 2 1458 4 
1461 3 1467 5 1483 3 2056 2 
1460 3 2055 5 1462 4 1482 5 
1463 2 1461 4 1485 3 2054 5 
1484 3 1462 2 2053 4 1469 6 
1289 6 2060 5 1479 7 1465 6 
1478 8 2059 6 1466 5 1464 6 
1467 7 2058 3 1465 5 1481 5 
1480 9 1466 7 1460 5 2057 8 
1268 5 1139 5 925 5 
2052 11 1477 7 1470 8 1463 6 
1476 7 922 5 2051 7 1469 8 
1744 3 1506 3 1768 5 1472 3 
1745 4 1505 5 1126 4 1471 3 
1428 6 1615 6 1474 5 718 4 
1614 6 1473 5 717 8 1475 6 
722 7 1613 6 1474 6 
629 11 1470 7 2007 6 1477 6 
628 2 1469 7 1476 6 1484 4 
1465 8 1481 8 621 6 1479 9 
1629 5 620 9 1478 9 1464 7 
1467 9 1483 7 1481 7 619 5 
1478 8 618 5 1480 7 1466 5 
1483 5 1274 5 1461 5 1485 4 
1482 5 1460 3 1480 7 1270 4 
1463 3 1485 4 1477 4 615 5 
1462 3 614 2 1484 4 1482 4 
1805 1 1495 2 2421 3 1487 4 
1321 5 1804 7 2420 6 1486 4 
2425 6 1808 8 1489 5 2343 4 
1807 3 1490 3 1488 5 2424 8 
1491 5 1489 3 2423 2 
1490 5 2422 4 1492 4 
2429 5 1493 1 1491 4 
1494 3 2428 3 1492 1 
2427 6 1810 5 1493 3 1495 4 
2426 4 1486 2 1809 5 1494 4 
1498 4 1497 6 1982 8 1528 5 
1527 5 1496 6 1324 4 1981 6 
1980 2 1496 4 
1500 6 179 6 
1499 6 1501 8 745 6 180 7 
1500 8 744 7 173 5 1502 4 
174 4 1501 4 743 2 
1504 5 533 5 1524 5 1233 8 
1503 5 534 6 1523 5 
1472 5 1506 5 1717 8 1508 5 
1471 3 1716 3 1505 5 962 5 
1508 4 1715 4 1132 4 1510 6 
1507 4 1714 4 1126 4 1505 5 
1510 6 1713 4 1136 3 1511 4 
1133 5 1509 6 1712 7 1507 6 
1137 6 1509 4 
27 3 1513 6 1515 7 2251 5 
1512 6 26 6 2250 7 1520 6 
1515 7 29 2 2249 3 1517 4 
28 9 2248 8 1514 7 1512 7 
23 5 1517 4 1519 3 2255 4 
2254 7 1516 4 1514 4 22 5 
2253 6 25 6 1652 4 1519 5 
2252 3 24 4 1518 5 1516 3 
2257 3 1521 5 33 6 1513 6 
1354 7 2256 10 1520 5 127 8 
92 9 1424 7 1525 6 2253 6 
1504 5 1524 5 2049 5 
1672 7 2048 4 1503 5 1523 5 
2252 4 1522 6 91 5 1526 6 
1529 4 2255 6 387 8 1525 6 
1497 5 604 5 1528 4 1542 4 
1496 5 1527 4 
1526 4 385 2 2254 5 1530 3 
1531 6 2249 4 383 8 1529 3 
1530 6 381 7 1532 8 2248 6 
2251 8 86 6 1531 8 1533 7 
85 5 2250 5 1899 7 1532 7 
1535 8 1608 11 1541 5 246 5 
1534 8 245 7 1536 4 1607 4 
1610 3 244 1 1535 4 1537 2 
1609 5 243 3 1538 6 1536 2 
1611 5 1539 8 248 9 1537 6 
247 4 1538 8 
1541 5 1606 6 254 10 990 8 
253 3 1534 5 1605 3 1540 5 
1430 4 1527 4 
152 8 1544 6 748 9 1548 7 
747 3 1543 6 685 3 151 6 
1546 5 156 6 1552 3 751 4 
1545 5 155 5 1547 6 750 7 
1548 5 753 5 154 6 1546 6 
1547 5 1543 7 752 4 153 5 
1550 6 160 5 755 7 2322 4 
1549 6 754 7 159 7 1551 7 
757 4 158 6 1552 5 1550 7 
756 3 1545 3 157 4 1551 5 
2278 7 1035 4 
106 2 1555 5 1557 2 1993 3 
105 7 1560 7 1554 5 1992 5 
1995 2 1563 4 104 5 1557 2 
1994 4 1556 2 1554 2 103 2 
1561 2 110 1 1559 4 1989 3 
109 5 1988 11 1394 5 1558 4 
108 4 1561 5 1555 7 1991 7 
1560 5 1558 2 107 7 1990 5 
1032 7 1563 6 1984 7 102 7 
101 5 1562 6 1556 4 1983 4 
308 7 1571 4 1565 3 2312 3 
305 4 1566 3 1564 3 
1565 3 1567 5 303 2 
301 6 1566 5 
1569 3 2313 4 1573 4 81 4 
1568 3 586 5 1570 2 2315 5 
2318 3 79 4 1569 2 1571 4 
1564 4 78 6 1570 4 2317 9 
1706 7 83 4 1573 3 2311 3 
2310 4 82 6 1572 3 1568 4 
1575 7 231 9 1718 6 2270 7 
1574 7 230 3 1576 6 2269 5 
1577 5 1575 6 2272 7 229 8 
1578 3 228 4 1576 5 2271 6 
1577 3 235 6 1579 6 2266 4 
1580 6 234 6 1578 6 2265 7 
2268 6 1579 6 233 5 1581 3 
1582 5 2267 5 232 5 1580 3 
1581 5 1583 7 237 6 2275 8 
1409 5 1582 7 2274 6 236 6 
2221 4 1585 6 1587 5 635 5 
2220 7 1584 6 1588 6 126 6 
2219 6 129 5 1587 4 
128 4 1584 5 2218 4 1586 4 
2223 7 125 5 1585 6 1589 3 
124 5 1417 4 2222 3 1588 3 
1599 6 770 5 405 7 1591 6 
1435 3 771 5 404 5 1590 6 
2324 2 2067 4 1593 4 801 2 
1998 3 2323 7 800 6 1592 4 
776 5 1597 4 1595 6 387 8 
385 4 1600 6 777 4 1594 6 
1597 1 92 6 535 3 778 3 
91 3 1594 4 779 5 1596 1 
1601 6 772 7 86 5 1599 6 
773 4 1590 6 1598 6 85 5 
1601 6 1595 6 774 5 383 9 
1598 6 1600 6 381 6 775 5 
1172 5 2258 6 1604 3 2221 3 
61 3 2285 1 415 4 2291 3 
1173 2 2220 5 1602 3 1930 3 
2103 5 1608 9 1541 3 1606 4 
2080 4 1540 6 2102 2 1605 4 
1610 3 2099 2 1608 7 1535 4 
2098 8 1605 9 1534 11 1607 7 
1537 5 1611 4 1610 6 2097 5 
1607 3 1536 3 1609 6 2096 6 
1538 5 1609 4 2100 2 
505 6 1926 7 201 5 
1614 6 2088 5 1475 6 
1615 7 1613 6 1474 6 893 7 
1614 7 2086 7 1086 7 1473 6 
1380 12 2135 6 1932 6 376 9 
1693 4 1332 5 9 4 1227 3 
1307 2 1884 3 1619 5 1796 3 
1620 5 1306 5 1883 8 1618 5 
1619 5 1309 1 1621 1 1878 2 
1622 6 1308 4 1620 1 1877 2 
1311 7 1876 9 1621 6 1623 7 
1310 3 1624 4 1875 4 1622 7 
1882 6 1623 4 1313 4 1625 5 
1881 4 1624 5 1626 7 1312 4 
1880 7 1627 8 1625 7 1315 9 
1314 6 1098 8 1879 10 1626 8 
1629 4 1635 4 486 7 1290 6 
1479 5 1289 4 1628 4 485 4 
484 9 1282 6 2391 7 1633 6 
302 7 1713 5 1637 4 
1633 5 141 4 1284 5 482 5 
1632 5 481 3 1283 6 1630 6 
480 6 1635 6 1286 12 2394 7 
1634 6 479 6 1628 4 1285 5 
2394 5 478 4 2391 6 1288 4 
46 2 1631 4 1712 4 313 2 
111 6 1644 5 1639 5 1762 5 
311 7 1761 3 1638 5 904 6 
292 7 1643 7 514 6 2357 8 
182 5 1642 4 
1641 4 1009 5 181 7 1365 3 
291 4 515 6 1640 7 2195 5 
1650 6 1638 5 315 7 1759 7 
1364 8 1649 6 1788 5 
1837 5 1360 5 1647 6 
1648 6 1359 5 1646 6 
1647 6 716 4 1649 5 1362 5 
719 6 1645 6 1648 5 1361 5 
2458 6 1644 6 111 7 219 6 
2353 2 865 2 1340 3 587 3 
2324 1 1518 4 1653 4 318 1 
1659 8 2323 8 317 4 1652 4 
2358 7 293 5 2352 3 509 6 
810 7 1656 6 2330 11 326 6 
1657 4 1655 6 2329 3 325 3 
1656 4 2332 4 1658 3 324 4 
2331 3 323 2 1657 3 1848 2 
1653 8 1660 6 2326 7 322 5 
2325 4 2235 5 321 5 1659 6 
1662 7 182 7 58 5 
1661 7 1840 7 181 8 59 9 
1664 5 1873 5 443 5 1131 6 
1872 5 1665 4 1663 5 440 5 
416 3 1664 4 1666 3 1871 4 
1333 3 1870 5 1667 5 1665 3 
1666 5 1336 9 1869 5 1668 6 
1669 4 1335 5 1868 5 1667 6 
1338 3 1668 4 1670 5 1867 4 
1337 4 1669 5 1671 8 1866 5 
1865 6 439 7 1670 8 1672 9 
1524 7 1864 5 1671 9 1233 10 
1036 3 1134 2 594 1 1125 3 
1057 9 379 7 1059 7 437 9 
1129 3 596 1 1845 5 1131 4 
2177 3 1678 4 64 7 304 4 
367 3 2126 4 2424 8 754 5 
63 5 1676 4 2176 5 682 6 
686 3 684 3 67 3 2178 2 
627 5 278 3 1690 3 1344 3 
1688 6 2028 4 1799 4 1682 7 
1683 7 1798 9 1681 7 2027 6 
1684 4 1682 7 2030 5 1797 6 
1683 4 1796 4 1884 4 2029 3 
1686 6 2024 4 1803 4 
1685 6 1687 6 2023 6 1802 6 
1801 6 1686 6 1688 6 2026 6 
1681 6 1687 6 1800 6 2025 6 
2182 3 1915 5 2399 4 71 5 
622 3 1343 4 2092 3 1680 3 
543 3 1879 8 1098 6 1692 3 
542 3 1700 5 1691 3 1097 5 
399 4 8 6 606 4 1617 4 
547 4 1697 5 1695 5 1106 5 
1105 4 1694 5 546 5 1887 3 
1697 5 549 5 1699 6 1104 5 
1694 5 1696 5 1103 3 548 5 
1102 3 1699 6 1701 7 551 3 
550 5 1101 6 1698 6 1696 6 
1100 7 1692 5 1701 8 553 8 
552 6 1698 7 1700 8 1099 6 
1709 5 2156 4 1703 7 2366 3 
1704 8 2365 7 2155 7 1702 7 
1705 7 1703 8 2158 4 2364 6 
1704 7 1710 5 2363 5 2157 7 
1707 6 1572 7 2370 7 2152 9 
1706 6 2151 3 2369 4 1708 2 
1709 4 2154 4 2368 3 1707 2 
1702 5 2367 4 1708 4 2153 5 
2362 3 2150 5 1705 5 1711 4 
1224 6 2361 7 2149 8 1710 4 
1715 5 1510 7 1637 4 1713 5 
1509 4 1631 5 1712 5 
1717 7 1508 4 1715 4 314 5 
313 3 1507 4 1712 5 1714 4 
1717 6 1506 3 491 2 316 3 
1716 6 1806 9 1714 7 1505 8 
1443 5 1574 6 1959 5 1719 4 
1722 5 1958 4 2084 4 1718 4 
1721 6 278 6 1723 6 735 5 
734 2 1720 6 2092 3 1726 3 
838 7 1719 5 1723 4 2095 7 
2094 4 1722 4 2032 3 1720 6 
2089 8 1727 6 1725 7 731 4 
2173 6 1902 7 730 9 1724 7 
729 3 1721 3 1727 5 2091 2 
1724 6 728 6 1726 5 2090 5 
1737 4 256 5 1729 4 2405 4 
1728 4 1730 4 255 4 2404 4 
2407 6 1729 4 1384 4 1731 3 
1383 4 1732 2 1730 3 2406 2 
1731 2 2409 8 1733 4 252 5 
1734 3 2408 5 251 4 1732 4 
1733 3 250 3 2411 2 1735 1 
2410 2 249 2 1900 3 1734 1 
1367 5 1737 5 2419 4 
1728 4 1736 5 2418 4 1366 4 
1739 4 1133 4 1741 8 2207 4 
1136 2 2206 8 1742 4 1738 4 
1745 4 1126 4 1741 7 2209 4 
1132 7 1740 7 1738 8 2208 7 
826 5 1739 4 1743 4 1137 7 
1742 4 2212 4 
1471 3 1745 4 2205 4 287 5 
1740 4 1472 4 1744 4 2204 5 
2160 7 1747 4 638 6 1749 5 
1746 4 2002 1 637 2 2159 3 
1749 4 1751 5 2164 4 
636 3 1746 5 2163 3 1748 4 
1751 5 2162 6 
1750 5 1748 5 2161 5 
2421 5 1758 5 382 4 748 7 
1754 7 541 6 2372 6 967 5 
1753 7 2375 8 1755 6 968 8 
1754 6 1931 6 795 7 2374 4 
956 9 1965 9 862 6 1757 6 
863 6 955 4 1756 6 1960 3 
1752 5 1967 8 747 4 2420 5 
1760 6 667 6 1762 7 1644 7 
1759 6 315 6 1952 4 666 2 
669 2 1639 3 1762 3 1764 4 
668 4 1761 3 1759 7 1638 5 
1764 5 671 5 312 3 1766 5 
670 6 1763 5 311 8 1761 4 
673 6 310 4 1766 6 
672 7 1763 5 309 8 1765 6 
959 4 867 6 1964 6 1966 8 
962 7 287 7 1471 5 1769 5 
1966 6 290 4 1768 5 961 2 
1792 7 1771 6 1047 5 887 3 
886 6 1770 6 1772 9 1844 5 
1845 10 1771 9 1773 9 889 10 
398 7 1846 6 888 6 1772 9 
688 7 2284 9 1775 6 1151 5 
1778 4 689 6 1150 4 1774 6 
676 4 1157 2 1777 7 1779 4 
1156 10 677 8 1776 7 1782 9 
1775 4 674 5 1159 4 1779 4 
675 5 1158 5 1778 4 1776 4 
680 7 1153 5 1781 2 746 3 
1152 4 681 2 1780 2 1961 2 
678 4 1155 5 1777 9 746 5 
1974 11 1972 10 169 7 425 8 
209 2 1787 5 559 2 1785 4 
208 4 558 7 1784 4 1790 5 
1787 5 1794 3 207 4 561 2 
1786 5 1784 5 560 8 206 8 
1645 5 719 5 
720 6 1979 7 204 7 554 6 
557 5 203 3 1791 6 1785 5 
556 6 202 6 1790 6 720 6 
1770 7 891 8 1842 7 2262 5 
211 6 1794 7 563 7 1399 9 
1793 7 1786 3 562 4 210 4 
1424 6 92 8 535 5 1449 3 
1684 4 1797 6 1618 3 1122 3 
1798 8 1796 6 1121 7 1683 6 
1799 6 1682 9 1797 8 1124 7 
1798 6 1800 4 1681 4 1123 2 
1799 4 1118 8 1688 6 1801 6 
1687 6 1800 6 1802 6 1117 5 
1120 6 1801 6 1803 4 1686 6 
1685 4 1802 4 1119 2 
1805 4 1986 4 1487 7 
1486 1 1809 4 1804 4 
1717 9 316 6 142 7 314 7 
1808 6 1489 3 
1807 6 1488 8 938 5 
1810 6 1805 4 1495 5 
1809 6 1494 5 
1980 4 2276 6 2192 7 
1013 4 1314 6 947 7 1098 8 
705 4 522 8 1266 8 2339 4 
1815 4 947 6 1019 6 1100 6 
1814 4 1099 3 1816 4 1018 3 
1017 6 1817 7 1815 4 1102 3 
1101 7 1816 7 1016 8 1818 7 
1104 5 1819 5 1023 6 1817 7 
1103 3 1818 5 1820 5 1022 3 
1021 3 1821 3 1819 5 1106 5 
1820 3 1020 2 1105 2 2016 3 
1825 4 1876 5 1823 6 980 4 
978 7 1875 7 1822 6 1828 7 
1825 4 1878 3 1831 4 
1822 4 1824 4 177 4 1877 4 
1827 7 176 7 1829 7 1880 7 
1826 7 543 4 1879 9 175 4 
1202 4 1829 5 1823 7 1882 6 
1828 5 1881 4 1826 7 1197 7 
2125 3 223 5 2127 5 547 4 
1883 6 979 3 1824 4 
2462 5 75 5 1833 6 1836 4 
1832 6 74 5 1834 8 2461 6 
2460 6 1833 8 1009 7 77 7 
2333 4 520 3 709 5 711 7 
2463 8 1832 4 80 2 
1646 5 1838 4 1135 5 
1036 4 1134 3 1837 4 
172 4 1840 6 2460 4 214 4 
1839 6 215 5 1662 7 2459 6 
1037 4 2262 2 1128 4 1842 4 
1127 3 1047 5 1792 7 1841 4 
2464 6 216 5 1050 9 
1129 4 1845 6 1047 4 1771 5 
1772 10 1846 7 1844 6 1675 5 
1845 7 443 5 1773 6 1131 6 
1852 7 125 6 2160 7 1848 5 
2159 4 124 6 1658 2 1847 5 
2162 5 129 5 1850 3 
128 3 2161 4 1851 3 1849 3 
1850 3 2164 3 635 4 1852 5 
2163 5 1847 7 1851 5 126 6 
500 3 1854 2 1856 3 
2046 4 499 5 1853 2 
498 5 1858 3 1856 4 
1855 4 497 5 1853 3 
1860 2 1858 2 504 4 
1855 3 1857 2 503 4 
1860 5 1861 4 502 4 
1857 2 501 5 1859 5 
505 2 1859 4 
1173 3 1930 4 1180 5 733 7 
2134 3 1177 4 1179 5 348 3 
113 4 2048 2 1865 2 1672 5 
112 3 1671 6 1864 2 1866 3 
115 3 1867 4 1670 5 1865 3 
114 6 1868 5 1866 4 1669 4 
117 4 1867 5 1869 4 1668 5 
1868 4 1667 5 116 3 1870 5 
1666 5 1871 6 1869 5 119 6 
118 5 1872 5 1870 6 1665 4 
121 7 1664 5 1871 5 1873 5 
120 6 1663 5 597 4 1872 5 
1957 6 908 5 1082 2 1885 6 
1882 6 1823 7 1623 4 1876 6 
1877 5 1622 9 1822 5 1875 6 
1876 5 1878 3 1825 4 1621 2 
1883 5 1824 3 1620 2 1877 3 
1827 9 1691 8 1627 10 1880 9 
1879 9 1881 4 1626 7 1826 7 
1625 4 1882 5 1829 4 1880 4 
1624 6 1875 6 1881 5 1828 6 
1878 5 1884 6 1619 8 1831 6 
1883 6 979 3 1684 4 1618 3 
1081 8 1426 6 907 8 1874 6 
916 4 1887 2 415 5 1893 4 
414 2 1886 2 1695 3 915 3 
1889 6 924 4 1891 5 411 5 
1888 6 923 8 410 6 1894 7 
1891 4 2051 5 922 3 413 4 
1890 4 921 6 1888 5 412 7 
1893 5 1895 5 920 3 407 6 
1892 5 406 3 1886 4 919 3 
409 5 918 4 1895 5 1889 7 
408 5 917 5 1892 5 1894 5 
1897 4 889 5 1898 2 2279 1 
1896 4 656 6 2278 9 888 6 
886 4 1896 2 
2257 6 1900 7 1533 7 405 8 
2256 9 404 5 1899 7 1735 3 
571 6 1948 5 1908 6 1902 7 
1725 7 570 7 1901 7 1947 5 
1904 6 579 5 1950 4 1906 5 
1903 6 578 8 1909 7 1949 7 
1906 7 1952 6 666 4 577 6 
1905 7 1951 5 1903 5 576 4 
1908 3 1910 3 575 4 1954 5 
1907 3 574 4 1901 6 1953 4 
573 3 1956 3 1904 7 1910 4 
1907 3 572 4 1909 4 1955 4 
1252 5 897 5 378 6 1912 5 
896 5 1911 5 1251 6 373 6 
1376 6 372 5 2138 7 
1915 4 219 4 1919 4 545 4 
1914 4 218 3 544 5 1689 5 
1917 5 798 3 221 4 
220 6 1920 5 1916 5 796 7 
225 6 1921 5 785 5 1919 6 
1914 4 1918 6 224 7 782 5 
781 5 1917 5 227 7 1921 3 
1918 5 780 5 226 3 1920 3 
1923 5 1929 4 498 4 200 2 
497 7 1922 5 1924 5 199 8 
1925 4 198 3 1923 5 500 3 
1924 4 197 6 499 7 2072 7 
1612 7 502 3 1927 6 196 6 
1926 6 1928 8 195 6 501 7 
1929 8 194 6 1927 8 504 8 
1928 8 503 6 1922 4 193 4 
1862 4 1931 6 1604 3 2223 6 
1930 6 1755 6 1180 7 2222 7 
1379 4 1616 6 371 3 2134 3 
870 7 257 7 2017 8 1297 7 
1935 4 239 3 2088 5 
893 5 1934 4 242 2 1936 4 
691 9 1935 4 2086 6 241 5 
1190 7 1046 4 1944 5 1938 5 
1045 3 1939 6 1189 4 1937 5 
1940 8 1938 6 2001 7 1044 5 
1191 5 1939 8 1945 5 1043 7 
1942 6 1042 5 2314 5 2082 3 
1941 6 1185 7 1041 4 1943 7 
1188 6 1040 4 1944 5 1942 7 
1039 3 1187 4 1943 5 1937 5 
1194 6 1946 3 1940 5 1049 5 
1048 7 2264 5 1945 3 1193 5 
2173 4 1948 3 2277 5 1902 5 
1947 3 783 3 1901 5 1953 3 
1956 3 790 4 1904 7 1950 5 
789 5 1903 4 1951 4 1949 5 
788 4 1952 4 1950 4 1906 5 
1951 4 1905 6 787 3 1760 4 
1948 3 1954 6 794 7 1908 4 
1955 6 793 5 1953 6 1907 5 
1954 6 1956 3 1910 4 2309 4 
1949 3 1909 3 1955 3 791 5 
1432 5 1874 6 1083 9 913 7 
689 5 1719 4 838 6 1959 5 
231 8 688 7 1718 5 1958 5 
965 4 872 3 1961 3 1757 3 
964 5 873 3 1960 3 1781 2 
1963 7 150 6 954 5 
1962 7 953 8 1968 6 149 6 
1965 7 1767 6 958 3 860 5 
1964 7 1756 9 861 8 957 8 
1769 6 960 8 1767 8 866 8 
145 6 1758 8 950 8 2047 8 
949 4 148 5 1963 6 1969 4 
2047 4 147 3 948 4 1968 4 
1971 6 422 4 1973 3 55 4 
1970 6 1978 5 421 6 54 5 
1783 10 53 6 2319 7 1973 5 
52 4 1970 3 423 2 1972 5 
1783 11 426 9 51 8 1977 6 
2260 3 1037 5 890 6 2262 3 
428 6 1977 4 49 6 1138 4 
427 4 48 6 1976 4 1974 6 
1979 5 1971 5 2308 3 57 3 
1978 5 419 9 56 4 1789 7 
1498 2 1982 6 1811 4 
1395 7 4 4 1982 8 1497 6 
1980 6 1496 8 1981 8 2276 8 
1984 5 460 8 1563 4 1995 2 
2 8 1983 5 1562 7 459 6 
1987 2 1319 6 
1804 4 1321 2 1987 1 
1320 3 1985 2 1986 1 
1989 10 1559 11 2139 10 458 12 
1988 10 1990 6 457 4 1558 3 
1989 6 1991 7 456 8 1561 5 
1990 7 455 5 1992 5 1560 7 
1993 3 1991 5 1555 5 454 5 
1994 5 1992 3 453 5 1554 3 
1993 5 452 5 1557 4 1995 4 
1556 2 451 3 1994 4 1983 2 
808 5 1999 5 1997 4 2328 4 
807 3 2327 2 1996 4 2003 3 
2326 3 1593 3 2392 3 1999 3 
1996 5 809 8 1998 3 2325 5 
2332 5 804 5 2004 5 2002 4 
1191 4 1189 5 1939 7 1297 5 
2331 3 1747 1 803 4 2000 4 
2386 4 2330 8 2004 3 1997 3 
805 4 2329 3 2003 3 2000 5 
865 3 1302 4 2006 4 42 3 
1301 8 2005 4 257 5 864 7 
922 4 2008 6 833 2 1476 6 
2007 6 921 7 2009 6 832 7 
2010 2 2008 6 831 3 924 4 
923 4 2009 2 830 9 2011 3 
918 4 2012 5 2010 3 837 5 
2013 6 917 5 2011 5 836 3 
2012 6 920 4 835 5 2014 8 
919 5 2015 7 834 10 2013 8 
2016 5 2014 7 828 3 916 5 
2015 5 1821 3 827 4 915 5 
1300 5 2018 8 1933 8 869 5 
868 7 2019 7 2017 8 1299 9 
875 3 2020 5 2018 7 1294 5 
2021 5 2019 5 874 5 1293 5 
307 3 2020 5 2022 4 1296 6 
304 3 2021 4 1295 6 2177 2 
2024 4 1686 6 2026 6 
2023 4 1685 4 
2455 7 1688 6 2026 6 2028 4 
2023 6 2025 6 1687 6 2454 4 
2030 4 2453 5 1682 6 2028 3 
1681 4 2027 3 2397 8 2025 4 
2030 4 2451 3 979 2 1684 3 
1683 5 2395 7 2027 4 2029 4 
1234 3 613 5 713 5 
675 4 1723 3 735 2 838 6 
2126 5 1235 4 963 3 
2190 4 1397 7 1247 5 2035 4 
1246 5 2042 4 2034 4 1396 4 
1250 6 2039 6 2037 8 1405 6 
1249 5 2036 8 1404 5 2203 8 
1403 2 2039 3 1252 4 2041 6 
2036 6 1402 6 2038 3 1251 5 
2041 9 1254 11 1401 6 2043 6 
1400 7 2040 9 1253 7 2038 6 
2043 5 749 4 1256 5 2035 4 
2042 5 1398 5 1255 3 2040 6 
338 5 2224 4 
2046 4 346 3 
1854 4 345 7 2045 4 
146 4 1969 4 1967 8 951 5 
2049 4 1864 2 2393 4 1524 4 
2048 4 1523 5 
2093 2 2269 4 2232 5 2085 4 
2052 10 1890 5 211 5 1470 7 
1469 11 2051 10 210 8 2053 9 
2054 7 207 6 1463 4 2052 9 
2055 6 206 8 2053 7 1462 5 
2054 6 1461 5 2056 4 209 3 
208 3 2055 4 1460 2 2057 5 
203 4 1467 8 2056 5 2058 4 
2059 4 202 3 1466 3 2057 4 
2058 4 1465 6 2060 5 205 5 
204 5 2059 5 1464 5 2246 5 
814 8 767 7 2062 5 1013 3 
2414 3 766 4 1012 6 2061 5 
29 3 342 5 2064 7 2070 3 
28 8 2063 7 2065 7 341 5 
2066 4 27 4 344 4 2064 7 
2065 4 2071 3 26 3 343 2 
1592 4 2068 11 338 6 25 5 
337 10 2067 11 24 11 2069 12 
2070 4 23 7 340 6 2068 12 
339 3 2069 4 22 3 2063 3 
346 3 2072 5 2066 3 33 6 
2071 5 1925 7 345 8 127 8 
985 6 2083 5 2074 7 856 5 
2073 7 855 5 984 6 2075 7 
854 8 2076 5 987 6 2074 7 
2077 3 986 4 853 3 2075 5 
2076 3 989 3 852 3 2078 3 
2079 4 988 6 2077 3 851 5 
2078 4 2080 5 991 4 850 3 
2079 5 1606 4 990 6 849 4 
2416 7 981 4 1022 3 758 5 
2083 2 1941 3 983 7 858 3 
857 3 2073 5 2082 2 982 4 
617 5 1719 4 1443 5 2095 6 
2272 6 2050 4 2231 4 2087 3 
1615 7 893 7 167 6 1936 6 
2107 1 2271 5 2230 4 2085 3 
1934 5 893 6 1613 5 
624 8 1724 8 2173 7 2090 7 
2091 2 623 7 1727 5 2089 7 
2092 2 622 2 2090 2 1726 2 
2091 2 1721 3 1690 3 278 3 
2050 2 616 4 2233 5 2270 3 
1723 4 627 6 2095 7 278 4 
626 6 2094 7 1722 7 2084 6 
2099 5 2097 5 1610 6 445 7 
444 2 2096 5 2100 3 1609 5 
2099 3 1608 8 2103 4 447 6 
2096 5 2098 3 1607 2 446 4 
448 3 1611 2 2097 3 
2111 2 2268 5 2227 2 2104 1 
2103 3 849 2 1606 2 450 6 
2102 3 1605 5 2098 4 449 4 
2226 3 1213 3 2267 4 2101 1 
656 5 1035 5 2278 8 2106 5 
1034 5 2114 4 2105 5 655 3 
2266 3 2229 5 2087 1 2111 2 
1031 5 347 6 659 6 2109 7 
1030 6 658 7 2108 7 60 9 
347 6 1029 5 2113 4 661 6 
2228 5 2265 4 2101 2 2107 2 
2113 5 1027 6 663 6 2115 6 
2112 5 2110 4 662 2 1026 4 
665 4 2106 4 2115 4 1025 3 
1024 5 2114 4 664 9 2112 6 
2117 5 2123 5 759 3 1053 4 
2116 5 758 6 2118 6 1054 9 
358 4 1316 5 2117 6 761 6 
542 3 1291 5 357 2 2128 5 
2121 5 379 4 763 6 1057 6 
2120 5 1058 4 762 5 2122 4 
765 3 2123 5 1055 3 2121 4 
2116 5 2122 5 1056 6 764 9 
386 9 590 8 2125 6 549 8 
1830 3 585 2 548 3 2124 6 
2425 5 755 7 1677 4 2033 5 
222 5 1830 5 2285 3 546 5 
553 8 1304 7 2129 6 2119 5 
2128 6 2130 7 552 4 1303 5 
2129 7 386 8 647 8 551 5 
384 6 380 8 2428 7 750 8 
825 6 2247 4 2371 3 
306 2 2299 5 1181 3 388 7 
1863 3 2137 5 2135 3 1932 3 
1616 6 1179 5 388 7 2134 3 
2138 7 2137 7 372 5 1178 8 
371 5 2136 7 2134 5 1177 6 
1176 4 2136 7 1913 7 
1988 10 289 6 1394 4 2140 7 
1393 8 2145 7 288 6 2139 7 
1386 7 2148 7 286 6 2142 5 
2143 5 285 4 1385 5 2141 5 
2142 5 284 6 2144 7 1388 6 
2143 7 1237 10 1387 5 283 4 
1390 6 2140 7 282 6 2146 5 
281 4 2147 3 1389 4 2145 5 
2146 3 2148 4 280 3 1392 2 
279 5 1391 6 2147 4 2141 7 
1711 8 2150 9 937 7 183 7 
936 6 1710 5 2149 9 2157 7 
935 4 1707 3 2152 6 2154 5 
1706 9 2151 6 934 4 2311 5 
933 6 2154 5 1709 5 2156 4 
2153 5 2151 5 932 7 1708 4 
2158 3 931 5 1703 7 2156 4 
1702 4 2153 4 930 5 2155 4 
929 6 2158 4 2150 7 1705 7 
2155 3 2157 4 928 4 1704 4 
2331 5 1848 4 1747 3 2160 6 
1746 7 2163 5 1847 7 2159 6 
2162 6 1850 4 2164 4 1751 5 
1849 5 2161 6 1750 6 
1852 5 2164 3 2160 5 1749 3 
1851 3 2163 3 2161 4 1748 4 
2166 6 1451 4 2168 3 903 4 
2165 6 1450 5 2171 6 902 8 
1453 6 2168 3 2175 6 901 6 
2167 3 1452 4 900 2 2165 3 
1455 5 2170 5 2172 4 899 5 
2169 5 898 6 2342 4 1454 6 
2172 3 2166 6 1457 3 897 5 
896 3 2171 3 1456 3 2169 4 
1725 6 1947 4 2089 7 625 3 
1459 2 895 4 939 3 2175 4 
1458 6 894 6 2167 6 2174 4 
2177 4 1678 5 2181 5 1116 6 
1676 3 2176 4 1115 2 2022 2 
1108 4 2179 3 2185 3 1679 2 
2180 6 2178 3 1107 4 684 4 
683 7 2179 6 1110 6 2181 6 
2176 5 2180 6 1109 3 682 6 
1689 3 1112 3 2183 2 544 3 
2399 3 1111 5 2184 5 2182 2 
2185 5 2183 5 1114 8 687 5 
2184 5 686 4 2178 3 1113 3 
2187 4 2229 5 591 5 1064 2 
2186 4 1063 7 2188 6 2228 7 
1066 5 2187 6 2227 4 2189 7 
1065 6 2226 7 607 6 2188 7 
2034 4 2191 4 1395 4 17 4 
2276 7 16 4 2190 4 2192 8 
2193 6 2191 8 1811 7 19 9 
2192 6 18 6 
2197 5 2195 5 350 4 474 6 
2194 5 473 4 351 6 1643 5 
476 9 2197 6 348 5 2199 5 
475 5 2194 5 349 4 2196 6 
354 5 2199 3 470 3 2201 5 
469 4 355 5 2196 5 2198 3 
2201 6 352 6 472 5 
2200 6 353 8 471 6 2198 5 
1076 5 2203 8 1218 5 2211 7 
1075 7 2202 8 1217 8 2037 8 
2209 5 2205 5 667 4 1745 5 
666 3 1744 4 2204 5 577 5 
2207 8 1739 8 826 9 671 10 
2206 8 670 4 2208 3 1738 4 
2209 4 669 3 2207 3 1741 7 
2208 4 668 4 1740 4 2204 5 
2211 6 2213 5 1222 6 1068 4 
1067 6 2210 6 1221 4 2202 7 
1743 4 673 6 826 5 
1219 4 2210 5 657 5 1069 5 
2215 6 2225 8 2392 8 1445 8 
1444 4 701 6 2214 6 809 6 
2236 3 2219 6 
706 6 807 4 701 8 1446 5 
2221 3 2219 6 1587 4 2258 6 
1586 6 2218 6 2216 6 702 6 
1604 5 1585 7 2221 5 2223 8 
1584 4 2218 3 2220 5 1602 3 
2223 7 1589 3 1931 7 2374 5 
2222 7 1588 7 2220 8 1930 6 
2297 4 2225 5 2044 4 801 3 
2296 7 2224 5 2214 8 800 6 
2104 3 2189 7 769 6 2227 4 
2228 5 2188 4 2226 4 2101 2 
2229 8 2227 5 2111 5 2187 7 
2228 8 2230 8 2186 5 2107 5 
2229 8 591 8 2087 4 2231 5 
2232 5 589 3 2085 4 2230 5 
2231 5 588 8 2050 5 2233 8 
2093 5 1340 7 587 7 2232 8 
1442 4 1433 4 712 3 1002 3 
2328 5 810 6 1660 5 320 6 
2216 3 1175 2 702 3 
2238 7 2402 5 1284 6 49 6 
2237 7 1283 7 2239 7 48 9 
1282 6 2238 7 2240 7 51 6 
169 5 2241 7 2239 7 1281 5 
2240 7 2242 5 1288 5 53 5 
2243 7 2241 5 1287 2 52 5 
1286 13 2242 7 55 7 2244 10 
54 6 2245 7 1285 8 2243 10 
57 4 2246 6 2244 7 1290 6 
2245 6 1289 6 56 4 2060 5 
2132 4 1442 3 1000 5 715 4 
2249 4 1515 8 2251 6 1531 6 
2248 4 1530 4 1514 3 2254 6 
1533 5 2257 4 1513 7 2251 6 
1532 8 1512 5 2248 6 2250 6 
1519 3 2255 4 1525 4 2253 4 
318 3 1518 6 2252 4 1522 6 
1517 7 2255 7 1529 5 2249 6 
1526 6 2252 4 2254 7 1516 4 
1900 9 1521 10 2410 8 2257 8 
1520 3 1899 6 2256 8 2250 4 
702 6 1602 6 1171 6 2218 6 
1015 8 2261 6 721 5 2433 6 
1975 3 1036 3 
2259 6 713 6 1214 5 2432 3 
892 2 1841 2 1975 3 1792 5 
2273 8 1231 6 631 4 2264 7 
1946 5 630 6 1230 6 2263 7 
2266 5 2111 4 2268 7 1579 7 
2107 3 2265 5 2271 7 1578 4 
2268 8 1581 5 2275 8 2104 4 
1580 6 2267 8 2101 5 2265 7 
2050 4 2272 6 2270 5 1575 5 
1443 6 2093 3 2269 5 1574 7 
2272 8 2087 5 1577 6 2266 7 
2269 6 2271 8 2085 6 1576 7 
1174 7 2263 8 632 5 1228 10 
2275 7 1583 6 1214 5 2432 3 
1213 7 2274 7 1582 8 2267 8 
2191 7 1395 7 1811 6 1982 8 
625 4 1947 5 1168 4 783 5 
1897 9 2105 8 2279 6 1553 7 
2278 6 1896 1 
1199 4 2281 2 2287 5 1240 1 
2282 3 2280 2 1241 3 1198 4 
1201 4 1238 5 2281 3 2283 3 
1239 3 2282 3 598 2 2292 4 
1192 8 1774 9 1244 8 1382 7 
1603 1 414 2 2127 3 213 2 
1382 9 1196 10 1242 11 2287 12 
1243 5 2280 5 2286 12 1195 6 
409 8 70 8 2289 9 2295 9 
2290 4 408 6 824 8 2288 9 
846 3 2289 4 407 4 2291 3 
839 7 406 3 2290 3 1603 3 
601 6 2293 4 1236 4 2283 4 
600 5 2360 2 358 3 2292 4 
2295 5 811 4 84 5 411 5 
2294 5 584 6 410 5 2288 9 
2225 7 2297 6 1445 7 1008 6 
2224 4 2296 6 
152 7 2299 7 975 5 2301 5 
974 4 151 8 2298 7 2133 5 
806 6 2303 6 154 8 2301 6 
153 4 2298 5 2300 6 972 2 
156 6 2305 2 799 5 2303 3 
2300 6 155 3 2302 3 797 4 
2305 2 969 5 2307 3 158 4 
2304 2 2302 2 792 7 157 3 
2307 2 1414 1 160 3 786 4 
784 5 159 5 2306 2 2304 3 
421 4 906 2 419 7 1978 3 
1164 5 791 6 793 3 1955 4 
1573 4 733 7 2311 4 2313 4 
2310 4 732 4 1572 3 2152 5 
727 4 1564 3 2317 8 
2315 6 1568 4 2310 4 725 4 
1295 7 983 9 1941 5 1185 6 
2318 6 2313 6 726 7 1569 5 
142 4 2403 4 424 5 418 4 
2318 8 1571 9 724 10 2312 8 
2315 6 1570 3 723 3 2317 8 
908 6 425 5 423 4 1972 7 
848 3 2321 7 534 5 
2320 7 533 8 847 8 130 8 
2439 6 963 2 1549 4 
2326 7 1653 8 1593 7 2324 5 
25 3 1592 2 1652 1 2323 5 
2328 4 1660 4 2326 5 1999 5 
1998 3 2323 7 1659 7 2325 5 
1997 2 810 3 2328 2 2330 7 
2235 5 2325 4 1996 4 2327 2 
2332 3 2330 8 2004 3 1656 3 
1655 11 2003 8 2329 8 2327 7 
2002 3 1658 3 2159 5 2332 4 
2329 3 1657 4 2000 5 2331 4 
1835 4 1276 3 2334 7 2336 7 
2341 8 1275 9 711 10 2333 7 
2338 10 2336 11 710 6 1278 6 
2335 11 1277 9 709 8 2333 7 
2338 9 1272 11 2340 6 708 6 
2337 9 2335 10 1271 7 707 8 
2340 2 87 4 62 2 1813 4 
2339 2 1273 3 705 2 2337 6 
2334 8 704 3 2342 5 1280 9 
2341 5 1279 4 703 5 2170 4 
1235 2 938 1 1488 4 
307 4 1348 6 2345 6 2347 7 
64 7 1347 5 304 4 2344 6 
875 2 1346 3 2347 5 2349 4 
1345 5 2346 5 874 6 2344 7 
2351 5 2349 5 1344 4 869 4 
2348 5 1343 5 2346 4 868 5 
1342 5 871 5 2353 4 2351 5 
2348 5 1341 4 870 5 2350 5 
2355 3 1654 3 508 5 294 7 
1339 5 1651 2 864 6 2350 4 
2355 5 296 7 402 5 506 4 
2354 5 507 3 2352 3 295 4 
512 7 298 6 2357 6 2359 5 
297 6 513 5 2356 6 1640 8 
300 8 1654 7 2359 7 510 7 
2358 7 299 4 2356 5 511 4 
1317 4 2293 2 236 3 1236 2 
653 5 885 6 1711 7 2362 6 
2363 3 1710 3 884 5 2361 6 
2362 3 2364 4 1705 5 881 2 
2365 5 2363 4 1704 6 880 3 
2366 3 2364 5 1703 7 365 3 
2365 3 882 4 2367 2 1702 3 
2368 3 1709 4 356 3 2366 2 
2367 3 876 6 2369 5 1708 3 
879 5 2370 5 1707 4 2368 5 
2369 5 1706 7 878 7 83 4 
637 2 715 3 2132 3 
2375 7 2373 6 1753 6 1419 6 
541 6 1418 4 2372 6 2378 5 
1417 6 2375 6 1755 4 2222 5 
1754 8 2372 7 1416 6 2374 6 
538 3 2377 4 1423 3 2379 7 
1449 3 1422 6 2376 4 537 3 
540 5 1421 5 2379 8 2373 5 
1420 8 539 8 2378 8 2376 7 
1248 5 2381 2 2383 4 946 6 
2384 2 2380 2 945 2 212 2 
2383 4 215 3 944 4 89 4 
2382 4 214 4 943 4 2380 4 
2381 2 940 7 2385 3 217 8 
216 2 580 5 2384 3 
807 4 2003 4 805 5 706 6 
2388 9 1184 7 1229 5 
1183 6 1228 10 2387 9 2389 8 
1033 6 2388 8 1231 6 2390 7 
102 7 1230 6 1032 7 2389 7 
1630 7 1281 5 483 5 1636 6 
809 8 1998 3 800 6 2214 8 
2048 4 113 6 
1636 5 477 4 1287 3 1634 7 
2030 7 178 7 2453 8 2451 6 
2452 5 1197 6 2450 5 1328 6 
2455 11 2453 10 180 8 2028 8 
1292 9 175 8 2452 10 1326 7 
2183 3 72 4 687 3 1689 4 
2403 8 418 8 2401 8 1268 8 
1267 4 417 7 2400 8 
47 4 2237 5 424 5 2403 4 
2400 8 2316 4 1269 6 2402 4 
2407 6 1352 6 1729 4 2405 4 
1728 4 2418 4 2404 4 1351 4 
1350 4 2407 5 1731 2 2409 8 
2404 6 1349 6 1730 6 2406 5 
1356 3 1733 5 2411 4 2409 9 
1355 9 1732 8 2406 8 2408 9 
1354 5 2256 8 1735 2 2411 3 
1353 4 1734 2 2408 4 2410 3 
2413 2 2415 2 765 2 1017 4 
2412 2 1016 5 981 3 764 7 
763 4 1019 4 2062 3 2415 2 
1018 3 762 4 2412 2 2414 2 
2081 7 761 8 2417 7 1021 5 
132 5 2416 7 1020 4 760 4 
2419 3 1358 6 2405 4 1737 4 
2418 3 1357 3 1736 4 
2421 5 1487 6 1758 5 145 3 
1752 5 1486 3 2420 5 2426 5 
2423 1 2429 5 1491 4 370 3 
2422 1 367 2 1490 2 2424 7 
2425 9 1677 8 1489 8 2423 7 
1488 6 2126 5 2424 9 1235 4 
1495 4 382 4 2427 6 2421 5 
1494 6 2426 6 380 7 2428 6 
2131 7 1493 3 2429 7 2427 6 
1492 5 2422 5 384 6 2428 7 
2431 7 1407 4 1015 7 2433 5 
2436 6 1014 5 2430 7 1406 7 
2433 3 1409 2 2261 3 2274 3 
2432 3 2259 6 2430 5 1408 4 
2437 4 2435 5 1411 6 
2434 5 1410 5 2438 5 
2431 6 2437 4 1413 3 1011 4 
1010 4 2434 4 2436 4 1412 5 
2439 6 1415 6 2435 5 
1414 5 2438 6 160 7 2322 6 
365 1 1262 3 2443 2 2441 4 
1261 6 2446 7 882 7 2440 4 
2449 4 881 2 1264 3 2443 3 
880 2 2440 2 2442 3 1263 4 
2445 5 2447 4 879 4 1258 6 
1257 7 2444 5 878 8 171 5 
356 5 2447 5 2441 7 1260 5 
2446 5 2444 4 1259 3 876 6 
885 4 1266 7 522 7 2449 5 
2442 4 884 6 1265 3 2448 5 
2396 5 2457 5 1202 5 1327 6 
2029 3 2395 6 
2396 5 176 6 2398 10 1325 7 
2397 10 2027 5 179 9 2395 8 
174 3 2026 4 2455 5 
2397 11 173 7 2025 7 2454 5 
2457 3 980 4 1329 5 
978 4 2456 3 2450 5 1330 5 
1650 6 1161 5 315 7 218 3 
2460 4 1009 5 181 7 1840 6 
2459 4 1834 6 1839 4 2461 4 
172 4 1833 6 2462 5 2460 4 
1832 5 1038 3 2463 9 2461 5 
1050 11 2464 8 2462 9 1836 8 
2463 8 1843 6 
