22
22
22
22
21
21
21
1
18
18
32
13
9
9
9
9
18
18
18
1
0
0
0
0
22
22
22
20
20
20
20
20
19
19
1
7
7
7
7
7
7
7
8
8
46
46
46
46
44
44
44
46
46
46
4
4
9
9
9
4
9
9
9
9
21
21
21
22
22
22
22
46
2
46
4
44
44
44
47
47
47
47
9
9
9
9
9
9
18
18
23
26
26
31
31
26
11
26
26
46
31
31
10
10
8
8
10
8
10
10
10
44
43
31
43
43
31
31
25
25
25
25
25
25
25
25
25
47
15
15
16
0
15
15
15
15
12
15
0
0
36
27
38
48
48
48
48
48
48
48
48
38
46
49
22
22
49
49
49
49
28
27
25
28
28
25
28
29
16
40
40
40
16
40
40
40
40
40
40
32
33
33
33
42
32
32
32
32
32
42
42
42
42
32
32
8
8
8
8
32
8
8
37
38
38
38
34
34
37
37
38
38
12
17
12
12
12
12
12
12
44
12
39
39
39
41
42
42
42
41
41
41
0
0
47
22
6
47
0
0
6
6
14
14
14
14
14
14
14
19
19
19
1
1
4
4
4
4
4
3
17
15
3
3
3
3
3
2
2
3
2
1
1
2
1
45
45
43
43
31
31
31
31
4
5
4
4
45
44
5
5
17
13
14
14
14
14
14
26
26
26
26
26
29
26
26
33
33
47
47
14
15
15
15
15
15
15
15
31
31
33
41
41
22
46
46
46
46
46
44
44
44
44
41
41
41
41
41
41
41
40
40
41
41
40
40
40
40
42
43
42
40
39
39
39
39
40
37
37
39
44
44
44
44
22
22
22
22
22
22
0
0
36
36
30
30
30
30
30
0
30
30
5
5
5
5
5
2
24
24
24
21
24
23
23
16
16
11
11
11
11
11
11
11
19
12
12
12
12
12
12
12
12
12
11
11
11
11
11
11
1
1
7
7
7
7
7
7
8
8
24
24
24
24
24
5
38
27
38
27
27
27
27
27
31
31
15
49
49
49
47
48
48
48
49
43
48
48
35
35
31
48
31
31
43
31
36
36
35
36
35
35
35
35
24
24
37
21
34
38
38
17
12
12
12
45
45
45
44
44
44
38
47
47
18
26
26
26
26
26
26
33
26
33
33
47
47
3
21
21
21
49
22
22
22
39
16
30
30
28
28
28
30
28
18
47
5
5
5
5
5
5
4
4
5
4
23
23
20
20
20
20
23
23
20
20
31
26
22
22
19
19
22
22
19
19
19
19
42
39
27
27
38
27
37
25
37
37
27
38
2
2
1
1
2
2
2
2
3
3
8
8
43
43
43
43
47
47
43
47
37
37
47
47
38
38
37
38
7
7
7
7
8
8
7
7
31
1
1
22
19
22
22
19
19
19
19
24
23
24
24
24
24
24
43
43
10
10
10
10
10
10
10
49
49
49
49
49
49
46
49
9
9
7
9
9
9
9
9
25
25
25
25
25
25
38
26
26
0
30
2
2
1
1
1
1
2
1
2
2
26
26
4
4
9
9
9
9
9
9
9
9
4
4
9
9
9
9
9
9
9
9
20
20
13
13
13
13
13
13
13
13
0
38
0
0
16
47
24
24
24
24
24
23
24
21
28
28
16
28
28
10
41
21
3
3
3
3
16
35
35
29
36
35
35
35
35
35
35
35
10
10
10
10
10
10
10
10
36
15
15
15
15
15
30
30
36
30
36
36
36
12
7
7
7
7
17
8
7
7
17
17
1
1
28
28
28
28
28
28
29
28
48
48
48
48
48
48
48
48
38
38
38
38
48
48
48
48
48
48
48
48
2
3
2
2
2
2
1
1
3
3
12
12
12
12
12
12
12
12
19
19
11
11
11
11
46
44
44
44
46
46
46
11
22
22
21
22
21
21
3
21
4
3
4
4
4
4
4
4
42
39
39
42
38
42
42
42
42
1
1
28
7
7
8
8
7
7
7
7
8
8
8
8
8
8
3
3
4
4
4
5
5
5
5
5
5
5
32
31
38
38
38
37
37
37
34
34
38
38
40
29
42
29
42
42
42
42
16
29
39
39
18
18
18
33
23
23
23
20
29
23
23
17
10
16
27
16
42
16
0
0
0
0
0
0
43
46
46
46
46
44
44
46
44
46
46
33
43
14
14
14
14
14
14
14
19
19
13
13
13
13
13
14
13
13
30
30
28
30
28
28
15
15
15
15
15
14
14
16
16
8
10
8
8
10
29
10
29
27
27
27
27
8
8
16
16
23
23
18
18
18
18
23
18
23
23
32
32
32
32
33
33
32
32
47
47
47
43
37
43
43
43
22
20
20
13
13
13
13
13
13
13
13
8
8
6
6
6
6
6
6
1
6
47
44
44
3
45
45
45
45
45
3
45
45
3
3
3
3
43
32
30
30
28
28
30
28
8
8
8
8
8
5
24
5
5
11
13
11
11
14
14
34
34
36
36
36
36
36
30
30
30
30
30
11
11
11
11
11
11
27
17
17
17
17
16
17
16
16
39
39
17
17
13
13
18
18
13
13
13
13
16
16
31
31
18
18
27
31
16
27
27
27
27
27
27
27
0
0
0
10
10
10
10
11
10
9
45
44
45
45
45
45
45
45
44
44
20
19
20
20
20
20
23
20
23
23
23
23
23
27
20
20
20
20
20
45
34
34
34
34
34
34
34
34
48
16
16
18
18
9
9
13
13
18
18
9
18
31
39
31
31
31
31
31
43
43
43
11
11
11
39
21
21
21
21
21
21
21
20
20
20
20
20
20
23
23
23
23
1
38
1
1
2
2
1
38
2
2
25
37
37
12
12
12
12
12
12
12
12
19
19
36
36
36
36
30
30
30
30
30
30
38
27
35
35
35
35
35
32
32
36
36
36
2
23
23
23
20
23
23
20
20
20
20
1
1
7
7
8
8
7
7
7
7
37
16
16
17
17
17
17
32
32
32
35
36
15
36
32
17
35
35
25
25
27
27
27
27
25
25
27
17
26
26
33
33
26
26
26
26
26
26
26
26
33
14
14
14
14
14
19
14
14
19
19
21
21
23
23
21
21
21
38
38
21
37
34
21
21
23
21
21
29
29
33
29
29
29
29
29
33
33
18
13
18
18
13
13
13
13
18
18
29
29
29
41
29
42
29
39
39
42
42
42
42
29
29
41
41
41
41
41
41
40
40
41
2
2
2
0
0
38
0
0
39
39
39
39
37
35
37
37
38
22
22
38
19
19
19
19
19
22
22
22
35
34
16
35
37
37
37
39
39
39
39
39
39
20
20
13
18
13
13
13
13
13
13
3
3
2
2
2
2
1
1
2
2
33
44
44
47
44
47
47
47
47
46
47
25
25
25
25
25
25
25
26
5
34
49
49
49
49
46
49
49
49
35
35
35
34
34
34
34
34
28
28
28
28
28
28
29
29
23
23
18
23
18
18
18
18
23
23
24
24
24
24
24
24
40
40
40
42
42
42
40
40
40
40
6
0
49
46
49
49
49
49
6
6
6
6
6
6
6
6
5
35
35
35
35
35
35
36
35
36
36
30
30
2
2
2
2
2
1
1
1
1
1
5
5
32
32
37
34
34
37
34
37
37
37
39
39
24
24
24
24
24
24
5
39
34
5
33
29
29
29
29
29
29
29
33
33
26
46
26
26
26
31
31
27
25
27
27
27
25
25
26
27
27
0
0
45
45
45
45
45
45
6
6
6
6
6
0
6
21
21
15
15
15
15
21
15
15
21
15
14
47
47
47
47
43
43
43
43
47
47
17
17
17
17
17
17
16
16
17
16
42
44
44
45
45
45
45
45
45
45
45
37
34
34
37
37
8
8
23
23
10
21
21
21
21
8
11
11
11
11
13
11
0
0
0
0
14
14
14
14
19
14
14
14
19
19
24
24
24
23
24
24
24
30
33
30
28
28
28
47
46
47
47
47
42
42
32
32
32
42
33
33
33
32
43
43
30
30
30
30
36
36
36
36
41
41
36
36
41
41
41
41
8
8
6
6
6
6
6
6
6
1
33
16
16
49
48
48
11
24
24
24
23
24
24
24
27
31
27
27
27
27
27
27
31
31
25
25
25
25
25
25
0
0
0
0
2
0
2
28
29
10
10
10
10
10
28
10
10
8
28
14
14
14
14
14
14
13
43
43
31
43
31
31
31
31
43
43
15
15
15
17
17
17
16
16
15
15
48
47
48
48
48
48
48
46
46
46
46
46
44
46
44
44
34
34
34
34
34
34
34
28
28
28
28
28
28
30
30
20
20
20
20
19
20
20
20
22
22
36
36
36
36
36
36
30
30
30
36
3
3
3
3
23
37
37
37
37
38
37
38
38
38
38
20
44
45
45
45
45
45
45
17
44
44
38
38
38
38
17
40
40
40
39
39
39
40
40
40
40
4
7
9
9
7
9
7
7
7
7
34
34
34
34
34
34
34
17
17
17
17
16
16
16
17
17
17
6
18
18
9
9
9
13
18
18
18
9
16
16
33
33
29
29
33
29
26
26
29
29
42
42
32
32
42
32
33
33
32
33
11
13
16
46
49
49
49
11
11
11
48
26
26
26
26
26
33
26
26
33
33
22
22
19
19
19
19
19
19
22
22
16
16
12
12
14
14
14
14
19
14
19
19
39
39
49
49
49
46
49
49
49
49
1
2
2
49
49
49
49
49
46
49
40
15
15
15
15
15
15
12
15
3
4
4
4
4
4
4
4
30
30
30
30
29
29
3
3
35
35
35
35
35
35
35
35
35
35
46
46
44
44
44
44
46
46
46
46
39
31
11
11
37
37
33
33
32
32
2
2
42
42
2
42
2
2
1
1
1
1
3
3
4
4
4
4
4
3
4
4
34
34
37
37
3
39
11
3
23
23
18
23
23
49
18
18
18
18
16
16
16
27
27
17
17
17
17
17
43
43
43
43
40
43
25
25
25
25
25
25
28
28
40
40
40
40
40
40
40
40
42
42
29
29
28
28
28
28
29
28
45
45
38
38
12
19
1
12
12
12
12
12
12
12
12
15
15
17
17
16
16
15
44
17
17
44
36
36
48
36
36
36
47
48
48
48
39
39
5
24
24
24
37
37
37
37
39
39
39
39
19
19
19
19
22
22
19
22
22
22
0
0
43
43
31
31
31
31
31
31
43
43
3
3
3
3
30
5
5
5
5
5
39
7
4
8
8
7
7
7
7
7
7
10
10
10
10
10
10
10
10
5
1
6
6
6
6
6
6
6
6
6
6
1
6
6
6
6
6
6
6
6
3
3
3
3
27
36
36
37
31
31
33
31
32
43
32
32
43
43
41
41
40
40
41
41
41
41
41
41
3
33
33
15
33
33
36
48
48
41
41
40
40
48
48
41
41
41
41
39
39
41
41
41
41
27
29
12
36
17
16
16
5
5
5
16
5
18
18
18
32
8
33
33
32
32
5
5
21
21
21
21
21
21
21
17
47
47
43
21
43
43
47
47
47
47
32
32
32
45
45
45
45
45
45
45
45
44
44
42
5
5
4
4
4
4
5
5
5
5
11
39
39
48
48
49
48
49
49
47
49
25
25
1
1
25
25
25
25
2
26
26
37
32
32
37
42
1
38
38
38
0
0
0
42
37
4
29
4
29
29
29
29
33
29
33
33
33
33
11
11
32
46
42
10
10
42
11
21
11
11
10
10
8
8
35
35
35
35
34
34
34
34
34
34
