2427 4722 001
1929 3 1843 4 2 3 622 3 
1844 1 5 1 621 2 1 3 
1839 3 4 2 618 3 6 2 
1840 3 3 2 617 2 9 2 
1841 1 620 1 6 2 2 1 
5 2 1842 3 619 2 3 2 
10 1 8 1 614 2 1835 1 
613 3 1466 1 1836 1 7 1 
1837 1 10 1 616 1 4 2 
7 1 9 1 1838 1 615 3 
799 2 789 1 2406 3 62 2 
2223 2 15 3 13 2 
12 2 2224 3 
188 1 2221 1 15 2 
1464 2 12 3 14 2 
25 3 1748 2 1805 3 17 3 
1747 2 1804 3 196 2 16 3 
19 2 566 1 879 1 147 2 
18 2 1810 2 640 2 20 3 
1754 2 21 4 19 3 875 3 
410 4 22 4 20 4 874 4 
23 3 21 4 415 2 1815 4 
414 2 22 3 1814 2 24 3 
1758 2 1813 3 25 3 23 3 
1812 2 16 3 416 2 24 3 
788 1 790 2 1265 2 1496 2 
2272 3 765 1 1010 2 28 2 
31 3 27 2 764 4 1009 2 
769 2 1016 3 30 4 32 2 
768 3 1015 4 35 5 29 4 
28 3 32 2 1018 3 767 4 
31 2 766 3 29 2 1017 1 
1012 2 36 2 2242 1 34 2 
1011 2 1947 2 2239 4 33 2 
30 5 36 4 2238 3 1014 4 
770 5 33 2 1013 2 35 4 
794 2 1271 1 1490 1 796 1 
1315 1 420 1 39 1 2069 2 
2068 3 52 1 38 1 419 1 
1156 2 41 2 1166 1 289 2 
287 3 40 2 1165 2 1155 2 
1162 3 289 4 45 3 1168 3 
1030 1 306 2 48 1 
1160 3 201 3 1170 1 45 1 
1159 2 1169 1 44 1 42 3 
424 2 2064 2 47 3 301 2 
2063 3 2255 2 423 2 46 3 
1025 2 49 2 305 1 43 1 
1024 3 48 2 304 2 217 2 
2060 2 51 2 53 2 391 1 
427 3 50 2 2059 3 300 4 
39 1 53 2 426 2 2062 2 
425 2 52 2 50 2 2061 3 
1826 3 1688 3 1033 3 749 4 
2301 2 1404 3 1144 2 
808 2 1242 2 540 1 57 2 
807 2 56 2 58 2 1241 3 
1240 2 810 1 59 3 57 2 
1239 3 809 3 58 3 60 4 
795 2 1246 2 59 4 61 3 
62 3 1245 2 789 2 60 3 
61 3 2319 3 63 2 11 2 
62 2 1243 2 799 2 64 3 
1237 4 822 3 65 3 63 3 
1802 3 230 1 64 3 1236 2 
2391 3 245 1 429 2 67 1 
430 3 1635 1 72 1 66 1 
75 2 435 1 2381 1 69 1 
70 1 2380 3 436 2 68 1 
71 3 69 1 2383 1 437 2 
2317 3 70 3 2382 3 438 4 
431 2 2154 1 67 1 73 2 
2153 2 432 3 72 2 74 3 
2379 3 433 3 75 3 73 3 
68 2 434 3 2378 3 74 3 
2289 1 650 3 669 1 638 1 
78 3 82 3 337 4 2395 4 
77 3 2394 2 
846 2 80 2 2399 3 336 1 
2398 2 79 2 81 3 335 2 
334 3 80 3 82 2 2401 3 
77 3 333 1 2400 1 81 2 
2323 2 2018 3 581 3 181 3 
90 3 94 1 1953 1 1594 1 
86 3 581 3 183 3 2016 2 
182 2 2015 3 85 3 87 2 
2022 2 185 2 88 2 86 2 
89 2 2021 2 87 2 184 5 
187 2 88 2 591 1 2020 1 
84 3 1263 4 1952 3 1595 4 
591 2 92 2 189 3 
91 2 188 1 
1955 2 94 2 1596 3 1711 2 
1597 2 93 2 84 1 1954 1 
1707 3 96 2 1957 4 1590 2 
1956 2 1531 2 95 2 1591 1 
1253 1 98 1 462 3 1143 2 
97 1 99 2 461 2 1252 3 
98 2 464 3 1251 2 100 3 
1250 3 101 3 463 2 99 3 
100 3 1257 3 102 2 466 4 
1256 1 103 1 101 2 465 1 
468 1 102 1 104 1 1255 1 
467 2 1254 3 1008 1 103 1 
1156 2 106 1 913 1 112 1 
107 2 105 1 914 2 1155 1 
106 2 911 2 1158 2 108 3 
1157 2 912 3 2067 3 107 3 
110 2 909 3 1160 4 256 5 
109 2 111 1 910 1 1159 2 
110 1 112 1 1162 1 907 3 
1161 1 111 1 908 3 105 1 
114 1 1845 2 
113 1 115 2 1847 2 
1019 2 114 2 269 3 1846 3 
748 2 1344 1 117 2 
747 3 1343 3 116 2 118 2 
428 1 746 1 119 2 117 2 
745 2 2244 2 118 2 279 2 
2013 1 818 1 
1126 3 122 3 664 3 128 5 
663 2 1125 4 121 3 123 1 
666 1 124 1 1124 2 122 1 
2160 2 123 1 1123 3 665 2 
1998 1 126 1 660 1 1130 2 
127 1 125 1 1129 1 659 1 
126 1 1128 2 662 1 128 3 
1127 3 127 3 661 3 121 5 
939 1 1170 1 130 1 298 1 
131 2 129 1 938 3 1169 1 
132 2 1168 2 130 2 941 4 
133 1 131 2 1167 1 940 3 
132 1 943 1 1166 1 134 1 
133 1 135 1 942 1 1165 1 
136 1 2165 2 134 1 1164 2 
135 1 835 3 1163 1 137 3 
1172 4 138 3 847 3 136 3 
2399 3 137 3 1171 1 846 2 
2190 2 140 1 568 3 142 1 
139 1 567 2 145 3 2189 1 
453 4 142 3 2188 4 148 3 
569 1 2185 1 141 3 139 1 
144 5 146 4 575 4 672 5 
572 3 143 5 2176 2 2411 4 
140 3 2211 4 641 3 146 3 
580 3 143 4 629 1 145 3 
148 2 592 3 18 2 1648 3 
147 2 590 2 141 3 1647 1 
1689 1 1215 1 150 1 654 2 
1214 3 151 3 149 1 482 1 
2126 3 150 3 1217 3 152 4 
153 2 2125 3 1216 2 151 4 
2124 1 1219 2 152 2 154 1 
1218 2 155 1 153 1 2123 1 
154 1 1221 2 156 1 2130 1 
1220 1 157 3 155 1 2129 1 
1223 3 158 3 156 3 2128 3 
2127 5 157 3 2392 1 1222 2 
372 4 170 3 1065 3 461 4 
161 1 221 1 2043 2 169 1 
160 1 643 1 220 1 2044 2 
304 2 2036 3 217 2 163 5 
216 4 2037 5 164 4 162 5 
165 2 2034 1 163 4 219 2 
2035 2 166 4 164 2 218 2 
167 4 165 4 213 4 2040 3 
166 4 212 2 2041 2 168 3 
169 2 215 3 2038 4 167 3 
214 1 168 2 2039 2 160 1 
462 3 1064 3 159 3 1339 2 
1610 1 175 2 172 1 1723 2 
1690 3 1722 2 171 1 1609 3 
955 1 1542 2 
1721 1 175 2 177 1 1612 2 
174 2 1720 2 1611 3 171 2 
1606 3 177 1 1719 1 1292 2 
1718 2 174 1 176 1 1605 3 
1717 5 1292 5 1280 4 1608 4 
1285 3 1073 3 1291 4 2206 4 
2426 2 183 3 181 3 581 3 
180 3 1769 2 83 3 2427 2 
86 2 185 2 2424 1 183 2 
180 3 182 2 2425 2 85 3 
187 5 185 5 2422 4 88 5 
184 5 182 2 87 2 2423 3 
591 2 189 3 187 3 2420 3 
89 2 184 5 186 3 2421 2 
2418 3 92 1 14 1 189 2 
2419 2 91 3 186 3 188 2 
1247 1 191 1 1844 1 449 3 
878 1 1843 2 682 3 190 1 
197 2 1650 2 
194 3 1901 3 200 3 1661 3 
193 3 2260 2 1900 2 195 3 
1604 2 196 2 194 3 2259 3 
1658 2 17 2 195 2 1603 2 
192 2 198 2 2273 3 
199 2 2269 3 197 2 
198 2 2264 2 200 3 
199 3 193 3 2263 3 1600 3 
44 3 979 4 202 5 959 3 
210 3 958 3 201 5 978 3 
1390 2 2414 2 2354 3 2417 2 
340 2 1985 1 1924 1 
1392 4 974 5 2099 4 962 3 
977 3 207 3 209 2 961 2 
976 3 1392 3 206 3 960 3 
209 1 967 1 211 1 971 2 
970 3 966 1 208 1 206 2 
202 3 965 2 973 1 211 1 
972 2 964 2 210 1 208 1 
215 2 213 2 167 2 226 1 
212 2 166 4 225 3 218 2 
221 1 169 1 215 2 224 3 
212 2 214 2 168 3 223 3 
217 1 219 2 163 4 222 2 
216 1 1811 1 162 2 49 2 
165 2 219 2 213 2 1803 1 
1791 5 216 2 164 2 218 2 
2102 3 221 1 834 2 161 1 
214 1 220 1 160 1 833 1 
1811 2 1791 5 2208 3 216 2 
226 2 2203 2 224 4 215 3 
2202 4 223 4 833 3 214 3 
2205 3 226 2 1803 2 213 3 
223 2 225 2 212 1 2204 1 
1048 4 641 1 234 2 228 1 
229 2 629 1 227 1 1047 2 
228 2 230 2 1046 3 672 3 
65 1 229 2 2176 1 1045 1 
2188 2 236 2 1052 1 232 2 
233 3 2185 2 1051 3 231 2 
1050 2 232 3 2190 3 234 3 
2189 2 1049 2 233 3 227 2 
1648 4 1043 4 236 4 2116 4 
1647 2 1042 3 231 2 235 4 
611 2 238 4 240 2 2175 2 
237 4 379 4 612 3 2174 5 
240 1 242 2 2171 1 607 1 
239 1 237 2 2170 3 608 2 
2173 2 242 3 609 4 244 3 
239 2 2172 2 241 3 610 2 
244 3 2167 2 246 2 603 2 
243 3 604 2 2166 3 241 3 
2169 2 66 1 246 1 605 2 
2168 2 606 2 243 2 245 1 
2325 2 898 2 1563 2 1559 3 
1059 1 250 1 1335 2 
250 1 1337 1 685 2 1072 2 
1338 3 248 1 249 1 1068 2 
1037 1 254 1 
1312 2 253 1 255 1 740 1 
739 2 252 1 1033 1 2134 2 
251 1 255 1 1036 2 
252 1 254 1 1035 2 
109 5 257 4 959 4 1107 5 
258 1 958 1 256 4 1108 2 
257 1 1101 1 965 2 1765 3 
1713 2 1764 2 1031 3 1675 3 
261 2 967 2 1099 2 1765 4 
260 2 1100 1 966 1 262 1 
961 1 261 1 1105 2 263 3 
1106 3 960 4 262 3 264 3 
1103 1 265 2 963 1 263 3 
1104 3 401 3 264 2 962 2 
273 4 267 2 828 2 1721 2 
268 2 266 2 1720 1 827 1 
826 2 1723 3 267 2 269 3 
1722 3 825 2 115 3 268 3 
1717 3 832 5 271 2 275 2 
1716 1 272 1 270 2 831 1 
273 3 271 1 830 2 1719 1 
272 3 829 3 266 4 1718 4 
408 1 275 1 824 1 1715 1 
823 1 274 1 1714 2 270 2 
277 5 1140 2 2155 3 543 2 
276 5 542 4 1139 4 284 4 
281 2 279 1 1084 1 1134 1 
549 3 1133 4 278 1 119 2 
552 2 283 2 1132 3 281 3 
1131 3 278 2 280 3 551 2 
546 3 283 1 285 1 1138 2 
280 2 1137 2 545 2 282 1 
277 4 548 2 285 1 1136 2 
284 1 1135 2 547 1 282 1 
2317 2 438 3 308 2 
41 3 1158 2 1164 3 288 3 
1163 2 1157 2 302 2 287 3 
1167 2 42 4 1161 2 40 2 
297 1 291 1 2238 1 977 2 
290 1 976 2 292 2 770 4 
975 3 291 2 293 2 2242 2 
448 1 974 3 292 2 2239 3 
299 3 295 1 767 3 973 1 
296 2 766 3 972 2 294 1 
295 2 297 2 769 2 971 3 
290 1 296 2 970 3 768 1 
765 1 299 3 129 1 979 2 
294 3 298 3 764 5 978 3 
422 4 301 3 51 4 2066 3 
421 2 300 3 46 2 2065 1 
1032 2 1154 2 288 2 1172 2 
455 1 308 1 1019 1 
162 2 2196 1 49 2 305 1 
304 1 306 2 2197 1 48 1 
307 2 43 2 2191 2 305 2 
306 2 2192 1 
303 1 1568 4 286 2 
310 2 322 1 710 2 1695 1 
309 2 311 2 709 3 1694 2 
310 2 1697 1 312 1 708 1 
313 1 1696 1 707 1 311 1 
312 1 706 1 314 2 1699 1 
705 2 313 2 1698 2 
316 1 998 1 596 1 1067 2 
315 1 595 1 1066 2 317 4 
1065 4 598 4 318 5 316 4 
597 2 317 5 891 2 1064 4 
600 2 1063 2 1273 2 320 2 
2199 3 1062 1 599 2 319 2 
702 3 1693 3 322 2 1248 3 
309 1 701 1 321 2 1692 1 
1095 2 507 2 1984 2 324 3 
325 3 1094 2 1973 2 323 3 
890 2 326 2 324 3 1093 2 
888 2 327 1 1092 3 325 2 
326 1 1091 1 328 3 1809 1 
327 3 1090 4 329 3 1808 4 
330 1 1089 2 1972 2 328 3 
329 1 1088 1 331 1 877 1 
1807 1 330 1 332 1 1097 1 
1096 1 867 2 1806 2 331 1 
334 2 994 2 82 1 337 2 
335 2 993 4 333 2 81 3 
334 2 336 1 996 1 80 2 
995 2 335 1 2268 1 79 1 
77 4 997 2 333 2 
1789 3 341 3 339 3 1870 3 
1869 2 338 3 344 2 1788 1 
1787 4 1872 3 204 2 341 2 
338 3 340 2 1871 3 1786 2 
345 2 1866 4 1785 2 343 3 
1784 2 1865 2 346 2 342 3 
1783 3 339 2 1868 3 345 2 
342 2 1867 1 1782 2 344 2 
343 2 347 2 1781 2 1864 1 
1780 2 346 2 516 2 1863 2 
349 3 2016 2 1629 3 351 3 
348 3 354 2 1627 3 2015 3 
2018 2 351 2 1626 2 900 2 
458 4 350 2 348 3 2017 3 
2020 3 355 4 353 3 1622 4 
1620 1 352 3 2019 1 
349 2 355 2 1535 1 2022 2 
2021 2 354 2 352 4 1615 2 
465 2 1061 3 360 2 357 2 
371 1 1060 2 466 3 356 2 
1950 2 1744 2 1577 2 
360 4 467 5 1512 4 1063 4 
468 1 359 4 356 2 1062 1 
362 3 364 3 1748 1 2419 1 
361 3 530 4 1747 3 2418 5 
364 3 366 1 1758 1 2421 1 
363 3 416 3 361 3 2420 4 
415 2 368 3 366 2 2423 3 
363 1 414 1 2422 1 365 2 
1754 3 368 4 370 4 2425 3 
365 3 367 4 410 3 2424 2 
566 1 2427 1 370 2 2280 1 
2426 2 369 2 640 2 367 4 
463 1 357 1 372 2 1067 2 
159 4 371 2 1066 3 464 3 
1617 2 374 2 1262 3 
1261 2 373 2 376 1 1616 1 
1001 2 1521 3 2074 5 2072 2 
377 3 1619 1 374 1 1470 1 
1469 4 376 3 1071 3 1618 3 
2010 1 381 4 379 2 803 2 
238 4 378 2 804 2 2009 2 
805 2 381 5 383 2 2012 2 
380 5 378 4 2011 5 806 5 
2014 1 384 1 383 1 800 2 
380 2 801 2 382 1 2013 1 
382 1 802 2 
1258 2 881 1 1249 2 1838 1 
2044 2 2137 1 1920 3 643 1 
388 3 668 1 390 2 2089 2 
2088 3 387 3 561 3 667 3 
390 3 671 2 2087 3 
389 3 2086 3 670 2 387 2 
425 1 427 2 50 1 497 3 
779 1 393 1 551 1 395 3 
392 1 552 1 398 1 778 2 
395 3 1671 1 549 3 781 1 
394 3 1084 3 392 3 780 4 
547 2 399 2 775 2 397 3 
548 3 774 3 400 2 396 3 
545 2 393 1 399 1 777 3 
546 3 396 2 776 1 398 1 
401 2 783 1 542 1 397 2 
400 2 543 2 265 3 782 3 
405 1 1415 1 1553 1 403 1 
402 1 1552 3 411 2 1414 1 
1413 2 1682 2 405 1 407 3 
402 1 1681 2 404 1 1412 1 
409 2 407 4 1549 2 1411 3 
406 4 1410 3 1548 5 404 3 
1551 2 1409 1 274 1 409 1 
406 2 408 1 1408 2 1550 1 
21 4 415 2 368 3 1754 2 
1417 2 403 2 1545 2 412 4 
583 3 1416 4 411 4 1544 4 
515 3 1525 4 1753 3 1751 3 
23 2 366 1 1758 1 415 1 
365 2 410 2 22 2 414 1 
364 3 1748 1 1758 1 25 2 
814 2 2235 1 1697 1 2237 1 
1529 4 1757 3 1755 3 511 3 
494 2 420 1 426 2 39 1 
38 1 419 1 493 2 2367 2 
301 2 424 2 422 3 500 2 
300 4 499 4 427 3 421 3 
502 2 593 3 47 2 424 1 
46 2 501 2 421 2 423 1 
53 2 391 1 496 1 426 2 
52 2 495 3 419 2 425 2 
51 3 391 2 498 2 422 3 
902 2 118 1 1343 2 2244 1 
605 3 1562 4 66 2 430 4 
1561 3 431 4 67 3 429 4 
72 2 430 4 1821 2 432 3 
431 3 1820 2 73 3 433 3 
434 3 432 3 74 3 1823 2 
435 2 75 3 433 3 1572 2 
434 2 68 1 436 2 1817 1 
437 3 435 2 1816 3 69 2 
1819 2 436 3 438 3 70 2 
286 3 437 3 1568 5 71 4 
440 1 1678 4 442 2 563 2 
447 4 439 1 1674 1 562 1 
1673 3 444 3 565 4 442 4 
439 2 441 4 564 2 1672 2 
444 2 559 3 446 3 1555 3 
558 2 441 3 443 2 1554 2 
446 2 561 1 1680 3 667 1 
445 2 443 3 1679 3 560 3 
440 4 1547 5 557 4 448 4 
1546 1 293 1 556 1 447 4 
884 3 1182 5 878 3 190 3 
571 3 1823 2 451 2 830 3 
1572 1 829 1 456 2 450 2 
832 4 460 1 571 2 1821 1 
141 4 569 2 590 3 2282 3 
1819 2 457 3 455 2 826 2 
303 1 1568 4 454 2 825 1 
1817 2 451 2 457 3 828 2 
1816 3 827 2 454 3 456 3 
1629 4 351 4 1878 3 1626 4 
1562 3 460 1 2210 2 824 1 
823 1 1561 1 459 1 452 1 
464 3 98 2 159 4 462 4 
170 3 461 4 97 3 469 4 
466 3 100 2 371 1 464 2 
461 3 99 3 372 3 463 2 
356 2 468 1 102 1 466 3 
463 3 101 4 465 3 357 3 
104 2 359 5 468 2 2078 3 
103 1 360 1 465 1 467 2 
1143 3 470 3 462 4 1339 3 
1340 2 469 3 694 3 1122 2 
1768 3 2281 2 474 3 472 3 
1769 2 2280 2 471 3 2427 2 
1772 3 474 3 2283 2 476 2 
1773 4 471 3 473 3 2282 3 
478 3 1770 2 2285 2 476 2 
1771 2 473 2 2284 2 475 2 
478 4 480 3 1776 3 2287 3 
477 4 475 3 1777 2 2286 4 
2289 1 650 3 1774 2 480 1 
477 3 1775 1 2288 2 479 1 
2160 2 665 2 
2126 1 1689 1 150 1 
484 2 1513 1 490 1 1274 1 
483 2 1273 2 1512 2 1063 2 
1515 2 486 3 1268 1 488 1 
491 3 485 3 1267 5 1514 3 
674 4 1266 3 1517 3 488 3 
485 1 1265 2 1516 1 487 3 
1519 4 492 4 490 3 1272 3 
489 3 1271 1 1518 1 483 1 
486 3 1521 2 1270 1 492 2 
489 4 1520 2 491 2 1269 4 
1294 3 494 3 420 2 863 3 
419 2 493 3 495 3 862 3 
861 3 496 2 426 3 494 3 
497 3 495 2 860 1 425 1 
496 3 498 3 859 4 391 3 
497 3 499 3 427 2 858 1 
857 3 498 3 422 4 500 3 
501 2 856 2 499 3 421 2 
855 2 500 2 502 3 424 2 
423 2 501 3 854 2 904 3 
508 4 553 3 504 3 1663 4 
894 2 1662 1 505 1 503 3 
506 1 504 1 1665 1 893 1 
505 1 1664 2 
508 2 323 2 1653 1 903 1 
503 4 507 2 1652 2 902 3 
2215 3 510 3 1756 2 518 2 
511 3 509 3 2214 2 1755 3 
512 2 510 3 1234 3 418 3 
511 2 513 2 1757 2 2212 1 
514 3 512 2 1752 4 1460 2 
513 3 1751 2 2218 2 515 2 
413 3 514 2 2217 4 516 1 
1753 1 347 2 2216 1 515 1 
713 3 1087 2 518 1 1750 2 
1749 3 517 1 509 2 1463 3 
520 2 1856 1 2217 4 522 1 
519 2 1855 3 1121 3 2216 2 
1460 2 522 2 1854 3 524 2 
521 2 2218 1 1853 1 519 1 
1852 4 524 2 526 5 1234 3 
2212 1 523 2 521 2 1851 1 
528 2 2215 3 526 5 1850 2 
2214 4 525 5 523 5 1849 4 
1087 3 733 2 1858 3 528 2 
1463 3 525 2 1857 3 527 2 
1604 1 532 2 530 2 1464 1 
2221 2 362 4 1603 3 529 2 
1901 2 532 2 534 2 2224 3 
1900 2 531 2 2223 2 529 2 
538 3 1044 3 2292 2 1041 3 
1600 3 2220 2 531 2 
536 2 1041 3 2294 2 1039 2 
535 2 2293 1 2257 3 1034 1 
2134 2 538 2 739 2 
2290 2 533 3 2133 3 537 2 
2241 1 1948 2 2240 1 
1429 1 541 1 56 1 1284 2 
540 1 1428 3 1085 1 1283 2 
277 4 543 1 400 1 548 2 
542 1 401 2 1104 2 276 2 
1380 2 1556 2 550 2 892 2 
398 2 546 4 552 2 283 2 
399 3 545 4 282 3 547 3 
396 2 548 2 546 3 285 1 
397 3 547 2 284 2 542 2 
279 3 394 3 1084 3 745 3 
895 1 1876 2 544 2 1379 1 
1084 1 552 1 392 1 281 2 
280 2 551 1 545 2 393 1 
894 2 902 2 503 3 1343 2 
2279 3 555 4 671 3 
554 4 2278 3 670 2 1376 2 
557 1 1947 1 448 1 2239 3 
447 4 556 1 1946 1 562 1 
1945 3 444 2 559 3 565 3 
1944 2 558 3 443 3 560 3 
561 2 1943 2 559 3 446 3 
445 1 560 2 388 3 1942 1 
563 2 557 1 440 1 1941 1 
562 2 564 2 439 2 1940 2 
563 2 565 2 442 2 1939 2 
1938 3 441 4 558 3 564 2 
18 1 592 2 369 1 640 1 
2285 2 140 2 568 4 2211 3 
139 3 569 3 567 4 2284 4 
142 1 453 2 568 3 2283 1 
2279 1 579 3 1373 1 
450 3 1820 2 452 2 831 2 
638 2 144 3 575 2 2289 2 
574 1 1779 1 1373 1 1407 1 
1671 1 1778 1 573 1 781 1 
2288 2 572 2 580 3 143 4 
1215 1 577 2 1877 2 1375 2 
1214 4 576 2 1374 2 588 4 
747 2 579 3 1407 1 1373 1 
578 3 748 4 570 3 
2287 3 146 3 575 3 2211 4 
2017 3 85 3 83 3 180 3 
1223 2 1379 2 585 4 583 2 
412 3 1222 2 1378 2 582 2 
1221 2 1381 2 585 3 587 2 
584 3 1220 3 1380 3 582 4 
1219 2 1383 5 589 1 587 2 
1218 3 584 2 1382 2 586 2 
589 3 1217 3 577 4 1385 3 
588 3 1216 1 586 1 1384 1 
592 3 148 2 453 3 2281 2 
91 2 186 2 89 1 2019 1 
566 2 590 3 2280 2 147 3 
423 3 2255 3 904 4 594 3 
891 1 597 1 2254 2 593 3 
316 1 2248 1 596 1 598 1 
595 1 315 1 2247 1 601 1 
598 1 594 1 318 2 2246 1 
597 1 317 4 595 1 2245 1 
600 2 602 2 2252 2 320 2 
599 2 319 2 797 3 2251 1 
2250 2 998 1 602 1 596 1 
2199 3 2249 2 599 2 601 1 
606 2 604 1 1398 1 243 2 
1397 1 244 2 603 1 609 3 
429 3 606 3 1400 3 245 2 
603 2 605 3 246 2 1399 3 
608 2 1394 4 239 1 610 1 
607 2 1393 2 240 2 611 2 
610 3 604 3 1396 3 241 4 
609 3 607 1 242 2 1395 1 
237 2 612 1 608 2 1402 1 
804 1 1401 1 611 1 238 3 
8 3 2026 4 816 3 614 4 
615 4 7 2 2025 3 613 4 
614 4 2024 4 10 3 616 3 
617 1 2023 1 615 3 9 1 
616 1 618 3 2030 2 4 2 
617 3 2029 3 619 3 3 3 
2028 1 618 3 620 1 6 2 
5 1 2027 2 619 1 621 2 
622 2 2 2 620 2 2032 3 
621 2 1187 1 2031 1 1 3 
2171 2 1538 3 624 3 1623 2 
1613 3 1706 3 2170 4 623 3 
1880 2 626 2 653 2 
625 2 627 3 652 3 1879 2 
626 3 1878 2 1767 3 628 2 
654 2 1877 2 1215 1 627 2 
228 1 672 2 146 1 641 1 
631 3 639 4 2101 2 2407 2 
2100 2 630 3 2406 4 632 2 
2321 2 631 2 633 2 676 2 
673 2 634 3 632 2 2408 4 
633 3 2105 3 635 2 2320 3 
2104 2 636 2 634 2 2402 2 
635 2 2103 2 637 2 2405 3 
2102 3 636 2 2404 2 834 2 
572 2 2411 3 639 3 76 1 
669 3 630 4 638 3 2410 3 
19 2 566 1 370 2 1754 1 
2189 1 227 1 145 3 629 1 
643 2 2103 2 1920 4 645 2 
642 2 2102 3 386 1 161 1 
645 2 647 2 1918 2 2105 3 
644 2 1919 1 2104 2 642 2 
649 1 647 1 1916 1 676 2 
644 2 673 1 646 1 1917 3 
651 2 649 1 1914 2 2101 1 
646 1 1745 1 2100 1 648 1 
76 3 651 4 479 3 1912 3 
1913 3 650 4 648 2 669 2 
653 3 1767 3 626 3 
652 3 625 2 
2322 3 628 2 1767 3 149 2 
1153 1 2067 2 1636 1 916 2 
1790 3 908 4 750 3 773 2 
658 3 660 1 1998 1 969 1 
657 3 1997 3 968 3 850 3 
992 1 660 1 126 1 662 1 
991 1 657 1 659 1 125 1 
1450 1 664 1 662 1 128 3 
1449 2 127 1 661 1 659 1 
122 2 1448 3 664 2 666 2 
661 1 663 2 121 3 1447 2 
481 2 666 2 124 2 
123 1 665 2 1446 1 663 2 
1377 3 668 1 388 3 445 1 
670 1 387 1 1376 1 667 1 
639 3 2101 1 76 1 651 2 
671 1 668 1 390 2 555 2 
554 3 670 1 389 2 
2176 2 629 2 229 3 143 5 
633 2 676 2 647 1 2105 2 
487 4 675 2 1342 3 1076 2 
679 2 674 2 1341 1 1075 1 
2100 2 673 2 632 2 646 2 
1350 2 1080 2 680 2 678 4 
683 3 1349 3 1079 3 677 4 
675 2 1078 4 680 2 1352 2 
1077 3 679 2 677 2 1351 1 
1346 2 684 2 1625 3 682 4 
191 3 1083 4 1345 4 681 4 
684 1 678 3 1082 1 1348 3 
683 1 681 2 1347 2 1081 2 
2346 2 1510 3 686 2 249 2 
685 2 699 3 1511 3 2345 2 
688 4 1472 3 1493 5 690 3 
687 4 1492 2 1874 3 1471 3 
690 2 692 2 1478 3 1495 4 
689 2 1494 1 1477 2 687 3 
1476 2 692 2 864 2 1497 3 
689 2 1496 2 691 2 1475 1 
1506 2 694 2 696 1 2338 1 
693 2 470 3 1507 2 2337 3 
696 2 2340 2 1508 2 698 3 
695 2 693 1 1509 1 2339 1 
1502 1 698 2 2334 1 700 3 
1503 5 697 2 2333 2 695 3 
700 5 1504 3 686 3 2073 4 
699 5 1505 4 697 3 2335 4 
1419 1 322 1 702 2 710 2 
321 3 1418 2 701 2 1766 2 
1421 2 704 2 
703 2 1420 3 705 2 
314 2 706 1 1423 2 704 2 
705 1 313 1 707 1 1422 1 
1425 3 708 1 706 1 312 1 
707 1 709 2 311 1 1424 1 
710 3 310 3 708 2 1427 4 
709 3 1426 3 309 2 701 2 
712 1 720 1 1589 2 
711 1 2058 1 1949 1 1588 1 
2054 4 517 3 714 4 1591 3 
2053 3 713 4 715 2 1590 2 
716 1 1593 2 2052 1 714 2 
715 1 2051 3 1592 2 717 3 
2057 3 718 3 716 3 1595 4 
719 1 2056 2 717 3 1594 1 
718 1 2055 1 720 1 1597 2 
1596 2 711 1 719 1 
1992 2 1279 3 1551 3 722 3 
1550 2 1991 3 723 2 721 3 
1549 1 722 2 1994 2 724 1 
1993 3 725 1 1548 3 723 1 
1682 2 1988 1 724 1 726 1 
1987 4 1681 2 727 2 725 1 
1553 2 728 2 1990 2 726 2 
727 2 729 3 1552 3 1989 2 
728 3 1996 4 730 3 1545 3 
895 1 1995 2 1544 2 729 3 
734 2 1731 2 2052 1 732 2 
736 3 2051 4 1730 3 731 2 
734 2 1729 3 527 2 2054 2 
2053 3 1728 3 733 2 731 2 
2055 1 737 2 
2057 2 737 3 732 3 1727 3 
736 3 2056 3 735 2 1726 2 
750 2 914 2 1935 1 2219 2 
253 2 740 2 537 2 
252 1 739 2 
744 2 1575 1 996 1 742 1 
1961 2 995 2 741 1 1574 3 
1577 1 994 2 744 2 
741 2 743 2 993 4 1576 3 
1671 1 119 2 746 1 549 3 
1407 1 745 1 747 2 118 1 
578 2 117 3 748 3 746 2 
579 4 116 2 747 3 
931 3 1701 3 752 2 54 4 
738 2 656 3 913 2 2213 2 
1534 3 1536 3 1486 3 842 3 
1826 1 1142 1 749 2 753 1 
754 1 752 1 1141 1 1825 2 
753 1 1152 2 1832 3 755 2 
1831 2 756 2 1151 2 754 2 
1150 3 1834 2 757 2 755 2 
1833 2 1149 2 758 3 756 2 
1828 2 759 3 757 3 1148 2 
760 3 1147 3 1827 4 758 3 
759 3 1146 2 1830 4 761 3 
1829 3 760 3 1145 3 
2375 3 2228 3 763 2 1468 2 
1467 1 2374 1 762 2 1733 3 
767 5 299 5 765 3 28 4 
939 1 298 1 27 1 764 3 
295 3 769 3 32 3 767 5 
764 5 294 3 766 5 31 4 
2238 1 30 3 769 1 297 1 
29 2 768 1 296 2 766 3 
2238 4 36 5 2242 4 291 4 
1475 2 1824 2 2234 3 772 3 
773 2 1790 3 771 3 1478 3 
2213 1 1477 2 772 2 656 2 
397 3 783 2 2097 3 775 2 
776 1 774 2 2096 1 396 2 
775 1 777 3 2095 2 399 1 
776 3 2094 3 778 4 398 3 
777 4 2093 3 393 2 779 2 
392 1 780 2 2092 1 778 2 
779 2 2091 2 781 2 395 4 
2090 2 780 2 394 1 574 1 
962 2 783 2 401 3 2099 3 
400 1 774 2 782 2 2098 1 
2119 1 1805 2 786 2 1233 2 
1370 3 937 1 798 1 1963 3 
1804 3 1232 2 2314 3 784 2 
1669 3 1690 4 1760 2 1847 3 
26 1 989 2 1497 2 1266 1 
11 1 795 1 61 2 2321 2 
1495 4 26 2 791 2 1268 2 
1267 3 1494 1 792 2 790 2 
793 2 1270 2 1493 4 791 2 
792 2 1269 3 1492 1 794 2 
37 2 1272 2 1491 3 793 2 
60 2 789 1 809 1 2408 3 
1274 1 37 1 1500 2 797 3 
1499 4 600 3 796 3 1273 3 
2253 1 1962 2 785 1 1369 1 
11 2 822 2 2407 2 63 2 
2124 2 802 3 801 3 382 2 
805 2 2123 2 383 2 800 3 
2125 3 384 2 800 3 
2128 2 806 3 378 2 804 2 
612 1 2127 5 379 2 803 2 
380 2 806 2 801 2 2130 1 
805 2 803 3 381 5 2129 2 
57 2 808 2 2405 2 810 1 
807 2 56 2 2404 3 1284 3 
59 3 2320 2 795 1 810 1 
2402 2 809 1 58 1 807 1 
1479 3 815 1 
817 1 813 3 2236 2 1898 3 
1897 4 814 4 812 3 2235 3 
815 2 1896 2 813 4 417 2 
1895 1 814 2 2237 1 811 1 
1666 2 817 1 1466 1 613 3 
1899 1 812 1 816 1 2227 1 
819 2 2012 1 120 1 
2011 3 820 2 818 2 
819 2 1533 1 2010 1 821 1 
1614 1 1532 1 2009 1 820 1 
799 2 64 3 1802 3 2410 1 
460 1 824 1 275 1 832 4 
1409 1 823 1 274 1 459 1 
269 2 826 1 1019 1 455 1 
268 2 827 1 454 2 825 1 
457 2 828 1 826 1 267 1 
829 1 827 1 266 2 456 2 
451 1 273 3 828 1 830 2 
831 2 829 2 272 2 450 3 
830 2 571 2 832 4 271 1 
452 4 831 4 270 5 823 4 
834 2 2201 1 224 3 221 1 
833 2 220 2 637 2 2200 3 
2275 3 847 3 136 3 2165 4 
837 2 839 3 918 1 1543 3 
955 2 1542 3 836 2 919 3 
839 3 926 2 1539 1 841 1 
838 3 1624 4 836 3 927 3 
924 2 843 1 1541 1 841 1 
925 2 1540 1 840 1 838 1 
922 3 751 3 843 1 845 3 
840 1 1534 1 923 1 842 1 
1537 2 1028 3 920 3 845 4 
1536 3 921 4 842 3 844 4 
79 2 138 2 2268 2 847 2 
835 3 137 3 1724 3 846 2 
849 2 1853 1 1904 2 
1856 2 848 2 850 2 1903 4 
1902 2 849 2 1855 2 658 3 
1858 2 1055 2 
1903 3 853 2 2085 1 
1902 3 1462 4 852 2 2084 3 
1501 1 502 2 1507 1 855 1 
501 2 856 2 854 1 1506 2 
855 2 500 2 857 2 1509 2 
499 3 856 2 1508 1 858 1 
859 2 1503 4 857 1 498 1 
860 2 858 2 1502 2 497 4 
859 2 1505 2 861 2 496 1 
495 3 1504 2 860 2 862 3 
863 3 861 3 1511 4 494 3 
2365 3 862 3 493 3 1510 3 
865 1 1282 1 1311 1 691 2 
872 2 864 1 1281 3 1310 1 
906 2 1307 2 869 4 867 3 
1306 3 2122 2 332 2 866 3 
869 3 871 1 889 2 1309 1 
868 3 1308 4 876 4 866 4 
1712 5 873 4 871 4 1303 4 
936 1 870 4 868 1 1302 1 
865 2 1633 3 873 2 1305 2 
917 2 870 4 872 2 1304 2 
1815 4 875 3 2115 3 21 4 
874 3 2114 2 1810 2 20 3 
951 4 889 3 869 4 906 2 
1175 1 1807 1 1972 2 330 1 
191 1 1183 1 449 3 1083 2 
1648 2 18 1 1810 1 2116 2 
881 2 1258 3 1179 3 887 5 
880 2 882 1 385 1 1178 1 
881 1 1249 2 1766 1 1181 3 
1814 2 1224 3 2118 2 988 2 
449 3 885 2 1175 1 1247 1 
1244 2 886 2 884 2 1174 3 
887 4 885 2 1177 2 1238 1 
886 4 1176 4 1235 4 880 5 
326 2 1179 3 1809 2 890 2 
936 2 876 3 868 2 950 2 
1178 1 325 2 1973 1 888 2 
594 1 1069 1 904 2 318 2 
1557 2 1381 2 899 2 544 2 
894 2 505 1 
893 2 553 2 504 2 1344 2 
550 1 730 1 1875 1 1378 2 
901 1 1385 1 1560 1 897 2 
1384 2 898 2 1559 3 896 2 
247 2 899 2 1383 5 897 2 
898 2 1382 2 892 2 1563 2 
1375 3 350 2 1882 3 901 2 
896 1 1374 1 1881 2 900 2 
428 2 553 2 903 2 508 3 
2244 1 1095 1 902 2 507 1 
593 4 891 2 502 3 1501 2 
1123 3 2160 2 1924 1 
866 2 952 2 2122 1 876 2 
1790 4 908 5 910 3 111 3 
656 4 112 3 913 3 907 5 
109 3 910 2 1848 3 1107 3 
909 2 110 1 1824 1 907 3 
107 2 914 2 1935 1 912 2 
915 2 1893 2 108 3 911 2 
914 2 908 3 105 1 750 2 
911 2 913 2 738 2 106 2 
912 2 2375 2 916 2 2067 2 
2374 2 915 2 1114 2 655 2 
873 2 947 2 1712 3 1633 3 
2000 3 927 1 919 2 836 1 
1999 3 918 2 1391 2 837 3 
921 3 2006 3 1109 3 844 3 
920 3 922 4 845 4 2005 2 
923 3 2008 4 842 3 921 4 
2007 2 924 2 922 3 843 1 
925 3 840 2 923 2 2002 2 
924 3 2001 3 841 2 926 3 
2004 3 927 2 838 2 925 3 
918 1 926 2 2003 2 839 3 
1703 2 931 3 929 2 1687 2 
1686 2 1702 4 934 1 928 2 
1372 3 1484 4 937 3 1971 3 
928 3 1688 2 749 3 1700 2 
933 2 1538 3 1683 2 935 3 
932 2 1706 2 
929 1 1685 3 1705 1 935 2 
1684 3 934 2 1704 2 932 3 
889 2 871 1 1712 2 949 1 
1371 1 1970 1 930 3 785 1 
939 3 130 3 941 5 1763 3 
129 1 938 3 765 1 2272 3 
941 5 2271 3 943 3 132 3 
940 5 131 4 2270 4 938 5 
1746 1 943 1 2165 2 134 1 
133 1 942 1 1743 1 940 3 
2164 3 1282 2 945 3 2234 3 
1281 4 946 4 2163 2 944 3 
2162 4 1633 4 947 3 945 4 
2161 3 917 2 946 3 948 2 
1712 3 1173 2 947 2 949 2 
950 1 2159 2 936 1 948 2 
949 1 951 3 889 2 2158 2 
876 4 950 3 2157 3 952 4 
953 2 2156 3 906 2 951 4 
2155 2 1140 1 952 2 2122 1 
957 2 1390 2 955 1 
837 2 1391 1 954 1 173 1 
957 2 1388 2 
954 2 956 2 1389 3 
965 2 202 3 257 1 959 1 
958 1 256 4 1160 3 201 3 
963 2 207 3 961 2 263 4 
966 1 262 1 206 2 960 2 
782 2 963 1 265 2 205 3 
1392 2 962 1 264 1 960 2 
967 2 211 2 965 3 1765 4 
210 2 964 3 958 2 258 2 
209 1 961 1 967 1 261 1 
964 2 260 2 208 1 966 1 
658 3 1902 2 1462 3 969 1 
991 1 968 1 1461 3 657 1 
209 3 977 4 297 3 971 4 
972 3 296 3 208 2 970 4 
211 2 971 3 295 2 973 2 
210 1 978 1 294 1 972 2 
205 5 293 3 975 4 1546 3 
292 3 976 3 974 4 1392 3 
207 3 977 3 975 3 291 2 
206 3 970 4 976 3 290 2 
979 2 299 3 973 1 202 3 
978 2 1170 2 201 4 298 2 
1082 3 981 3 987 4 1309 3 
1081 2 1308 2 982 2 980 3 
1307 2 983 2 981 2 1625 3 
982 2 1083 2 1183 1 1306 2 
1305 2 1078 4 990 2 985 2 
1304 2 1077 3 986 1 984 2 
1303 1 987 2 985 1 1080 1 
986 2 1079 2 980 4 1302 2 
1815 3 1225 2 2115 2 883 2 
990 2 788 2 1076 2 1311 2 
989 2 1310 1 1075 1 984 2 
1456 1 992 1 660 1 969 1 
1455 1 1449 2 991 1 659 1 
994 4 334 4 996 3 744 4 
743 2 993 4 333 2 997 2 
1204 2 336 2 996 2 742 2 
995 2 741 1 993 3 335 1 
337 2 994 2 
1060 2 2199 3 315 1 601 1 
1000 3 1002 3 2071 3 2186 4 
2070 1 999 3 1007 1 2390 3 
1002 1 1004 1 375 2 2389 3 
1001 1 2072 1 999 3 2388 1 
1004 1 2075 1 1006 2 2387 1 
1003 1 2074 4 1001 1 2386 1 
1006 4 2385 4 1184 4 2077 3 
2384 2 2076 2 1005 4 1003 2 
2079 1 1008 1 1000 1 2377 2 
104 1 2078 2 1007 1 2376 2 
2121 1 1018 2 1010 2 28 2 
2120 3 1009 2 27 2 1209 2 
34 2 1012 2 2113 2 1586 1 
33 2 2112 2 1011 2 1013 2 
2111 1 36 2 1014 2 1012 2 
1015 3 2110 3 1013 2 35 4 
2109 3 1014 3 1016 3 30 4 
1017 2 1015 3 29 3 2108 2 
1016 2 1018 2 2107 1 32 1 
1017 2 1009 2 2106 3 31 3 
303 1 115 2 825 1 
1113 2 1364 1 1636 1 1276 1 
1986 2 2315 1 1442 3 1058 2 
1366 2 1111 3 1276 1 1278 1 
2313 1 1275 1 1058 2 1444 2 
49 3 2047 2 1025 3 1811 2 
1024 3 48 2 1030 2 2046 3 
1691 3 1115 2 1029 1 1370 3 
1440 2 1986 3 1277 2 2309 2 
844 3 1029 2 1372 2 1109 3 
1371 1 1026 1 1028 2 1110 1 
2049 1 43 1 1025 2 
1293 4 259 3 1451 3 2307 2 
1153 2 302 2 1657 2 1171 2 
253 1 1598 1 1312 2 54 3 
1054 2 1039 1 1921 2 536 1 
1036 3 1687 2 1312 3 255 2 
1035 3 1686 3 1037 2 254 2 
251 1 1036 2 1685 3 1038 1 
1684 2 1037 1 
1040 2 1034 1 1915 1 535 2 
1039 2 1041 3 1923 3 1044 3 
2291 2 1040 3 535 3 533 3 
1052 2 236 3 2377 3 1043 3 
235 4 2376 3 1229 3 1042 3 
2133 3 533 3 1040 3 1922 2 
1236 2 2385 2 1046 2 230 1 
229 3 1047 3 2384 2 1045 2 
1048 5 2387 2 1046 3 228 2 
1047 5 227 4 2386 4 1049 4 
234 2 1050 1 2389 3 1048 4 
233 2 2388 1 1051 2 1049 1 
1052 2 2186 3 232 3 1050 2 
1051 2 1042 2 2390 3 231 1 
2142 4 1917 5 1988 3 2136 3 
1034 2 1910 4 2141 2 2257 4 
851 2 1056 2 1729 4 
1055 2 1728 2 1057 1 
1731 2 1056 1 
1443 3 1023 2 2316 2 1021 2 
248 1 1068 2 1677 2 
1061 3 998 2 1067 3 357 2 
1060 3 2199 4 356 3 1062 2 
1063 1 320 1 1061 2 360 1 
1062 1 319 2 484 2 359 4 
170 3 1065 3 1069 3 318 4 
317 4 1064 3 159 3 1066 2 
1067 3 316 2 1065 2 372 3 
1066 3 371 2 315 2 1060 3 
1676 3 1059 2 1072 3 250 2 
891 1 1064 3 1339 2 1501 1 
1071 3 1074 4 1437 3 1290 3 
1070 3 377 3 1289 2 1436 4 
1675 3 1068 3 2346 2 249 2 
179 3 1074 2 1435 3 1936 1 
1070 4 1073 2 1291 3 1434 3 
990 1 1076 1 1078 3 675 1 
1266 1 989 2 1075 1 674 2 
680 3 985 3 1078 5 1080 3 
984 4 679 4 1075 3 1077 5 
1082 1 1080 1 987 2 678 3 
677 2 1079 1 986 1 1077 3 
1082 2 1625 3 981 2 684 2 
1079 1 980 3 1081 2 683 1 
682 4 983 2 1625 3 878 2 
551 1 395 3 549 3 278 1 
1086 2 1288 3 1431 2 541 1 
1430 2 1085 2 1894 3 1287 2 
527 3 517 2 1463 4 2054 3 
1089 2 330 1 1097 1 1136 2 
1088 2 1090 3 329 2 1135 3 
328 4 1091 2 1089 3 1138 3 
327 1 1137 2 1090 2 1092 3 
1132 4 326 3 1093 3 1091 3 
1094 1 1131 2 1092 3 325 2 
1093 1 1095 1 1134 1 324 2 
1094 1 323 2 1133 4 903 1 
332 1 2122 1 1140 1 1097 1 
1088 1 1139 1 1096 1 331 1 
1438 2 1277 1 2311 3 1293 3 
1173 1 1102 2 1100 1 260 2 
261 1 1099 1 2159 2 1105 2 
1108 2 2162 2 258 1 1102 2 
2161 4 1765 4 1099 2 1101 2 
1106 1 1104 2 264 1 2156 2 
2155 3 265 3 1103 2 543 2 
2158 3 1106 2 1100 2 262 2 
2157 1 1103 1 1105 2 263 3 
1108 3 2164 3 909 3 256 5 
1101 2 1107 3 257 2 2163 2 
920 3 1028 3 1884 4 1110 2 
1883 1 1115 2 1109 2 1029 1 
1886 5 1022 3 1118 3 1112 3 
1276 1 1113 2 1885 2 1111 3 
1020 2 1114 2 1888 3 1112 2 
1636 1 1113 2 1887 2 916 2 
1026 2 1116 3 1890 4 1110 2 
1691 4 1889 2 1117 3 1115 3 
1670 2 1118 2 1116 3 1892 2 
1891 3 1278 1 1117 2 1111 3 
1745 2 1990 2 2140 2 2142 3 
1121 3 1998 2 1781 3 1130 3 
1997 2 1120 3 1780 2 520 3 
1260 3 1143 2 2337 2 470 2 
1124 4 905 3 1787 5 124 3 
1123 4 1125 5 123 2 1786 3 
122 4 1789 4 1126 4 1124 5 
1127 1 1788 1 121 3 1125 4 
1126 1 1783 2 128 3 1128 2 
1129 2 127 2 1782 3 1127 2 
1128 2 126 1 1130 2 1785 1 
1784 2 1129 2 1120 3 125 2 
281 3 1132 3 1093 2 1134 2 
1092 4 280 3 1131 3 1137 3 
279 4 1134 4 1095 4 2244 4 
1133 4 1094 1 278 1 1131 2 
1136 3 1089 3 285 2 1138 3 
1135 3 1088 2 1139 2 284 2 
1091 2 1138 3 283 2 1132 3 
1137 3 1090 3 1135 3 282 2 
277 4 1097 1 1136 2 1140 1 
276 2 953 1 1096 1 1139 1 
1142 1 1203 2 753 1 1152 2 
752 1 1202 2 1141 1 1701 2 
1122 2 469 3 1259 2 97 2 
1362 3 1985 2 55 2 
1199 4 1146 2 761 3 
1147 2 1198 1 760 2 1145 2 
1148 2 1201 3 1146 2 759 3 
1147 2 1149 1 1200 1 758 2 
1148 1 1195 1 757 2 1150 3 
1194 3 756 3 1149 3 1151 3 
1152 2 1197 2 1150 3 755 2 
1151 2 754 2 1141 2 1196 2 
1363 2 655 1 1032 2 1154 2 
1157 2 302 2 1153 2 2067 3 
1156 2 1158 1 41 2 106 1 
1155 2 105 2 40 2 1161 2 
108 2 1154 2 288 2 1158 1 
1155 1 107 2 1157 1 287 2 
1160 4 45 2 1162 2 110 2 
44 3 1159 4 109 4 959 3 
1162 1 112 1 289 2 1156 2 
1161 1 42 3 111 1 1159 2 
288 2 1164 2 1172 2 136 1 
1165 2 1163 2 287 3 135 2 
1164 2 1166 1 41 2 134 1 
133 1 1165 1 1167 1 40 1 
132 1 289 2 1166 1 1168 1 
131 2 1169 1 1167 1 42 3 
130 1 1168 1 45 1 1170 1 
129 1 44 1 979 2 1169 1 
138 1 1172 2 1032 2 1968 2 
137 4 1163 2 1171 2 302 2 
2161 3 1099 1 948 2 2159 2 
1177 3 1175 2 1972 3 885 3 
1182 3 1174 2 884 1 877 1 
1809 1 1177 2 1179 2 887 4 
1174 3 1176 2 1808 3 886 2 
890 1 1181 3 1179 2 881 1 
888 3 880 3 1176 2 1178 2 
1766 3 1181 5 1418 3 1984 3 
1180 5 1973 3 1178 3 882 3 
1175 3 449 5 1183 3 1807 3 
1182 3 1806 2 878 1 983 1 
1005 4 1264 2 1185 2 1934 3 
2187 2 1933 2 1192 2 1184 2 
1189 2 2184 2 1930 3 1187 2 
1929 1 622 1 1186 2 2183 3 
1189 2 1932 2 2182 2 1191 3 
1186 2 1188 2 1931 1 2181 2 
2180 2 1191 2 1926 1 1193 1 
1190 2 1925 2 1188 3 2179 2 
1928 2 1193 2 1185 2 2178 2 
2177 3 1192 2 1927 3 1190 1 
1150 3 1197 2 2379 2 1195 1 
1200 1 1149 1 1194 1 2378 2 
1197 2 2154 1 1152 2 1203 2 
1194 2 2153 2 1196 2 1151 2 
1146 1 1199 3 1201 2 2383 1 
2382 3 1145 4 1198 3 
2381 1 1201 2 1195 1 1148 1 
1147 3 1200 2 2380 4 1198 2 
1203 3 1142 2 2391 4 1628 2 
1202 3 1141 2 1196 2 1635 2 
995 2 1205 2 2268 1 1961 2 
1724 4 1960 4 1210 3 1204 2 
1213 3 1959 2 1207 2 2271 2 
1208 2 2270 2 1206 2 1958 1 
1207 2 1209 2 1763 2 1957 4 
2272 3 1208 2 1956 2 1010 2 
1211 2 1205 3 1955 2 2275 2 
2274 3 1210 2 1212 2 1954 1 
1213 3 1211 2 1953 2 1746 2 
1212 3 1206 3 1952 2 1743 2 
150 3 1217 3 577 4 1215 3 
576 1 149 1 1214 3 628 1 
589 1 1217 1 152 2 1219 2 
151 3 1214 3 1216 1 588 3 
154 2 587 3 1219 3 1221 3 
153 2 586 2 1216 2 1218 3 
1223 1 1221 2 156 1 585 3 
584 2 1220 2 155 2 1218 3 
1416 3 1223 2 158 2 583 2 
582 2 1220 1 157 3 1222 2 
1225 3 1251 2 1227 2 883 3 
1224 3 1230 3 1250 3 988 2 
1233 3 2119 2 1253 2 1227 2 
2118 1 1252 3 1226 2 1224 2 
1229 2 1231 1 1255 1 2117 2 
1228 2 2116 3 1254 4 1043 3 
1231 2 1225 3 1257 3 2115 3 
1230 2 1256 1 1228 1 2114 1 
786 2 1233 2 1260 3 1275 1 
1259 2 1226 3 1232 2 784 2 
2212 2 2214 2 511 3 523 3 
1238 1 887 4 1840 2 1258 2 
1045 2 1237 3 65 2 1264 2 
2187 3 1236 3 1243 3 64 4 
1235 1 1839 3 1244 1 886 1 
59 3 2182 1 1240 2 1246 1 
1241 3 58 2 2181 3 1239 2 
2184 2 1240 3 1242 3 57 3 
1429 2 56 2 1241 3 2183 4 
2178 2 1237 3 63 2 2319 3 
885 2 1842 2 1247 1 1238 1 
61 2 2180 2 2319 2 1246 1 
2179 1 60 2 1245 1 1239 1 
190 1 1244 1 1841 1 884 1 
1766 2 1836 2 321 3 1249 3 
1835 2 385 2 882 2 1248 3 
100 3 1257 3 1251 2 1225 3 
1224 2 1250 2 99 2 1252 3 
1227 3 1251 3 1253 3 98 3 
97 1 1259 1 1226 2 1252 3 
1229 4 104 3 2376 4 1255 3 
103 1 1228 1 1254 3 1256 1 
102 1 1231 1 1257 2 1255 1 
1250 3 101 3 1230 3 1256 2 
880 3 385 2 1837 2 1235 2 
1233 2 1253 1 1143 2 1260 3 
1122 3 1445 3 1232 3 1259 3 
374 2 1470 2 1262 3 2049 2 
2048 2 1261 3 373 3 
90 4 1707 3 1592 3 1959 2 
2385 2 2187 2 1236 2 1184 2 
1266 2 488 2 26 2 1268 2 
1076 1 487 3 1265 2 788 1 
791 3 1270 3 486 5 1268 3 
485 1 1267 3 1265 2 790 2 
793 3 1270 3 1272 3 492 4 
792 2 1267 3 491 1 1269 3 
37 1 1274 1 490 1 1272 1 
489 3 794 2 1271 1 1269 3 
484 2 319 2 1274 1 797 3 
1271 1 796 1 483 1 1273 1 
1023 1 2314 2 1445 1 1232 1 
1112 1 1022 1 1020 1 1365 4 
1027 2 1439 1 1098 1 2312 1 
1118 1 1367 2 1670 1 1022 1 
1715 2 721 3 1602 2 1280 2 
1601 1 1714 2 178 4 1279 2 
865 3 945 4 1282 3 1633 4 
944 2 864 1 1476 1 1281 3 
1288 4 2201 2 541 2 1284 3 
2200 3 808 3 540 2 1283 3 
179 3 1936 1 1286 2 2205 2 
1287 2 1894 3 2204 2 1285 2 
2203 1 1286 2 1086 2 1288 3 
1283 4 1085 3 1287 3 2202 4 
1071 2 1469 3 2209 2 1290 2 
1291 2 2208 2 1070 3 1289 2 
1290 2 179 4 1074 3 2207 3 
1607 2 178 5 1716 2 176 2 
1452 4 1031 4 2308 3 1098 3 
2367 3 493 3 2365 3 1295 2 
2366 3 1296 2 1294 2 2364 2 
1297 3 1295 2 2363 2 2369 2 
2362 2 2368 3 1298 3 1296 3 
1299 3 1297 3 2371 3 2361 3 
1298 3 2370 2 2360 4 1300 2 
1299 2 1301 3 2373 4 2359 3 
1300 3 2358 4 2372 4 
1303 1 871 1 1309 1 987 2 
1302 1 986 1 870 4 1304 2 
985 2 1303 2 1305 2 873 2 
1310 1 984 2 872 2 1304 2 
867 3 1307 2 1806 3 983 2 
1306 2 982 2 1308 2 866 2 
869 4 1307 2 981 2 1309 2 
1308 2 868 1 1302 1 980 3 
1305 1 990 1 1311 1 865 1 
1310 1 864 1 1497 2 989 2 
1688 2 252 2 1035 3 1033 2 
2342 2 1316 1 2369 1 1314 1 
2341 1 2368 2 1319 2 1313 1 
1316 1 38 1 2344 3 2367 2 
1315 1 1313 1 2366 3 2343 1 
1320 3 1318 2 2082 1 2373 4 
2081 3 1317 2 1321 2 2372 3 
1320 4 2348 3 1314 2 2371 3 
2370 3 2347 4 1319 4 1317 3 
2336 1 1318 2 
1323 4 2348 3 1329 2 2351 3 
1322 4 2350 3 2347 4 1324 4 
2353 2 2082 2 1325 2 1323 4 
1330 1 2081 2 1324 2 2352 3 
2355 1 2344 3 1800 1 1327 2 
2354 4 1328 4 1326 2 2343 2 
1329 3 1327 4 2357 3 2342 4 
1328 3 1322 2 2341 1 2356 1 
1325 1 2336 1 2349 1 
1332 2 2359 4 1334 3 
1331 2 2358 2 
1334 2 2361 2 1336 1 
1333 2 2360 4 1331 3 
1336 2 2363 2 1338 4 248 2 
1335 2 2362 1 1333 1 
1510 2 1338 3 249 1 2365 2 
250 3 1337 3 1335 4 2364 4 
1340 2 1069 2 170 2 469 3 
1339 2 470 2 1507 1 1501 1 
1933 2 1352 1 1342 2 675 1 
1517 2 1934 3 1341 2 674 3 
1344 2 117 3 428 2 553 2 
1343 2 894 2 116 1 
1346 2 1843 3 1929 2 682 4 
1345 2 681 2 1347 2 1930 2 
1346 2 684 2 1348 4 1931 2 
1932 3 1347 4 683 3 1349 3 
678 3 1925 1 1348 3 1350 1 
677 2 1351 1 1926 1 1349 1 
1350 1 1352 1 680 1 1927 3 
1928 1 1351 1 1341 1 679 2 
1354 3 2298 1 1524 2 1863 1 
1353 3 1864 3 1355 4 2297 3 
1354 4 1356 2 2304 2 1865 2 
1355 2 2303 1 1357 3 1866 3 
2306 4 1867 3 1356 3 1358 4 
2305 3 1359 2 1357 4 1868 3 
2300 1 1869 2 1358 2 1360 1 
1361 1 2299 1 1359 1 1870 1 
2302 1 1871 3 1360 1 1362 2 
1144 3 1872 3 1361 2 2301 3 
1364 2 1657 2 1153 2 1636 2 
1363 2 1365 4 1020 1 1656 2 
1366 5 1364 4 1655 4 1276 4 
1654 2 1367 3 1022 2 1365 5 
1366 3 1368 4 1278 2 2256 2 
2253 3 1369 3 1367 4 1670 3 
1370 3 1368 3 798 1 1691 3 
1371 3 1369 3 1026 3 785 3 
1029 1 1370 3 937 1 1372 1 
930 3 1537 1 1028 2 1371 1 
2278 2 578 1 573 1 570 1 
1375 2 1385 1 901 1 577 2 
1374 2 900 3 1626 3 576 2 
1377 3 668 1 555 2 1779 1 
667 3 1376 3 1778 3 1680 5 
895 2 1379 2 1544 3 583 2 
1378 2 582 2 550 1 1380 1 
544 2 1381 2 585 3 1379 1 
584 2 1380 2 892 2 1382 2 
1383 5 899 2 587 2 1381 2 
1382 5 898 5 586 5 1384 5 
1385 1 897 2 589 1 1383 5 
1384 1 896 1 1374 1 588 3 
1387 3 2413 2 
1388 3 1386 3 2412 3 
1389 3 1387 3 2415 2 956 2 
1388 3 1390 3 2414 3 957 3 
1389 3 1391 2 203 2 954 2 
2417 2 1390 2 955 1 919 2 
205 4 207 3 963 2 975 3 
1402 1 608 2 2050 2 1394 4 
607 4 2045 5 1393 4 1395 4 
1396 1 2033 1 1394 4 610 1 
1395 1 2042 3 609 3 1397 1 
604 1 2083 1 1398 1 1396 1 
1397 1 1399 2 2318 3 603 1 
1400 3 1398 2 2080 2 606 3 
1399 3 1562 4 605 3 2210 3 
612 1 1402 1 2127 5 2392 1 
1393 1 2416 2 1401 1 611 1 
1404 4 1406 2 2089 3 
2088 3 1403 4 1579 3 55 3 
2087 2 1406 1 
1403 2 1405 1 2086 2 
746 1 578 1 1671 1 573 1 
1409 2 2080 2 409 2 1411 3 
824 1 1408 2 2210 2 408 1 
2083 1 407 3 1411 2 1413 2 
2318 4 406 3 1410 2 1408 3 
2033 1 1413 2 1415 1 405 1 
404 2 2042 4 1412 2 1410 2 
2050 2 1417 1 403 1 1415 1 
402 1 1412 1 2045 2 1414 1 
1222 3 412 4 1417 2 2392 2 
411 2 1416 2 1414 1 2416 2 
702 2 1653 1 1419 1 1180 3 
1426 2 701 1 1652 1 1418 1 
2262 2 1421 3 1423 3 704 3 
703 2 1660 2 1420 3 
1659 1 1423 2 1425 3 706 1 
705 2 2258 3 1420 3 1422 2 
1425 3 1427 3 1665 1 708 1 
707 3 1424 3 1422 3 1664 4 
710 3 1419 2 1427 4 1663 3 
1426 4 1662 3 1424 3 709 4 
2032 4 541 3 1431 4 1429 3 
1242 2 540 1 2031 1 1428 3 
1086 2 2028 1 1433 2 1431 2 
2027 3 1430 2 1085 2 1428 4 
1433 2 1435 3 2030 2 1936 1 
1430 2 1894 3 2029 2 1432 2 
1437 2 1435 4 1074 3 2024 3 
1073 3 1434 4 1432 3 2023 3 
1618 4 1437 4 1071 4 2026 5 
1434 2 2025 2 1436 4 1070 3 
1452 3 2073 3 1098 2 1439 2 
1440 1 1277 1 2335 2 1438 2 
1027 2 1439 1 1441 1 2334 1 
2333 1 1440 1 1442 3 1986 2 
2340 3 1443 4 1441 3 1021 3 
1058 3 1442 4 1444 3 2339 2 
2338 2 1023 2 1445 2 1443 3 
1260 3 1275 1 1444 2 2337 2 
1457 1 666 1 1448 2 
1459 2 1448 3 664 2 1450 2 
1458 3 663 3 1447 3 1446 2 
992 2 1450 2 662 2 1454 3 
661 1 1449 2 1453 1 1447 2 
2346 2 1675 3 1031 3 1452 3 
2345 3 1438 3 1293 4 1451 3 
1454 2 1725 1 1459 1 1450 1 
1453 2 2267 2 1449 3 1455 2 
992 1 1456 1 2266 1 1454 2 
991 1 1455 1 2265 2 1461 3 
1446 1 1458 2 
1448 3 1459 2 1457 2 
1458 2 1453 1 1447 2 
521 2 2212 1 2218 1 513 2 
1462 5 969 3 1456 3 2277 3 
968 3 1461 5 2276 3 853 4 
528 3 1087 4 2215 4 518 3 
15 2 2223 1 2221 1 529 1 
2226 2 1558 2 1642 3 2248 2 
8 1 2227 1 816 1 1693 2 
763 1 1909 2 1468 1 1637 1 
1467 1 1907 2 762 2 1473 1 
377 4 2047 2 1289 3 1470 2 
1261 2 1469 2 2046 2 376 1 
1472 2 1474 3 688 3 2219 3 
1477 2 687 3 1471 2 2213 1 
2228 2 1474 2 1468 1 1634 1 
1874 3 1471 3 2222 3 1473 2 
771 2 1478 2 692 1 1476 1 
691 2 2234 2 1282 1 1475 1 
1472 2 773 2 690 2 1478 3 
689 3 1475 2 1477 3 772 3 
2233 3 1699 3 811 3 2237 3 
1541 1 2150 2 1487 1 1481 1 
1540 1 2149 1 1480 1 1482 4 
1539 4 1483 4 2152 4 1481 4 
1624 2 2151 2 1482 4 1488 2 
1485 3 1537 2 930 4 2146 4 
2145 2 1536 2 1484 3 1486 2 
751 3 1487 1 2148 1 1485 2 
1480 1 1486 1 1534 1 2147 3 
1543 4 1489 2 2144 2 1483 2 
2143 1 1542 2 1488 2 
1491 2 37 1 1500 2 1634 1 
1490 2 1874 3 1492 2 794 3 
688 2 793 1 1491 2 1493 3 
792 4 687 5 1492 3 1494 3 
690 1 791 1 1493 3 1495 3 
790 4 1496 4 689 4 1494 3 
1495 4 1497 3 692 2 26 2 
1496 3 788 2 1311 2 691 3 
1667 3 1645 2 2254 3 2225 2 
797 4 2251 2 1500 3 1909 3 
796 2 1499 3 1490 2 1907 3 
854 1 904 2 1069 1 1340 1 
697 1 1503 4 1505 2 859 2 
698 5 1502 4 858 4 1508 4 
1511 3 861 2 699 3 1505 2 
860 2 700 4 1502 2 1504 2 
1509 2 693 2 1507 2 855 2 
1506 2 854 1 1340 1 694 2 
695 2 1509 1 857 1 1503 4 
1506 2 696 1 1508 1 856 2 
1337 2 685 3 1511 4 863 3 
1504 3 1510 4 862 4 686 3 
2078 2 484 2 359 4 1513 1 
483 1 1512 1 2079 1 1518 1 
2074 4 1515 2 1521 2 486 3 
485 2 1514 2 1516 2 2075 2 
1515 2 488 1 2076 1 1517 1 
2077 1 1342 2 487 3 1516 1 
1519 2 490 1 2070 1 1513 1 
2071 2 489 4 1518 2 1520 2 
492 2 1521 2 1519 2 2072 1 
491 2 1514 2 375 3 1520 2 
1525 4 2111 3 1523 3 1751 3 
1752 3 1522 3 1528 1 2110 2 
1525 3 1753 2 2113 3 1353 2 
1522 4 1524 3 413 4 2112 2 
1529 3 1755 2 1527 1 2107 1 
1526 1 1756 1 2106 2 1530 2 
2109 2 1523 1 1529 3 1757 2 
1526 3 418 4 2108 3 1528 3 
1531 3 2121 2 1527 2 1749 4 
2120 3 96 2 1530 3 1750 3 
821 1 1708 2 1533 1 
820 1 1532 1 
751 3 1541 1 843 1 1487 1 
1615 1 1627 2 354 1 1873 1 
751 3 1485 2 845 3 1537 1 
844 2 1372 1 1484 2 1536 1 
623 3 932 3 1704 2 1706 3 
1482 4 1624 2 1540 1 838 1 
1539 1 1481 1 841 1 1541 1 
1480 1 1534 1 840 1 1540 1 
837 3 1489 2 1543 4 173 2 
1488 4 1542 4 1624 4 836 3 
1545 2 730 2 1378 3 412 4 
1552 3 1544 2 411 2 729 3 
2099 2 448 1 1547 2 974 3 
447 5 2098 2 1674 2 1546 2 
724 3 407 5 1682 4 1549 3 
1550 1 723 1 406 2 1548 3 
1549 1 722 2 409 1 1551 2 
1715 2 408 2 721 3 1550 2 
1545 3 728 3 403 3 1553 3 
727 2 402 1 1552 3 1681 2 
444 2 1555 3 2093 3 1673 2 
1679 3 2092 2 1554 3 443 3 
544 2 1876 2 1557 2 2332 1 
892 2 2331 2 1563 2 1556 2 
1465 2 1641 1 2229 1 2247 1 
1560 2 2328 3 897 3 247 3 
1559 2 896 1 2327 1 1881 2 
1821 1 430 3 460 1 1562 3 
429 4 459 3 1400 4 1561 3 
247 2 2326 2 1557 2 899 2 
1801 2 1567 2 2000 3 1565 1 
2355 1 1999 2 1800 1 1564 1 
1569 3 1567 3 1797 2 2004 3 
2003 3 1564 2 1566 3 1796 3 
1819 4 308 4 455 4 438 5 
1818 2 2001 3 1566 3 1798 2 
1571 3 1793 2 2008 3 1573 2 
1570 3 1818 2 1792 2 2007 3 
451 1 1817 1 434 2 1823 1 
1794 2 2005 1 1822 1 1570 2 
1575 3 1742 3 1710 5 742 3 
1574 3 741 1 1576 2 1649 3 
1744 2 1577 2 1575 2 744 3 
743 1 1576 2 358 2 
1581 4 2302 3 1943 3 1579 3 
1942 1 1404 3 2301 2 1578 3 
1583 3 2300 2 1945 3 1581 3 
1944 2 1578 4 2299 2 1580 3 
1585 3 1939 3 2306 3 1583 3 
1938 3 1580 3 1582 3 2305 3 
1941 2 1587 2 1585 3 2304 2 
1582 3 2303 2 1584 3 1940 2 
1587 1 2298 1 1947 1 1011 1 
1586 1 1584 2 1946 1 2297 1 
1589 2 712 1 1742 1 1710 3 
1588 2 1596 3 1711 2 711 2 
95 2 1593 2 1591 1 714 2 
1750 2 96 1 713 3 1590 1 
1595 3 716 2 1263 3 1593 3 
1707 3 715 2 1592 3 1590 2 
1595 2 718 1 84 1 1597 2 
1594 2 90 4 1592 3 717 4 
720 2 1589 3 93 3 1597 3 
94 2 1596 3 1594 2 719 2 
2134 2 1826 1 1599 1 1033 1 
1825 2 1922 1 2133 2 1598 1 
1901 3 534 3 200 3 
1280 1 1602 1 1983 1 1608 1 
1992 1 1601 1 1982 2 1279 2 
1747 2 196 2 530 3 1604 2 
195 2 529 1 1603 2 1900 1 
1612 4 1606 5 177 3 1977 3 
176 3 1605 5 1607 3 1976 3 
1292 2 1975 1 1608 1 1606 3 
1607 1 178 4 1974 2 1601 1 
1759 4 1981 3 1610 3 172 3 
171 1 1609 3 1611 2 1980 2 
175 3 1612 3 1979 2 1610 2 
1611 3 1605 4 174 2 1978 2 
624 3 1614 2 2175 2 1709 2 
821 1 1708 2 1613 2 2174 3 
1535 1 1622 2 355 2 
1617 1 1619 1 374 1 1898 3 
1897 2 373 2 1616 1 
1436 4 1619 1 1666 2 377 3 
1899 1 1618 1 1616 1 376 1 
353 1 1622 2 
1623 2 1632 2 1705 2 2173 2 
1615 2 1620 2 352 4 
1621 2 623 2 2172 1 1704 1 
1539 2 1483 2 839 4 1543 4 
1081 3 681 3 1083 3 982 3 
1375 3 1877 3 350 2 458 4 
1880 3 349 3 1535 2 1629 3 
1701 2 1630 1 2169 2 1202 2 
458 4 348 3 1627 3 1879 2 
1700 1 1628 1 1631 5 2168 2 
2167 5 1632 5 1630 5 1703 5 
2166 2 1702 4 1621 2 1631 5 
872 3 946 4 917 3 1281 4 
1907 2 1874 2 1473 1 1490 1 
2391 3 67 1 2154 1 1203 2 
1114 1 1363 2 1020 1 655 1 
1467 1 2232 1 1733 3 1638 1 
1732 1 1639 1 2231 2 1637 1 
1640 1 1735 1 1638 1 2230 4 
1639 1 1734 1 1641 1 2229 1 
1737 1 1642 2 1558 1 1640 1 
1641 2 1736 2 1643 2 1465 3 
2226 1 1644 3 1739 1 1642 2 
1738 4 1643 3 2225 3 1645 3 
1498 2 1644 3 1741 1 1646 2 
1667 3 1795 2 1740 2 1645 2 
2188 2 236 2 1648 2 148 1 
879 2 235 4 147 3 1647 2 
1742 3 1744 3 1575 3 1948 4 
1651 4 2308 2 2273 3 192 2 
1650 4 1905 3 2307 3 
1653 1 508 2 1419 1 1663 2 
1652 1 1984 1 507 1 1418 1 
1366 2 1967 1 1655 1 2256 1 
1966 1 1654 1 1365 4 1656 2 
1657 2 1364 2 1969 4 1655 2 
1363 2 1968 2 1656 2 1032 2 
196 2 2259 3 2314 3 1804 3 
1422 1 2258 2 1664 2 
2262 1 1421 2 
2260 2 2315 2 2263 3 193 3 
1427 3 504 1 1663 2 1665 1 
1426 3 1662 2 1652 2 503 4 
506 2 1659 2 1425 4 1665 2 
1424 1 1662 1 505 1 1664 2 
816 2 1618 2 1899 2 2026 3 
1646 3 2255 2 1498 3 2063 3 
1762 1 1669 2 
787 3 1845 3 1761 4 1668 2 
1117 2 1691 3 1368 3 1278 1 
574 1 745 1 394 1 1407 1 
1678 4 1673 1 2095 2 442 2 
441 3 2094 1 1672 1 1554 2 
1678 4 1547 2 440 1 2097 2 
1072 3 259 3 1451 3 1676 3 
1764 2 1677 3 1068 3 1675 3 
1676 3 1059 2 
2096 4 1672 4 1674 4 439 4 
1555 3 1680 4 2091 2 446 3 
2090 4 1679 4 445 3 1377 5 
726 2 405 2 1682 3 1553 2 
725 2 404 2 1681 3 1548 4 
1684 2 932 2 
1038 2 1683 2 935 3 1685 4 
1686 4 934 3 1684 4 1037 3 
929 2 1685 4 1036 3 1687 2 
1686 2 1035 2 1688 1 928 2 
1312 2 931 2 54 3 1687 1 
2322 2 149 1 482 1 
787 4 1846 4 172 3 1759 4 
1116 4 1026 3 1670 3 1369 3 
2227 1 1693 2 1695 1 322 1 
1836 2 321 3 1692 2 1466 2 
1697 1 2235 1 1695 1 310 2 
2236 2 1694 1 309 1 1692 1 
2237 1 312 1 1697 1 1699 1 
1694 1 311 1 1696 1 417 1 
2233 1 1699 1 314 2 
313 1 1479 3 1698 1 1696 1 
1630 1 931 2 1701 2 1703 1 
1628 2 1142 2 749 3 1700 2 
1703 4 929 4 1632 4 1705 4 
1702 4 928 2 1631 5 1700 1 
1705 1 1538 2 935 2 1623 1 
1702 4 934 1 1704 1 1621 2 
1709 2 624 3 933 2 1538 3 
95 3 1593 3 1263 3 1958 2 
1614 2 1709 2 1532 2 
1706 2 1708 2 1613 2 
1961 4 1711 3 1574 5 1588 3 
1960 3 1710 3 1589 2 93 2 
870 5 936 2 948 3 917 3 
259 2 1905 1 2307 1 
1717 3 1280 2 275 2 1715 2 
1551 2 1279 2 274 1 1714 2 
1717 2 1719 1 271 1 1292 2 
1716 2 1714 3 270 3 178 5 
177 2 273 4 1721 2 1719 2 
1716 1 1718 2 176 1 272 1 
175 2 1723 2 267 1 1721 1 
174 1 1718 2 1720 1 266 2 
269 3 172 2 1846 3 1723 3 
268 3 1720 2 171 2 1722 3 
1205 4 2268 3 847 3 2275 3 
1453 1 2267 1 
1727 2 737 2 
1726 2 736 3 1730 3 
734 3 1056 2 1731 3 1729 4 
1858 4 1055 4 733 3 1728 4 
1727 3 732 3 1731 3 
1057 2 731 2 1728 3 1730 3 
1733 3 1638 1 1735 1 1888 2 
1732 3 1887 4 763 3 1637 3 
1886 3 1737 1 1640 1 1735 1 
1639 1 1885 2 1734 1 1732 1 
1892 1 1642 2 1737 1 1739 1 
1641 1 1734 1 1736 1 1891 3 
1741 2 1890 4 1739 2 1644 4 
1738 2 1736 1 1643 1 1889 1 
1822 1 1884 3 1741 1 1646 2 
1738 2 1883 1 1740 1 1645 1 
1574 3 1649 3 1588 1 1949 1 
2271 1 1213 2 943 1 1746 1 
1576 2 1951 3 1649 3 358 2 
1119 2 649 1 1916 1 1914 2 
942 1 1212 2 2274 3 1743 1 
17 2 1603 2 362 3 1748 1 
16 2 416 1 361 1 1747 1 
1750 4 1756 3 518 3 1530 4 
1749 4 1591 2 1531 3 517 2 
1752 3 1522 3 514 2 413 3 
1751 3 1523 3 1757 4 513 4 
1524 2 413 3 516 1 1863 1 
367 3 20 2 410 2 640 1 
1526 2 418 3 510 3 1756 2 
1749 3 1527 1 509 2 1755 2 
1752 4 418 3 512 2 1528 2 
24 2 414 1 363 1 416 1 
1609 4 1862 2 1760 2 1690 4 
1861 2 1761 3 787 2 1759 2 
1760 3 1762 3 1669 4 1860 3 
1761 3 1668 1 1859 2 
2270 2 2272 3 1208 2 938 3 
1676 2 259 2 
1102 4 964 4 260 4 258 3 
1248 2 1180 3 882 1 702 2 
652 3 654 3 627 3 
471 3 1773 4 1769 2 2324 3 
472 2 1768 2 2323 1 181 2 
1771 2 2326 2 475 2 1777 1 
476 2 1770 2 2325 2 1772 3 
1771 3 473 3 1773 4 2328 3 
2327 3 474 4 1768 4 1772 4 
2330 2 1775 2 1912 2 479 2 
1774 2 480 1 1776 1 2329 1 
477 3 1777 1 2332 1 1775 1 
478 2 1776 1 2331 1 1770 1 
1779 1 574 1 2090 2 1377 3 
2278 2 1778 1 573 1 1376 1 
1781 2 347 2 1121 2 2216 1 
1780 2 1120 3 346 2 1784 2 
1128 3 1785 2 1783 3 345 2 
1127 2 344 3 1788 2 1782 3 
1130 2 343 2 1785 1 1781 2 
1784 1 1782 2 342 2 1129 1 
1787 4 341 2 1124 3 1789 2 
340 4 1786 4 1924 3 1123 5 
1126 1 1783 2 339 1 1789 1 
338 3 1125 4 1788 1 1786 2 
907 4 656 3 1824 2 772 3 
222 5 2207 5 219 5 1803 4 
2066 1 1571 2 1793 1 1799 1 
1794 2 2065 1 1792 1 1570 2 
2064 2 1793 2 1573 2 1795 2 
1822 1 1646 2 2063 2 1794 2 
1801 3 1797 2 1567 3 2062 3 
1798 1 1796 2 2061 2 1566 2 
1797 1 1799 1 1569 2 2060 2 
2059 2 1792 1 1798 1 1818 1 
1801 2 2069 2 1326 1 1565 1 
1796 3 1564 2 1800 2 2068 4 
2411 5 65 3 2176 3 822 3 
2206 2 225 2 218 1 1791 4 
786 3 17 3 1805 3 1658 3 
784 2 1804 3 1812 2 16 3 
1183 2 332 2 1306 3 1807 2 
331 1 1182 3 1806 2 877 1 
1809 2 1177 3 1972 3 328 4 
1176 1 1808 2 888 2 327 1 
2117 2 19 2 875 2 879 1 
222 2 217 1 2209 1 1024 2 
25 2 2119 1 1805 2 1813 2 
1814 2 24 3 2118 2 1812 2 
1815 3 1813 2 23 2 883 2 
874 4 1814 3 988 3 22 4 
457 3 1819 2 1817 2 436 3 
456 2 1816 2 1572 1 435 1 
1569 2 1571 2 1799 1 2002 1 
1568 4 437 2 454 2 1816 2 
1821 1 571 2 432 2 1823 1 
1561 1 1820 1 431 2 452 1 
1740 1 1795 1 1573 1 2006 2 
450 2 1820 1 1572 1 433 2 
1848 2 771 2 1790 2 910 1 
1599 2 1832 4 1826 2 753 2 
752 1 1598 1 54 3 1825 2 
1828 3 1830 5 759 4 1911 4 
758 2 1827 3 1833 1 1910 3 
761 3 1908 2 1830 4 
1827 5 1906 3 1829 4 760 4 
1923 2 755 2 1834 2 1832 3 
1825 4 1922 3 754 3 1831 3 
1828 1 1921 2 1834 2 757 2 
1915 2 756 2 1833 2 1831 2 
1249 2 1838 1 1836 1 7 1 
8 1 1693 2 1248 2 1835 1 
9 1 1840 2 1838 1 1258 2 
1837 1 10 1 1835 1 385 1 
3 3 1842 4 1238 3 1840 4 
4 3 1837 2 1235 2 1839 4 
1844 1 5 1 1247 1 1842 2 
1839 4 1244 2 6 3 1841 2 
1345 3 191 2 1844 2 1 4 
1841 1 1843 2 2 1 190 1 
113 2 1847 3 1669 3 
1690 4 115 3 1722 3 1847 3 
1845 3 1846 3 114 2 787 3 
1824 2 909 3 2234 3 2164 3 
1850 1 1852 3 526 4 
1857 3 1849 1 525 2 
1852 3 1854 2 524 1 
523 4 1851 3 1849 3 
848 1 1856 1 1854 2 522 1 
521 3 1853 2 1851 2 
1997 2 520 3 850 2 1856 2 
849 2 519 1 1853 1 1855 2 
1850 3 1858 4 528 3 
851 2 1729 4 527 3 1857 4 
1860 2 1762 2 2192 2 
1859 2 1861 2 2191 1 1761 3 
1860 2 1760 2 1862 2 2197 2 
2196 1 1861 2 1759 2 1981 1 
1864 1 1353 1 1753 1 347 2 
1863 1 1354 3 1865 1 346 1 
1866 3 343 2 1864 1 1355 2 
1865 3 342 4 1356 3 1867 3 
1357 3 1868 2 345 1 1866 3 
1867 2 344 3 1869 3 1358 3 
339 2 1359 2 1870 2 1868 3 
1869 2 1871 3 338 3 1360 1 
1361 3 1870 3 1872 4 341 3 
340 3 1985 2 1362 3 1871 4 
1880 2 1535 1 
1474 3 1491 3 688 3 1634 2 
895 1 1876 2 2330 1 1995 2 
550 2 1556 2 1875 2 2329 2 
1878 2 1626 3 628 2 576 2 
1877 2 458 3 627 2 1879 1 
1880 2 1629 2 626 2 1878 1 
1627 3 625 2 1873 2 1879 2 
2324 3 1882 3 901 2 1560 2 
1881 3 2323 2 900 3 2018 3 
1884 3 1110 1 1890 3 1741 1 
1883 3 1740 3 2006 4 1109 4 
1888 3 1735 2 1886 4 1112 2 
1734 3 1111 5 1891 5 1885 4 
1733 4 1114 2 1888 3 2374 2 
1885 3 1113 3 1887 3 1732 2 
1892 1 1116 2 1739 1 1890 3 
1738 4 1883 3 1115 4 1889 3 
1118 3 1892 3 1737 3 1886 5 
1889 1 1736 1 1891 3 1117 2 
1935 1 912 2 2228 2 2375 2 
1433 3 1086 3 1286 3 1936 2 
815 1 1896 1 
814 2 1895 1 1897 2 
1617 2 813 4 1898 4 1896 2 
1897 4 1899 3 1616 3 812 3 
1619 1 817 1 1898 3 1666 2 
532 2 194 2 1901 2 1604 1 
193 3 531 2 1600 3 1900 2 
850 2 853 3 968 2 1903 4 
852 3 1902 4 849 4 1904 4 
848 2 1903 4 
1713 1 1651 3 
1830 3 1908 1 2243 2 1911 2 
1634 2 1909 3 1468 2 1500 3 
1829 2 1906 1 2139 1 
2232 2 1467 2 1907 3 1499 3 
1911 4 1054 4 1828 3 1921 4 
2141 2 1910 4 1827 4 1906 2 
1774 2 1913 2 2132 3 650 3 
651 3 2131 2 1914 3 1912 2 
1913 3 1745 2 648 2 2140 2 
1921 2 1834 2 1039 1 1923 2 
1745 1 1917 3 2142 2 646 1 
1918 3 1053 5 1916 3 647 3 
1917 3 1919 1 2136 1 644 2 
645 1 1918 1 2135 2 1920 3 
2138 3 386 3 642 4 1919 3 
1915 2 1833 2 1034 2 1910 4 
1599 1 1923 2 1832 3 1044 2 
1831 2 1922 2 1040 3 1915 2 
1787 3 204 1 905 1 
1932 1 1191 2 1349 1 1926 1 
1927 3 1350 1 1925 1 1190 1 
1926 3 1193 3 1351 3 1928 3 
1192 2 1352 1 1933 2 1927 3 
1 3 1187 1 1345 2 1930 2 
1931 2 1186 3 1346 2 1929 2 
1189 1 1930 2 1932 1 1347 2 
1348 3 1925 1 1188 2 1931 1 
1341 2 1928 2 1185 2 1934 3 
1342 3 1933 3 2077 2 1184 3 
2222 2 1893 1 738 1 911 1 
1073 1 1285 1 1894 2 1432 1 
2243 2 2261 3 
1583 3 1939 3 565 3 1945 3 
1940 2 1938 3 1582 3 564 2 
1939 2 1941 1 1585 2 563 2 
1584 2 1940 1 1946 1 562 1 
2088 1 1579 1 1943 1 561 1 
1944 1 1578 3 560 2 1942 1 
559 2 1581 2 1943 1 1945 2 
558 3 1944 2 1938 3 1580 3 
1941 1 1587 1 557 1 1947 1 
1946 1 34 2 556 1 1586 1 
1951 4 539 2 1949 2 1649 4 
712 1 1948 2 2241 1 1742 1 
358 2 1951 3 
1948 4 1744 3 2240 3 1950 3 
1959 1 1953 1 90 3 1213 2 
1952 1 1954 1 1212 2 84 1 
1211 1 1953 1 94 1 1955 1 
93 2 1960 3 1210 2 1954 1 
96 2 1957 4 2120 3 1209 2 
1958 3 1956 4 95 4 1208 4 
1957 3 1959 1 1707 2 1207 1 
1952 1 1206 2 1958 1 1263 2 
1205 4 1711 3 1955 3 1961 4 
1710 4 742 2 1960 4 1204 2 
2397 2 798 2 1965 3 1963 4 
2396 4 1962 4 785 3 1970 3 
2256 2 1965 3 1967 2 2395 3 
2253 2 1964 3 2394 3 1962 3 
1969 3 1655 1 2401 2 1967 1 
1654 1 1966 1 2400 1 1964 2 
1657 2 1969 4 2399 4 1171 2 
1966 3 2398 3 1968 4 1656 4 
1971 1 937 1 1963 3 
1970 1 2146 3 930 3 
1174 3 329 2 1808 3 877 2 
1984 1 890 1 1181 3 324 2 
1983 2 1975 2 2039 3 1608 2 
1607 1 1976 1 1974 2 2038 3 
1977 1 2041 1 1975 1 1606 3 
2040 1 1978 1 1976 1 1605 3 
1977 1 2035 1 1979 1 1612 2 
1978 1 1611 2 1980 2 2034 1 
2037 3 1979 2 1981 2 1610 2 
1609 3 1980 2 2036 2 1862 1 
2044 3 1983 2 2137 2 1602 2 
1974 2 2043 2 1982 2 1601 1 
1653 1 1973 1 323 2 1180 3 
1144 2 204 1 1872 2 
1027 3 1021 2 2310 2 1441 2 
726 4 1990 4 2142 5 1988 4 
1993 3 725 1 1053 3 1987 4 
1996 3 2140 2 728 2 1990 2 
1119 2 1987 4 727 2 1989 2 
722 3 2138 2 1994 3 1992 2 
721 2 1602 1 1991 2 2137 1 
1994 4 1988 3 724 3 2136 3 
1993 4 2135 3 723 2 1991 3 
2132 4 730 2 1996 3 1875 2 
1989 3 2131 2 1995 3 729 4 
1998 1 1855 2 658 3 1121 2 
1997 1 125 1 1120 2 657 1 
919 3 1565 2 2000 4 2417 3 
918 3 2003 4 1999 4 1564 3 
925 3 1569 3 2002 2 2004 3 
2007 2 2001 2 924 2 1818 1 
2000 4 1567 3 927 2 2004 3 
926 3 2003 3 2001 3 1566 3 
2008 2 1573 1 2006 2 921 2 
1884 4 920 3 1822 2 2005 2 
923 2 2002 2 1571 3 2008 3 
2005 2 2007 3 1570 3 922 4 
2174 3 2010 1 821 1 379 2 
378 1 2009 1 2011 2 820 1 
819 3 2012 2 2010 2 381 5 
2013 1 2011 2 380 2 818 1 
2012 1 2014 1 120 1 383 1 
382 1 2013 1 
86 3 349 3 2022 3 2016 2 
2017 2 348 2 85 2 2015 2 
2016 2 581 3 351 3 2018 3 
350 2 83 3 2017 3 1882 3 
2020 1 591 1 353 1 
2019 1 352 3 2021 1 89 1 
2022 2 88 2 355 2 2020 1 
2021 2 87 2 2015 3 354 2 
616 1 2030 2 2024 2 1435 3 
615 4 2025 3 2023 2 1434 3 
2026 3 1437 2 2024 3 614 3 
2025 3 613 4 1436 5 1666 3 
2028 2 1431 3 620 2 2032 3 
1430 1 2027 2 619 1 2029 1 
2030 2 1433 2 618 3 2028 1 
2029 2 617 2 2023 2 1432 2 
2032 2 1429 1 2183 3 622 1 
2031 2 1428 4 2027 3 621 3 
2042 3 1412 1 2045 2 1395 1 
2037 2 164 1 2035 1 1979 1 
165 2 1978 1 2034 1 2040 1 
2037 3 2196 2 162 3 1981 2 
1980 3 2034 2 2036 3 163 5 
2041 3 2039 4 168 4 1975 3 
2038 4 2043 3 169 2 1974 3 
1977 1 2041 1 2035 1 166 3 
2038 3 1976 1 2040 1 167 2 
2083 3 2033 3 1413 4 1396 3 
1983 2 160 2 2039 3 2044 3 
1982 3 386 2 161 2 2043 3 
2050 3 1394 5 2033 2 1415 2 
2049 2 2047 2 1025 3 1470 2 
2046 2 1469 2 1024 2 2209 1 
1262 2 2049 1 
2046 2 1030 1 2048 1 1261 2 
2045 3 1414 2 1393 2 2416 3 
2057 3 716 3 732 4 2052 3 
2053 2 715 1 2051 3 731 1 
714 3 734 3 2052 2 2054 3 
713 4 2053 3 733 2 1087 3 
2056 2 735 1 719 1 
2055 2 718 2 737 3 2057 2 
736 2 717 3 2051 3 2056 2 
712 1 2241 1 
1799 2 51 3 2066 2 2060 3 
50 2 1798 2 2061 3 2059 3 
2062 3 1797 2 53 3 2060 3 
2061 3 2068 4 52 2 1796 3 
47 3 2064 2 1795 2 1667 3 
1794 2 2063 2 46 2 2065 1 
1793 1 2064 1 301 1 2066 1 
1792 1 2065 1 300 3 2059 2 
655 2 1154 3 108 3 915 2 
39 3 2069 4 1801 4 2062 4 
2068 4 1800 2 2344 4 38 2 
1000 1 2071 1 2079 1 1518 1 
1519 2 2070 1 2072 1 999 3 
2071 1 1002 1 375 2 1520 1 
1438 3 2345 3 699 4 2335 3 
2075 4 1514 4 1004 4 375 5 
2074 4 2076 1 1003 1 1515 2 
2075 1 1006 2 2077 1 1516 1 
1517 1 2076 1 1934 2 1005 3 
2079 2 1512 2 1008 2 467 3 
2078 2 2070 1 1007 1 1513 1 
1399 2 2210 2 1408 2 2318 3 
2336 2 1325 2 1318 3 2082 2 
1324 2 2081 2 1317 1 2347 2 
2318 3 2042 3 1397 1 1410 1 
2276 2 2085 2 853 3 
852 1 2084 2 
390 3 2089 3 2087 3 1406 2 
1405 2 2086 3 389 3 
1404 3 2089 2 1942 1 388 3 
2088 2 2086 3 1403 3 387 2 
1680 4 2091 2 781 2 1778 2 
2092 1 2090 2 780 2 1679 2 
2091 1 1555 2 2093 2 779 1 
2092 2 778 3 2094 2 1554 3 
777 3 1673 1 2093 2 2095 2 
2096 2 776 2 1672 2 2094 2 
1678 4 2095 2 2097 2 775 1 
2096 2 774 3 2098 2 1674 2 
2099 2 2097 2 1547 2 783 1 
1546 2 2098 2 205 4 782 3 
676 2 631 2 2101 1 649 1 
2100 1 669 1 630 2 648 1 
2103 3 220 3 643 3 637 3 
2102 3 642 2 636 2 2104 2 
635 2 2105 3 645 2 2103 2 
2104 3 634 3 644 3 673 2 
2107 2 1018 3 1527 2 2121 2 
2106 2 2108 1 1526 1 1017 1 
2109 2 2107 1 1529 3 1016 2 
1015 3 2108 2 1528 2 2110 3 
1014 3 2109 3 2111 2 1523 2 
1522 3 1013 1 2110 2 2112 1 
2113 2 1525 2 1012 2 2111 1 
2112 2 1524 3 1011 2 2298 2 
2117 2 875 2 2115 2 1231 1 
2114 2 874 3 1230 3 988 2 
1229 3 2117 3 879 2 235 4 
1810 2 2114 2 1228 2 2116 3 
1227 1 2119 1 1813 2 883 2 
784 1 1812 1 2118 1 1226 2 
1531 3 1010 3 1956 3 2121 2 
1009 1 1530 2 2106 2 2120 2 
867 2 1096 1 906 1 953 1 
801 2 2124 1 2130 1 154 1 
2125 2 800 2 153 1 2123 1 
2124 2 802 3 152 3 2126 2 
151 3 482 1 2125 2 
158 5 2128 5 804 5 1401 5 
803 2 2127 5 157 3 2129 1 
156 1 806 2 2128 1 2130 1 
805 1 2123 1 155 1 2129 1 
2132 3 1996 2 1913 2 2140 1 
2330 3 1995 4 2131 3 1912 3 
1044 3 2134 3 538 3 1599 2 
1598 2 2133 3 537 2 253 2 
1994 3 1919 2 2136 2 2138 2 
1053 3 1918 1 2135 2 1993 3 
2138 1 386 1 1992 1 1982 2 
1920 3 1991 2 2137 1 2135 2 
2243 2 1908 1 
1119 2 2131 1 1989 2 1914 2 
2261 3 1911 2 2243 2 1054 2 
1053 4 1987 5 1916 2 1119 3 
2144 1 1489 1 
2143 1 2151 2 1488 2 
1485 2 2148 1 2146 3 2195 1 
1971 3 2145 3 1484 4 
2194 4 2150 4 2148 3 1487 3 
2145 1 2147 3 1486 1 2193 1 
2152 1 2150 2 1481 1 
1480 2 2147 4 2198 2 2149 2 
1483 2 2144 2 2152 2 
2149 1 2151 2 1482 4 
73 2 2154 1 2379 2 1197 2 
2153 1 72 1 1196 1 1635 1 
2156 3 953 2 1104 3 276 3 
2155 3 952 3 2157 2 1103 2 
1106 1 951 3 2156 2 2158 2 
2159 3 1105 3 2157 2 950 2 
2158 3 949 2 1100 2 1173 2 
481 2 905 2 124 2 
1173 3 1102 4 947 3 2162 4 
946 4 1101 2 2163 2 2161 4 
2164 2 945 2 2162 2 1108 2 
944 3 2163 2 1107 3 1848 3 
2274 4 135 2 942 2 835 4 
1632 2 2173 2 2167 2 244 3 
1631 5 2168 2 243 2 2166 2 
246 2 2167 2 2169 3 1630 2 
1628 2 245 2 2168 3 2391 4 
2171 3 624 4 2175 3 240 3 
2170 3 623 2 239 1 2172 1 
2173 1 242 2 2171 1 1623 1 
2172 1 241 2 2166 2 1621 2 
2009 3 238 5 2175 3 1614 3 
2170 3 1613 2 2174 3 237 2 
672 2 1802 3 144 2 230 1 
1193 3 2180 4 2319 4 2178 3 
1243 2 1192 2 2187 2 2177 3 
2182 1 1246 1 2180 2 1191 2 
1190 2 2177 4 2179 2 1245 2 
2184 2 2182 2 1240 3 1189 2 
2179 1 1188 2 2181 2 1239 1 
2031 3 1242 4 2184 3 1187 3 
1241 2 2181 2 1186 2 2183 3 
232 2 142 1 2188 2 2190 2 
1051 3 2388 2 2390 4 999 4 
1237 3 1185 2 1264 2 2178 2 
231 2 1647 2 2185 2 141 4 
641 1 234 2 2190 2 140 1 
139 2 233 3 2189 2 2185 2 
1860 1 306 2 2197 1 2192 1 
307 1 1859 2 2191 1 
2195 1 2194 2 2148 1 
2147 4 2198 2 2193 2 
2193 1 2145 1 
1862 1 304 1 2036 2 2197 1 
2196 1 1861 2 305 1 2191 1 
2194 2 2150 2 
602 3 320 3 998 3 1061 4 
2201 2 1284 3 2404 3 834 3 
2202 2 2200 2 1283 2 833 1 
2201 2 224 4 1288 4 2203 2 
1287 1 223 2 2204 1 2202 2 
2205 2 2203 1 1286 2 226 1 
2204 2 225 3 2206 3 1285 2 
1803 2 2207 3 2205 3 179 4 
1791 5 2206 3 2208 3 1291 3 
222 3 1290 2 2207 3 2209 2 
1811 1 1289 2 2047 1 2208 2 
1409 2 1400 3 2080 2 459 2 
2286 4 145 4 580 4 567 3 
1234 2 524 1 1460 1 512 1 
2219 2 773 1 1472 1 750 2 
1234 2 526 4 2215 2 510 2 
525 3 509 3 2214 2 1463 4 
2217 4 516 1 520 2 1780 1 
2216 4 519 4 515 4 2218 4 
1460 1 514 2 2217 4 522 1 
2213 2 738 2 1471 3 2222 3 
2224 3 534 2 
530 2 2418 3 1464 1 14 1 
1935 2 2228 3 1474 3 2219 3 
12 2 1464 1 2224 3 532 2 
2220 3 2223 3 13 3 531 3 
2246 1 2226 1 1644 3 1498 2 
2245 1 1465 2 1643 1 2225 1 
1692 1 1466 1 817 1 2236 2 
762 3 2222 3 1473 2 1893 2 
2250 2 2230 4 1558 1 1640 1 
2229 4 2249 5 2231 5 1639 4 
2232 2 2252 2 2230 5 1638 2 
2231 2 1909 2 1637 1 2251 1 
1479 3 1698 1 
771 3 1476 2 1848 3 944 3 
2236 2 1694 1 417 1 813 3 
2235 2 1695 2 812 2 2227 2 
815 1 1696 1 1479 3 417 1 
770 4 768 1 290 1 35 3 
34 4 2242 3 293 3 556 3 
1951 3 539 1 
539 1 1949 1 2058 1 
770 4 2239 3 33 1 292 2 
2139 2 1937 2 2141 2 1906 2 
903 1 119 2 1133 4 428 1 
2226 1 2248 1 2246 1 598 1 
2225 1 2245 1 597 1 2254 2 
2248 1 2250 2 596 1 1558 1 
2245 1 595 1 2247 1 1465 2 
602 2 2230 5 2252 2 2250 3 
2229 2 601 2 2247 2 2249 3 
2252 1 1499 2 2232 1 600 1 
2231 2 2251 1 2249 2 599 2 
1965 2 798 1 1368 3 2256 1 
2255 2 1498 3 594 2 2246 2 
1667 2 2254 2 593 3 47 2 
1964 2 2253 1 1367 2 1654 1 
2296 3 536 3 1054 4 2261 5 
1659 2 1423 3 2262 2 
1658 3 2313 2 2260 2 195 3 
194 2 2316 1 1661 2 2259 2 
2295 4 2141 3 2257 5 1937 3 
2258 2 1420 2 1660 1 
2310 2 1661 3 2264 2 200 3 
199 2 2269 3 2263 2 2309 1 
2266 2 1456 2 2277 2 
2265 2 1455 1 2267 1 
1454 2 1725 1 2266 1 
1724 3 1204 1 336 1 846 2 
2273 4 2264 3 198 3 2312 3 
1763 2 1207 2 2271 2 941 4 
1743 1 2270 2 1206 2 940 3 
27 3 1209 3 1763 3 939 3 
2311 4 2269 4 197 3 1650 3 
1211 3 2165 4 2275 3 1746 3 
835 3 2274 3 1724 3 1210 2 
2277 1 2084 2 1462 3 
2276 1 2265 2 1461 3 
1779 2 2279 2 555 3 1373 2 
554 3 2278 2 570 1 
472 2 592 2 2281 1 369 1 
471 2 2280 1 590 2 2282 2 
2283 2 474 3 453 3 2281 2 
2284 2 2282 2 569 1 473 2 
2283 2 2285 2 568 4 476 2 
567 2 2286 3 2284 2 475 2 
2211 4 2285 3 2287 3 478 4 
580 3 2286 3 2288 2 477 3 
575 2 2287 2 2289 2 480 2 
479 1 76 1 572 2 2288 2 
538 2 2292 1 
1041 2 2294 1 2292 1 
2290 1 2291 1 533 2 
2296 1 2294 1 536 1 
2293 1 535 2 2291 1 
2261 4 2296 2 
2257 3 2295 2 2293 1 
2298 1 1587 1 2304 1 1354 3 
2297 1 1353 1 1586 1 2113 2 
1360 1 2302 1 2300 1 1581 2 
1359 1 2305 2 1580 2 2299 1 
55 2 2302 2 1579 2 1362 3 
1361 1 2299 1 2301 2 1578 3 
1585 2 1356 1 2304 1 2306 2 
1355 2 1584 2 2303 1 2297 1 
2300 2 1358 3 2306 3 1583 3 
1357 4 2305 3 1582 3 2303 2 
1713 1 1651 3 2308 1 1031 2 
1293 3 1650 2 2307 1 2311 3 
2310 1 2312 1 1027 2 2264 1 
2263 2 2315 1 2309 1 1986 2 
2273 4 2312 3 1098 3 2308 3 
2309 1 2311 3 2269 3 1277 1 
1023 1 2316 1 2259 2 2314 2 
1658 3 786 3 1275 2 2313 2 
2310 1 2316 1 1661 2 1021 1 
2315 1 2260 1 2313 1 1058 2 
71 3 286 2 
2083 3 1411 4 1398 3 2080 3 
62 3 2177 4 1245 2 1243 3 
809 2 2402 3 634 3 2408 4 
632 2 2408 4 2406 4 789 2 
1689 2 654 3 
1882 2 83 2 2324 2 1769 1 
1881 3 2323 2 2327 2 1768 3 
247 2 1771 2 2328 2 2326 2 
1770 2 2325 2 2331 2 1563 2 
1773 3 1560 1 2324 2 2328 2 
2325 2 1559 3 1772 3 2327 2 
1876 2 2332 1 2330 1 1775 1 
1774 2 2132 3 1875 1 2329 1 
2326 2 1557 2 2332 1 1777 1 
2329 1 2331 1 1776 1 1556 1 
2340 1 698 2 1441 1 2334 1 
2335 2 697 1 1440 1 2333 1 
2334 2 1439 2 700 4 2073 3 
1321 1 2081 2 1330 1 
1122 2 1445 2 2338 2 694 3 
1444 2 2339 1 693 1 2337 2 
2340 1 696 1 2338 1 1443 2 
695 2 2333 1 1442 3 2339 1 
1314 1 1329 1 2348 2 2342 2 
1313 2 1328 4 2341 2 2343 2 
1316 1 2342 2 1327 2 2344 3 
1315 3 1326 3 2069 4 2343 3 
1452 3 2073 3 2346 2 686 2 
685 2 1451 2 1072 2 2345 2 
1320 4 2082 2 2348 3 1323 4 
1322 3 1319 3 2341 2 2347 3 
2352 3 1330 1 2393 2 
2351 2 2413 1 1323 3 2353 1 
2350 2 2412 3 1322 3 2356 2 
2409 3 2349 3 2353 3 1325 3 
1324 2 2403 1 2352 3 2350 1 
1327 4 2357 3 2355 3 203 3 
1565 1 1326 1 2417 2 2354 3 
2415 1 2357 1 2351 2 1329 1 
2354 3 2414 2 1328 3 2356 1 
2359 4 1301 4 1332 2 
2360 5 2358 4 1331 4 1300 3 
2359 5 1299 4 2361 4 1334 4 
2360 4 1333 2 1298 3 2362 2 
1297 2 2363 1 1336 1 2361 2 
2362 1 1335 2 2364 2 1296 2 
2365 3 2363 2 1338 4 1295 2 
2364 3 863 3 1294 3 1337 2 
1295 3 1316 3 2369 3 2367 4 
1294 3 2366 4 1315 2 420 2 
2369 2 1297 3 1314 2 2371 3 
2368 2 2366 3 1313 1 1296 2 
1320 3 1299 2 2373 4 2371 2 
1298 3 2368 3 1319 3 2370 2 
2373 5 1318 3 1301 4 
2370 4 2372 5 1300 4 1317 4 
916 2 763 1 2375 2 1887 2 
762 3 915 2 2374 2 1893 2 
1043 3 1254 4 2377 3 1008 2 
1042 3 2390 4 2376 3 1007 2 
2381 2 2379 3 75 3 1195 2 
1194 2 74 3 2153 2 2378 3 
69 3 1201 4 2383 3 2381 3 
1200 1 68 1 2378 2 2380 3 
2383 1 71 3 1199 3 
2382 1 70 1 2380 3 1198 1 
1006 2 2385 2 1046 2 2387 1 
1264 2 2384 2 1005 4 1045 2 
2387 1 1004 1 2389 3 1048 4 
1047 2 2386 1 2384 1 1003 1 
2389 3 2186 2 1050 1 1002 1 
2388 3 2386 3 1049 3 1001 3 
1052 3 2186 4 2377 4 1000 3 
66 3 1635 3 1202 4 2169 4 
158 1 2416 2 1416 2 1401 1 
2409 2 2349 2 
78 2 2397 2 1965 3 2395 3 
2400 2 77 4 2394 3 1964 3 
2397 2 1963 4 
2394 2 2396 2 1962 2 
1969 3 80 2 2399 3 2401 2 
138 3 1968 4 79 3 2398 3 
2401 2 2395 2 82 1 1967 1 
2400 2 1966 2 81 3 2398 2 
2405 3 810 2 2320 3 635 2 
2353 1 2409 1 2413 1 
2200 3 2405 3 808 3 637 2 
2402 3 2404 3 807 2 636 3 
2407 3 631 4 2321 4 11 3 
2406 3 799 2 2410 1 630 2 
2321 4 795 3 633 4 2320 4 
2352 3 2403 1 2393 2 
2411 3 639 3 2407 1 822 1 
2410 3 1802 5 638 3 144 4 
2351 3 2415 2 2413 2 1387 3 
2350 1 1386 2 2412 2 2403 1 
2357 2 1389 3 2415 2 203 2 
2412 2 2356 1 2414 2 1388 2 
1402 2 2050 3 2392 2 1417 2 
1391 2 2355 2 1999 3 203 2 
188 3 2221 3 2419 3 362 5 
189 2 2418 3 361 1 2420 2 
364 4 2419 2 186 3 2421 2 
2422 1 2420 2 363 1 187 2 
2421 1 2423 2 184 4 366 1 
2422 2 2424 2 365 3 185 3 
2423 2 2425 1 182 1 368 2 
2424 1 183 2 367 3 2426 1 
180 2 370 2 2427 1 2425 1 
369 1 2426 1 472 2 181 2 
