8
8
8
8
8
1
1
1
1
1
26
25
35
16
15
15
15
16
16
16
16
16
16
45
45
45
45
45
45
7
7
8
8
1
8
1
1
0
1
36
9
11
9
9
9
9
9
9
23
34
34
15
15
16
15
11
11
17
16
11
17
11
11
34
34
23
2
41
2
2
2
41
42
2
2
42
42
37
41
42
2
2
49
49
28
28
28
28
28
17
17
17
17
17
12
12
12
20
20
14
14
9
9
9
9
9
9
9
9
9
40
40
40
40
37
40
40
40
40
32
32
33
33
32
32
32
32
33
33
28
27
28
28
28
28
28
28
28
42
12
21
21
24
24
10
10
21
21
24
24
30
30
30
30
5
30
30
30
30
30
44
45
44
45
45
44
44
16
16
16
16
15
15
15
15
16
16
2
0
0
0
0
3
3
3
3
3
3
42
42
30
30
28
28
42
42
28
28
42
28
28
22
43
22
21
49
22
25
43
13
14
14
18
49
45
45
5
5
5
5
4
4
4
4
2
2
45
18
6
6
6
8
6
6
6
6
8
8
25
25
40
37
42
26
26
27
27
27
27
26
27
27
27
42
26
27
27
27
27
27
27
30
26
26
18
27
27
27
27
27
49
27
5
26
4
4
5
26
2
2
4
4
49
35
36
36
36
35
35
35
35
35
41
41
41
41
41
41
41
41
4
16
4
4
4
16
19
15
34
27
27
27
27
26
34
26
26
34
34
35
35
36
36
35
35
35
35
35
35
2
12
24
12
12
21
21
24
21
21
21
17
17
17
17
15
17
15
15
17
20
43
41
41
41
41
41
41
41
41
9
9
9
9
11
11
35
35
41
41
41
41
41
41
41
41
36
14
14
35
14
35
35
35
37
37
22
39
39
39
39
39
37
37
28
28
28
28
28
28
28
28
27
37
37
38
38
38
38
38
38
38
38
39
39
39
39
38
38
38
38
37
37
9
9
9
9
9
9
9
9
9
6
6
6
6
7
7
6
6
7
7
5
30
30
30
30
30
30
30
30
30
10
10
25
10
10
10
10
9
10
10
10
28
0
24
24
24
0
0
0
0
35
35
35
35
36
36
35
36
18
15
15
44
44
44
44
44
44
44
44
8
8
6
6
6
6
6
6
8
6
16
13
13
13
13
14
14
14
14
13
15
20
11
11
12
12
11
11
11
11
12
12
42
42
42
37
42
42
42
42
42
42
26
26
8
8
8
6
14
6
13
6
13
6
40
40
37
40
40
42
40
40
15
42
49
12
12
11
11
11
11
12
12
11
11
44
4
22
22
22
22
22
1
22
22
22
22
26
27
27
27
27
26
26
19
20
19
19
19
19
19
19
19
19
19
19
19
45
19
19
19
19
46
46
46
46
46
46
46
46
4
4
2
2
4
5
4
4
5
5
0
0
8
8
7
8
7
7
0
0
27
27
27
29
26
27
27
27
26
26
49
49
43
43
43
21
21
21
21
24
43
24
24
10
10
0
0
8
8
7
7
7
7
0
0
36
26
36
36
36
36
36
36
29
29
27
26
26
26
26
26
40
40
40
40
40
40
40
40
43
37
37
39
39
39
39
22
39
24
37
24
17
17
17
17
17
15
15
15
20
20
25
26
26
8
8
8
8
1
1
2
45
1
1
31
31
45
3
3
3
3
29
29
31
29
21
21
24
24
21
21
12
12
24
12
30
29
29
29
5
5
5
30
29
29
39
39
39
39
39
39
39
39
37
37
1
1
1
8
1
1
8
8
8
8
34
34
34
34
34
34
29
29
30
29
30
30
5
30
5
5
23
46
43
22
2
42
21
21
22
47
12
12
12
21
21
21
21
24
24
32
0
0
0
0
24
0
24
24
37
19
45
47
37
45
42
42
42
42
42
42
26
26
40
40
7
7
42
19
40
40
6
6
42
6
7
7
6
7
29
29
30
30
5
5
29
30
30
30
7
7
7
7
9
9
9
7
7
25
25
25
25
25
25
29
29
25
25
3
1
3
3
1
1
1
1
3
3
22
22
22
21
22
22
22
22
22
22
34
34
31
31
31
31
34
25
25
25
21
22
22
22
22
22
22
22
22
22
25
25
25
25
25
25
29
29
25
25
46
46
46
46
46
46
46
46
19
19
19
35
19
19
20
19
35
35
36
36
35
35
35
38
19
19
19
19
19
21
19
19
24
39
39
31
31
31
31
25
25
34
34
34
34
25
25
25
25
25
25
29
29
25
25
29
29
25
25
25
25
26
25
25
26
1
1
39
39
19
19
19
19
21
19
19
19
12
12
14
11
11
11
12
12
14
14
1
1
44
44
44
44
44
40
40
40
17
9
9
9
9
9
9
9
9
9
41
41
41
41
41
41
41
41
15
15
16
6
0
30
14
14
28
6
42
13
10
6
10
13
0
16
7
15
5
5
5
5
20
29
29
29
17
17
17
17
13
15
17
17
29
29
5
5
30
5
30
30
29
30
2
2
8
8
8
2
2
42
2
2
35
40
40
40
40
40
40
40
43
43
35
39
39
39
22
37
37
39
39
37
37
7
37
37
28
3
3
3
3
31
31
31
3
42
31
31
42
28
29
29
29
29
29
42
5
5
5
5
45
45
45
45
45
37
37
38
38
38
38
38
38
39
39
25
37
37
39
39
39
39
39
39
39
39
11
11
11
11
46
46
11
11
14
14
32
32
33
33
36
36
33
36
36
36
36
36
15
34
34
31
31
29
31
25
34
25
25
24
23
22
32
0
0
0
0
24
24
24
24
25
25
25
25
29
29
13
31
13
13
13
13
34
34
14
14
5
5
4
1
1
1
5
4
4
4
3
3
1
1
1
21
3
36
3
3
3
39
39
19
19
21
19
22
22
22
22
4
44
43
44
44
40
44
40
40
40
5
5
4
4
4
4
4
4
4
14
46
46
46
46
46
46
46
46
45
46
28
28
28
28
4
28
28
28
26
26
5
5
0
16
16
16
16
0
15
7
15
7
30
49
49
48
48
48
49
16
16
48
48
29
29
29
29
29
29
3
3
29
3
23
32
32
32
32
0
0
37
37
10
10
0
10
7
7
7
7
14
41
18
18
46
18
18
18
33
12
21
32
36
36
36
36
36
38
36
36
19
37
37
39
39
37
37
39
39
39
39
48
47
48
48
48
48
48
22
32
46
46
36
11
11
45
45
11
11
14
17
21
17
17
12
12
12
12
48
48
48
48
20
20
33
33
33
33
33
33
32
32
36
36
16
43
18
43
49
49
23
24
24
24
24
0
0
0
0
0
44
44
43
43
43
43
47
47
47
49
18
1
1
1
1
4
4
5
5
5
18
18
32
32
32
32
32
33
33
33
36
36
36
36
33
33
33
33
31
31
33
33
8
6
8
8
31
31
31
31
33
34
33
33
34
34
29
20
3
3
1
1
1
1
3
3
3
3
22
29
29
29
18
49
18
18
18
18
20
20
20
18
6
47
47
47
47
47
47
47
47
47
45
8
11
11
11
11
11
12
12
12
12
12
44
47
47
47
47
47
47
47
47
47
5
5
4
5
4
4
4
4
1
1
46
46
46
46
46
46
46
46
43
46
20
20
17
17
13
17
17
17
17
17
47
47
47
47
47
47
47
44
44
44
2
46
45
47
47
47
46
46
46
46
46
35
35
12
12
12
12
14
14
14
14
14
14
14
14
14
14
13
13
13
13
13
13
12
12
14
14
14
14
13
14
12
13
46
46
47
46
47
47
47
47
45
47
32
32
15
15
16
16
16
16
23
23
23
23
23
23
32
31
49
48
48
48
48
48
16
16
43
43
49
49
19
19
20
20
20
20
20
20
19
19
2
8
8
8
1
2
2
2
1
1
38
43
26
23
23
23
23
23
23
49
49
49
49
43
43
43
43
31
31
31
31
31
23
23
23
23
3
37
37
38
37
38
38
38
38
38
38
31
3
31
31
3
3
3
3
31
31
37
37
38
38
38
38
38
38
37
38
43
43
43
43
49
49
49
49
8
8
8
8
43
37
1
8
2
2
2
2
2
2
2
2
6
43
43
43
43
43
43
49
49
49
49
48
48
48
48
49
48
48
49
49
48
48
48
48
48
48
48
4
16
12
12
12
12
21
21
21
21
21
21
34
26
2
2
2
2
2
2
2
2
34
13
13
13
13
13
13
14
14
14
14
48
48
48
48
48
48
26
49
48
46
46
48
41
41
41
41
41
41
41
12
12
12
33
17
17
21
21
32
21
32
32
33
33
32
33
17
17
17
17
17
13
17
6
20
20
45
44
45
45
45
45
45
15
15
15
41
41
41
41
41
41
41
41
7
7
7
7
7
9
9
9
9
7
7
7
7
6
6
6
7
7
6
37
37
45
45
45
45
38
38
38
38
37
38
38
38
6
8
48
48
8
8
37
7
49
18
7
18
18
18
16
18
18
18
18
18
49
18
18
16
18
18
18
18
18
20
20
20
20
20
20
18
18
18
18
6
6
6
6
7
7
18
18
18
44
20
20
20
20
35
47
49
47
47
44
34
34
44
44
44
44
44
44
44
44
47
47
44
47
47
47
47
47
44
44
35
35
35
35
34
34
34
34
5
26
26
5
4
5
44
38
38
38
18
38
38
38
38
37
37
8
8
45
45
45
45
47
2
4
35
32
32
23
34
23
23
23
21
23
35
27
26
27
27
27
27
30
27
18
26
26
28
28
4
4
4
4
4
10
10
7
10
10
10
10
10
0
0
32
32
23
23
23
23
23
23
23
23
28
23
31
31
31
23
23
23
23
26
26
2
32
32
18
26
26
27
27
27
26
30
27
27
27
31
31
28
3
3
3
3
31
31
3
31
49
49
49
49
43
43
43
4
11
43
43
44
43
43
43
43
43
43
49
49
49
49
32
32
23
32
23
23
23
23
23
23
49
49
48
48
49
48
48
16
48
48
24
24
21
21
10
10
24
24
21
21
27
30
34
34
34
34
34
34
16
16
15
15
15
16
16
16
16
16
27
11
11
11
11
11
11
1
18
20
20
20
18
20
20
20
26
20
20
20
20
19
19
20
20
19
19
44
44
44
11
44
44
44
44
20
20
17
17
17
17
13
13
17
17
10
24
24
24
24
24
24
24
21
21
28
28
28
28
28
28
6
45
45
45
45
45
45
45
24
24
24
24
0
0
24
0
23
24
6
36
36
32
32
32
32
33
33
33
32
6
33
33
33
33
33
33
32
32
27
28
36
36
30
30
30
30
30
30
6
30
28
28
34
34
33
33
33
33
31
31
33
31
15
15
18
18
16
16
16
16
16
16
6
49
18
15
15
15
15
3
3
3
3
0
3
0
0
0
0
34
34
34
32
32
33
32
33
33
33
33
36
36
10
10
10
11
11
11
11
11
10
10
35
35
35
35
36
36
36
35
15
15
15
15
13
15
15
13
15
13
13
40
40
40
40
40
37
40
40
42
42
4
4
5
5
2
2
35
4
5
5
42
42
37
42
42
42
42
42
42
13
13
13
13
14
14
14
14
12
12
13
13
13
13
13
13
14
14
14
14
10
10
10
9
10
10
10
10
10
10
22
22
21
22
22
22
22
22
32
32
10
10
9
10
10
10
10
10
10
10
42
