2439 4735 001
890 3 2221 2 2 1 2347 1 
2346 1 1 1 3 3 1958 3 
4 3 2345 3 2 3 892 3 
3 3 2344 1 1651 1 17 2 
992 1 6 2 
267 2 5 2 991 3 2226 4 
1241 1 2002 2 8 2 172 2 
1240 2 2001 2 21 3 7 2 
990 3 268 3 10 3 16 4 
9 3 989 2 
1998 2 22 3 12 3 1247 2 
496 4 1997 2 23 2 11 3 
14 2 986 4 270 5 1065 5 
13 2 985 2 269 2 15 4 
16 4 272 3 14 4 984 5 
983 2 271 3 15 4 9 4 
886 4 2351 2 4 2 18 2 
885 1 1295 1 19 1 17 2 
2349 2 20 1 1648 2 18 1 
2348 1 1647 2 19 1 316 2 
504 2 1996 3 8 3 22 3 
11 3 500 3 1995 2 21 3 
1768 1 12 2 24 1 1992 2 
30 2 23 1 487 2 1991 1 
760 1 1017 3 28 1 26 2 
1986 3 31 2 759 2 25 2 
28 2 758 2 2017 2 38 3 
25 1 757 1 27 2 1988 1 
146 2 1957 3 144 2 756 4 
24 2 1994 3 1243 2 36 3 
754 1 146 1 26 2 1794 2 
747 4 145 4 339 4 33 3 
1181 2 32 3 750 1 34 2 
354 3 35 4 33 2 749 3 
34 4 1163 5 151 3 752 3 
2220 3 1242 3 30 3 1993 2 
762 2 579 3 38 3 1859 3 
761 4 1365 2 37 3 27 3 
204 3 40 1 42 3 110 2 
39 1 45 1 583 2 404 1 
48 3 872 4 42 5 112 3 
41 5 111 3 39 3 194 4 
590 4 46 2 383 2 44 2 
1169 1 368 3 113 2 43 2 
46 1 40 1 185 3 116 2 
43 2 45 1 115 1 184 1 
48 1 468 2 224 1 120 1 
41 3 215 3 47 1 119 3 
1473 4 65 3 1006 4 260 3 
1053 3 1674 3 51 3 64 4 
1874 2 50 3 1673 2 1341 1 
817 2 265 1 266 2 1008 2 
490 2 1415 4 1194 3 1540 3 
55 2 1014 3 266 3 819 2 
818 3 54 2 56 3 1013 1 
55 3 57 3 821 4 1012 3 
58 4 56 3 1011 2 820 2 
57 4 823 5 59 5 1016 4 
822 2 58 5 1015 2 2266 2 
1671 1 61 2 
1666 3 60 2 62 3 
1665 3 61 3 63 4 
1668 4 62 4 64 4 
1667 2 50 4 63 4 
1005 1 259 1 49 3 66 2 
262 2 1912 2 1004 2 65 2 
68 2 1229 2 2051 1 257 1 
67 2 71 2 478 3 2050 3 
1180 1 2160 2 943 1 
72 2 2057 3 1246 3 
68 2 2059 1 1248 1 72 1 
70 2 1249 3 2058 3 71 1 
75 2 2383 2 622 1 746 1 
1446 2 381 3 1518 2 1403 2 
73 2 745 3 2384 3 2378 2 
1069 2 79 2 507 2 77 3 
1663 2 506 3 76 3 82 3 
79 2 509 4 85 3 2290 2 
76 2 78 2 2293 2 508 1 
81 3 511 1 83 1 2315 3 
80 3 2311 3 2316 3 510 5 
513 3 77 3 1675 3 83 2 
2314 2 80 1 512 2 82 2 
515 3 85 2 287 4 1746 1 
1949 4 514 3 84 2 78 3 
641 4 100 4 87 3 2207 4 
883 1 2206 1 86 3 99 1 
130 2 828 3 89 2 1548 2 
129 1 827 2 88 2 541 1 
2107 1 552 1 385 1 2130 3 
435 3 92 2 
434 2 91 2 93 1 
437 3 94 1 92 1 
95 2 93 1 436 3 
94 2 432 3 96 2 
95 2 431 2 
98 1 835 2 128 1 542 2 
127 1 97 1 834 2 529 1 
102 4 2310 1 100 2 87 1 
2311 2 86 4 2316 2 99 2 
2308 2 102 5 884 3 104 3 
101 5 883 4 99 4 2309 5 
104 2 2306 2 106 2 482 3 
103 2 889 2 101 3 2307 3 
484 4 2304 5 108 5 106 5 
483 2 2305 2 103 2 105 5 
486 2 1803 2 108 3 2302 2 
2303 3 107 3 485 3 105 5 
599 3 585 3 771 3 
111 2 583 3 39 2 1747 2 
112 1 110 2 42 3 1735 3 
111 1 1732 1 119 3 41 3 
590 4 2370 5 1793 3 44 2 
588 2 767 3 1135 2 2170 1 
116 2 1770 2 46 1 590 3 
583 3 115 2 1753 3 45 2 
764 2 118 2 2358 1 2175 2 
117 2 2174 4 588 3 763 3 
120 3 48 3 2222 3 112 3 
2347 1 119 3 47 1 2221 2 
246 1 531 1 122 3 124 3 
127 3 529 3 245 3 121 3 
244 1 2368 3 124 3 540 1 
537 3 123 3 243 4 121 3 
128 2 242 3 542 3 126 4 
241 3 541 3 129 3 125 4 
122 3 98 1 240 1 128 1 
125 2 239 2 97 1 127 1 
89 1 130 1 248 1 126 3 
88 2 1010 2 247 2 129 1 
851 2 132 1 1306 1 
2392 1 1305 2 131 1 850 2 
140 3 1963 3 134 2 1440 3 
1439 1 1962 1 135 1 133 2 
1961 1 134 1 136 1 1442 3 
135 1 1441 2 142 2 1960 2 
138 2 2419 2 1436 2 1967 2 
139 4 137 2 1435 4 1966 2 
138 4 1438 3 1965 4 140 4 
133 3 1437 3 1964 2 139 4 
471 3 2176 3 477 3 2092 5 
1970 2 143 3 136 2 690 3 
1443 2 142 3 1969 2 2004 3 
217 1 755 1 1950 1 29 2 
1769 2 341 2 748 2 32 4 
31 1 29 2 753 3 1959 3 
186 3 1842 3 1184 2 1189 2 
1261 2 1267 3 1992 3 1230 2 
150 1 1327 1 764 2 721 1 
763 2 149 1 159 1 1328 1 
35 3 1562 1 751 1 
1339 3 1318 1 1836 1 733 2 
1330 1 156 3 154 1 769 2 
153 1 360 1 1331 1 
158 2 156 4 771 3 1332 2 
1333 3 153 3 155 4 770 3 
766 2 1102 1 158 1 160 1 
155 2 1335 3 157 1 765 1 
768 1 1103 1 150 1 160 1 
1105 1 767 3 157 1 159 1 
1535 2 2406 4 331 2 1533 2 
2129 1 1980 2 163 1 167 3 
162 1 1979 2 2128 2 1299 1 
2131 1 1021 1 1978 1 171 4 
1542 3 738 5 1368 3 1841 3 
1021 1 167 3 2133 1 1976 1 
162 3 166 3 2132 4 1975 4 
169 1 1974 2 2135 1 2430 2 
168 1 2134 3 170 1 1973 1 
2137 1 169 1 171 4 1972 2 
1971 4 170 4 164 4 2136 5 
173 3 1089 2 1755 3 7 2 
1088 3 172 3 174 2 1754 3 
1757 1 1087 2 175 2 173 2 
1756 3 176 3 174 2 1086 2 
1759 3 177 2 175 3 1085 2 
178 1 176 2 1758 3 1084 1 
177 1 1083 2 1761 1 179 2 
1760 2 1082 3 180 2 178 2 
1091 1 1519 1 179 2 181 1 
1090 2 1762 1 180 1 374 1 
735 1 1842 2 1537 1 1318 1 
1136 3 2231 2 
710 2 383 1 185 3 46 1 
709 3 45 3 184 3 404 3 
192 2 187 2 147 3 1395 2 
186 2 188 1 1394 1 1184 1 
187 1 1393 1 1186 1 
190 4 1399 4 1188 3 1343 4 
189 4 1398 3 1187 2 191 3 
192 2 479 3 190 3 1397 2 
191 2 186 2 1189 1 1396 1 
1563 2 226 3 1449 1 
204 4 872 3 42 4 714 2 
871 3 1483 3 1120 3 873 2 
726 4 2355 3 197 2 199 2 
202 2 725 2 196 2 2354 2 
206 2 2353 1 199 1 728 2 
2352 1 198 1 727 1 196 2 
722 3 2359 3 203 3 201 3 
764 3 2358 2 721 2 200 3 
203 3 2357 3 197 2 724 2 
202 3 723 2 2356 3 200 3 
194 4 39 3 715 3 404 3 
391 3 206 2 730 2 1870 1 
198 2 2350 2 205 2 729 3 
208 3 616 3 949 3 210 3 
216 2 948 4 615 2 207 3 
951 2 614 2 212 2 210 3 
950 2 613 2 207 3 209 3 
214 3 612 2 953 3 212 1 
952 2 611 2 211 1 209 2 
214 3 955 2 1179 1 610 1 
211 3 213 3 609 3 954 4 
872 4 48 3 468 4 720 4 
208 2 957 2 618 1 217 1 
144 1 956 3 617 2 216 1 
221 2 1503 1 2349 2 219 2 
2348 2 218 2 227 4 1500 2 
223 2 2351 2 589 3 221 3 
1295 2 218 2 584 3 220 3 
1490 4 225 2 223 2 2345 2 
220 2 222 2 2344 1 1487 2 
1485 1 2347 1 47 1 225 1 
222 2 1483 2 2346 1 224 1 
2274 4 1451 3 228 5 193 3 
1179 3 1329 4 219 4 718 4 
2273 4 1450 3 226 5 881 3 
2380 2 230 2 523 2 236 3 
229 2 231 4 2379 2 522 2 
521 3 230 4 232 3 2382 3 
408 1 231 3 2381 1 520 2 
519 3 2384 3 234 3 238 2 
235 2 518 2 233 3 2383 3 
234 2 236 3 2386 1 517 1 
235 3 229 3 2385 3 516 3 
238 3 2377 3 1629 5 525 3 
237 3 2376 2 524 2 233 2 
128 2 240 2 242 3 1863 2 
245 1 127 1 239 2 1862 2 
248 1 126 3 242 2 1865 1 
1864 2 125 3 241 2 239 3 
246 2 244 2 1867 2 124 4 
243 2 1866 1 123 1 419 2 
240 1 246 1 122 3 1869 3 
243 2 121 1 245 1 1868 1 
1872 2 130 2 248 2 263 5 
1871 1 241 1 247 2 129 1 
250 1 1745 1 1925 2 1214 4 
1744 2 249 1 1924 1 1697 1 
1780 2 1201 1 1950 1 1346 2 
668 2 1265 2 1267 3 1998 2 
254 2 1473 2 260 1 1383 2 
1384 4 253 2 364 3 452 2 
256 2 1385 3 258 1 1921 2 
255 2 1915 3 261 3 1400 2 
258 1 1387 2 67 1 1857 1 
257 1 1388 3 255 1 1922 1 
65 1 262 1 260 1 1389 3 
259 1 253 1 1390 2 49 3 
1912 2 262 2 256 3 1406 2 
261 2 66 2 1412 3 259 1 
265 4 1010 5 247 5 815 4 
1932 3 1740 2 1697 2 1999 3 
263 4 1009 2 52 1 814 2 
52 2 816 3 1007 3 54 3 
6 2 450 1 
271 2 9 3 
272 1 14 2 1886 1 270 5 
373 5 1847 5 13 5 269 5 
272 2 268 2 1846 3 16 3 
271 2 269 1 15 3 1845 2 
1806 2 283 3 274 3 2016 3 
2015 2 273 3 1803 2 486 2 
731 2 2378 1 2377 1 2257 2 
277 2 2010 2 854 3 2341 3 
2009 1 278 2 276 2 2340 1 
279 2 1297 2 277 2 2008 2 
1835 1 278 2 2007 2 280 2 
2014 2 281 3 279 2 2337 3 
280 3 282 2 2013 3 2336 2 
283 2 2339 3 281 2 2012 3 
282 2 273 3 2338 4 2011 3 
286 2 940 2 346 3 
286 3 288 4 2120 3 343 4 
284 2 342 3 285 3 2121 1 
2118 4 345 4 84 4 288 5 
285 4 1444 3 344 2 287 5 
1013 1 974 1 1552 1 1550 1 
1447 2 291 3 1521 4 1638 2 
1637 2 290 3 1520 2 292 3 
293 4 1636 2 291 3 1523 4 
1522 3 292 4 1635 4 294 4 
295 4 1634 2 1525 3 293 4 
1633 4 294 4 1524 3 296 3 
1527 1 1632 3 295 3 297 1 
1631 1 1526 3 839 2 296 1 
2365 3 305 2 299 4 669 2 
668 3 298 4 2364 4 300 4 
2367 2 301 3 667 2 299 4 
2366 2 1428 2 300 3 666 2 
2361 5 673 3 2116 2 303 3 
2360 2 304 4 672 2 302 3 
303 4 2363 5 1231 3 305 3 
298 2 2362 2 1230 1 304 3 
307 2 1707 3 313 3 1715 3 
306 2 1708 2 308 1 1714 1 
1705 2 307 1 1068 2 309 1 
1270 1 1706 1 1716 2 308 1 
315 1 1711 4 311 3 1080 1 
1712 3 310 3 312 3 1726 4 
1709 2 313 2 311 3 1730 2 
306 3 312 2 1710 3 1729 4 
315 2 475 2 1701 3 2313 2 
310 1 314 2 1702 1 2312 1 
1642 2 20 2 1566 2 1329 3 
1367 3 566 2 1213 3 520 3 
319 1 2318 2 327 1 799 4 
320 1 2317 1 318 1 798 1 
319 1 321 1 797 1 2320 3 
320 1 322 2 796 1 2319 1 
803 4 323 5 2322 2 321 2 
324 4 322 5 2321 5 802 4 
323 4 801 1 2324 1 325 2 
800 2 2323 2 1575 3 324 2 
795 2 327 2 2327 2 532 2 
794 1 326 2 2326 2 318 1 
828 2 1762 1 340 1 2298 2 
332 1 2324 1 330 1 1532 1 
2323 1 1531 3 329 1 428 1 
334 1 2322 1 332 1 161 2 
331 1 329 1 1533 1 2321 2 
336 3 334 3 2320 5 1536 4 
331 1 1535 1 333 3 2319 1 
336 1 2318 2 338 1 1538 1 
335 1 2149 1 333 3 2317 1 
490 1 2327 1 1540 2 338 1 
1539 2 335 1 2326 2 337 1 
1181 3 32 4 341 2 671 3 
328 1 1519 1 827 2 1888 2 
971 1 145 2 339 2 670 3 
286 3 1765 3 343 4 346 4 
344 2 342 4 285 4 1764 3 
345 1 343 2 1763 2 288 2 
344 1 287 4 515 3 1517 1 
1766 2 284 3 342 4 
351 4 406 4 1363 3 
353 1 1360 1 349 2 405 1 
350 3 2217 2 348 2 1359 2 
349 3 1362 2 351 3 403 2 
347 4 1361 2 402 2 350 3 
520 3 353 2 1367 3 408 2 
407 1 348 1 352 2 1366 1 
34 3 1181 3 1163 4 677 2 
503 1 505 1 1479 1 1391 1 
357 5 368 5 1169 3 530 3 
1168 3 356 5 527 4 358 3 
357 3 1173 2 
1463 1 360 1 367 2 
1464 1 359 1 154 1 
449 1 1347 1 1364 2 1577 1 
365 4 1465 3 363 2 
1466 1 362 2 
254 3 1467 2 621 2 365 4 
620 3 364 4 362 4 1468 4 
1469 1 367 2 
1470 4 366 2 359 2 
712 3 356 5 383 3 44 3 
370 2 372 2 1523 4 694 3 
375 2 1522 1 369 2 693 3 
1404 1 382 1 1521 3 372 1 
1520 1 369 2 371 1 1402 1 
1728 1 270 5 1990 1 1065 5 
697 1 1989 4 1526 3 181 1 
370 2 700 3 376 2 1525 3 
1524 1 1989 4 699 3 375 2 
380 4 378 1 1370 3 
1060 1 377 1 
1718 2 1063 1 1990 1 380 4 
1717 4 1101 4 377 4 379 4 
382 2 706 4 571 2 74 3 
705 1 381 2 371 1 1518 1 
368 3 184 1 711 2 43 2 
1987 4 401 4 1796 4 2049 5 
551 1 90 1 2133 1 386 2 
2132 3 550 2 2138 3 385 2 
388 4 813 4 1838 4 1071 3 
387 4 1070 2 812 2 397 2 
555 3 2137 3 392 3 390 3 
554 2 2107 1 2136 2 389 3 
2135 3 205 3 392 3 557 3 
556 2 391 3 2134 3 389 3 
394 4 1075 4 805 4 400 4 
393 4 395 1 1074 2 804 1 
394 1 807 3 1073 1 396 1 
574 1 806 3 1072 1 395 1 
1079 5 398 1 809 2 388 2 
399 1 397 1 808 2 1078 1 
398 1 811 1 1077 2 400 1 
1076 1 810 2 393 4 399 1 
1795 1 384 4 2048 1 1981 2 
2144 2 351 2 406 2 403 1 
2143 1 2217 1 402 1 350 2 
716 3 40 1 204 3 185 3 
2217 1 407 1 2145 3 348 1 
402 2 347 4 2142 2 
353 1 2141 2 408 1 405 1 
2140 3 232 1 407 1 352 2 
2367 1 412 1 410 1 1682 2 
2366 1 1681 1 418 2 409 1 
414 1 1684 2 2365 2 412 1 
409 1 2364 2 1683 2 411 1 
414 1 416 3 1678 1 2363 3 
411 1 413 1 2362 2 1677 1 
1680 2 643 1 2361 4 416 3 
413 3 1679 4 415 3 2360 3 
809 4 2197 3 1294 3 440 3 
419 3 410 2 1686 4 2369 3 
1685 2 244 2 418 3 2368 4 
2335 3 604 3 423 4 421 4 
2334 2 420 4 
425 1 423 2 2333 4 606 2 
605 2 422 2 2332 2 420 4 
425 1 427 2 2331 1 601 2 
424 1 422 1 2330 2 600 1 
429 4 427 5 2329 5 603 4 
602 3 424 2 426 5 2328 3 
429 1 2343 2 330 1 608 2 
426 4 428 1 2342 2 607 1 
643 1 2361 4 2116 1 528 1 
433 2 432 3 1150 4 96 2 
1149 3 436 4 431 3 95 3 
431 2 1147 2 
437 4 92 2 435 3 1154 2 
91 3 1153 2 434 3 
432 4 1152 5 94 3 437 5 
434 4 93 3 436 5 1151 4 
2207 2 1445 2 813 2 440 1 
1799 3 2044 3 453 3 1984 4 
812 1 438 1 417 3 2206 1 
775 2 1347 1 1505 2 1577 1 
443 1 1674 1 1340 1 445 1 
442 1 1673 2 626 1 1338 2 
1358 2 445 1 1668 2 447 1 
1357 2 442 1 444 1 1667 1 
447 3 1364 4 449 3 1666 4 
446 3 1665 2 444 1 2229 1 
451 5 449 4 1347 4 1672 4 
1671 1 361 1 446 3 448 4 
1670 2 451 2 267 1 2226 3 
2225 2 450 2 1669 4 448 5 
998 1 254 2 621 1 1473 2 
1802 2 1987 2 439 3 2043 2 
457 2 940 1 1178 1 
456 3 458 3 1177 1 1444 2 
634 3 455 3 2118 3 1176 5 
458 4 454 2 1175 2 2121 2 
457 4 2120 3 1174 4 455 3 
460 3 676 3 2037 4 
677 1 459 3 
470 2 561 1 462 2 
463 3 461 2 560 4 
462 3 563 4 464 2 
463 2 465 1 562 1 
466 2 565 2 464 1 
564 2 465 2 467 3 
466 3 567 4 
215 4 1485 2 719 2 47 2 
559 3 470 2 995 1 
558 3 461 2 469 2 
141 3 1920 1 472 1 2095 1 
473 2 471 1 2193 1 2094 2 
472 2 853 2 474 2 1918 4 
480 1 473 2 852 1 1919 2 
2091 3 314 2 1916 3 476 1 
477 1 1917 2 2090 3 475 1 
2093 2 476 1 141 3 1914 2 
1229 3 68 3 1248 2 1250 3 
1189 2 1836 2 191 3 1187 2 
857 3 481 2 474 1 1911 1 
480 2 2341 3 854 3 2169 3 
889 3 2194 3 483 3 103 3 
2201 1 482 3 484 1 106 2 
485 2 105 4 2200 2 483 1 
484 2 2199 3 108 3 486 2 
107 2 2198 2 485 2 274 2 
689 3 1768 2 24 2 1243 2 
1488 2 2115 3 491 2 489 3 
1413 2 2114 3 494 4 488 3 
53 2 337 1 491 1 2113 1 
490 1 1415 3 488 2 2112 1 
2111 1 1477 3 493 1 495 1 
1476 2 492 1 497 1 2110 3 
2109 4 495 3 489 4 1983 3 
2108 3 494 3 492 1 1411 1 
12 4 1768 3 1247 3 683 3 
2117 1 493 1 1408 1 498 2 
2116 2 1407 2 497 2 673 3 
1255 3 1244 1 1246 2 
504 2 685 2 22 3 1247 2 
502 3 1482 4 1446 2 1403 2 
1401 2 501 3 1481 2 503 2 
355 1 1392 3 502 2 2168 1 
500 2 21 2 1240 1 684 1 
1386 2 1478 4 355 1 
513 3 77 3 507 2 1600 2 
76 2 1599 1 506 2 508 1 
509 3 1598 3 79 1 507 1 
1597 3 514 4 508 3 78 4 
1604 4 511 3 1586 3 81 5 
510 3 1603 1 512 2 80 1 
1602 2 513 3 511 2 83 2 
506 3 82 3 1601 2 512 3 
509 4 85 3 1606 4 515 4 
1605 4 84 3 345 3 514 4 
517 1 1210 1 523 2 236 3 
516 1 1209 2 235 1 518 1 
1212 1 234 2 519 2 517 1 
233 3 1211 3 518 2 524 3 
352 3 521 2 232 2 317 3 
1213 2 231 3 522 1 520 2 
521 1 1216 2 230 2 523 2 
229 2 516 2 1215 4 522 2 
1219 2 525 2 238 2 519 3 
1589 2 524 2 1218 2 237 3 
780 2 1338 2 1126 1 687 1 
530 2 357 4 
539 1 2117 1 644 2 430 1 
2251 3 122 3 98 1 531 1 
527 2 712 1 356 3 
121 1 1066 1 537 1 529 1 
2113 1 648 1 533 1 326 2 
532 1 647 4 2112 1 534 1 
646 1 2115 2 535 1 533 1 
645 1 2114 2 534 1 536 1 
2109 2 2106 1 652 3 535 1 
831 1 124 3 540 1 531 1 
650 4 2111 3 539 3 2106 3 
528 1 538 3 2110 3 649 1 
1432 2 2239 1 537 1 123 1 
542 2 126 3 2261 1 89 1 
541 2 125 3 2260 2 97 2 
544 1 547 1 2085 2 570 2 
543 1 569 3 2086 1 545 1 
546 1 572 3 544 1 2087 2 
571 1 2088 1 545 1 706 3 
568 3 543 1 2089 1 
549 1 1617 1 1027 2 2139 2 
548 1 550 1 1618 2 2138 2 
1619 3 386 2 549 1 551 1 
385 1 1620 2 552 1 550 1 
1621 1 553 1 551 1 90 1 
1622 3 552 1 2107 1 554 2 
390 2 1623 3 553 2 555 2 
1624 4 389 3 554 2 556 2 
392 2 1625 2 557 2 555 2 
1626 1 391 3 556 2 730 2 
561 2 470 3 1219 2 559 4 
469 3 1218 4 2400 3 558 4 
563 5 1212 3 561 3 462 4 
558 2 1211 2 461 1 560 3 
563 3 565 2 464 1 1210 1 
463 4 560 5 562 3 1209 4 
466 2 1216 2 567 3 565 2 
465 2 562 2 1215 4 564 2 
317 2 567 3 
1213 4 566 3 564 3 467 4 
547 3 570 4 1386 4 
544 3 1392 5 572 5 570 4 
568 4 543 2 569 4 1391 2 
546 1 381 2 572 3 1403 1 
569 5 571 3 1401 3 545 3 
929 2 578 2 662 3 574 2 
661 2 396 1 928 1 573 2 
658 3 576 2 923 3 582 2 
577 1 922 1 575 2 657 2 
660 1 921 1 576 1 578 1 
573 2 577 1 920 1 659 3 
580 3 927 3 37 3 1100 3 
581 3 579 3 926 3 653 2 
925 2 656 2 580 3 582 2 
655 2 581 2 924 2 575 2 
1748 3 116 3 110 3 40 2 
1503 2 868 2 589 3 221 3 
586 2 109 3 770 2 
585 2 769 2 
2002 2 678 2 1123 1 1259 2 
114 2 2171 2 768 2 118 3 
1487 3 220 3 584 3 867 3 
43 4 113 4 115 3 1782 3 
1824 4 1222 2 598 2 592 2 
1221 3 1823 3 593 2 591 2 
1822 2 594 1 1224 1 592 2 
1223 1 2069 1 593 1 1821 1 
596 1 1226 2 
595 1 1225 1 597 1 
598 2 1818 1 1228 3 596 1 
597 2 1227 3 591 2 1817 2 
1135 3 109 3 765 2 2172 2 
606 2 1029 4 601 2 425 1 
600 2 602 3 1030 2 424 2 
1031 3 427 3 603 2 601 3 
1032 1 602 2 607 1 426 4 
420 3 605 1 1033 1 
423 2 606 2 604 1 1034 2 
605 2 600 2 422 2 1035 2 
608 2 1025 1 603 1 429 1 
607 2 1531 4 1190 2 428 2 
610 1 214 3 1810 2 612 2 
1809 2 717 3 609 1 213 1 
1812 3 612 3 212 2 614 2 
211 2 611 3 1811 2 609 2 
210 2 1814 1 616 2 614 1 
611 2 1813 1 209 2 613 1 
616 2 1816 1 208 2 618 1 
615 2 613 2 207 3 1815 4 
755 2 1752 3 618 2 217 2 
1751 2 216 1 617 2 615 1 
1250 2 1229 2 1121 2 719 1 
365 3 621 1 
364 2 620 1 452 1 
743 1 73 1 2056 1 2386 1 
2033 1 624 2 630 2 2250 2 
2032 3 623 2 2249 2 625 2 
2035 1 2248 2 626 1 624 2 
2034 3 2247 3 443 1 625 1 
2246 1 628 2 2029 1 632 5 
2028 3 627 2 2245 2 629 2 
2244 1 628 2 630 2 2031 1 
623 2 2243 4 629 2 2030 2 
2039 2 1984 3 2241 4 632 5 
2038 5 627 5 2240 5 631 5 
1382 2 634 2 1949 4 636 3 
456 3 633 2 1381 2 1746 1 
2293 3 636 3 638 3 1530 2 
2290 2 1062 2 635 3 633 3 
1663 1 1061 4 638 2 640 1 
1369 3 1069 2 637 2 635 3 
1059 1 642 2 2314 2 640 1 
1675 2 1058 1 639 1 637 1 
1057 3 86 4 642 3 2316 2 
639 2 2315 4 641 3 1056 2 
430 1 1508 1 644 2 415 1 
1507 5 643 2 649 2 528 2 
646 1 535 1 1514 2 652 3 
534 1 647 4 645 1 1513 1 
1516 5 648 4 646 4 533 4 
647 4 532 1 1515 2 795 1 
1510 2 650 2 644 2 539 1 
649 2 538 4 1509 3 651 2 
1512 1 652 3 2106 1 650 2 
536 3 651 3 645 3 1511 4 
1100 2 656 1 1342 3 580 2 
1107 2 2424 1 
656 2 1051 3 658 3 582 2 
581 2 1050 1 655 2 653 1 
1049 2 660 2 658 3 576 2 
575 3 1048 3 655 3 657 3 
1047 3 660 3 662 4 578 3 
1046 1 659 3 577 1 657 2 
574 2 662 3 1055 2 806 4 
573 3 661 3 1054 2 659 4 
2422 2 1952 4 664 4 1106 2 
1951 3 934 4 663 4 2421 3 
1506 2 1646 2 1884 4 1105 2 
679 2 301 2 667 1 1266 1 
668 1 1265 1 300 2 666 1 
252 2 669 1 667 1 299 3 
1230 1 668 1 1267 2 298 2 
1417 4 2036 3 671 4 341 3 
676 2 2037 3 339 3 670 4 
1231 1 303 2 1264 2 673 2 
1263 2 302 3 672 2 498 3 
1163 4 677 2 675 2 
1562 1 674 2 
671 2 677 1 1181 2 459 3 
460 1 676 1 354 2 674 2 
679 3 587 2 1432 3 2239 2 
678 3 666 2 1428 2 1259 3 
2039 2 1241 1 681 2 846 2 
684 2 1240 2 2038 2 680 2 
683 2 685 2 1247 2 2031 2 
682 2 2030 1 688 2 496 3 
2029 1 681 2 685 1 504 1 
500 2 2028 2 682 2 684 1 
1243 1 689 2 2035 1 687 1 
686 1 526 1 2034 3 1242 2 
689 3 2033 2 1768 2 683 2 
688 3 2032 3 487 3 686 2 
1443 2 1441 3 1507 5 142 3 
1020 2 2275 3 692 2 1296 2 
1019 1 691 2 
2294 3 370 3 694 4 700 4 
2295 2 1402 2 369 3 693 4 
1162 2 696 1 862 2 2281 1 
695 1 2280 2 1433 3 1161 2 
374 1 698 1 1762 1 2298 2 
2299 1 697 1 1989 4 699 3 
700 4 2300 4 698 3 376 3 
699 4 2301 4 375 3 693 4 
1156 3 2283 1 702 2 708 1 
1155 2 701 2 2282 3 703 4 
704 3 2285 3 702 4 
2284 2 703 3 
382 1 2291 2 706 3 1404 1 
2292 3 381 4 546 3 705 3 
708 3 2289 3 1434 4 1158 4 
2288 2 707 3 1157 1 701 1 
710 2 716 3 185 3 1254 3 
184 2 709 2 711 3 1253 2 
712 2 710 3 383 2 
368 3 711 2 530 1 
720 2 1258 1 714 1 872 2 
715 1 1257 2 713 1 194 2 
1256 1 714 1 716 3 204 3 
404 3 715 3 709 3 1255 5 
1179 3 610 3 718 4 880 3 
879 4 1500 2 717 4 227 4 
720 2 871 2 619 1 468 2 
719 2 713 2 1250 3 215 4 
722 2 201 2 149 1 1783 3 
721 2 200 3 723 2 1784 3 
722 2 203 2 1785 3 724 1 
1786 1 725 2 723 1 202 2 
1787 2 197 2 726 4 724 2 
196 4 727 3 725 4 1788 3 
726 3 199 1 1789 1 728 2 
1790 2 198 2 729 3 727 2 
730 3 728 3 206 3 1791 2 
1792 3 205 2 729 3 557 2 
275 2 2069 2 732 3 1821 2 
745 3 2378 2 731 3 2068 2 
1059 2 152 2 1448 2 734 3 
1318 2 1058 2 735 2 733 3 
182 1 1061 4 734 2 736 2 
737 2 1537 2 735 2 1369 3 
1368 1 736 2 738 3 1530 1 
1062 3 1687 3 165 5 737 3 
2063 1 2053 2 740 2 742 1 
2052 2 2062 2 739 2 896 3 
742 3 744 4 2061 3 2055 4 
2054 1 741 3 739 1 2060 1 
622 1 744 2 2067 2 746 1 
2056 2 741 4 743 2 2066 2 
732 3 75 3 2065 2 746 2 
2064 1 745 2 73 1 743 1 
32 4 750 2 748 2 2371 2 
2370 4 1793 2 145 2 747 2 
2375 2 752 2 750 2 34 3 
2374 2 747 2 749 2 33 1 
752 1 2373 1 151 1 
751 1 2372 2 749 2 35 3 
754 3 1650 3 146 3 756 5 
753 3 31 1 1649 2 759 1 
756 3 1652 1 144 1 617 2 
755 3 891 4 753 5 29 4 
1646 1 28 1 758 1 760 1 
761 3 1645 2 27 2 757 1 
754 1 26 2 760 1 888 1 
25 1 887 5 759 1 757 1 
1644 3 758 3 762 3 38 4 
37 2 761 3 1643 1 927 2 
764 3 150 2 118 3 768 2 
117 2 201 3 763 3 149 2 
771 2 766 2 158 1 599 2 
157 2 767 4 765 2 1135 3 
114 3 766 4 160 3 768 3 
588 2 159 1 767 3 763 2 
770 2 586 2 153 2 
771 2 769 2 156 3 585 2 
770 2 765 2 109 3 155 3 
773 1 1356 1 775 2 1505 2 
942 3 772 1 1858 2 909 2 
2224 2 775 2 777 2 1577 1 
441 2 774 2 772 2 2223 4 
779 1 1115 2 777 2 2230 3 
945 3 774 2 776 2 1114 3 
781 2 2228 3 779 2 1117 2 
1849 1 776 1 778 2 2227 1 
526 2 1242 3 781 2 2220 3 
778 2 1126 1 2219 2 780 2 
1322 1 783 1 1308 1 785 2 
1307 3 947 1 782 1 1321 2 
1320 1 1310 1 787 1 785 2 
1319 3 1309 3 782 2 784 2 
789 3 787 3 1326 4 1312 4 
786 3 1311 3 784 1 1325 2 
1314 2 1324 2 789 2 791 2 
1313 1 786 3 1323 3 788 2 
791 1 1829 4 1067 2 1316 1 
790 1 1315 1 1317 1 788 2 
1805 1 1982 1 2041 1 793 2 
1804 3 2040 2 1901 2 792 2 
327 1 795 1 1372 2 799 4 
326 2 1371 2 794 1 648 1 
1374 1 803 3 321 1 797 1 
1373 1 798 1 320 1 796 1 
799 4 797 1 1376 2 319 1 
798 4 1375 5 794 4 318 4 
1662 2 325 2 801 1 1378 3 
802 1 324 1 800 1 1377 1 
801 1 803 3 1380 2 323 4 
1379 3 802 3 322 4 796 3 
900 1 805 1 807 3 394 1 
393 4 804 1 810 2 899 3 
807 5 898 3 396 3 661 4 
806 5 395 3 804 3 897 4 
1294 2 809 3 398 2 811 2 
417 4 808 3 812 2 397 2 
894 3 811 2 805 2 400 2 
810 2 399 1 808 2 893 2 
440 1 809 2 388 2 813 2 
1534 2 387 4 438 2 812 2 
1985 2 817 3 265 2 815 2 
1872 1 814 2 1081 1 263 4 
817 3 819 2 266 3 1834 2 
816 3 52 2 814 3 1833 4 
55 3 821 4 819 3 1828 3 
816 2 818 3 1664 3 54 2 
823 3 821 3 1923 2 57 2 
820 3 1910 3 818 4 56 4 
59 2 1808 1 823 2 960 1 
820 3 1807 3 58 5 822 2 
825 3 1337 2 
824 3 1336 4 1233 3 
829 2 1174 2 
89 2 828 3 340 2 2261 2 
328 2 979 2 88 3 827 3 
826 2 1704 3 1713 3 1177 2 
2258 3 2242 3 1628 3 837 3 
537 1 1122 2 2239 1 1066 1 
2256 2 1630 3 2242 2 833 2 
2377 1 1629 3 2257 2 832 2 
1127 2 98 2 2251 4 835 3 
2260 2 97 2 1885 2 834 3 
2254 2 837 1 
2255 3 836 1 830 3 
1805 1 839 2 1091 1 841 2 
1804 3 1090 3 838 2 297 2 
843 2 1798 3 1083 2 841 2 
1082 3 838 2 1797 2 840 2 
1085 4 843 5 845 4 1796 4 
842 5 840 2 1084 2 1795 2 
1087 2 845 1 847 1 1802 1 
1801 1 1086 1 842 4 844 1 
1089 2 847 2 680 2 1800 2 
1799 2 846 2 1088 2 844 1 
851 3 2059 2 849 3 
848 3 2058 4 
851 3 999 2 132 2 2051 2 
848 3 131 2 850 3 2050 3 
1775 3 474 1 853 1 857 3 
2094 2 473 2 1774 2 852 1 
481 3 1773 3 857 4 276 3 
856 4 861 4 2071 3 1037 3 
2070 2 855 4 1036 2 2150 2 
480 3 1772 3 854 4 852 3 
865 2 2077 3 859 2 1041 4 
860 2 1040 1 858 2 2076 1 
861 3 859 2 2079 5 1039 2 
860 3 1038 3 855 4 2078 2 
1045 2 695 2 2073 3 863 2 
864 2 1044 1 2072 2 862 2 
865 2 2075 3 863 2 1043 4 
1042 1 864 2 858 2 2074 1 
930 1 947 1 1321 2 2167 1 
868 2 931 2 589 3 874 3 
584 2 1116 1 867 2 869 2 
1503 2 1848 3 868 2 870 2 
1500 1 879 3 869 2 1844 1 
195 3 1121 3 719 2 1485 2 
215 4 41 4 194 3 713 2 
874 2 1490 3 195 2 1119 1 
873 2 1487 3 867 3 1118 4 
1455 5 882 3 2278 3 876 2 
877 1 1454 1 2277 1 875 2 
876 1 878 2 2276 2 1457 1 
2275 3 1020 2 877 2 1456 2 
718 4 880 3 1129 3 870 3 
1128 1 1809 2 879 3 717 3 
882 2 2272 2 228 3 1453 1 
1452 2 875 3 881 2 2271 2 
87 1 884 2 102 4 2197 1 
2196 3 889 2 883 2 101 3 
1941 2 18 1 886 3 1648 2 
885 3 17 4 1651 3 1940 4 
1506 5 1646 5 760 5 888 5 
759 1 1649 2 1504 2 887 5 
482 3 884 2 104 2 2195 3 
1 3 1958 5 1936 3 1750 3 
1652 2 1650 2 756 4 1887 2 
1651 1 1934 1 1958 3 3 3 
894 3 1294 2 2195 4 811 2 
2194 2 810 3 893 3 899 4 
1882 2 896 3 906 2 1861 3 
1860 4 895 3 1881 2 740 3 
898 2 2199 3 900 2 807 4 
897 2 1055 1 2198 2 806 3 
894 4 805 3 2201 3 900 3 
804 1 2200 2 897 2 899 3 
904 2 1855 2 1876 3 902 2 
1875 3 907 1 1854 4 901 2 
1874 2 904 1 1341 1 
901 2 903 1 1873 1 1856 1 
1880 2 908 1 906 1 1851 1 
905 1 895 2 1850 1 1879 1 
908 1 1853 2 1878 2 902 1 
907 1 1852 2 905 1 1877 1 
1356 2 2018 2 1194 3 773 2 
911 2 1235 2 919 3 1314 2 
912 2 910 2 1234 1 1313 1 
913 2 911 2 1312 3 1237 2 
912 2 1311 3 914 2 1236 3 
913 2 1239 2 915 3 1310 2 
1238 4 914 3 1309 3 916 2 
917 1 1308 1 915 2 
1307 3 916 1 
919 3 1316 2 1233 2 1336 3 
918 3 1232 3 910 3 1315 2 
929 1 921 1 1497 3 578 1 
1496 2 577 1 922 1 920 1 
1499 2 923 2 576 1 921 1 
922 2 924 3 1498 2 575 3 
923 3 925 2 582 2 1493 2 
581 2 1492 4 924 2 926 2 
580 3 1495 2 925 2 927 3 
579 3 926 3 762 2 1494 2 
929 1 1072 1 2218 1 574 1 
573 2 928 1 920 1 1489 1 
866 1 946 4 2166 1 1180 1 
1118 3 867 2 1406 1 1116 1 
984 3 2023 1 933 1 935 1 
983 1 2022 2 938 1 932 1 
2021 2 986 5 664 4 935 2 
934 2 985 1 2020 1 932 1 
2027 1 937 2 988 2 939 2 
936 2 2026 2 941 3 987 2 
2025 1 933 1 990 1 939 2 
2024 2 936 2 938 2 989 3 
2121 1 284 2 454 1 
2019 2 992 2 937 3 942 4 
2018 3 773 3 991 4 941 4 
944 2 1167 2 69 1 
943 2 946 5 1166 4 1180 2 
777 3 2180 2 2224 3 2230 4 
930 4 947 4 944 5 1165 4 
866 1 1164 2 946 4 783 1 
1351 3 208 4 957 4 949 4 
1350 2 950 2 207 3 948 4 
1349 1 951 1 210 2 949 2 
950 1 209 2 952 2 1348 1 
1355 2 212 2 951 2 953 4 
954 4 211 3 1198 4 952 4 
1353 2 955 3 953 4 214 4 
954 3 1883 2 1352 2 213 2 
1950 3 217 3 957 4 1346 4 
1345 2 948 4 956 4 216 2 
961 2 959 1 2264 1 2125 4 
962 2 958 1 2124 2 2263 1 
2266 1 961 2 2123 1 822 1 
958 2 2265 4 960 2 2122 2 
2262 2 2119 2 959 2 
1811 1 1465 2 964 1 1676 1 
1468 2 965 4 1810 2 963 1 
1809 5 1467 4 1128 4 964 4 
1771 2 1418 2 1260 4 971 2 
2127 2 968 3 1470 4 1816 2 
969 3 967 3 1469 2 1815 4 
1814 2 970 4 968 3 1472 2 
1676 3 1813 3 969 4 1471 3 
1769 1 1417 2 341 1 966 2 
1112 1 973 1 2292 1 1545 2 
972 1 976 1 2291 2 1544 3 
289 1 975 3 2295 1 977 1 
980 4 1552 3 974 3 2294 3 
977 1 973 1 2297 3 1551 2 
976 1 1550 1 2296 1 974 1 
979 3 1549 4 2299 3 981 3 
978 3 828 2 1548 1 2298 2 
1547 2 2301 4 975 4 981 2 
1546 3 980 2 2300 2 978 3 
1420 1 1767 2 1260 3 1268 1 
933 1 16 2 990 1 984 3 
932 3 983 3 985 3 15 5 
986 4 14 2 935 1 984 3 
985 4 934 5 13 4 1951 4 
988 2 992 1 937 2 
987 2 936 2 989 3 
990 2 988 3 10 2 939 3 
9 3 989 2 938 1 983 1 
992 2 6 3 1858 3 942 4 
5 1 991 2 941 2 987 1 
2398 1 996 2 994 1 
2397 2 993 1 
996 2 469 1 2400 1 
2399 3 995 2 993 2 
998 3 1473 4 1006 4 2396 3 
997 3 452 1 2395 2 
2392 1 1857 1 1000 4 850 2 
1001 4 1922 4 2391 5 999 4 
1000 4 2394 2 1921 2 1002 1 
1003 2 1915 2 1001 1 2393 1 
1002 2 2388 3 1912 2 1004 2 
1005 1 2387 1 1003 2 66 2 
2390 2 1006 2 65 1 1004 1 
2389 4 1005 2 997 4 49 4 
1547 2 1014 3 266 3 1008 3 
1009 3 1007 3 1546 4 52 2 
1549 3 265 2 1008 3 1010 3 
130 2 263 5 1548 2 1009 3 
1012 2 1551 3 57 2 1016 2 
1011 2 1550 1 56 3 1013 1 
289 1 1014 2 55 1 1012 1 
1552 2 1013 2 1007 3 54 3 
1131 2 1545 2 1016 1 59 2 
1544 3 1015 1 58 4 1011 2 
25 3 1988 3 1205 3 1986 4 
1269 1 1262 1 1700 2 1423 2 
1020 1 692 1 1306 1 
1019 1 878 2 1305 2 691 2 
166 1 1977 3 164 1 2130 3 
1024 3 2210 2 2232 3 
2234 1 2211 2 1024 2 1026 2 
1022 3 1023 2 2212 4 2233 3 
1032 1 607 1 1190 1 2422 1 
1185 3 2235 2 2214 2 1023 2 
548 2 2238 4 1028 3 2215 4 
2216 2 1027 3 1185 3 2237 2 
2427 4 1030 4 600 4 1035 4 
1029 4 601 2 1031 2 2426 2 
602 3 1030 2 1032 2 2429 4 
603 1 1025 1 1031 2 2428 2 
1034 2 2423 1 604 1 
2425 4 1033 2 605 2 1035 2 
1029 4 2424 1 606 2 1034 2 
856 2 2414 2 1037 1 1293 1 
1036 1 855 3 1038 2 1292 2 
1289 3 1039 2 861 3 1037 2 
1038 2 1040 1 1288 2 860 2 
859 1 1039 1 1041 3 1291 2 
1042 3 1040 3 858 4 1290 4 
865 1 1285 1 1041 3 1043 3 
1044 3 1284 3 1042 3 864 4 
1287 2 1043 3 1045 1 863 1 
862 2 1162 2 1044 1 1286 3 
660 1 1047 1 1049 1 2012 3 
659 3 1046 1 1054 1 2011 2 
1049 2 658 3 1051 3 2014 2 
1048 2 2013 2 1046 1 657 2 
2008 1 1342 3 656 1 1051 2 
655 3 1048 3 1050 2 2007 3 
2010 2 1100 3 1342 4 1196 2 
50 3 1341 1 
1047 1 662 2 1055 1 2016 2 
898 1 661 2 2015 1 1054 1 
1057 2 1448 1 1059 1 642 2 
641 3 1056 2 2207 3 1445 3 
734 2 640 1 1059 1 1061 4 
639 1 1058 1 733 2 1056 1 
1956 2 1370 3 378 1 
735 4 1369 5 637 4 1058 4 
738 3 1530 1 1382 1 636 2 
379 1 1064 1 1953 3 1101 1 
1063 1 1952 3 1990 1 1065 5 
1951 5 373 5 13 5 1064 5 
531 1 2251 3 1125 1 831 1 
1317 2 1979 3 2205 2 790 2 
1716 3 1613 3 1714 2 308 2 
76 2 2293 2 638 2 1663 1 
388 2 1071 1 1344 1 1079 5 
1188 1 1343 2 1070 1 387 3 
928 1 1073 1 1183 3 396 1 
1182 1 1072 1 1074 2 395 1 
1191 4 1073 2 394 2 1075 2 
2279 1 393 4 1076 1 1074 2 
400 1 1077 2 1075 1 1195 1 
1193 2 1078 2 1076 2 399 2 
1077 2 1079 5 1202 1 398 1 
1354 5 397 5 1078 5 1070 5 
1611 1 1726 2 310 1 2312 1 
1985 1 1281 1 815 1 1604 2 
179 3 1091 2 841 3 1083 3 
178 2 840 2 1084 2 1082 3 
1085 1 843 2 177 1 1083 2 
1086 1 842 4 1084 1 176 2 
1085 1 845 1 175 2 1087 2 
1088 3 174 2 844 2 1086 2 
173 3 1087 3 1089 2 847 2 
1241 1 172 2 846 2 1088 2 
181 2 1091 2 839 3 1526 4 
180 1 1082 2 1090 2 838 1 
2400 3 1589 4 1093 4 1218 4 
1588 3 1094 2 2399 3 1092 4 
2398 1 1095 1 1093 2 1591 2 
1590 2 1094 1 2397 2 
2083 2 1098 1 
1099 1 2081 2 1098 1 
2080 3 1097 1 1096 1 
2084 1 1097 1 
1052 3 653 2 1859 3 579 3 
380 4 1063 1 1370 3 1954 1 
1335 3 157 1 1506 1 1105 1 
1105 1 1884 3 159 1 1328 1 
1108 4 1954 3 2429 5 1106 3 
1103 1 160 1 1102 1 665 2 
1953 3 1104 3 2428 2 663 2 
654 2 1108 3 2427 2 1956 3 
2426 3 1104 4 1107 3 1955 2 
1111 4 2089 3 1431 3 
2086 2 1430 4 1111 3 1113 3 
2085 3 1109 4 1429 2 1110 3 
972 1 1529 2 2088 1 1113 2 
2087 3 1112 2 1110 3 1427 3 
1364 3 1115 3 1577 2 777 3 
1114 3 2229 2 776 2 1849 2 
1848 2 868 1 1412 3 931 1 
1126 1 1357 2 1849 1 778 2 
931 3 1400 3 1119 3 874 4 
1118 3 1385 3 1120 2 873 1 
195 3 1388 4 1119 2 1121 3 
871 3 619 2 1387 3 1120 3 
1754 3 1125 2 831 2 1123 2 
1122 2 2239 1 587 1 1755 2 
1125 1 2251 3 1756 2 1127 1 
1122 2 1124 1 1757 1 1066 1 
1340 1 1117 1 781 1 526 1 
1885 1 834 2 1759 2 1124 1 
880 1 965 4 1129 1 1384 3 
1383 2 879 3 1128 1 1844 1 
1431 1 1134 3 2262 1 
1015 2 2266 2 1132 3 1529 3 
1131 3 1133 2 1427 3 2265 4 
1430 3 1134 3 1132 2 2264 1 
1133 3 1130 3 2263 3 1429 3 
599 3 114 2 2173 3 766 3 
1160 5 1137 3 183 3 1139 3 
1159 1 1136 3 
2252 2 1286 3 1162 2 1139 1 
1161 2 1138 1 1136 3 2231 2 
1301 2 1143 2 1141 1 2203 3 
1300 1 1140 1 1145 4 2202 2 
1979 3 2205 2 1143 3 1299 2 
1298 4 1140 2 2204 2 1142 3 
1282 2 1146 1 1304 1 
1146 4 1303 4 2209 4 1141 4 
1145 4 1302 2 1144 1 2208 3 
1150 4 2276 3 433 2 1148 3 
2275 3 1147 3 1296 2 
432 3 2278 3 1152 4 1150 4 
2277 3 1147 4 431 4 1149 4 
1152 4 437 4 1154 2 2272 3 
2271 3 436 5 1151 4 1149 4 
435 2 1154 1 2274 2 2253 1 
2273 2 1153 1 1151 2 434 2 
702 2 1156 3 
701 3 1155 3 1157 3 
708 1 1158 2 1156 3 
1159 2 1157 2 707 4 
1158 2 1434 2 1160 3 1137 1 
1433 5 1159 3 1136 5 1161 4 
1139 2 1162 3 1160 4 696 2 
695 2 1138 2 1045 2 1161 3 
354 4 35 5 674 4 1562 3 
947 2 1307 4 1165 2 
1166 3 946 4 1164 2 
1165 3 944 4 1167 4 
943 2 1166 4 
357 3 2371 1 1169 1 1173 2 
1168 1 44 1 2370 4 356 3 
2373 1 1171 2 
1170 2 1172 2 2372 3 
1173 2 1171 2 2375 1 
1172 2 2374 3 1168 2 358 2 
826 2 458 4 1175 2 1177 2 
457 2 1178 1 1174 2 
1381 4 1177 3 1713 4 456 5 
1176 3 455 1 829 2 1174 2 
1175 1 454 1 
717 3 227 3 213 1 1883 1 
69 1 2161 2 930 1 944 2 
354 3 339 3 676 2 33 2 
1073 1 1191 3 1183 3 1897 2 
1896 4 1182 3 1072 3 2218 3 
1843 2 147 2 1186 1 187 1 
2236 4 1026 3 1028 3 2213 2 
1840 2 188 1 1184 1 
1839 1 190 2 1188 1 479 2 
1071 1 1187 1 1838 2 189 3 
479 2 1837 2 192 1 147 2 
2403 1 1025 1 2421 1 608 2 
1894 3 2279 3 1182 3 1074 4 
1194 3 1356 2 1415 4 2182 2 
1202 1 1077 2 1195 1 1893 1 
1192 3 909 3 53 3 2402 3 
1193 1 2279 1 1892 3 1076 1 
1197 2 1773 2 1859 2 1052 2 
1365 2 1196 2 1772 2 1203 2 
1353 2 1616 3 953 4 1355 2 
1200 1 1779 2 1794 2 1206 3 
1778 1 1199 1 1201 1 1959 3 
1957 2 1200 1 251 1 1781 1 
1354 1 1193 1 1078 1 1890 1 
1204 2 1775 3 2017 1 1197 2 
1205 2 1774 3 1203 2 1988 2 
1204 2 1777 1 1017 3 1206 3 
1776 3 1986 4 1205 3 1199 3 
1208 1 1718 2 
1207 1 1727 3 
1210 2 1212 2 517 2 563 4 
1215 3 1209 2 516 1 562 1 
1212 2 561 2 1219 2 519 3 
1211 2 518 1 560 3 1209 2 
521 2 567 4 317 3 1216 3 
2192 4 1579 4 1724 4 249 4 
1210 3 1216 4 523 4 565 4 
564 2 1215 4 522 2 1213 3 
1408 1 2177 2 2219 2 2191 1 
525 2 559 4 1092 4 1219 2 
558 2 524 2 1211 2 1218 2 
1226 2 1909 2 
1222 3 592 3 1224 2 1903 3 
1221 3 1227 3 591 2 1902 2 
594 1 2040 1 1901 1 1224 1 
1900 1 1221 2 593 1 1223 1 
596 1 1226 2 1228 3 1907 2 
1906 4 1225 2 1220 2 595 2 
1222 3 1905 3 598 3 1228 4 
1904 5 597 3 1225 3 1227 4 
67 2 478 3 1387 3 619 2 
669 1 305 1 1231 1 148 2 
672 1 1230 1 1261 1 304 3 
1233 2 919 3 1235 2 
1232 2 918 2 825 3 
1235 1 911 1 1237 1 
1234 1 910 2 1232 2 
1239 3 913 3 1237 3 
912 2 1236 3 1234 1 
915 4 1239 3 
1238 3 1236 3 914 2 
8 2 504 1 1241 1 681 2 
1089 1 7 1 1240 1 680 1 
1243 2 780 3 36 3 687 2 
1242 2 686 1 30 2 487 2 
499 1 1254 3 1245 1 
1253 1 1244 1 
1256 2 499 2 1249 4 70 3 
500 2 11 2 682 2 496 3 
478 2 1258 1 1249 3 71 1 
72 3 1248 3 1246 4 1257 4 
619 2 478 3 1258 2 720 3 
1865 1 2186 1 1283 2 1252 2 
2185 2 1864 2 1251 2 1719 3 
1254 3 1245 1 710 2 
1255 5 1253 3 709 3 1244 3 
499 3 1254 5 1256 3 716 5 
715 1 1246 2 1257 2 1255 3 
1258 2 714 2 1256 2 1249 4 
1257 2 1248 1 713 1 1250 2 
1266 2 2001 2 587 2 679 3 
1731 3 982 3 966 4 1419 4 
1991 1 148 2 1231 1 1264 2 
1268 1 1422 2 1018 1 1820 1 
673 2 1407 1 1993 1 1264 2 
1994 3 672 2 1261 2 1263 2 
1266 1 252 2 667 1 1995 1 
1265 1 1259 2 1996 2 666 1 
1997 2 148 3 669 2 252 3 
1262 1 1421 2 982 1 1819 3 
1280 3 1968 2 1424 2 1018 1 
309 1 1945 1 2070 1 1271 1 
1944 4 2071 1 1272 3 1270 1 
1273 3 2078 3 1271 3 1939 3 
1274 1 1272 3 1938 2 2079 4 
1275 1 1273 1 2076 1 1941 2 
1276 3 1940 2 1274 1 2077 2 
1275 3 1277 3 2074 3 1935 4 
1278 1 1276 3 1934 1 2075 2 
1277 1 2072 2 1279 2 1937 1 
1936 2 1278 2 2073 3 1426 2 
1269 3 1425 4 1749 4 1725 5 
1872 1 2184 1 1283 2 1081 1 
1144 2 1827 2 2208 4 
2183 2 1251 2 1281 2 1871 2 
1285 1 1043 3 1287 2 1416 1 
1042 1 1290 2 1491 1 1284 1 
1287 4 1138 3 1414 4 1045 3 
1044 2 1286 4 1284 2 1486 2 
1291 3 1289 3 1039 2 1484 2 
1480 3 1038 3 1288 3 1292 3 
1285 2 1291 3 1410 2 1041 4 
1288 3 1290 3 1409 2 1040 2 
1475 4 1293 2 1289 3 1037 2 
1556 3 1292 2 1036 1 1405 1 
808 2 417 3 893 2 2196 2 
2351 1 221 2 2349 2 18 1 
1148 2 691 2 
278 2 1835 1 2340 1 2103 1 
1143 4 1299 3 1301 4 1943 3 
1298 3 163 1 1142 2 1942 2 
1301 2 1141 1 1913 1 1303 1 
1300 2 1140 2 2325 2 1298 4 
1304 2 1146 2 1303 2 1947 3 
1145 4 1946 1 1302 2 1300 1 
1302 2 1948 2 1144 1 
1020 2 1306 2 1456 2 132 2 
1019 1 1305 2 131 1 
1308 3 917 3 1164 4 783 3 
1309 2 1307 3 782 1 916 1 
1310 2 1308 2 785 3 915 3 
1309 2 1311 3 784 1 914 2 
913 3 1312 4 1310 3 787 3 
1313 2 912 3 1311 4 786 4 
789 1 1312 2 1314 1 911 1 
788 2 1315 1 1313 1 910 2 
1316 1 1314 1 791 1 919 2 
918 2 1315 1 1459 1 790 1 
1067 2 1324 1 1980 2 791 1 
734 2 152 1 1837 2 182 1 
785 3 1972 3 1320 2 1322 2 
1971 1 784 1 1325 2 1319 2 
1322 2 866 2 1974 3 783 2 
1321 2 1973 1 782 1 1319 2 
1976 3 1326 4 789 3 1324 3 
788 2 1975 2 1317 1 1323 3 
1326 3 1320 2 1978 2 787 2 
1323 4 1325 3 786 4 1977 4 
1328 1 149 1 1783 3 1474 1 
1327 1 1462 1 1103 1 150 1 
2348 2 316 3 227 4 1883 2 
1333 1 1887 1 153 1 1331 1 
1528 1 1464 1 1330 1 154 1 
1335 3 1333 1 155 2 1553 1 
156 3 1330 1 1332 1 1543 1 
1337 3 1461 3 
1102 3 1332 3 158 3 1504 4 
1459 2 825 4 1337 3 918 3 
1458 3 1336 3 1334 3 824 2 
2034 4 1340 2 526 2 443 2 
152 3 1534 3 1839 3 1448 3 
1126 1 1338 2 442 1 1357 2 
1053 1 903 1 51 1 
1050 3 2009 3 1052 4 653 3 
1899 3 1071 2 1344 2 189 4 
1898 1 1354 1 1070 1 1343 2 
957 2 1346 2 1351 1 1608 1 
1345 2 1607 2 956 4 251 2 
361 1 2225 1 441 1 448 4 
1610 3 1349 1 951 1 1355 1 
950 1 1350 1 1609 1 1348 1 
1349 1 1612 1 1351 1 949 2 
948 3 1345 1 1611 1 1350 1 
1353 1 1566 1 955 2 1614 1 
954 2 1352 1 1198 2 1613 2 
1202 1 1079 5 1344 1 1891 2 
952 2 1615 2 1198 2 1348 1 
909 2 1192 2 2223 3 772 1 
445 2 1117 2 1340 2 1358 3 
1849 2 2229 2 444 2 1357 3 
1360 1 1362 1 349 2 
1359 1 1366 1 348 1 
1363 1 1362 1 351 2 
1361 1 350 2 1359 1 
1361 1 347 3 
446 4 1114 3 2229 2 361 2 
1197 2 1859 2 38 2 2017 1 
353 1 1360 1 1367 2 
352 3 317 3 1366 2 
737 1 1840 2 1537 1 165 3 
1530 2 638 3 1061 5 736 3 
1060 3 1955 3 1101 3 377 3 
795 2 1565 2 1372 3 1515 3 
1564 2 1371 3 794 2 1375 3 
797 1 1376 2 1561 3 1374 1 
796 1 1560 1 1379 1 1373 1 
799 5 1376 3 1559 4 1372 3 
1373 2 1558 3 1375 3 798 2 
1557 3 801 1 1380 2 1378 3 
1405 3 1556 5 800 3 1377 3 
803 3 1555 1 1374 1 1380 2 
1554 3 802 2 1377 2 1379 2 
1176 4 1382 2 1688 2 634 2 
1687 1 1381 2 1062 1 633 2 
1384 4 1129 2 1390 3 253 2 
254 4 1383 4 1467 3 1128 3 
255 3 1400 3 1119 3 1388 5 
505 2 1391 2 568 4 
1229 3 257 2 1121 3 1388 4 
258 3 1120 4 1385 5 1387 4 
1390 4 1848 4 259 3 1412 5 
1389 4 260 2 1383 3 1844 2 
1386 2 1392 3 570 2 355 1 
503 3 1401 3 569 5 1391 3 
188 1 2210 1 1394 1 
187 1 2212 3 1395 1 1393 1 
2211 2 1394 1 186 2 1396 1 
1397 1 2214 1 192 1 1395 1 
2213 1 1396 1 1398 2 191 2 
1399 3 190 3 1397 2 2216 2 
2215 4 1398 3 1899 3 189 4 
1118 3 1385 3 256 2 1406 1 
502 2 1392 3 572 3 1403 1 
1404 1 2296 1 694 2 372 1 
1401 1 74 2 571 1 501 2 
1402 1 371 1 2297 3 705 1 
1378 3 1662 2 1475 3 1293 1 
1412 3 1400 1 931 1 261 2 
2191 1 498 2 1263 1 1408 1 
1217 1 497 1 1407 1 1476 2 
1484 1 1291 2 1410 1 1658 1 
1491 1 1657 1 1290 2 1409 1 
1477 3 1983 1 2179 1 495 1 
1406 3 262 3 1116 3 1389 5 
489 2 1488 1 2181 1 1983 1 
1486 2 2252 3 1286 4 1653 2 
1488 3 1192 4 491 3 53 4 
1486 1 1491 1 1284 1 1655 2 
1418 2 2284 3 971 2 670 4 
1417 2 966 2 2285 1 1419 2 
2282 3 1418 2 1260 4 1420 2 
982 1 2283 1 1421 2 1419 2 
1268 2 1422 3 1420 2 2288 3 
1423 3 2289 2 1262 2 1421 3 
1422 3 1018 2 1424 3 2286 2 
2287 2 1269 2 1425 3 1423 3 
1280 4 1424 3 2280 3 1426 2 
1725 3 1279 2 2281 1 1425 2 
1430 4 1529 3 1132 3 1113 3 
679 2 1432 2 301 2 2369 2 
1430 3 1111 2 1134 3 1431 1 
1133 3 1427 4 1429 3 1110 4 
1130 1 1109 3 1429 1 
2368 4 540 2 1428 2 678 3 
1434 4 1160 5 2287 3 696 3 
1433 4 1159 2 707 4 2286 2 
138 4 1436 4 1438 3 1516 4 
1515 3 137 2 1435 4 1565 2 
140 3 1440 3 1514 3 1438 2 
139 3 1435 3 1513 1 1437 2 
134 1 1512 1 1440 2 1442 3 
1439 2 1511 3 1437 3 133 3 
1442 4 1510 3 690 3 136 2 
1441 4 1439 3 135 3 1509 4 
1926 3 143 2 690 2 1508 1 
2118 2 288 3 455 2 2120 2 
1534 2 438 2 1057 3 1448 2 
74 2 1447 1 1640 2 501 2 
290 2 1446 1 1639 2 1518 1 
1056 1 1445 2 1339 3 733 2 
1451 1 2396 1 193 1 
2390 2 228 3 1453 1 1451 1 
1449 1 226 3 1450 1 2389 3 
1453 1 2388 2 882 2 1455 4 
1452 1 1450 1 881 1 2387 1 
1457 1 2394 2 1455 4 876 1 
875 5 2393 4 1454 4 1452 4 
2392 1 1305 2 1457 1 878 2 
2391 2 1454 1 1456 1 877 1 
1830 2 1337 3 1461 3 1459 2 
1336 2 1829 4 1316 1 1458 2 
1461 2 1832 1 
1458 3 1831 3 1460 2 1334 3 
1884 3 1328 1 1474 1 1644 1 
359 1 1470 3 1464 1 2127 1 
360 1 2126 2 1331 1 1463 1 
1466 2 1468 3 963 2 362 3 
1471 1 1465 2 363 1 1676 1 
965 4 1468 2 364 2 1384 3 
1467 2 964 2 1465 3 365 4 
366 1 1470 3 1472 1 968 2 
367 4 1463 3 967 4 1469 3 
1466 1 970 3 1472 1 
969 2 1469 1 1471 1 
253 2 997 4 49 4 452 2 
1694 1 1462 1 1643 1 1327 1 
1292 4 1405 3 1661 3 1480 4 
493 2 1477 4 2177 3 1408 2 
2178 4 1411 3 492 3 1476 4 
1479 4 505 4 2084 4 
1478 4 2168 1 2081 2 355 1 
1289 3 1660 2 1484 2 1475 4 
2083 2 502 2 2168 1 1482 3 
1640 4 2082 3 501 4 1481 3 
1490 4 195 3 225 2 1485 2 
1480 2 1409 1 1659 4 1288 2 
224 1 1483 2 468 2 871 2 
1416 1 1414 2 1654 1 1287 2 
589 3 874 3 223 2 1490 4 
488 2 1415 3 1413 1 2182 1 
1497 3 929 1 2218 1 1699 2 
222 4 1483 4 873 3 1487 4 
1656 1 1410 1 1285 1 1416 1 
1495 4 925 4 1493 4 1696 4 
1695 3 1492 4 1498 1 924 2 
1643 1 1694 1 1495 1 927 2 
1492 4 926 2 1693 1 1494 1 
1497 4 921 2 1499 3 1692 2 
1496 4 1489 3 1691 4 920 3 
1499 2 1690 2 923 2 1493 1 
922 2 1689 2 1496 3 1498 2 
870 1 1503 1 718 2 219 2 
1734 3 1502 1 1653 1 2252 2 
2231 2 1733 1 1501 1 
584 2 869 2 1500 1 218 1 
1335 4 1553 2 1506 2 888 2 
1858 3 772 2 441 2 2225 2 
665 2 887 5 1102 1 1504 2 
1510 5 644 5 690 5 1508 4 
643 1 1680 2 1507 4 1443 1 
650 3 1442 4 1512 2 1510 3 
1507 5 649 2 1441 3 1509 3 
1440 3 1514 3 1512 2 652 4 
1439 1 651 1 1509 2 1511 2 
1516 2 646 1 1514 2 1438 1 
1513 2 645 2 1511 3 1437 3 
1436 3 1516 3 1371 3 648 2 
647 5 1515 3 1513 2 1435 4 
1605 2 1763 2 345 1 2123 1 
1521 3 74 2 382 1 1447 1 
180 1 1760 1 340 1 1762 1 
372 1 1523 3 291 2 1521 3 
1518 3 290 4 1520 3 371 3 
370 1 293 3 1523 3 1525 2 
1520 3 1522 3 369 4 292 4 
376 1 1527 1 295 3 1525 2 
294 3 1524 2 1522 2 375 3 
297 3 1527 3 1090 4 374 3 
296 1 1524 1 1526 3 1989 4 
2126 2 1887 1 1331 1 1652 1 
1112 2 1131 3 1427 3 1545 3 
1369 2 1062 1 737 1 635 2 
2403 3 608 4 330 3 1532 3 
2404 1 1531 3 1533 1 329 1 
2405 2 332 1 1532 1 161 2 
1838 2 813 2 1445 2 1339 3 
334 1 161 2 1536 2 2407 2 
2149 2 2408 4 1535 2 333 4 
736 2 1843 2 1368 1 182 1 
1539 2 2149 1 2410 1 335 1 
338 2 2401 2 1540 3 1538 2 
2402 3 1539 3 53 3 337 2 
1703 2 1688 1 1542 1 
165 3 1687 1 1541 1 
1887 1 1553 1 1333 1 1650 1 
1016 3 1551 4 1545 4 973 3 
1015 2 1544 4 1529 3 972 2 
1547 3 981 3 1549 4 1008 4 
1546 3 980 2 1552 1 1007 2 
1010 2 979 1 1549 2 88 2 
1009 3 1548 2 978 4 1546 4 
1551 2 289 1 977 1 1012 1 
1544 4 1550 2 1011 3 976 2 
1547 1 1014 2 289 1 975 3 
1543 1 1649 2 1504 2 1332 1 
1557 4 1380 3 2412 2 1555 2 
1379 1 2411 1 1560 1 1554 2 
1293 3 1378 5 2414 4 1557 5 
1554 4 1377 3 2413 3 1556 5 
1376 3 1561 4 2416 2 1559 4 
2415 4 1375 4 1558 4 1564 3 
1374 1 1555 1 1561 3 2418 2 
1558 4 2417 4 1373 3 1560 3 
675 1 151 1 1163 3 
2253 2 2274 3 193 2 
1372 2 1565 1 2420 2 1559 3 
1371 2 1564 1 1436 2 2419 2 
1883 1 1352 1 1641 2 316 2 
1656 1 1574 1 1568 2 2333 4 
1655 3 1567 2 2332 2 1569 3 
2335 2 1654 2 1568 3 1570 3 
1734 4 2334 2 1653 2 1569 3 
2329 3 1572 2 1660 2 1576 2 
1659 4 1571 2 1573 1 2328 2 
1572 1 2331 1 1574 1 1658 1 
1567 1 2330 2 1573 1 1657 1 
1576 2 2343 3 325 3 1662 3 
2342 2 1575 2 1661 1 1571 2 
1114 2 774 1 361 1 441 1 
1579 2 1581 3 2303 3 2192 2 
1745 1 1578 2 1214 4 2302 1 
1581 2 2190 3 1583 1 2305 1 
1580 2 1578 3 2189 3 2304 3 
2188 4 2307 4 1585 3 1583 3 
2306 2 1580 1 1582 3 2187 1 
1587 3 2186 2 2309 3 1585 2 
2308 1 1582 3 2185 1 1584 2 
510 3 1587 2 2311 1 2184 1 
2310 2 1586 2 2183 2 1584 3 
1630 3 1093 3 1589 3 1591 3 
1629 4 525 2 1588 3 1092 4 
1591 3 1095 2 1628 2 
1590 3 1588 3 1627 2 1094 2 
2162 1 2175 2 1593 2 
1592 2 1595 2 2174 4 
2173 2 1596 3 
2171 1 1593 2 1596 3 
2170 3 1595 3 1594 3 
509 3 1598 3 1606 3 1923 1 
1599 3 1597 3 508 3 1910 4 
1598 3 1600 1 507 1 1828 1 
1601 1 1599 1 506 2 1664 3 
513 2 1834 1 1602 1 1600 1 
512 2 1601 1 1833 3 1603 1 
1604 2 511 1 1985 1 1602 1 
510 4 1603 2 1081 2 2184 2 
1517 2 515 4 1808 2 1606 4 
514 4 1597 3 1807 4 1605 4 
1608 1 1346 2 1780 2 2313 1 
1607 1 2312 1 1345 1 1611 1 
1349 1 1730 2 1610 3 1612 1 
1348 3 1615 4 1609 3 1729 5 
1080 1 1612 1 1351 1 1608 1 
1611 1 1350 1 1726 2 1609 1 
1614 2 1068 3 1616 3 1353 2 
1641 2 1613 2 1716 2 1352 1 
1610 4 1616 3 1355 2 1715 3 
1613 3 1615 3 1198 3 1714 2 
548 1 1618 2 1899 2 2215 3 
1617 2 1898 2 549 2 1619 4 
550 3 1620 4 1891 4 1618 4 
1890 2 1621 2 1619 4 551 2 
1620 2 552 1 1893 1 1622 3 
553 3 1621 3 1623 4 1892 5 
1624 5 1895 3 554 3 1622 4 
1623 5 555 4 1894 4 1625 4 
1897 2 1626 1 556 2 1624 4 
557 1 1625 1 1792 2 1896 2 
2242 1 1630 2 1591 2 1628 1 
1590 2 1627 1 830 3 
1589 4 833 3 1630 4 237 5 
1629 4 1588 3 1627 2 832 3 
1632 3 1901 1 297 1 1804 2 
1900 3 1631 3 296 3 1633 4 
1903 3 295 4 1632 4 1634 2 
294 2 1635 2 1633 2 1902 1 
1636 2 1905 3 293 4 1634 2 
1635 2 292 2 1904 3 1637 1 
291 2 1907 2 1638 1 1636 1 
1906 3 1639 2 290 2 1637 1 
1909 3 1447 2 1638 2 1640 3 
1482 4 1446 2 1908 3 1639 3 
1614 2 1642 2 1566 2 1945 2 
1944 4 316 2 1641 2 1647 2 
762 1 1474 1 1644 1 1494 1 
761 3 1643 1 1645 2 1462 1 
758 2 1646 2 1884 4 1644 2 
757 1 887 5 665 2 1645 2 
20 2 1642 2 1939 2 1648 3 
1938 3 1647 3 19 2 885 2 
754 2 1650 2 1553 2 888 2 
753 3 1649 2 891 2 1543 1 
892 1 1935 2 4 1 886 3 
1752 2 891 2 755 1 1528 1 
1501 1 1654 1 1570 2 1414 2 
1569 2 1655 2 1486 1 1653 1 
1568 3 1654 2 1656 2 1416 2 
1491 1 1567 1 1655 2 1657 1 
1656 1 1410 1 1658 1 1574 1 
1659 4 1573 1 1409 1 1657 1 
1660 4 1658 4 1572 4 1484 4 
1659 4 1661 1 1480 2 1571 2 
1660 1 1576 1 1475 3 1662 2 
800 2 1405 2 1575 3 1661 2 
77 2 1675 2 637 1 1069 1 
1834 3 819 3 1828 3 1600 3 
62 3 1666 3 447 2 1668 3 
61 3 1665 3 1671 2 446 4 
1674 1 64 2 1668 2 445 1 
63 4 1667 2 444 2 1665 3 
1672 3 451 4 1670 4 
450 2 1669 4 
449 1 60 1 1672 1 1666 2 
1669 3 1671 1 448 4 
2247 4 443 2 51 2 1674 2 
442 1 50 3 1667 1 1673 2 
640 2 1663 2 2314 3 82 3 
970 3 1812 2 1466 1 963 1 
1929 1 1678 1 414 1 1684 2 
413 1 1928 1 1677 1 1679 2 
1927 2 1680 3 416 4 1678 2 
1679 3 415 2 1508 2 1926 4 
1686 3 1933 1 410 1 1682 2 
1683 3 1932 3 1681 2 409 2 
1682 3 1684 3 1931 2 412 2 
411 2 1683 3 1677 2 1930 3 
1925 2 1866 1 419 2 1686 3 
1681 3 1924 3 1685 3 418 4 
1382 1 738 3 1688 1 1542 1 
1381 2 1687 1 1713 2 1541 1 
1788 1 1499 2 1692 1 1690 2 
1498 2 1689 2 1787 2 1695 4 
1699 3 1497 4 1790 2 1692 2 
1789 1 1689 1 1691 2 1496 2 
1696 1 1784 2 1694 1 1495 1 
1783 3 1474 1 1693 1 1494 1 
1493 3 1786 3 1696 3 1690 4 
1693 1 1695 3 1492 4 1785 3 
264 2 1933 1 250 1 1741 4 
2218 2 1699 3 1896 3 1792 3 
1791 2 1691 3 1698 3 1489 2 
1968 3 1820 2 1735 4 1018 2 
1702 2 314 3 2148 2 1916 4 
1701 2 315 1 1711 4 2147 3 
1713 3 1541 2 1704 3 
829 3 1703 3 
1706 2 1708 3 308 2 2151 2 
1705 2 309 1 2070 1 2150 1 
306 3 1710 3 2153 2 1708 3 
2152 2 1705 3 307 2 1707 3 
312 2 2155 3 1712 2 1710 3 
1707 3 313 3 2154 3 1709 3 
1712 4 310 4 1702 4 2157 5 
311 3 1711 4 2156 2 1709 2 
829 3 1176 4 1703 3 1688 2 
1068 2 1616 2 307 1 1715 2 
306 3 1729 4 1615 3 1714 2 
1068 3 1614 2 309 2 1945 2 
380 4 1718 2 
379 2 1717 2 1727 4 1207 2 
1720 3 2188 3 1863 2 1252 3 
1719 3 1721 2 1862 3 2187 2 
2190 3 1720 2 1869 3 1722 2 
1723 3 2189 3 1868 2 1721 2 
1724 2 1867 2 2192 2 1722 3 
1723 2 1866 1 1925 2 1214 4 
1426 3 1936 3 1750 3 1280 5 
1612 2 1080 2 1730 3 311 4 
1990 3 1718 4 1208 3 1728 3 
373 1 1847 1 1727 3 
1610 5 1730 4 313 4 1715 4 
1609 2 1729 4 1726 3 312 2 
1260 3 1771 1 1767 2 1770 2 
2222 1 112 1 1968 2 1735 3 
1734 3 1502 1 
1501 3 1570 4 1733 3 
1700 4 1747 3 1732 3 111 3 
1737 2 1739 4 2006 2 2103 2 
1736 2 1742 1 2005 2 2102 1 
2105 2 2004 2 1969 1 1739 3 
1736 4 2003 4 2104 4 1738 3 
1741 4 264 2 2099 2 1743 2 
1740 4 2098 4 1697 4 1744 5 
1737 1 1743 2 2101 4 2000 1 
2100 2 1742 2 1740 2 1999 3 
250 2 1745 2 2097 2 1741 5 
1579 1 2096 1 249 1 1744 2 
2118 1 84 1 1949 3 634 1 
1735 3 1748 2 1820 1 110 2 
583 3 1819 4 1753 3 1747 2 
1750 2 1280 4 1968 3 2222 2 
1749 2 2221 2 1725 3 890 3 
1816 2 1752 3 2127 2 618 2 
1652 2 1751 3 2126 3 617 3 
1770 3 116 3 1748 3 1767 3 
1122 3 1755 3 1757 2 173 3 
2002 3 1754 3 172 3 1123 2 
175 3 1757 2 1759 3 1124 2 
1756 2 174 1 1125 1 1754 2 
177 3 1761 3 1759 4 1885 3 
176 3 1127 2 1758 4 1756 3 
1888 2 179 2 1761 1 1519 1 
1760 1 1758 3 178 1 1889 3 
181 1 328 1 697 1 1519 1 
2122 2 1517 2 344 2 1764 3 
1765 2 2125 5 1763 3 343 3 
2124 2 1764 2 342 3 1766 1 
346 2 1765 1 2119 1 
982 2 1753 3 1819 4 1731 2 
23 1 688 2 487 2 496 3 
145 2 971 1 1793 2 1771 1 
115 2 1753 3 1782 2 1731 2 
1782 1 966 2 1769 1 1731 1 
1775 3 1773 2 1197 2 857 3 
1772 2 2010 2 1196 2 854 3 
1777 2 1775 4 1204 3 853 2 
1772 3 1774 4 852 3 1203 3 
1206 3 1779 2 2095 1 1777 1 
1774 2 2094 2 1205 1 1776 1 
1200 1 1779 2 2093 2 1781 1 
2092 4 1778 2 1199 2 1776 2 
251 2 1607 2 2091 4 1781 2 
1201 1 2090 3 1778 1 1780 2 
1771 1 590 3 1770 2 1793 2 
1694 3 1784 4 1327 3 721 3 
1693 2 1785 4 1783 4 722 3 
1784 4 723 3 1786 3 1696 3 
724 1 1787 1 1695 3 1785 3 
725 2 1786 1 1788 1 1690 2 
1689 1 1787 1 1789 1 726 3 
1692 1 1790 1 727 1 1788 1 
1789 1 728 2 1791 1 1691 2 
1699 2 1792 2 1790 1 729 2 
730 3 1626 2 1791 2 1698 3 
1769 2 748 2 113 3 1782 2 
1986 3 1959 4 1199 2 31 2 
1796 1 401 1 1798 3 843 2 
1795 1 1801 1 384 4 842 4 
1805 1 1982 1 841 2 1798 3 
1795 3 840 3 1981 4 1797 3 
1800 2 439 3 847 2 1802 2 
1799 2 1984 3 2039 2 846 2 
1802 1 1987 1 845 1 1796 1 
1801 1 453 2 1799 2 844 1 
2096 1 1806 1 107 2 274 2 
1805 2 793 3 839 3 1631 2 
1804 2 792 1 1797 1 838 1 
2338 3 1803 1 273 2 2097 1 
1923 2 823 3 1808 2 1606 4 
2123 1 822 1 1807 2 1605 2 
965 5 880 2 610 2 1810 3 
609 2 1811 2 1809 3 964 2 
1812 2 963 1 1810 2 612 2 
1676 2 1811 2 611 3 1813 2 
970 3 1812 2 614 1 1814 1 
969 2 613 1 1815 3 1813 1 
1816 3 1814 3 616 4 968 4 
1751 2 615 1 1815 3 967 2 
1818 1 2255 3 1824 4 598 2 
1817 1 597 1 2254 2 
1748 4 1767 4 1820 3 1268 3 
1700 2 1262 1 1819 3 1747 1 
2257 2 594 1 1822 2 731 2 
2256 2 593 2 1823 3 1821 2 
1824 5 2259 4 592 3 1822 3 
1823 5 2258 4 591 4 1817 4 
2209 1 1832 1 1826 1 
2208 3 1825 1 1827 1 
1282 2 1826 1 
1910 2 1664 3 818 3 1599 1 
1459 4 790 4 2205 4 1830 4 
1831 2 1458 2 1829 4 2204 1 
1830 2 2203 4 1832 2 1461 3 
1831 2 2202 2 1825 1 1460 1 
1602 3 817 4 1985 3 1834 3 
1664 3 1601 1 816 2 1833 3 
279 1 2102 1 1297 1 2337 2 
479 2 152 1 1839 1 1837 2 
1842 3 1189 2 1318 2 1836 2 
1534 2 1839 2 387 4 1188 2 
1187 1 1838 2 1836 1 1339 3 
1368 2 1186 2 1843 3 1841 2 
165 3 1840 2 
1837 3 1843 3 147 3 182 2 
1842 3 1537 2 1184 2 1840 3 
1848 2 1129 1 1390 2 870 1 
1846 3 2268 2 1886 2 272 2 
1845 3 2267 2 271 3 
2270 1 1728 1 270 5 1886 1 
1116 2 1844 2 869 3 1389 4 
1358 2 779 1 1115 2 1117 1 
2145 3 1851 1 906 1 1861 2 
1850 1 2146 2 905 1 1852 2 
1853 3 908 2 2143 2 1851 2 
1852 3 907 2 2144 3 1854 5 
2142 4 1855 4 902 4 1853 5 
1854 4 901 2 1856 1 
1855 1 904 1 
1922 1 2051 1 999 1 257 1 
2226 4 1505 3 991 3 773 2 
1365 2 1196 2 1100 3 37 3 
896 4 2140 5 2052 3 1861 4 
2141 3 1860 4 1850 2 895 3 
1863 2 1869 4 1720 3 240 2 
1862 2 1864 1 1719 2 239 2 
1863 1 242 2 1252 2 1865 1 
1251 1 1871 1 241 1 1864 1 
1724 1 244 1 1685 1 1867 1 
1723 2 1868 1 243 2 1866 1 
1869 3 1867 1 246 1 1722 2 
1868 3 1862 4 245 3 1721 3 
2135 1 2430 2 2350 1 205 1 
248 1 1872 1 1865 1 1283 2 
247 2 1871 1 1281 1 815 1 
2248 2 1874 2 1876 2 904 1 
903 2 51 2 2247 4 1873 2 
902 3 1876 4 1878 4 2250 4 
2249 2 901 3 1875 4 1873 2 
2244 1 1880 2 908 1 1878 2 
907 2 2243 4 1875 4 1877 2 
1880 2 2246 1 906 1 1882 1 
905 2 1879 2 1877 2 2245 2 
2062 1 1882 1 896 2 2241 4 
895 2 2240 1 1881 1 1879 1 
1566 1 955 2 1179 1 1329 2 
1462 3 1103 3 1645 4 665 4 
1127 1 1758 3 835 2 1889 3 
2269 2 269 1 1845 2 1847 1 
1330 1 1543 1 1528 1 891 2 
1760 2 2261 2 1889 4 340 2 
1888 4 1885 3 1761 3 2260 3 
1620 2 1893 1 1891 2 1202 1 
1619 4 1890 2 1898 2 1354 2 
1893 3 1895 4 1195 3 1622 5 
1890 1 1892 3 1621 1 1193 1 
1191 3 1897 2 1895 2 1624 4 
2279 2 1623 3 1894 2 1892 4 
1183 4 1897 3 1698 3 1626 2 
1894 2 1625 2 1182 2 1896 3 
1618 2 1344 1 1899 2 1891 2 
1617 2 1343 3 1898 2 1399 3 
1632 3 1224 1 1903 2 1901 1 
1631 1 1223 1 793 2 1900 1 
1905 2 1903 2 1222 2 1634 1 
1633 3 1902 2 1221 3 1900 2 
1228 5 1905 4 1907 4 1636 3 
1902 2 1227 3 1635 3 1904 4 
1907 4 1226 4 1638 3 1909 4 
1906 4 1904 4 1637 2 1225 2 
2082 2 1909 3 1640 3 
1639 3 1220 2 1908 3 1906 4 
821 3 1923 2 1828 2 1598 4 
2169 2 1970 1 1919 2 480 1 
261 2 1003 2 1915 2 66 2 
2325 1 2235 1 1946 1 1300 1 
1965 3 2176 2 477 2 1917 3 
256 3 1002 2 1912 2 1921 3 
1967 4 1917 4 475 3 1701 4 
1916 4 1966 2 476 2 1914 3 
2193 3 1961 3 1919 4 473 4 
1911 2 1918 4 474 2 1960 3 
1963 2 2193 1 471 1 2176 1 
1001 2 1922 2 255 2 1915 3 
1857 1 1000 4 1921 2 258 1 
1910 2 1807 2 1597 1 820 2 
1933 1 1925 2 1686 3 250 1 
1724 2 1924 2 1685 2 249 2 
1443 3 1927 3 2004 4 1680 4 
1679 2 1928 1 1926 3 2003 2 
1927 1 1678 1 1929 1 2006 1 
1677 1 1930 2 2005 2 1928 1 
1929 2 1931 2 2000 2 1684 3 
1930 2 1999 2 1683 2 1932 2 
264 3 1682 3 1931 2 1933 2 
1924 1 1681 1 1697 1 1932 2 
1935 2 892 1 1937 1 1277 1 
1934 2 1940 3 1651 2 1276 4 
1279 2 1725 3 890 3 1937 1 
1934 1 1958 3 1278 1 1936 1 
1939 2 1941 3 1648 3 1273 2 
1938 2 1944 4 1647 2 1272 3 
1275 2 1935 3 1941 3 886 4 
885 2 1938 3 1274 2 1940 3 
2128 3 1943 2 2238 4 1299 2 
2237 1 1942 2 2325 1 1298 3 
1642 4 1271 4 1939 4 1945 4 
1270 1 1641 2 1716 2 1944 4 
1913 1 1947 2 1303 1 2234 1 
1946 2 1948 3 1302 3 2233 3 
1304 2 2232 3 1947 3 
85 4 2290 3 633 4 1746 3 
956 3 1957 2 251 1 144 1 
664 3 1065 5 986 4 1952 3 
1953 5 1064 3 663 4 1951 3 
1952 5 1063 3 1106 3 1954 3 
1104 3 1953 3 1101 1 1955 1 
1956 2 1370 3 1954 1 1108 2 
1955 2 1060 2 1107 3 
1959 4 1201 2 1950 2 29 3 
892 3 890 5 1937 3 2 3 
1957 4 146 3 1794 4 1200 3 
1970 2 1961 2 136 2 1919 3 
135 1 1960 2 1918 3 1962 1 
1963 2 134 1 2193 1 1961 1 
1962 2 1920 2 133 3 1964 2 
140 2 2176 1 1965 2 1963 2 
1914 3 139 4 1964 2 1966 2 
138 2 1967 2 1917 2 1965 2 
1916 4 2148 2 1966 2 137 2 
1700 3 1269 2 1732 2 1749 3 
1970 1 1738 1 2169 2 143 2 
1969 1 142 2 1911 1 1960 2 
1320 1 171 4 1972 2 1978 1 
1971 2 1973 2 1319 3 170 2 
1322 1 1972 2 169 1 1974 2 
168 2 2167 2 1321 3 1973 2 
1324 2 1980 3 1976 2 167 4 
1323 3 1975 2 166 1 1977 3 
1021 3 1978 3 1326 4 1976 3 
1977 3 1971 1 164 1 1325 2 
1142 3 163 2 1980 3 1067 3 
162 2 1975 3 1979 3 1317 2 
1798 4 2047 4 401 2 1982 2 
1797 1 792 1 2046 2 1981 2 
2180 1 1411 1 1413 1 494 3 
2045 3 1800 3 631 3 439 4 
814 2 1081 1 1833 3 1603 1 
1794 3 1206 4 26 3 1017 4 
1801 1 384 4 453 2 2042 1 
2017 1 1017 3 1204 2 28 1 
698 4 376 4 374 4 1527 4 
1727 3 373 1 379 1 1064 1 
1994 2 1261 1 1992 2 24 1 
1991 2 1997 2 23 2 148 3 
2191 1 1994 2 1263 1 36 2 
1991 2 1264 3 30 3 1993 2 
1996 2 1998 1 22 2 1265 1 
2001 2 1266 2 1995 2 21 3 
1267 2 12 2 1992 2 1998 1 
1995 1 11 2 252 2 1997 1 
1931 2 2000 2 264 3 1743 3 
1930 2 2005 2 1999 2 1742 1 
1996 2 8 2 2002 2 1259 2 
1755 3 587 2 2001 2 7 2 
1739 4 2006 2 1927 2 2004 3 
1738 2 1926 4 143 3 2003 3 
1929 2 1737 2 2000 2 2006 2 
1736 2 2003 2 1928 1 2005 2 
2008 2 2014 2 279 2 1051 3 
1050 1 2007 2 2009 1 278 2 
277 1 2008 1 2010 1 1342 3 
1052 2 2009 1 1773 2 276 2 
2012 4 2016 3 1047 2 283 3 
2011 4 1046 3 282 3 2013 4 
1049 2 2014 2 281 3 2012 4 
280 2 2007 2 2013 2 1048 2 
274 2 2198 2 2016 2 1055 1 
2011 3 2015 2 273 3 1054 2 
1988 1 1365 1 27 2 1203 1 
942 3 909 2 2402 2 2019 1 
2401 1 2026 1 941 2 2018 1 
2404 1 2021 1 935 1 2023 1 
934 2 2421 1 2020 1 2403 1 
933 2 2406 4 2023 2 2025 2 
932 1 2405 2 2022 2 2020 1 
2408 3 939 2 2025 1 2027 1 
938 1 2024 1 2407 2 2022 2 
937 2 2019 1 2027 1 2410 1 
936 1 2026 1 2024 1 2409 1 
2031 2 628 3 685 2 2029 2 
2038 1 684 1 627 1 2028 2 
2033 1 2031 1 683 1 630 2 
2028 2 2030 1 682 2 629 1 
624 3 689 3 2033 2 2035 2 
623 1 688 2 2030 1 2032 2 
626 3 1338 4 687 3 2035 3 
625 1 686 1 2032 2 2034 3 
2037 2 670 3 2284 2 
2036 2 671 3 459 4 
2029 1 2039 2 632 5 681 2 
631 2 680 2 2038 2 1800 2 
2069 1 1223 1 793 2 2041 1 
2068 1 792 1 2046 2 2040 1 
2049 2 2061 1 2043 1 1987 1 
2044 2 2042 1 2060 1 453 2 
2063 2 2043 2 439 3 2045 2 
1984 3 2241 4 2044 2 2062 1 
2065 2 2047 4 1982 2 2041 2 
2046 4 2064 3 2048 3 1981 4 
2049 2 2067 2 2047 3 401 1 
2048 2 2042 2 2066 2 384 5 
68 3 851 3 2059 2 2051 2 
1857 1 67 1 2050 2 850 2 
2381 1 1860 3 740 2 2053 2 
2382 2 2054 2 739 2 2052 2 
742 1 2053 2 2055 2 2379 1 
2380 3 2054 2 2056 2 741 4 
744 2 2385 1 2055 2 622 1 
70 3 2058 4 
2059 3 2057 4 72 3 849 4 
2058 3 71 1 848 2 2050 2 
2061 1 742 1 2043 1 2063 1 
2042 1 2066 1 2060 1 741 3 
1881 1 740 2 2063 1 2045 1 
2044 2 739 1 2062 1 2060 1 
746 1 2047 3 2067 2 2065 1 
2046 2 2068 1 745 2 2064 1 
2067 2 2049 2 2061 1 744 2 
2066 2 2048 2 2064 2 743 2 
2065 1 2041 1 732 2 2069 1 
2040 1 731 2 594 1 2068 1 
2071 1 856 2 1270 1 1706 1 
2070 1 855 3 1271 1 2078 1 
1278 2 2075 3 2073 3 863 2 
2281 2 1279 3 2072 3 862 3 
2075 2 1276 3 865 1 2077 2 
864 3 2072 3 2074 2 1277 2 
2079 4 1274 1 859 1 2077 2 
858 3 1275 2 2074 2 2076 2 
861 2 1272 3 2079 4 2071 1 
2076 4 2078 4 860 5 1273 4 
2168 3 1098 3 2083 4 2081 4 
1479 2 1097 2 2080 4 2084 2 
1482 3 1908 2 2083 2 
1481 2 1096 2 2080 4 2082 2 
1099 1 1478 4 2081 2 
2086 2 1111 3 2089 2 543 2 
2085 2 1110 2 2087 2 544 1 
1113 3 2086 2 2088 2 545 2 
2087 2 2292 1 1112 1 546 1 
547 1 2085 2 1109 3 
2093 4 2091 5 476 3 1781 3 
475 3 2313 3 2090 5 1780 4 
2095 3 1779 4 2093 4 141 5 
477 2 2092 4 1778 2 2090 4 
853 2 1777 2 2095 2 472 2 
2092 3 471 1 2094 2 1776 1 
1803 1 2302 1 1745 1 2097 1 
2098 1 1806 1 1744 2 2096 1 
2097 1 1741 4 2099 2 2338 3 
2100 2 2339 4 2098 2 1740 2 
1743 2 2099 2 2336 1 2101 4 
1742 4 2337 5 2100 4 2102 4 
2103 1 1835 1 2101 4 1737 1 
2102 1 1297 1 2104 2 1736 2 
2340 2 2105 3 1739 4 2103 2 
1738 2 2341 3 2104 3 2169 3 
536 1 651 1 2108 3 538 3 
90 1 553 1 390 1 2131 1 
2109 4 495 3 2111 3 2106 3 
536 2 2108 4 494 4 2114 3 
2111 3 2117 3 539 3 493 3 
492 1 2108 3 2110 3 538 3 
2115 2 2113 1 491 1 533 1 
532 1 2327 1 2112 1 490 1 
2115 3 535 2 2109 3 489 3 
2112 2 534 2 488 3 2114 3 
2117 1 302 2 430 1 498 2 
2116 1 497 1 2110 3 528 1 
287 4 1746 1 456 3 1444 2 
962 2 2124 2 1766 1 
458 3 285 3 2121 1 1444 2 
940 1 286 1 2120 1 457 2 
1763 2 2123 1 2125 4 961 2 
1808 1 2122 1 960 1 1517 1 
1765 2 2125 5 959 2 2119 2 
2124 5 958 4 1764 5 2122 4 
1528 2 2127 2 1464 2 1752 3 
967 2 2126 2 1751 2 1463 1 
1942 3 2139 3 163 2 2129 2 
162 1 2132 2 2128 2 2138 2 
1021 3 2131 3 90 3 2133 3 
164 1 2136 2 2130 3 2107 1 
386 3 2129 2 2133 2 167 4 
2132 2 166 1 385 1 2130 3 
169 3 392 3 2135 3 2137 3 
391 3 1870 1 2134 3 168 1 
2137 2 2131 2 390 2 171 5 
2136 2 170 1 2134 3 389 3 
386 3 2139 3 549 2 2129 2 
2128 3 2238 4 2138 3 548 2 
408 3 1860 5 2381 3 2141 4 
407 2 2140 4 1861 3 2145 4 
1854 4 406 2 2144 2 
403 1 2146 2 2144 2 1852 2 
2143 2 402 2 1853 3 2142 2 
1850 3 2141 4 2146 4 405 3 
2143 2 1851 2 2217 2 2145 4 
2420 4 1702 3 2148 3 2157 4 
1967 2 1701 2 2147 3 2419 2 
1536 2 336 1 2409 1 1538 1 
2414 2 2151 1 856 2 1706 1 
2152 1 2413 1 2150 1 1705 2 
1708 2 2151 1 2412 1 2153 1 
2411 1 1707 2 2154 2 2152 1 
2418 3 2155 3 2153 2 1710 3 
2417 3 2156 3 2154 3 1709 3 
2416 2 2157 3 2155 3 1712 2 
2156 3 2415 3 1711 5 2147 4 
2165 1 2159 1 2439 2 
2160 2 2158 1 2438 3 
2161 3 2159 2 2437 2 69 2 
2160 3 1180 2 2436 2 2166 2 
1592 1 2163 2 2435 3 
2162 2 2164 3 2434 3 
2433 2 2165 2 2163 3 
2158 1 2164 2 2432 1 
930 1 2167 1 2161 2 2431 1 
2166 1 1974 2 866 1 2430 2 
2080 3 1479 1 1481 1 503 1 
1911 2 2105 3 481 3 1969 2 
2173 2 2171 1 1596 3 114 1 
1595 1 2174 3 588 2 2170 1 
2173 2 599 2 
2170 2 2172 2 1135 3 1594 2 
2175 4 2171 3 118 4 1593 4 
2435 4 2174 4 1592 2 117 2 
141 3 1914 2 1920 1 1964 1 
2228 3 1217 2 2178 3 1476 3 
1477 4 2179 2 2177 3 2227 2 
2230 3 2180 1 2178 2 1411 1 
945 2 1983 1 2181 1 2179 1 
2224 2 2180 1 1413 1 2182 1 
2223 3 1488 1 1192 2 2181 1 
1587 2 1283 2 2184 1 2186 1 
1281 1 2183 1 1586 1 1604 2 
2186 1 1252 2 2188 2 1585 1 
2185 1 1251 1 2183 1 1584 2 
2190 3 2188 2 1583 1 1720 2 
1582 4 1719 3 2185 2 2187 2 
2190 4 1581 3 1722 3 2192 2 
2189 4 1721 3 1580 3 2187 3 
2220 2 1407 1 1993 1 1217 1 
1723 2 1214 4 2189 2 1578 2 
1918 3 1920 1 472 1 1962 1 
894 2 2195 3 482 3 2201 1 
2194 3 889 3 893 4 2196 4 
884 3 2197 2 1294 2 2195 4 
417 3 2206 1 2196 2 883 1 
2199 3 2015 2 486 2 898 2 
2198 3 2200 3 897 3 485 3 
2199 3 484 2 900 2 2201 2 
483 1 2194 1 2200 2 899 3 
1832 2 2203 4 2209 2 1141 2 
1831 4 2202 4 2204 3 1140 3 
2205 1 1143 2 2203 3 1830 1 
2204 1 1142 2 1829 4 1067 2 
2207 2 87 1 2197 1 440 1 
438 2 2206 2 86 4 1057 3 
2209 3 1146 3 1826 3 1282 4 
1825 1 2208 3 1145 4 2202 2 
1393 1 1022 2 2212 3 
1023 2 2212 4 1395 2 2214 2 
1394 3 2211 4 1024 4 2210 3 
1397 1 2214 1 2216 1 1185 2 
2213 1 1026 2 1396 1 2211 2 
1617 3 2216 3 1399 4 1027 4 
2215 3 1028 2 1398 2 2213 1 
349 2 405 1 403 1 2146 2 
1698 2 928 1 1489 1 1183 3 
1217 2 781 2 2228 3 2220 3 
36 3 2191 2 2219 3 780 3 
2222 2 1750 2 1 2 120 2 
1732 1 2221 2 1749 2 119 3 
2182 3 2224 4 1356 3 775 4 
2181 2 2223 4 945 3 774 2 
451 2 2226 3 1347 1 1505 2 
1858 4 2225 3 6 4 450 3 
2230 3 2228 2 779 1 2178 2 
2177 3 778 3 2227 2 2219 3 
1115 2 1358 2 1364 2 447 1 
2179 3 2227 3 945 4 776 3 
1502 2 2252 3 1139 2 183 2 
1948 3 2233 3 1022 3 
2234 2 2232 3 1024 3 1947 3 
1023 1 2233 2 1946 1 2235 1 
1026 2 1913 1 2236 3 2234 1 
1185 4 2235 3 2325 3 2237 3 
2238 3 1943 1 1028 2 2236 3 
2237 3 1942 4 2139 4 1027 4 
831 1 540 1 1123 1 678 2 
2241 4 2246 1 1882 1 632 5 
2240 4 2045 4 631 4 1881 4 
830 3 1627 1 2259 3 832 2 
2244 3 2250 4 630 4 1878 4 
2243 3 629 1 1877 1 2245 1 
2246 1 2244 1 628 2 1880 2 
2245 1 627 1 2240 1 1879 1 
626 3 1673 4 2248 4 1874 4 
2247 4 1873 2 625 2 2249 2 
2250 2 2248 2 1876 2 624 2 
2243 4 2249 2 1875 4 623 2 
529 3 1066 3 1124 3 834 4 
1138 2 1501 2 1414 3 2231 3 
1563 2 1153 1 
836 2 2255 4 1818 2 
837 3 2258 3 1817 3 2254 4 
832 2 1822 2 2259 3 2257 2 
1821 2 833 2 2256 2 275 2 
830 3 1824 4 2255 3 2259 3 
1823 4 2242 3 2256 3 2258 3 
2261 1 835 2 542 2 1889 3 
2260 1 541 1 1888 2 827 2 
962 2 1130 1 2263 1 
2264 1 2262 1 1134 3 959 1 
2265 3 2263 1 958 1 1133 1 
2264 3 2266 3 961 4 1132 4 
2265 3 1131 2 960 1 59 2 
2268 1 1846 2 
2269 2 2267 1 1845 2 
2270 2 2268 2 1886 2 
2269 2 1847 1 
1152 3 882 2 2278 2 2272 2 
2273 3 881 2 2271 2 1151 3 
228 4 2274 3 2272 3 1154 2 
2273 3 1563 3 226 4 1153 2 
878 3 1148 3 691 3 2276 3 
2277 2 1147 3 877 2 2275 3 
1150 3 2276 2 2278 2 876 1 
2277 2 1149 3 875 3 2271 2 
1075 1 1895 2 1195 1 1191 3 
2287 2 2281 2 696 2 1425 3 
2073 2 2280 2 1426 1 695 1 
1419 3 2283 2 2285 2 702 3 
2288 2 701 1 2282 2 1420 1 
704 2 1417 3 2285 2 2036 2 
2284 2 2282 2 703 3 1418 1 
2289 1 1434 2 2287 1 1423 2 
1424 2 2280 2 1433 3 2286 1 
708 2 2289 2 2283 2 1421 3 
1422 2 2288 2 707 3 2286 1 
636 2 1949 3 2293 2 78 2 
705 2 2292 2 973 2 2297 4 
706 3 2088 1 2291 2 972 1 
635 3 1069 2 79 2 2290 2 
2301 3 693 3 975 3 2295 1 
2296 1 974 1 694 2 2294 1 
2295 1 2297 3 1402 1 977 1 
976 3 2296 3 1404 3 2291 4 
2299 2 697 2 979 2 328 2 
698 1 2298 2 978 3 2300 2 
699 4 981 2 2299 2 2301 4 
980 4 700 4 2294 3 2300 4 
2096 1 2303 2 107 2 1579 1 
108 3 2304 3 2302 2 1578 3 
2305 2 2303 3 105 5 1581 3 
2304 2 2306 2 106 2 1580 1 
2305 2 1583 2 2307 3 103 2 
1582 4 2306 3 104 3 2308 2 
101 2 1585 1 2309 2 2307 2 
2310 2 102 5 2308 2 1584 3 
1587 2 2311 1 2309 2 99 1 
100 2 81 3 1586 1 2310 1 
1608 1 315 1 1080 1 2313 1 
314 2 2091 3 2312 1 1607 1 
2315 4 639 2 83 2 1675 3 
2314 4 642 4 2316 3 80 3 
2315 3 81 3 100 2 641 2 
2320 3 319 1 336 1 2318 2 
335 2 318 2 2326 3 2317 2 
2320 3 2322 1 334 1 321 1 
2319 3 2317 3 333 5 320 3 
2322 2 2324 2 323 5 332 2 
331 1 2319 1 2321 2 322 2 
325 2 330 1 2343 2 2324 1 
2321 2 324 1 329 1 2323 1 
1913 1 1301 2 1943 1 2236 3 
2327 2 327 2 338 2 2318 3 
2113 1 2326 2 326 2 337 1 
2331 2 427 3 2329 3 1572 2 
1571 3 2342 3 2328 3 426 5 
2331 2 2333 5 425 2 1574 2 
2330 2 2328 2 1573 1 424 1 
2335 1 1568 2 423 2 2333 4 
2330 5 2332 4 422 4 1567 4 
1570 2 421 2 2335 1 
1569 2 420 3 2332 1 2334 1 
2339 3 2100 1 2337 2 281 2 
280 3 2101 5 1835 2 2336 2 
1806 3 2339 5 2098 3 283 4 
2338 5 2099 4 2336 3 282 3 
2341 2 2104 2 1297 1 277 1 
2105 3 2340 2 481 3 276 3 
2329 3 1576 2 2343 3 429 2 
428 2 2342 3 1575 3 2323 2 
2351 1 223 1 4 1 2345 1 
3 3 2344 1 222 2 2346 1 
2 1 2345 1 225 1 2347 1 
120 1 1 1 224 1 2346 1 
20 1 1329 2 219 2 2349 2 
19 2 1295 2 218 2 2348 2 
206 2 2431 1 2353 1 1870 1 
220 2 1295 1 2344 1 17 2 
199 1 2437 1 2353 1 2355 2 
198 1 2352 1 2350 1 2436 1 
2357 3 2355 3 2439 3 197 2 
2354 3 196 3 2438 4 2352 2 
2359 3 203 3 2433 2 2357 3 
2432 2 202 3 2354 3 2356 3 
2435 3 117 1 2359 2 201 2 
2434 3 200 3 2356 3 2358 2 
303 2 2361 4 2363 3 416 3 
302 5 430 4 2360 4 415 4 
414 2 305 2 2363 4 2365 3 
2362 4 413 3 304 5 2360 3 
2367 2 2365 3 412 2 299 4 
298 3 411 2 2364 3 2362 3 
301 2 2367 1 410 1 2369 2 
2366 1 409 1 2364 2 300 2 
1432 4 2369 4 123 3 419 4 
2368 4 418 3 2366 2 1428 2 
748 4 1169 4 113 5 2371 4 
1168 1 2370 4 2374 2 747 2 
752 2 2373 2 1171 3 2375 2 
1170 1 2372 2 751 1 
750 2 2375 2 1173 3 2371 2 
749 2 2374 2 1172 1 2372 2 
2377 2 238 2 2378 2 2384 3 
2376 2 833 1 237 3 275 1 
732 2 2376 2 275 1 75 2 
2380 2 2382 1 230 2 2054 1 
229 2 2055 3 2379 2 2385 2 
2052 1 2140 3 232 1 2382 1 
2053 2 231 3 2379 1 2381 1 
2384 3 2386 2 73 2 234 3 
2383 3 233 3 75 3 2376 3 
2056 1 2380 2 236 3 2386 1 
2383 2 235 1 2385 1 622 1 
2388 2 1004 1 2390 2 1453 1 
2387 2 1452 2 1003 3 2393 2 
2390 4 1006 4 2396 3 1451 3 
1450 2 1005 2 2389 4 2387 2 
2394 3 1457 2 2392 2 1000 5 
132 1 1456 1 999 1 2391 2 
1455 4 2394 2 2388 2 1002 1 
2391 3 1001 2 1454 2 2393 2 
2396 2 998 2 
2389 3 2395 2 1449 1 997 3 
994 2 2398 2 1095 2 
1094 1 993 1 2399 2 2397 2 
2400 2 996 3 2398 2 1093 3 
2399 2 1092 3 559 3 995 1 
2410 1 2019 1 1539 2 2402 2 
1540 3 2018 2 2401 2 1194 3 
2404 1 1531 3 1190 1 2021 1 
2020 1 1532 1 2403 1 2405 2 
1533 2 2404 2 2023 2 2406 4 
161 4 2022 4 2407 4 2405 4 
2408 4 1535 2 2025 2 2406 4 
2024 3 2407 4 1536 4 2409 3 
2149 1 2027 1 2410 1 2408 3 
2401 1 2026 1 2409 1 1538 1 
1555 1 2153 1 2418 2 2412 1 
2413 1 1554 2 2152 1 2411 1 
2412 1 2414 2 1557 3 2151 1 
2150 2 1036 2 2413 2 1556 4 
1559 4 2416 2 2157 3 2420 3 
2156 2 2415 2 1558 2 2417 2 
2418 3 2155 3 1561 4 2416 2 
2417 3 2154 3 2411 2 1560 2 
2420 3 137 2 2148 2 1565 2 
2419 3 2147 4 2415 3 1564 2 
2422 1 2021 1 664 3 1190 1 
2421 1 663 2 1025 1 2428 2 
2425 3 1033 1 
2425 3 2427 1 1035 1 654 1 
2423 3 2424 3 1034 4 
1108 3 2429 4 2427 2 1030 2 
1029 4 2424 1 2426 2 1107 2 
1106 2 2429 4 1032 2 2422 2 
2426 4 1104 5 1031 4 2428 4 
2431 2 1870 2 168 2 2167 2 
2430 2 2350 1 2436 1 2166 1 
2439 2 2433 1 2357 2 2165 1 
2164 2 2432 1 2434 2 2356 2 
2359 3 2163 3 2435 4 2433 2 
2175 4 2358 3 2162 3 2434 4 
2437 1 2161 2 2353 1 2431 1 
2352 1 2436 1 2160 2 2438 3 
2439 4 2159 3 2355 4 2437 3 
2432 2 2438 4 2354 3 2158 2 
