35
18
18
44
44
46
46
45
45
45
46
44
44
45
44
22
22
16
16
16
16
21
21
21
21
16
16
16
16
21
21
21
21
22
22
16
16
5
5
0
0
24
40
5
5
40
3
3
3
3
5
5
5
5
19
19
38
38
10
38
38
10
37
2
2
2
2
1
1
1
1
18
18
18
18
18
18
23
23
23
23
10
0
11
10
10
10
11
11
11
11
47
7
47
47
49
49
49
49
31
31
7
7
43
43
43
43
18
18
23
23
23
23
18
18
18
18
23
23
23
23
18
18
18
18
27
26
27
45
7
7
11
7
8
8
8
8
0
0
48
15
48
21
22
26
15
15
15
15
21
21
21
21
33
15
15
0
0
8
8
8
8
7
7
7
7
24
24
24
24
24
24
24
24
24
24
24
24
48
17
16
16
23
23
23
24
19
1
1
1
2
2
2
2
5
8
8
5
36
36
36
36
8
8
36
36
4
4
31
31
28
28
9
9
31
9
9
11
18
18
5
5
0
0
0
0
0
0
5
5
0
43
9
9
0
31
31
31
31
9
31
9
9
0
11
0
11
13
23
23
12
23
23
23
12
12
12
12
0
13
0
37
0
9
9
9
36
36
36
36
36
9
9
20
20
12
12
18
18
12
12
12
24
44
44
24
24
44
44
24
24
42
42
39
31
44
44
44
19
19
48
15
24
24
15
26
26
26
26
8
8
8
8
47
47
7
7
4
4
32
3
3
3
3
4
4
4
4
5
5
33
25
49
10
43
43
43
16
16
20
20
20
20
20
20
22
22
32
32
32
32
33
33
20
20
2
2
2
2
1
1
1
1
47
20
20
27
20
20
20
20
22
22
20
20
7
7
7
7
7
7
8
8
8
8
46
27
27
27
25
25
27
27
27
27
25
25
27
27
27
16
27
18
18
18
18
23
18
23
23
18
18
40
19
19
22
19
22
22
19
19
19
19
35
35
34
34
35
35
35
35
6
6
35
35
35
35
34
34
35
35
6
6
46
47
47
47
47
32
32
32
32
31
31
8
8
36
36
36
36
6
6
6
6
7
7
6
6
7
2
19
19
34
34
35
35
35
35
35
10
10
10
10
11
11
11
11
11
28
28
28
32
32
47
47
47
47
32
32
32
32
12
12
12
12
23
23
23
12
23
23
37
22
6
6
21
35
35
35
35
34
34
35
35
23
23
21
21
14
14
6
6
35
35
35
35
35
35
34
34
12
12
12
12
20
20
24
24
26
25
25
25
26
26
26
26
46
46
22
22
22
16
16
16
16
21
21
22
22
16
16
16
16
10
10
10
10
3
10
32
32
13
13
13
13
13
13
13
12
32
32
13
13
13
13
23
23
40
40
23
12
23
23
12
12
12
12
36
36
41
25
33
33
33
33
33
33
33
24
24
24
12
12
12
12
12
38
24
24
36
36
24
24
43
43
33
43
12
12
24
24
24
32
41
42
33
33
33
25
33
33
33
33
36
36
30
30
7
7
7
7
7
7
8
34
8
8
34
2
2
2
2
1
1
1
1
49
1
14
2
2
2
2
6
6
6
6
6
6
2
2
47
47
26
26
26
26
26
43
43
43
37
1
13
13
13
13
13
13
13
24
24
40
12
13
13
13
13
13
40
40
13
40
14
14
42
42
14
14
14
14
12
14
28
28
28
26
26
26
26
25
25
26
25
28
25
25
15
48
23
23
23
23
18
18
18
18
40
39
39
39
39
39
39
37
37
37
37
25
25
27
27
27
27
27
27
25
25
4
4
1
41
27
27
27
27
27
27
25
25
25
25
4
4
12
0
2
2
2
2
1
1
1
1
15
0
2
46
2
15
44
44
45
45
45
45
46
45
45
45
44
44
46
7
16
45
6
6
7
7
6
6
6
6
38
14
14
14
14
42
42
14
1
1
1
1
1
14
14
2
2
15
15
4
4
48
48
15
15
15
15
3
3
3
3
16
16
4
4
17
17
17
17
48
48
17
48
6
6
6
6
6
6
2
15
15
2
15
15
15
42
42
42
42
42
15
42
15
15
15
15
15
15
3
11
10
10
10
11
11
11
11
10
3
9
37
22
22
22
22
10
10
16
16
16
16
45
25
25
25
26
26
44
26
26
14
14
14
14
42
42
14
14
40
27
27
27
27
27
25
25
38
38
40
40
40
20
40
40
26
26
26
21
42
42
41
41
42
42
39
41
41
41
37
21
10
3
37
16
16
16
10
10
10
10
10
26
42
42
41
41
41
41
41
39
37
16
42
42
39
39
39
39
37
37
40
40
40
40
40
40
40
40
38
38
46
46
49
46
49
49
49
49
48
48
16
48
48
49
49
46
49
46
46
48
48
46
41
41
41
41
41
48
48
48
48
48
48
28
41
41
46
48
48
41
41
26
26
26
4
4
25
14
14
10
10
1
1
1
1
2
2
2
2
10
8
44
8
44
10
22
16
3
36
3
3
4
4
4
36
4
4
25
3
10
4
4
4
4
3
3
3
3
4
4
47
47
25
26
25
25
26
26
26
26
32
32
32
32
25
33
33
33
32
32
38
38
38
38
38
38
37
37
38
38
20
20
32
36
32
20
3
32
33
33
25
33
42
42
41
39
41
41
41
41
42
42
33
25
33
33
33
33
33
33
36
36
4
4
4
4
3
3
3
3
4
4
39
39
39
39
37
37
37
37
21
21
21
22
39
39
16
16
41
41
39
41
42
42
41
41
38
20
42
42
37
37
38
40
6
6
46
46
45
46
45
45
45
45
44
44
9
11
31
31
31
31
31
9
9
9
20
20
48
17
48
48
17
17
17
17
17
16
41
17
17
17
17
48
48
48
17
17
16
9
9
31
9
31
31
31
31
9
11
46
46
44
44
45
45
45
45
45
46
4
4
17
17
17
17
17
48
48
48
16
16
34
34
26
26
30
30
30
30
30
30
34
34
44
44
42
42
42
42
41
41
41
41
42
42
42
39
41
41
30
30
32
32
34
34
30
30
47
47
47
47
32
32
32
32
29
47
2
47
39
39
39
39
37
37
37
37
39
39
0
25
25
25
25
27
27
27
27
27
27
0
4
4
37
26
26
26
26
5
20
20
22
22
20
20
20
20
20
20
14
14
27
20
20
20
20
20
20
22
20
22
22
23
27
27
27
23
25
28
28
28
46
25
25
24
24
10
3
11
11
11
11
10
10
11
10
39
37
39
39
29
29
29
29
29
29
28
29
29
30
37
37
37
37
38
38
38
38
37
39
38
38
39
39
39
39
37
37
37
37
39
29
39
39
39
39
25
38
38
38
38
37
38
37
37
38
38
7
7
7
11
11
11
11
11
0
0
0
0
5
5
0
0
20
0
5
5
24
37
36
36
36
36
8
8
36
36
8
8
0
9
36
9
9
36
36
36
36
1
8
9
22
1
1
1
37
37
38
38
38
38
38
38
38
38
22
19
19
19
9
19
22
22
22
31
31
31
31
9
31
19
19
31
7
31
31
31
31
31
9
9
9
9
9
32
32
33
25
29
29
29
29
28
28
28
28
33
30
29
29
28
29
29
29
29
29
29
30
29
26
26
9
9
36
9
9
9
36
36
36
36
9
9
9
9
36
9
36
36
36
36
24
12
10
3
43
13
11
11
43
13
11
10
10
10
37
32
32
32
32
47
47
47
47
42
42
41
41
41
41
31
41
46
46
49
37
49
49
49
49
48
49
5
5
37
40
40
40
40
38
38
40
40
40
39
39
40
40
40
40
40
25
25
28
28
27
28
27
27
25
25
8
8
8
8
7
7
7
7
0
0
27
28
28
27
27
48
49
49
47
47
47
49
49
49
39
28
28
29
29
28
29
30
24
44
40
40
40
40
40
40
40
38
38
19
19
24
12
44
12
33
33
33
33
0
0
32
8
8
8
8
7
7
7
7
34
34
34
33
33
33
33
33
33
30
30
29
29
29
29
29
28
28
29
28
30
30
34
34
30
30
30
30
34
34
34
34
34
34
30
30
30
30
30
30
28
28
44
44
44
30
29
29
28
28
28
29
29
29
29
4
4
4
4
3
3
3
3
4
4
43
43
43
43
43
43
43
43
47
47
39
39
39
39
39
39
37
37
37
37
46
46
45
46
45
45
45
45
44
44
3
3
3
3
5
5
5
5
5
5
18
18
5
5
33
33
33
33
33
33
25
33
34
34
5
5
3
3
3
3
5
5
5
5
6
6
35
35
34
34
35
35
35
35
24
24
24
24
46
47
44
44
45
45
45
45
45
46
13
13
13
13
40
40
40
13
44
13
13
35
36
36
8
8
34
34
36
36
8
8
14
12
14
14
42
42
14
14
14
14
6
6
44
34
34
35
35
35
44
35
35
44
8
29
30
29
29
29
29
28
28
28
28
34
34
30
30
30
30
34
34
30
30
35
35
35
35
35
35
34
34
8
8
45
28
11
11
11
11
10
10
10
11
3
10
30
30
34
34
30
30
30
30
34
34
34
34
26
30
30
26
26
30
30
34
34
29
43
12
13
3
13
13
13
13
43
43
12
13
28
40
40
13
13
13
28
13
13
4
43
31
31
49
42
42
49
41
41
38
39
42
42
41
41
15
15
49
5
5
42
42
42
15
15
15
15
15
3
47
10
11
10
47
11
11
11
11
40
18
18
18
18
23
23
23
18
15
15
18
18
17
17
17
17
48
48
5
5
5
5
0
0
0
0
0
0
14
14
14
14
14
14
42
42
19
20
14
14
28
28
28
27
27
27
19
22
22
22
19
19
19
19
19
19
0
8
8
8
8
7
7
7
7
0
0
21
21
21
21
14
14
14
14
12
12
12
12
21
23
12
24
38
22
22
21
21
21
21
16
16
16
16
38
46
45
45
45
45
45
44
44
46
46
24
24
12
24
12
12
12
12
24
24
47
47
43
43
43
43
43
43
43
43
44
44
44
28
28
28
28
29
29
29
29
29
30
22
22
15
15
15
15
21
21
21
21
47
47
43
43
43
43
43
43
26
26
23
49
48
1
1
1
2
2
2
2
25
5
46
46
44
44
45
45
45
45
46
45
14
14
14
14
21
21
21
21
23
21
45
45
3
43
46
45
45
45
47
46
19
19
21
22
22
22
19
19
19
19
19
21
15
15
44
44
15
15
44
44
19
19
32
32
3
5
5
0
20
5
5
0
0
0
20
20
20
30
30
23
23
18
23
18
18
18
18
18
18
48
49
49
49
49
49
49
46
46
46
19
49
49
49
49
46
46
46
49
1
1
49
48
19
19
20
20
19
19
22
22
22
20
4
9
4
9
31
13
13
5
5
19
19
19
19
22
22
19
22
28
21
19
19
31
31
32
32
32
32
47
47
47
47
15
15
21
28
13
6
6
6
6
6
6
2
2
2
2
21
43
43
43
43
43
43
43
43
47
47
16
17
17
48
48
48
17
17
17
17
16
17
17
17
17
17
48
48
17
48
49
49
49
49
46
49
46
9
9
9
9
31
31
31
31
31
31
31
31
31
17
17
17
17
16
17
32
47
47
47
47
49
49
49
49
49
48
22
21
11
11
11
11
10
10
11
10
10
3
2
7
6
6
6
6
7
7
6
6
1
1
1
1
2
2
2
2
21
21
21
21
15
15
1
1
1
1
1
37
0
0
1
11
16
16
17
17
17
17
48
17
48
48
