2575 5017 001
4 6 2 5 816 6 2555 5 
815 7 1 5 7 8 2264 4 
4 5 2557 7 814 4 10 6 
3 5 813 7 1 6 2556 7 
812 4 8 3 6 7 833 2 
811 9 5 7 192 14 2169 7 
8 7 2 8 835 7 810 7 
5 3 2541 4 809 5 7 7 
818 4 583 3 10 7 2461 4 
2450 6 9 7 817 8 3 6 
1666 2 2139 1 2137 2 1522 2 
13 4 1808 7 877 2 1194 4 
12 4 1193 4 1807 6 25 6 
15 1 121 2 2388 3 1052 3 
16 2 14 1 1051 2 2386 3 
15 2 123 3 422 6 1058 7 
22 5 1209 4 665 5 924 3 
1056 7 19 4 424 4 123 4 
423 3 1055 4 20 4 18 4 
28 5 19 4 1060 5 21 7 
1059 7 2394 6 1612 7 20 7 
17 5 664 5 2314 3 1208 6 
26 2 1196 4 24 2 
1195 5 23 2 
1809 5 1198 6 26 4 13 6 
23 2 1197 2 25 4 
933 6 939 5 91 5 
20 5 423 4 2512 5 2394 4 
901 5 2395 6 932 6 934 6 
31 4 1187 6 33 7 1861 4 
30 4 36 5 1186 4 1860 3 
1189 3 1859 1 33 4 2474 4 
30 7 32 4 1188 6 1858 8 
1857 5 1183 4 37 3 35 4 
38 3 1856 5 1182 4 34 4 
1855 9 31 5 1185 10 37 5 
1184 3 1854 2 34 3 36 5 
35 3 1181 6 1863 2 39 4 
1862 4 240 5 38 4 1180 7 
41 5 51 5 2225 6 43 6 
40 5 50 6 46 5 2226 6 
49 6 53 7 43 7 2223 5 
52 6 2224 4 42 7 40 6 
2229 5 45 3 394 4 47 2 
2230 3 54 4 44 3 2485 3 
2227 8 47 3 41 5 1987 8 
46 3 2228 1 396 3 44 2 
2221 2 59 3 249 6 49 3 
58 5 42 6 2222 4 48 3 
41 6 1987 9 51 6 1415 5 
52 5 50 6 40 5 1414 4 
51 5 2110 8 43 6 53 6 
754 7 42 7 58 6 52 6 
766 3 1388 4 45 4 394 5 
393 6 2361 5 262 5 1438 5 
1437 2 383 3 57 4 2364 3 
393 6 56 4 1436 6 2363 6 
297 3 59 5 49 5 53 6 
58 5 284 4 48 3 2489 4 
449 8 63 5 311 6 61 7 
66 5 439 5 310 4 60 7 
1220 6 1190 7 63 6 313 7 
312 5 1089 5 60 5 62 6 
1088 5 67 7 315 5 65 8 
68 7 314 7 1087 7 64 8 
61 5 317 5 1086 5 67 5 
64 7 1085 4 316 5 66 5 
65 7 1084 4 319 7 69 4 
68 4 1083 4 318 4 1283 4 
71 5 2274 6 73 8 2384 5 
2160 3 70 5 2273 1 
2266 2 2379 1 75 3 73 4 
2265 4 70 8 72 4 2380 6 
77 3 2268 6 75 5 2381 4 
1113 7 2267 6 72 3 74 5 
77 3 79 5 2270 7 1104 7 
76 3 74 3 1105 4 2269 2 
79 6 2377 5 2272 4 2510 6 
76 5 78 6 2271 7 2378 4 
83 7 81 8 2385 3 2278 3 
2277 8 2372 7 80 8 86 7 
83 7 2530 4 1254 5 2280 5 
82 7 1253 10 80 7 2279 7 
1251 6 87 4 85 8 2282 5 
88 7 84 8 2281 9 1249 5 
2284 3 81 7 1246 5 87 2 
2283 2 84 4 86 2 1240 5 
85 7 2276 3 216 4 89 5 
2275 5 1054 8 88 5 215 4 
91 5 933 6 2536 6 459 4 
90 5 94 3 27 5 458 2 
453 4 93 6 2539 4 95 5 
98 8 92 6 2533 5 452 4 
451 4 95 4 939 3 91 3 
94 4 450 4 938 6 92 5 
941 9 99 6 97 5 457 4 
940 3 456 5 96 5 1402 5 
943 6 455 6 93 8 99 7 
454 5 96 6 98 7 942 6 
1680 4 101 3 
100 3 1681 2 
1551 10 103 9 111 8 468 7 
102 9 2200 4 469 7 1550 5 
1547 6 105 6 2241 5 464 6 
1546 6 104 6 106 3 465 5 
107 1 466 3 1549 5 105 3 
106 1 1548 4 467 3 108 4 
1543 5 460 7 107 4 109 9 
110 8 1542 10 108 9 461 8 
1545 5 109 8 111 5 462 4 
102 8 110 5 1544 4 463 3 
113 7 2351 2 2129 4 1715 3 
112 7 114 9 2350 8 2128 8 
115 5 113 9 2349 7 2131 8 
114 5 2348 5 117 4 2130 6 
625 2 896 5 2332 5 1592 2 
2125 7 118 4 2355 5 115 4 
120 3 2124 3 117 4 2354 5 
418 6 1054 10 121 6 215 6 
118 3 122 4 2127 5 2353 5 
14 2 119 6 417 8 1053 4 
120 4 2126 8 1906 4 2352 3 
16 3 421 3 1057 5 18 4 
1446 11 290 9 1294 10 958 9 
126 8 136 8 1352 7 2035 6 
125 8 1351 7 175 5 2034 5 
846 4 357 5 128 3 
129 1 356 3 845 6 127 3 
130 3 128 1 841 4 355 1 
354 4 129 3 131 4 840 3 
132 2 843 5 130 4 353 3 
131 2 352 4 133 3 842 2 
849 4 359 7 134 6 132 3 
848 5 137 8 133 6 358 6 
2037 4 136 5 1354 5 
1353 6 125 8 135 5 2036 8 
1959 5 134 8 138 9 349 7 
137 9 139 6 1958 7 348 5 
1961 5 347 5 138 6 140 4 
346 8 141 3 1960 5 139 4 
1963 4 140 3 345 4 142 1 
143 1 1962 3 344 3 141 1 
1367 2 142 1 144 3 343 6 
342 5 1366 7 143 3 145 7 
146 5 1369 7 351 9 144 7 
145 5 350 3 329 1 1368 5 
1671 4 2142 1 1434 6 2140 2 
333 4 1033 6 149 3 155 3 
1032 5 148 3 150 8 332 5 
331 10 151 8 149 8 1035 7 
150 8 156 7 330 5 1034 5 
350 5 329 3 153 4 1029 6 
328 6 1028 5 152 4 154 5 
1031 6 155 5 327 4 153 5 
148 3 1030 4 154 5 326 4 
337 8 157 7 151 7 1027 7 
156 7 804 3 1026 6 336 4 
2559 3 1516 6 159 3 
160 3 1517 3 2558 4 158 3 
2561 5 159 3 161 5 1514 5 
160 5 2560 6 1515 4 225 4 
1162 4 169 3 163 7 1308 3 
162 7 1161 6 164 8 1307 12 
165 5 163 8 1160 6 1309 3 
1159 5 164 5 
1166 4 1311 6 1475 3 167 3 
1310 2 166 3 1165 2 168 3 
1313 2 1164 2 169 3 167 3 
162 3 1163 3 168 3 1312 3 
171 6 588 4 182 3 1040 6 
587 5 170 6 1039 6 2571 8 
173 4 1509 3 174 6 
1508 5 172 4 1095 3 
1512 6 172 6 
176 8 126 5 1044 4 596 5 
1043 8 175 8 595 7 177 8 
598 5 1042 7 178 5 176 8 
597 4 1041 7 177 5 179 6 
600 7 178 6 180 5 1048 6 
181 6 599 5 179 5 1047 4 
180 6 182 6 1046 7 823 11 
181 6 1045 6 601 4 170 3 
878 3 184 4 186 5 640 5 
191 5 639 4 183 4 613 3 
881 4 188 5 638 4 186 6 
637 7 183 5 185 6 880 10 
188 4 190 5 883 6 636 5 
187 4 635 5 882 6 185 5 
202 7 190 9 634 9 885 8 
189 9 884 6 187 5 633 4 
184 5 642 5 192 11 624 5 
641 10 623 10 6 14 191 11 
2291 5 566 4 194 9 1713 6 
1712 8 565 7 193 9 195 9 
1707 6 562 9 196 7 194 9 
1706 5 561 6 197 8 195 7 
564 4 198 5 1705 5 196 8 
1704 5 197 5 199 3 563 7 
1711 4 200 6 198 3 558 3 
557 6 1710 7 199 6 1214 5 
753 5 202 5 2105 5 
752 5 201 5 189 7 2171 5 
1814 7 2509 4 204 3 1322 6 
1813 1 1829 3 2508 3 203 3 
208 3 584 3 206 5 1541 5 
1540 5 583 3 205 5 2461 4 
586 6 1539 4 210 7 208 3 
585 2 205 3 1536 3 207 3 
580 7 738 7 210 9 212 10 
737 7 207 7 209 9 579 7 
212 8 582 3 1575 5 214 5 
211 8 581 7 209 10 1678 9 
578 4 1676 4 214 4 2341 2 
2424 5 577 5 211 5 213 4 
1632 2 216 3 89 4 119 6 
1631 4 1249 2 88 4 215 3 
419 6 1262 3 218 3 2290 5 
219 4 2289 3 217 3 1261 6 
218 4 1264 3 220 7 2288 4 
1263 6 219 7 221 6 886 11 
1258 4 2292 5 222 4 220 6 
1640 4 223 6 221 4 1257 5 
224 5 1639 4 1260 5 222 6 
223 5 1259 4 
1617 4 161 4 2467 6 226 2 
2466 5 227 2 1618 4 225 2 
1615 2 228 4 226 2 2469 8 
1616 5 2468 6 227 4 1335 4 
230 4 1622 5 2470 3 1335 3 
229 4 1619 6 232 5 2473 4 
239 2 1042 5 1764 1 1961 4 
1339 4 1620 7 230 5 2472 6 
2456 7 234 4 1013 6 242 4 
233 4 2455 2 1012 5 235 4 
705 5 236 8 2454 5 234 4 
237 6 235 8 704 6 2453 9 
2460 5 1009 3 236 6 238 4 
1008 7 2459 6 1403 8 237 4 
231 2 1960 4 1041 6 1201 4 
1010 6 2457 5 39 5 1403 7 
440 3 242 4 2452 4 496 4 
241 4 495 3 2451 4 233 4 
2491 8 244 6 2410 6 246 6 
251 4 243 6 2411 6 2490 5 
246 4 2493 4 248 3 2408 8 
245 4 2492 6 2409 5 243 6 
2414 5 248 5 2487 6 250 8 
247 5 2486 5 245 3 2415 7 
250 10 2489 7 2412 10 48 6 
249 10 2488 7 247 8 2413 6 
244 4 2495 5 2406 3 252 4 
2494 5 448 4 2407 6 251 4 
256 4 1295 6 2188 7 254 6 
2187 6 1294 6 259 6 253 6 
256 3 2190 4 1573 4 1293 3 
253 4 255 3 1292 3 2189 5 
2192 3 260 4 1291 5 258 6 
261 6 2191 6 257 6 1290 6 
2194 8 260 4 254 6 1289 4 
257 4 259 4 2193 6 1288 3 
258 6 1287 3 2196 7 262 5 
1286 3 261 5 55 5 2195 5 
1753 2 275 5 273 3 1136 4 
2326 4 1082 7 
266 3 2543 4 2082 4 1507 3 
265 3 2544 5 267 6 2085 3 
2545 5 266 6 2084 6 
269 5 2537 5 491 7 1390 7 
268 5 459 3 490 6 2536 5 
271 4 2241 5 2087 4 464 6 
2242 1 270 4 1507 2 2086 2 
2538 3 489 3 1285 5 
274 2 1135 6 263 3 1530 3 
283 3 2089 2 273 2 275 4 
276 5 2088 7 263 5 274 4 
2091 3 275 5 1753 2 277 2 
2090 4 278 2 1692 1 276 2 
2093 5 279 6 277 2 307 3 
2092 8 278 6 305 7 280 7 
299 6 2095 6 281 7 279 7 
2094 7 1750 8 285 7 280 7 
283 7 499 6 480 7 2097 7 
274 3 282 7 2096 3 1530 4 
297 2 59 4 1590 3 2513 3 
1138 6 1824 5 281 7 299 6 
287 9 451 8 1430 7 295 7 
286 9 1429 6 450 5 288 4 
453 2 289 2 1428 3 287 4 
290 3 958 3 288 2 452 2 
289 3 124 9 291 2 455 3 
1446 4 290 2 292 2 454 3 
293 3 457 2 1433 4 291 2 
456 5 1538 4 1431 6 292 3 
490 6 2055 5 295 4 459 3 
458 2 294 4 2054 4 286 7 
1743 5 298 4 331 7 1021 6 
284 2 58 3 2512 3 754 4 
296 4 1020 1 1738 1 330 4 
1137 5 305 6 280 6 285 6 
301 9 2155 7 1737 7 1568 7 
1567 4 300 9 1740 6 2154 6 
2149 5 306 5 303 3 1566 3 
2148 2 1565 3 302 3 2359 4 
1741 5 2151 4 306 4 1599 7 
307 4 299 6 1140 6 279 7 
2150 5 1563 6 302 5 304 4 
1139 5 305 4 1692 2 278 3 
1837 5 313 4 2286 5 1220 3 
1512 4 2243 4 2248 3 2533 3 
317 4 1899 5 61 4 311 3 
312 6 1900 5 60 6 310 3 
63 5 311 6 1897 6 313 6 
1898 5 308 4 62 7 312 6 
315 4 65 7 1903 3 319 7 
314 4 1904 5 316 3 64 5 
1901 2 317 5 315 3 67 5 
66 5 310 4 316 5 1902 7 
1895 6 319 7 517 4 69 4 
68 7 318 7 1896 7 314 7 
1126 2 535 4 1334 6 321 2 
322 4 1125 5 320 2 1333 3 
1128 4 321 4 1332 5 323 4 
324 4 1331 6 1127 7 322 4 
323 4 325 4 1129 3 1338 4 
324 4 1337 6 
327 3 1745 6 333 5 155 4 
1744 4 328 5 326 3 154 4 
153 6 327 5 329 5 1747 7 
152 3 1746 3 328 5 146 1 
151 5 298 4 331 7 337 6 
150 10 332 7 330 7 296 7 
331 7 1743 5 333 6 149 5 
148 4 332 6 326 5 1742 5 
1314 8 1940 3 1392 3 335 2 
937 1 1391 2 1939 5 334 2 
545 3 337 5 157 4 1739 6 
156 8 336 5 330 6 1738 3 
341 6 1396 3 1936 4 339 7 
1935 8 1395 6 2003 8 338 7 
1398 6 1991 8 1934 7 341 8 
338 6 1933 7 1397 6 340 8 
343 8 144 5 867 4 351 7 
342 8 143 6 344 8 866 8 
345 6 142 3 343 8 869 5 
344 6 868 6 141 4 346 9 
871 8 140 8 347 9 345 9 
139 5 870 5 348 4 346 9 
349 3 347 4 873 2 138 5 
348 3 872 4 358 5 137 7 
152 5 876 5 146 3 351 7 
145 9 342 7 875 6 350 7 
132 4 2296 6 353 5 359 8 
352 5 354 3 2295 4 131 3 
2298 6 130 4 355 2 353 3 
356 3 354 2 2297 4 129 1 
355 3 128 3 357 5 2294 6 
2293 5 127 5 356 5 
2300 8 349 5 134 6 359 7 
133 7 352 8 2299 6 358 7 
398 4 1535 4 363 4 361 5 
397 6 1534 6 366 7 360 5 
1533 5 369 7 363 5 400 6 
399 4 362 5 360 4 1532 5 
365 3 367 2 1477 2 402 7 
364 3 1805 4 566 4 2291 5 
367 5 361 7 1529 5 404 4 
1528 7 366 5 364 2 403 4 
1538 5 1431 7 2285 4 369 7 
362 7 1537 6 395 7 368 7 
698 3 2256 3 371 7 377 4 
697 10 370 7 2255 6 372 7 
696 5 2258 5 373 6 371 7 
2257 7 695 6 378 5 372 6 
2260 4 575 5 694 4 375 4 
2259 4 376 2 374 4 693 4 
692 1 377 2 375 2 2262 1 
376 2 691 4 2261 3 370 4 
379 5 373 5 2263 2 700 3 
699 6 378 5 1101 4 
1443 3 2366 8 392 6 383 4 
1142 7 382 7 414 6 2067 5 
413 4 381 7 1141 6 388 9 
2365 5 56 3 1442 5 380 4 
1146 5 2339 5 391 3 385 5 
2338 4 386 6 1145 5 384 5 
387 4 385 6 1144 4 2343 3 
2341 2 386 4 1143 4 578 4 
2249 7 1150 8 382 9 2347 7 
416 5 2368 7 392 8 1441 5 
2357 3 2249 2 1148 4 391 2 
1147 3 384 3 1774 2 390 2 
1440 5 2367 5 380 6 389 8 
1439 8 55 6 57 6 2362 6 
396 5 54 5 44 4 765 4 
400 6 369 7 1574 5 2285 4 
1987 8 1417 3 394 5 47 3 
361 6 1601 5 398 5 404 3 
1600 6 360 4 397 5 399 4 
363 4 400 5 398 4 1564 4 
395 6 399 5 1598 7 362 6 
593 1 1693 4 
2291 9 1569 8 403 9 364 7 
402 9 1603 5 404 3 367 4 
397 3 1602 3 403 3 366 4 
1460 8 406 5 408 6 2529 5 
415 6 405 5 1459 6 2528 5 
410 3 408 7 1462 4 2527 5 
407 7 2002 5 1461 5 405 6 
2525 5 1456 8 410 4 412 9 
409 4 407 3 1455 4 2524 6 
2523 6 412 8 654 7 1458 7 
409 9 411 8 1457 8 2522 7 
382 4 2347 2 536 3 414 3 
535 6 381 6 1334 8 413 3 
406 6 2531 7 2374 5 1464 7 
389 5 2369 4 
1957 10 418 8 121 8 2388 9 
1956 4 119 6 1632 2 417 8 
217 6 1466 8 420 5 1073 8 
1465 4 429 1 1072 4 419 5 
422 6 1952 4 123 3 424 3 
421 6 2386 7 16 6 1949 5 
19 3 424 3 28 4 1134 2 
1130 6 423 3 18 4 421 3 
1470 8 432 8 426 6 1075 9 
1469 2 427 4 1074 5 425 6 
428 3 1468 4 426 4 1077 6 
1467 8 433 3 427 3 1076 9 
1474 3 430 3 1079 4 420 1 
1078 3 429 3 1473 9 431 4 
1081 5 432 5 1472 3 430 4 
1471 5 1080 6 425 8 431 5 
428 3 434 5 2547 4 1792 6 
1791 6 433 5 435 6 2546 6 
434 6 2216 6 436 6 708 5 
435 6 2215 5 
2276 2 438 6 2147 5 447 3 
437 6 2275 7 650 7 703 8 
449 6 61 5 1086 5 720 5 
241 3 2280 3 441 5 2170 2 
832 8 2279 7 442 6 440 5 
443 3 441 6 1110 5 2278 2 
442 3 444 5 834 3 2277 4 
443 5 2284 5 820 6 445 4 
2283 2 446 1 836 4 444 4 
445 1 2282 2 447 2 1284 2 
822 5 2281 6 446 2 437 3 
252 4 2311 3 
439 6 1089 8 60 8 719 8 
95 4 451 4 287 5 453 3 
458 3 94 4 286 8 450 4 
455 2 453 2 289 2 93 4 
92 4 288 2 452 2 450 3 
99 5 457 3 291 3 455 4 
98 6 452 2 290 3 454 4 
293 5 97 5 679 4 457 4 
292 2 454 3 96 4 456 4 
451 3 295 2 459 1 91 2 
294 3 458 1 269 3 90 4 
108 7 461 6 467 6 1845 5 
1844 4 460 6 109 8 462 4 
463 2 1847 3 110 4 461 4 
468 2 462 2 1846 2 111 3 
465 5 1841 5 270 6 104 6 
1840 6 464 5 466 5 105 5 
467 5 106 3 465 5 2197 4 
466 5 460 6 107 3 1842 7 
463 2 979 4 102 7 469 5 
1848 5 2519 6 103 7 468 5 
1026 5 574 2 471 2 804 2 
803 4 470 2 573 4 472 5 
473 5 572 5 471 5 806 7 
472 5 571 6 474 3 805 2 
473 3 475 2 800 4 570 3 
799 1 474 2 569 7 476 5 
477 7 568 8 475 5 802 9 
478 7 476 7 801 5 567 5 
477 7 479 9 576 6 798 5 
478 9 694 6 575 7 797 5 
659 3 1530 4 1131 8 282 7 
482 5 2417 7 2357 6 484 10 
481 5 1774 2 1775 3 2416 2 
2347 4 2419 3 484 9 536 5 
2345 8 483 9 481 10 2418 9 
2287 4 486 3 710 4 
709 6 1907 2 2286 5 485 3 
494 3 2343 3 488 4 2421 5 
2420 4 1676 4 2341 2 487 4 
493 4 272 3 1810 2 
294 6 491 8 847 8 269 6 
492 5 490 8 268 7 844 6 
491 5 1812 6 1390 5 493 4 
489 4 1285 6 1811 8 492 4 
487 3 2422 3 2338 1 1775 2 
2024 7 496 3 1013 5 242 3 
2170 3 495 3 241 4 2025 3 
498 7 506 4 655 5 1863 4 
497 7 654 8 2523 7 1862 5 
659 2 1859 2 500 6 282 6 
1858 9 501 6 499 6 658 5 
500 6 502 7 1861 2 657 4 
656 6 1860 8 501 7 503 7 
504 3 663 2 502 7 1855 6 
503 3 505 9 662 3 1854 3 
504 9 661 11 506 8 1857 10 
497 4 505 8 1856 4 660 1 
1067 6 508 5 1554 4 1273 4 
1553 4 507 5 1272 7 509 4 
1279 3 1558 3 510 4 508 4 
511 5 1278 6 1557 5 509 4 
1556 5 510 5 1281 3 512 3 
1555 6 513 2 511 3 1280 7 
514 3 1275 2 512 2 1562 5 
1274 5 513 3 515 6 1561 4 
516 5 1560 9 1277 6 514 6 
515 5 712 6 1559 3 1276 3 
518 7 2126 7 318 4 1283 4 
517 7 2504 6 2127 9 519 7 
520 5 2124 3 1886 6 518 7 
519 5 2125 8 521 4 1883 4 
2501 3 522 6 2130 5 520 4 
521 6 2131 10 523 7 1864 7 
522 7 1269 4 524 2 2128 4 
525 3 2129 3 523 2 2502 3 
524 3 1894 4 2122 3 526 6 
1890 7 2123 4 525 6 728 5 
530 2 1244 6 528 3 1723 3 
537 3 1243 5 1722 2 527 3 
530 2 2427 3 1721 3 532 3 
527 2 529 2 1720 2 1245 2 
534 7 2132 7 1719 5 532 5 
1718 3 1239 4 531 5 529 3 
1988 6 1717 3 534 6 1242 4 
1716 6 531 7 533 6 1241 6 
414 6 2426 5 536 6 320 4 
2425 6 535 6 483 5 413 3 
1248 9 1725 4 528 3 538 6 
1724 7 1247 6 537 6 
540 3 542 5 1756 5 802 6 
539 3 547 5 801 4 1755 6 
1760 5 544 6 800 6 542 7 
1758 7 539 5 799 4 541 7 
546 2 806 5 544 4 1749 3 
541 6 1748 4 543 4 805 3 
336 3 804 2 546 1 1754 1 
543 2 1752 4 803 3 545 1 
548 5 540 5 1589 10 798 4 
547 5 744 3 797 2 1588 3 
918 4 556 6 550 3 1324 4 
917 2 549 3 1323 3 551 4 
916 7 552 6 550 4 1326 5 
1325 5 551 6 915 3 
554 5 1328 6 922 4 755 5 
553 5 921 6 555 3 1327 4 
920 4 556 5 554 3 1330 3 
1329 4 549 6 555 5 919 6 
558 3 200 6 560 5 1363 2 
557 3 563 7 1362 5 199 3 
560 6 1361 5 1215 3 2565 6 
1214 4 559 6 557 5 1360 7 
562 8 564 2 196 6 1359 3 
565 7 1358 9 195 9 561 8 
558 7 564 6 198 7 1357 9 
1356 4 197 4 563 6 561 2 
562 7 566 2 194 7 1365 3 
565 2 193 4 1364 4 365 4 
2047 8 568 6 477 5 576 4 
476 8 567 6 569 10 2046 8 
2049 9 568 10 475 7 570 8 
2048 2 571 6 474 3 569 8 
570 6 473 6 2043 7 572 6 
472 5 573 4 2042 5 571 6 
574 4 2045 6 572 4 471 4 
573 4 2044 5 470 2 770 3 
576 4 374 5 2053 4 479 7 
575 4 2052 5 478 6 567 4 
578 5 582 3 214 5 996 5 
213 4 577 5 995 8 387 4 
586 6 580 5 990 5 210 7 
989 6 209 7 579 5 581 4 
582 2 212 7 580 4 988 3 
211 3 581 2 577 3 987 2 
9 3 994 2 584 1 206 3 
993 2 205 3 583 1 585 2 
208 2 992 4 586 5 584 2 
207 6 991 4 579 6 585 5 
787 2 171 5 588 3 2340 4 
587 3 601 5 2133 8 170 4 
592 3 2552 6 1543 4 590 5 
2551 5 807 6 1542 7 589 5 
594 4 592 3 1549 7 
589 3 1548 4 2548 1 591 3 
594 2 1547 3 401 1 
593 2 1546 5 591 4 
598 4 596 4 2371 4 176 7 
2034 5 595 4 2141 7 175 5 
178 4 600 5 598 4 2360 6 
177 5 595 4 597 4 2356 6 
2138 5 180 5 600 7 823 10 
597 5 599 7 179 7 2346 5 
588 5 182 4 823 9 2344 6 
792 4 1550 5 2553 5 821 5 
604 7 736 5 610 6 700 5 
603 7 735 9 2246 4 699 6 
608 4 746 4 606 4 692 2 
745 5 605 4 611 3 691 5 
608 7 744 6 797 5 694 6 
607 7 605 4 743 4 693 5 
696 5 612 7 750 4 610 5 
749 7 603 6 609 5 695 5 
698 1 748 4 612 5 606 3 
747 8 697 10 611 5 609 7 
1119 4 624 3 184 3 878 2 
685 6 877 5 615 7 2040 8 
616 6 614 7 688 4 2039 4 
615 6 617 8 2038 7 687 5 
1793 7 616 8 682 9 618 6 
2111 3 617 6 619 7 681 3 
618 7 684 9 620 7 
683 3 619 7 621 3 
690 6 622 3 620 3 
621 3 689 4 986 7 
624 4 192 10 1115 5 2169 3 
613 3 623 4 1114 4 191 5 
887 4 116 2 1610 4 628 7 
1094 5 824 3 826 6 1770 7 
1612 6 628 10 2394 5 2333 6 
627 10 1611 7 625 7 2332 10 
632 6 2331 4 1606 3 630 3 
2330 3 629 3 
889 5 632 5 1608 3 887 5 
629 6 1607 8 631 5 2328 4 
636 4 634 4 1838 1 190 4 
752 7 189 9 633 4 1836 5 
188 5 636 6 1843 5 638 4 
1839 6 633 4 635 6 187 5 
1851 6 640 7 638 5 186 7 
1849 3 637 5 185 4 635 4 
184 4 640 5 642 4 1853 2 
639 5 637 7 183 5 1852 7 
192 10 811 5 642 4 2051 4 
2050 5 191 5 639 4 641 4 
644 2 1342 2 2073 3 
643 2 2072 4 647 3 1341 4 
646 6 648 5 1350 4 2075 5 
1349 4 645 6 2074 4 651 3 
2077 2 1348 4 648 3 644 3 
2076 3 645 5 647 3 1347 2 
652 7 650 5 2079 5 1346 5 
1345 4 2078 5 649 5 438 7 
2081 2 1344 2 652 5 646 3 
1343 6 649 7 2080 10 651 5 
1680 4 701 4 
1298 7 498 8 655 6 411 7 
497 5 654 6 1297 4 660 2 
663 1 502 6 657 3 1304 5 
658 3 656 3 501 4 1303 8 
657 3 659 1 500 5 1306 2 
480 3 1305 4 499 2 658 1 
1300 2 661 4 506 1 655 2 
505 11 662 5 660 4 1299 4 
504 3 661 5 1302 4 663 2 
656 1 1301 3 503 2 662 2 
22 5 665 5 2162 7 2173 4 
664 5 2172 6 668 6 17 5 
2184 2 667 4 669 3 926 2 
925 5 670 5 666 4 2183 6 
2186 5 665 6 924 4 669 6 
2185 5 668 6 666 3 923 4 
667 5 927 4 2182 4 
1529 4 678 4 672 6 1407 8 
1406 5 1528 9 673 8 671 6 
672 8 1477 6 674 5 1405 6 
1404 2 859 4 673 5 1805 2 
680 7 676 3 1533 4 1411 2 
675 3 1532 4 1410 4 677 4 
1409 7 1535 5 678 4 676 4 
671 4 1408 3 677 4 1534 4 
456 4 1402 4 680 6 1538 3 
1537 7 675 7 679 6 1401 10 
1218 5 682 6 684 5 618 3 
617 9 681 6 2400 8 687 6 
684 5 620 3 690 6 2399 4 
683 5 2398 4 619 9 681 5 
688 3 686 5 614 6 2405 4 
1194 6 685 5 2404 5 877 4 
688 3 2403 3 682 6 616 5 
685 3 2402 6 687 3 615 4 
690 7 2397 4 862 5 622 4 
621 6 689 7 2396 6 683 6 
698 3 377 4 606 5 692 3 
376 1 693 3 605 2 691 3 
694 4 692 3 608 5 375 4 
693 4 479 6 374 4 607 6 
373 6 696 5 700 4 610 5 
695 5 372 5 697 8 609 5 
698 6 696 8 371 10 612 10 
691 3 370 3 611 1 697 6 
1510 5 379 6 700 4 604 6 
695 4 699 4 603 5 378 3 
2439 3 702 5 998 5 653 4 
2438 4 701 5 
2147 7 2078 6 438 8 1794 5 
2020 3 1009 3 236 6 705 3 
235 5 1012 6 2021 5 704 3 
2160 5 1126 4 1211 4 2273 3 
893 5 724 5 2305 4 726 3 
2532 4 435 5 1791 5 
486 6 2465 6 710 7 1751 6 
1422 5 709 7 485 4 
1084 3 1371 3 716 4 712 6 
516 6 1083 7 1370 8 711 6 
720 5 1086 5 1375 7 714 3 
1085 2 1374 2 715 3 713 3 
1373 3 714 3 716 4 1088 3 
1087 5 1372 6 715 4 711 4 
1190 6 718 7 1379 8 2001 6 
1378 4 717 7 1089 7 719 7 
1377 6 449 8 718 7 720 7 
1376 4 713 5 439 5 719 7 
909 2 722 2 2301 4 2324 3 
2302 2 2323 4 721 2 725 4 
1065 6 1527 2 890 2 1519 3 
2306 7 729 4 707 5 892 6 
2303 4 726 3 722 4 1672 6 
725 3 2334 3 2304 4 707 3 
728 4 1827 8 2309 5 730 5 
727 4 2310 4 888 5 526 5 
730 4 724 4 2307 4 891 5 
729 4 890 3 2308 6 727 5 
732 4 1255 3 764 3 
731 4 763 6 733 6 
762 5 734 3 732 6 
733 3 761 2 
604 9 736 7 940 7 1402 9 
603 5 1401 6 735 7 749 6 
1539 4 2238 3 210 7 738 5 
1678 6 209 7 737 5 2237 5 
740 4 1672 4 1062 6 1552 4 
2334 6 739 4 1061 10 741 4 
742 3 740 4 1064 2 893 3 
892 6 741 3 1519 4 1063 3 
1405 3 744 3 746 4 608 4 
548 3 1404 3 607 6 743 3 
746 5 606 5 1407 8 748 6 
745 5 1406 4 605 4 743 4 
612 8 748 7 750 5 1409 8 
611 4 745 6 747 7 1408 5 
750 6 1411 5 736 6 610 7 
749 6 1410 4 609 4 747 5 
753 3 945 5 
202 5 634 7 753 5 947 6 
201 5 752 5 946 3 751 3 
53 7 1134 4 2110 9 297 4 
1169 3 553 5 756 6 
757 6 1168 5 755 6 
1175 6 756 6 758 5 
757 5 1174 9 759 4 
1177 3 758 4 760 2 
761 3 1176 5 759 2 
760 3 1171 3 734 2 762 4 
733 5 763 5 1170 7 761 4 
1173 7 732 6 762 5 764 5 
1172 5 731 3 763 5 957 6 
766 2 1957 5 1417 2 394 4 
54 3 765 2 1956 3 1965 3 
2005 8 1419 7 1038 7 
1470 6 2497 3 1425 5 1423 3 
1027 4 770 4 1814 7 776 5 
1813 2 1026 6 574 3 769 4 
1820 4 1031 4 772 3 774 4 
777 5 1819 2 771 3 1030 4 
1822 4 1029 5 959 4 774 4 
1821 4 771 4 1028 6 773 4 
778 6 1816 7 776 5 1035 3 
1815 6 1034 6 775 5 769 5 
772 5 778 7 1033 8 1818 4 
775 6 777 7 1817 9 1032 7 
780 3 1474 4 1413 3 
779 3 1473 8 1424 4 
1777 3 2573 4 1922 3 782 3 
2572 5 1804 3 1921 5 781 3 
784 6 2397 4 2113 5 982 8 
2112 5 2396 5 783 6 793 6 
786 3 788 4 2569 5 1918 6 
785 3 1776 3 1917 2 2568 2 
587 2 1916 4 788 4 2571 5 
785 4 2570 4 787 4 1915 4 
2121 10 796 8 2403 6 790 5 
791 4 2120 5 2402 5 789 5 
792 4 2119 7 790 4 2405 6 
791 4 602 4 2404 2 2118 4 
794 8 2117 4 784 6 2399 5 
793 8 2398 6 795 9 2116 6 
796 7 2115 5 794 9 1218 7 
795 7 2114 11 2400 7 789 8 
798 1 607 5 548 2 479 5 
797 1 478 5 547 4 801 3 
800 3 802 5 475 1 542 4 
799 3 541 6 474 4 805 3 
802 7 477 5 540 4 798 3 
799 5 801 7 539 6 476 9 
804 4 471 4 546 3 806 6 
803 4 157 3 545 2 470 2 
806 4 800 3 544 3 473 2 
805 4 543 5 803 6 472 7 
1545 6 808 6 590 6 2550 6 
1544 4 821 4 2549 5 807 6 
812 6 865 6 8 5 810 5 
815 6 864 3 809 5 7 7 
6 9 874 7 641 5 812 6 
5 4 809 6 1124 3 811 6 
1435 6 4 7 816 7 814 6 
817 6 813 6 3 4 1069 8 
810 6 2 7 816 8 861 9 
813 7 815 8 1 6 860 5 
814 6 1050 8 10 8 818 5 
9 4 994 3 1049 2 817 5 
1552 6 1071 3 928 9 2324 5 
834 4 836 6 1799 5 444 6 
808 4 1551 6 602 5 2554 3 
447 5 1284 5 2147 7 1796 4 
2342 12 599 10 601 9 181 11 
1229 4 626 3 1769 4 831 3 
944 4 1516 4 1296 2 
827 4 1097 6 626 6 1771 5 
1772 4 826 4 2180 6 1096 3 
1765 5 829 7 1157 2 1099 5 
828 7 830 7 1098 7 1766 7 
1230 4 831 4 1767 4 829 7 
830 4 1768 3 1100 5 824 3 
441 8 2170 5 1110 7 1802 6 
973 3 2541 3 2169 2 5 2 
820 4 1800 3 443 3 1110 5 
971 4 2264 3 2541 4 7 7 
820 6 1798 5 445 4 1284 5 
1007 3 1102 1 1763 5 2180 6 
839 5 947 6 1515 5 1873 7 
946 3 838 5 1296 3 1514 4 
841 4 2059 3 843 4 130 3 
2058 6 845 9 129 4 840 4 
843 5 2057 3 849 3 132 2 
842 5 2056 4 131 5 840 4 
1812 7 1439 6 847 6 491 6 
841 9 128 6 2060 9 846 7 
127 4 845 7 
1438 7 490 8 844 6 2055 7 
134 5 1959 2 2062 3 849 3 
133 4 2061 5 842 3 848 3 
1361 9 851 11 1754 7 1016 7 
1752 8 852 8 850 11 1360 8 
851 8 1363 4 1749 5 853 5 
1362 5 1748 3 852 5 854 3 
855 3 1357 5 1760 3 853 3 
854 3 1356 5 856 5 1758 5 
855 5 1359 5 857 5 1756 7 
858 5 1358 4 856 5 1755 6 
857 5 1365 6 859 7 1589 10 
674 4 858 7 1364 6 1588 5 
861 6 2103 5 1435 4 816 5 
864 6 860 6 2102 6 815 9 
2220 5 863 4 986 8 689 5 
2373 6 862 4 2219 5 
861 6 865 4 810 3 2109 3 
2108 4 864 4 809 6 1124 3 
964 3 867 4 869 5 343 8 
963 2 866 4 342 4 875 3 
962 7 869 5 871 5 345 6 
868 5 866 5 344 5 961 4 
871 4 968 4 873 3 347 5 
967 6 346 8 870 4 868 5 
349 4 2300 7 873 3 966 5 
965 5 870 3 872 3 348 2 
2106 5 811 7 2051 6 1124 4 
876 4 351 6 867 3 960 2 
875 4 350 5 1029 6 959 5 
614 5 2041 3 12 2 686 4 
183 3 880 8 1118 2 613 2 
2316 6 1502 7 2318 8 2165 8 
1117 9 881 8 878 8 186 10 
185 4 1116 4 880 8 882 5 
1123 6 188 6 881 5 883 8 
1122 5 187 6 884 7 882 8 
885 5 190 6 883 7 1121 4 
884 5 2171 6 189 8 1120 5 
2288 8 2292 10 220 11 
625 4 896 7 1609 5 631 5 
1890 7 728 5 1531 5 1827 9 
631 5 2328 4 1594 6 896 7 
730 3 1827 6 891 4 723 2 
890 4 892 7 1519 5 729 5 
742 6 893 6 891 7 724 6 
707 5 892 6 2334 5 741 3 
895 5 937 3 1391 4 1986 4 
894 5 936 5 1985 3 903 6 
116 5 887 7 1593 4 889 7 
1981 8 929 6 898 4 900 4 
897 4 928 8 1071 2 1980 5 
931 5 900 5 902 5 1979 7 
899 5 897 4 1978 4 930 4 
29 5 1977 3 902 3 904 6 
932 4 1976 4 901 3 899 5 
935 6 904 8 895 6 1975 7 
1974 7 903 8 934 7 901 6 
912 7 2484 9 906 7 2146 9 
905 7 2145 4 2485 4 2230 4 
910 8 908 4 2478 6 2389 6 
2387 1 2479 2 913 6 907 4 
2476 4 721 2 2391 2 910 6 
2477 7 907 8 909 6 2390 8 
914 2 912 4 2393 4 2482 8 
2392 6 2483 6 905 7 911 4 
2401 11 908 6 2480 8 914 6 
911 2 2481 2 2395 3 913 6 
916 4 552 3 
915 4 551 7 917 5 
550 2 916 5 918 3 
549 4 919 4 917 3 
918 4 920 5 556 6 
921 7 919 5 555 4 
922 5 920 7 554 6 
921 5 553 4 
926 3 1205 5 924 2 669 4 
1204 3 668 4 923 2 17 3 
667 5 927 4 1207 5 926 3 
923 3 666 2 1206 3 925 3 
925 4 670 4 1203 6 
2391 7 819 9 929 10 898 8 
897 6 930 6 2390 7 928 10 
931 4 929 6 900 4 2389 5 
899 5 2387 2 930 4 932 4 
902 4 2401 8 29 6 931 4 
90 6 27 6 1092 3 
2393 5 904 7 935 5 29 6 
903 6 2392 6 936 5 934 5 
895 5 2146 7 937 3 935 5 
2145 2 335 1 936 3 894 3 
939 5 2539 5 2247 7 95 6 
938 5 27 5 94 3 
97 3 735 7 941 7 2246 2 
96 9 2245 7 942 9 940 7 
943 5 941 9 2244 8 99 6 
2243 4 942 5 98 6 2533 3 
825 4 945 7 
946 5 1296 5 944 7 751 5 
945 5 839 3 947 4 753 3 
1836 4 838 6 752 6 946 4 
949 9 1005 8 1264 6 951 10 
948 9 1263 5 1004 8 954 5 
1102 1 1262 2 1007 3 951 5 
1006 5 1261 9 950 5 948 10 
955 4 953 1 1260 2 1001 4 
956 3 952 1 1259 3 1000 7 
949 5 1258 4 955 5 1003 4 
952 4 1257 6 1002 6 954 5 
953 3 1015 7 1256 4 957 6 
1255 6 1014 6 956 6 764 6 
1289 3 289 3 1428 4 124 9 
960 3 1645 5 876 5 773 4 
959 3 1644 3 875 2 963 1 
962 6 1647 4 869 4 964 2 
868 7 961 6 1646 7 967 8 
1649 2 867 2 964 1 960 1 
866 3 963 1 1648 3 961 2 
873 5 968 6 966 7 1651 4 
2032 6 872 5 965 7 1650 5 
871 6 968 6 962 8 1653 9 
967 6 870 4 1652 6 965 6 
970 6 2007 5 2461 5 1540 6 
2450 4 975 6 969 6 2006 4 
978 4 835 4 2013 5 972 5 
2012 6 973 5 971 5 2541 5 
833 3 2015 5 972 5 974 3 
2014 1 1115 4 973 3 2169 2 
2009 6 970 6 976 7 2557 9 
2008 4 2556 7 975 7 977 7 
978 5 2011 6 2555 6 976 7 
2264 3 2010 3 971 4 977 5 
2006 4 1848 4 1846 4 468 4 
985 4 981 2 1167 1 
1893 2 980 2 
1892 8 2220 8 983 11 783 8 
1891 11 2219 9 982 11 984 6 
985 4 2198 1 983 6 
1889 6 984 4 980 4 
2250 7 2373 10 862 8 622 7 
996 4 2335 3 988 3 582 2 
989 5 581 3 987 3 2329 5 
580 6 988 5 990 6 2337 6 
991 3 2336 7 989 6 579 5 
990 3 586 4 992 3 2319 5 
585 4 991 3 2313 6 993 4 
584 2 994 3 2325 7 992 4 
2322 3 583 2 993 3 818 3 
1643 7 578 8 1143 8 996 8 
987 4 1642 7 577 5 995 8 
1681 5 2064 6 998 7 999 8 
2063 7 997 7 1680 5 701 5 
1679 6 997 8 1955 6 
1996 8 1001 10 1015 11 953 7 
1997 8 952 4 1000 10 1002 6 
1998 3 955 6 1003 5 1001 6 
1002 5 1999 5 954 4 1004 7 
1992 6 949 8 1005 7 1003 7 
948 8 1993 4 1006 3 1004 7 
951 5 1005 3 1994 4 1007 3 
950 3 837 3 1995 4 1006 3 
238 7 1009 6 2018 5 1011 7 
2019 4 1008 6 237 3 704 3 
240 6 2016 8 1011 7 1180 8 
2017 6 1403 8 1010 7 1008 7 
1013 7 2022 7 705 6 234 5 
1012 7 495 5 2023 6 233 6 
957 6 1015 7 1989 11 1172 5 
1014 7 956 7 1000 11 1990 7 
1017 4 1217 3 850 7 1739 4 
1738 4 1216 5 1016 4 1020 4 
1019 6 1743 5 1226 5 1021 6 
1225 7 1018 6 1742 5 1024 3 
1228 5 298 1 1021 3 1017 4 
1227 6 1018 6 1020 3 296 6 
1023 3 1747 3 2464 2 1025 2 
1221 5 1022 3 1192 5 1746 5 
1025 2 1745 4 1224 2 1019 3 
1744 5 1024 2 1223 3 1022 2 
470 5 1027 6 770 6 157 6 
1026 6 769 4 156 7 1034 5 
153 5 1031 6 774 6 1029 7 
876 6 152 6 773 5 1028 7 
155 4 1033 7 1031 5 772 4 
154 6 771 4 1030 5 1028 6 
149 5 1033 8 1035 4 778 7 
148 6 1032 8 777 8 1030 7 
1035 4 776 6 151 5 1027 5 
1032 4 1034 4 150 7 775 3 
1037 6 1038 3 2035 1 1419 3 
1036 6 2141 10 2034 8 1418 8 
1036 3 2036 8 767 7 
1040 6 1221 4 171 6 1192 4 
1039 6 1191 8 170 6 1045 9 
178 7 1048 7 239 6 1042 9 
1043 7 231 5 177 7 1041 9 
176 8 1042 7 1764 3 1044 4 
1761 5 175 4 1043 4 1351 6 
182 6 1046 7 1200 7 1040 9 
1045 7 1047 5 1199 4 181 7 
1773 5 1048 5 1046 5 180 4 
1047 5 1041 7 1201 5 179 6 
2101 1 1050 5 818 2 2322 2 
2100 9 1069 10 1049 5 817 8 
1052 4 15 2 1344 3 1058 7 
1343 4 1053 5 1051 4 14 3 
1054 8 1052 5 1346 5 121 4 
1345 7 1053 8 119 10 89 8 
19 4 1348 5 1056 7 1060 5 
18 7 1347 5 1055 7 1057 8 
1058 9 1350 4 1056 8 123 5 
1349 7 1057 9 1051 7 16 7 
21 7 1233 5 1060 5 1342 4 
20 5 1059 5 1055 5 1341 5 
740 10 1064 8 1703 8 1062 12 
1070 7 739 6 1702 8 1061 12 
1064 2 1701 1 1066 2 742 3 
1700 4 1061 8 1063 2 741 2 
723 6 1699 8 1066 6 1068 6 
1698 4 1519 3 1063 2 1065 6 
507 6 1697 7 1068 6 1531 6 
1696 5 1067 6 1527 2 1065 6 
1050 10 1435 8 2175 7 814 8 
1071 2 1695 2 1062 7 1552 5 
1070 2 819 3 898 2 1694 3 
1103 5 1079 7 420 4 1073 7 
1102 4 1262 5 1072 7 419 8 
1077 7 426 5 1075 8 1230 6 
1080 7 1074 8 1100 7 425 9 
2547 10 1099 12 428 9 1077 12 
1074 7 1098 5 427 6 1076 12 
430 3 1081 4 1097 3 1079 4 
429 4 1072 7 1078 4 1096 6 
1075 7 1081 6 1229 6 432 6 
431 5 1080 6 1078 4 1094 6 
2311 6 1587 5 264 7 
1084 4 712 7 69 4 1276 4 
711 3 68 4 1083 4 1087 4 
714 2 1088 2 67 4 1086 4 
713 5 439 5 66 5 1085 4 
716 5 1088 4 65 7 1084 4 
64 5 1087 4 1085 2 715 3 
1190 6 449 8 63 5 718 7 
2534 3 1091 3 
1092 3 2537 5 1090 3 
2536 3 1091 3 933 3 
1882 4 1880 6 2506 4 1992 5 
626 5 1097 5 1081 6 1229 6 
1101 2 173 3 1511 6 
1097 5 1103 4 827 3 1079 6 
1096 5 1094 5 1078 3 826 6 
1099 5 1077 5 1230 4 829 7 
1785 5 1098 5 1076 12 828 5 
1230 5 1229 6 1075 7 831 5 
1510 3 1095 2 379 4 
950 1 837 1 1073 4 1103 2 
1072 5 2180 7 1102 2 1096 4 
1105 8 2378 6 76 7 2198 5 
1104 8 1889 6 77 4 2381 5 
1111 2 1108 4 1329 2 1521 3 
2505 3 1885 4 2507 2 1316 5 
1330 4 1106 4 2375 5 1520 4 
1523 7 1323 7 2382 9 1111 5 
1801 5 442 5 832 7 834 5 
1106 2 1324 2 1522 2 1109 5 
1525 7 1325 9 2383 8 2382 11 
75 7 1893 5 2379 5 2381 6 
1115 5 1119 5 1779 2 624 4 
1114 5 974 4 623 5 1778 5 
1117 5 881 4 1123 5 1781 7 
1116 5 1780 5 880 9 1118 3 
1117 3 1119 4 878 2 1783 2 
613 4 1114 5 1118 4 1782 5 
2217 3 1121 4 885 5 
1120 4 1122 2 884 4 
883 5 1123 3 1121 2 
882 6 1784 4 1122 3 1116 5 
812 3 865 3 874 4 2107 4 
1126 5 321 5 1128 5 1211 5 
1125 5 706 4 320 2 2426 3 
1128 7 1129 6 323 7 1213 8 
322 4 1127 7 1212 5 1125 5 
1210 1 1127 6 324 3 
424 6 1134 5 2110 10 1952 7 
1132 8 480 8 1735 8 1305 9 
1135 7 1530 4 1131 8 1734 4 
1136 3 1733 1 1506 1 1753 1 
754 4 423 2 1130 5 2512 3 
1132 7 1731 12 1136 7 273 6 
1133 3 1135 7 1730 5 263 4 
299 5 1138 5 1140 5 1729 4 
285 6 1728 6 1137 5 1178 6 
307 5 1140 7 1506 4 1727 7 
1726 10 305 6 1137 5 1139 7 
382 6 1142 6 1476 5 1150 5 
1475 5 381 7 1311 8 1141 6 
995 8 387 4 1144 4 1479 4 
1145 3 1478 4 386 4 1143 4 
1146 5 1144 3 1481 6 385 5 
1145 5 384 5 1480 8 1147 5 
391 3 1483 3 1148 5 1146 5 
1482 5 1147 5 390 4 1149 8 
1150 7 2249 6 1148 8 1485 6 
388 8 1149 7 1484 5 1141 5 
1155 3 2183 4 1788 5 1152 3 
2184 3 1787 9 1153 4 1151 3 
1790 5 1154 5 2185 5 1152 4 
1156 6 2186 4 1153 5 1789 5 
2182 4 1151 3 
1786 6 1154 6 1157 4 2172 7 
2173 2 828 2 1156 4 1785 2 
1159 4 2436 5 
1158 4 165 5 1160 6 2429 3 
2428 5 1159 6 164 6 1161 4 
1162 3 2431 3 163 6 1160 4 
162 4 1161 3 1163 4 2430 6 
1164 2 2433 5 1162 4 169 3 
1163 2 2432 7 168 2 1165 1 
2435 2 1166 3 167 2 1164 1 
1663 5 166 4 1165 3 2434 5 
1889 3 1893 1 2381 2 980 1 
2205 3 1175 5 1169 2 756 5 
755 3 1328 4 2206 8 1168 2 
2211 5 762 7 1173 9 1171 6 
1176 5 1170 6 2212 4 761 3 
764 5 2213 4 1173 7 1014 5 
763 7 2214 6 1170 9 1172 7 
1177 8 1175 10 758 9 2207 7 
757 6 1174 10 1168 5 2208 8 
1171 5 760 5 2209 6 1177 6 
1174 8 759 3 2210 5 1176 6 
1751 4 1138 6 1179 4 1824 5 
1823 5 1178 4 1422 4 
1444 6 1181 9 1010 8 39 7 
1182 7 38 6 1445 9 1180 9 
1453 7 35 4 1181 7 1183 4 
1184 4 1454 4 1182 4 34 4 
37 3 1451 6 1183 4 1185 8 
1184 8 1186 9 1452 11 36 10 
1185 9 1187 6 1449 7 31 4 
1450 8 1186 6 30 6 1188 5 
1189 5 1447 5 33 6 1187 5 
1340 4 32 3 1188 5 1448 5 
1089 6 62 7 717 6 2253 4 
1200 6 1040 8 1369 6 1192 6 
1368 7 1023 5 1191 6 1039 4 
2554 3 1198 4 13 4 1194 4 
686 6 1193 4 12 4 2553 4 
1196 7 2552 8 24 5 1202 6 
1195 7 1197 4 23 4 2551 5 
2550 4 26 2 1196 4 1198 4 
1193 4 25 6 1197 4 2549 5 
1773 4 1367 3 1200 4 1046 4 
1366 7 1191 6 1199 4 1045 7 
1773 5 1963 6 1048 5 239 4 
2548 2 1195 6 
1641 5 1207 7 927 6 
1209 4 924 3 1638 5 1205 6 
1206 5 1637 8 923 5 1204 6 
1207 5 1636 4 1205 5 926 3 
1203 7 1206 5 1635 6 925 5 
1634 7 1499 6 22 6 1209 5 
1633 3 1204 4 17 4 1208 5 
1129 1 1213 3 
1212 5 706 4 1125 5 2159 2 
1213 6 2158 5 1211 5 1128 5 
1212 6 1210 3 1127 8 
560 4 1709 4 1215 1 200 5 
1806 2 559 3 1214 1 1708 3 
1217 4 1017 5 2566 6 1228 6 
1216 4 2565 6 1016 3 1361 5 
681 5 2398 4 2400 7 795 7 
1222 4 1837 7 2254 5 1220 5 
62 6 2253 3 1219 5 308 3 
1023 5 2571 6 2464 4 1039 4 
1219 4 2252 2 
2569 5 1224 3 1025 3 2464 3 
1223 3 2568 2 1024 2 1225 6 
1019 7 1226 6 2575 7 1224 6 
1225 6 1227 5 1018 5 2574 4 
1021 6 1226 5 2573 6 1228 8 
1020 5 1227 8 2572 8 1216 6 
824 4 1080 6 1100 6 1094 6 
830 4 1100 5 1098 4 1074 6 
1236 3 1608 3 1232 3 
1607 6 1231 3 
1059 5 1759 5 1612 5 1234 4 
1235 2 1611 2 1757 3 1233 4 
1234 2 1610 4 1236 2 
1231 3 1235 2 1609 3 
1556 9 1777 7 1922 7 1238 6 
1776 2 1917 1 1237 6 1555 5 
2364 4 532 4 2427 4 2132 6 
1251 7 1624 6 87 5 1246 8 
2132 6 1242 4 2362 5 534 6 
1241 4 533 4 2361 4 1400 4 
1244 8 1248 11 2368 6 528 5 
1245 6 2367 6 1243 8 527 6 
1244 6 2366 7 2427 3 530 2 
2372 5 86 5 1623 4 1240 8 
1248 9 2370 4 538 6 
1247 9 537 9 2369 11 1243 11 
1626 1 216 2 1251 3 85 5 
1554 4 1252 6 1806 3 1708 4 
84 6 1240 7 1625 4 1249 3 
1250 6 1804 6 1921 8 1553 5 
83 10 1628 7 1254 8 2385 6 
1627 4 1253 8 82 5 2374 5 
957 6 731 3 1256 4 
956 4 1259 4 1255 4 
1260 4 955 6 1258 5 222 5 
221 4 1263 4 1257 5 954 4 
224 4 953 3 1260 4 1256 4 
1257 4 223 5 952 2 1259 4 
1264 5 1262 6 951 9 218 6 
950 2 1261 6 217 3 1073 5 
1264 2 220 6 949 5 1258 4 
219 3 1263 2 1261 5 948 6 
1268 7 1266 5 1984 4 2039 4 
2038 6 1265 5 1270 8 
2041 7 1426 6 1983 7 1268 9 
1265 7 1982 8 1267 9 2040 8 
1278 5 523 4 1864 4 2502 5 
1271 8 1793 8 1266 8 
1270 8 2111 4 
1894 5 508 7 1273 6 1279 6 
1890 6 1531 4 1272 6 507 4 
514 5 1886 7 1275 4 1277 5 
513 2 1883 2 1280 7 1274 4 
1277 4 1283 4 1083 4 516 3 
1276 4 515 6 2504 3 1274 5 
1279 5 1269 5 1281 4 510 6 
1278 5 509 3 2502 5 1272 6 
2501 8 1275 7 1281 7 512 7 
1278 4 511 3 1864 3 1280 7 
1496 6 2312 2 2163 4 2318 5 
1276 4 517 4 69 4 2504 3 
1797 4 822 5 836 5 446 2 
493 6 2535 6 1390 7 272 5 
262 3 1287 1 2055 3 1438 3 
1290 3 2054 3 1286 1 261 3 
1291 4 1428 4 1289 3 260 3 
958 3 1294 4 259 4 1288 3 
1287 3 1291 5 1430 4 258 6 
1288 4 1429 5 257 5 1290 5 
1433 4 1293 3 1295 5 256 3 
2285 3 1431 6 1292 3 255 3 
254 6 1289 4 124 10 1295 6 
253 6 1446 7 1292 5 1294 6 
1517 4 945 5 839 3 825 2 
655 4 1585 6 1300 4 1298 5 
654 7 1584 4 1458 7 1297 5 
1300 2 1583 3 1302 3 661 4 
660 2 1299 2 1582 5 1297 4 
663 3 1302 5 1304 7 1581 7 
662 4 1301 5 1299 3 1580 7 
1579 8 657 8 1306 7 1304 10 
1578 6 656 5 1301 7 1303 10 
1577 5 1306 5 659 4 1131 9 
1576 2 1305 5 658 2 1303 7 
1309 7 1308 8 2071 7 163 12 
2070 5 1312 3 162 3 1307 8 
1307 7 2069 3 164 3 
1311 5 2068 3 167 2 1313 1 
1310 5 2067 6 166 6 1142 8 
1313 2 2066 3 1308 3 169 3 
168 2 1312 2 2065 3 1310 1 
334 8 2003 10 1937 9 1393 12 
1504 5 1316 6 1822 5 2505 4 
1317 5 1315 6 1821 5 1107 5 
1316 5 1318 3 2507 2 1820 4 
2506 2 1319 3 1317 3 1819 2 
1318 3 1320 2 1818 2 1866 5 
1319 2 2500 2 1817 6 1321 4 
2503 8 1320 4 1322 7 1816 8 
1867 5 1321 7 1815 7 203 6 
1326 4 550 3 1109 7 1324 4 
1111 2 1329 2 549 4 1323 4 
1326 4 552 5 1112 9 
1325 4 1323 4 2382 6 551 5 
2375 5 1328 5 1330 4 554 4 
553 6 1169 4 1327 5 2376 6 
1330 2 556 4 1106 2 1324 2 
1108 4 1329 2 1327 4 555 3 
1332 7 1338 6 323 6 2066 6 
1331 7 322 5 1333 4 2065 5 
2068 4 1332 4 321 3 1334 7 
320 6 414 8 2067 7 1333 7 
2471 4 1621 6 229 3 228 4 
1337 8 2069 6 
1336 8 2071 5 1338 6 325 6 
1331 6 1337 6 2070 5 324 4 
232 4 2475 3 1613 5 1340 3 
1189 4 2474 5 1614 3 1339 3 
1348 5 644 4 1060 5 1342 4 
643 2 1759 4 1059 4 1341 4 
1052 4 652 6 1346 4 1344 3 
651 2 1343 3 1051 3 1349 3 
1346 4 1054 7 650 4 2275 4 
1345 4 1343 4 1053 5 649 5 
1350 1 1348 3 1056 5 648 2 
647 4 1055 5 1347 3 1341 5 
646 4 1058 7 1350 2 1344 3 
1347 1 1057 4 645 4 1349 2 
126 7 2062 6 1044 6 1352 6 
2061 5 1353 5 125 7 1351 6 
2057 5 136 6 1354 6 1352 5 
1355 5 2056 3 1353 6 135 5 
2059 5 1354 5 
1357 7 855 5 564 4 1359 5 
1356 7 854 5 1362 7 563 9 
562 9 857 4 1359 4 1365 5 
1356 5 856 5 1358 4 561 3 
1361 6 851 8 560 7 1363 4 
850 9 559 5 1360 6 1217 5 
1363 4 558 5 1357 7 853 5 
1362 4 852 4 557 2 1360 4 
1365 5 1805 4 859 6 566 4 
1364 5 858 6 565 3 1358 5 
144 7 1200 7 1367 6 1369 7 
143 2 1366 6 1199 3 1962 4 
1369 7 1746 7 146 5 1192 7 
1368 7 145 7 1366 7 1191 6 
1371 5 712 8 2340 7 1559 5 
1370 5 711 3 2133 7 1372 5 
1373 5 716 6 2344 7 1371 5 
715 3 1372 5 1374 2 2342 7 
2138 2 1375 6 714 2 1373 2 
1374 6 1376 6 2346 7 713 7 
720 4 1375 6 1377 3 2360 5 
2356 6 719 6 1378 3 1376 3 
1377 3 718 4 1379 5 2371 3 
1378 5 2141 9 717 8 1418 7 
1381 7 2477 5 1973 4 1383 7 
1380 7 1972 6 1572 7 2476 7 
2479 5 1383 8 1385 5 1971 9 
1382 8 1970 7 2478 7 1380 7 
1387 4 1385 2 1969 4 2481 2 
2480 4 1382 5 1384 2 1968 3 
1387 6 1967 4 2483 6 1389 3 
1384 4 1386 6 1966 5 2482 10 
1389 2 54 4 1965 4 2485 3 
1388 2 2484 5 1964 1 1386 3 
492 5 268 7 2534 7 1285 7 
2190 4 894 4 335 2 1392 3 
1393 7 334 3 2189 5 1391 3 
1394 7 2188 10 1392 7 1314 12 
1393 7 2003 5 2187 4 1395 3 
2194 7 339 6 1394 3 1396 2 
1397 3 338 3 2193 5 1395 2 
1396 3 2192 3 341 6 1398 4 
340 6 2191 4 1399 3 1397 4 
1991 5 1400 4 1398 3 2196 6 
1988 6 2195 5 1399 4 1242 4 
736 6 1402 8 680 10 1411 5 
1401 8 679 4 735 9 97 5 
1011 8 2458 8 238 8 240 7 
674 2 1588 3 744 3 1405 3 
743 3 1404 3 1406 3 673 6 
1407 7 746 4 672 5 1405 3 
1406 7 1408 7 745 8 671 8 
1407 7 678 3 748 5 1409 6 
677 7 1410 7 747 8 1408 6 
1411 3 676 4 750 4 1409 7 
749 5 1410 3 675 2 1401 5 
1466 6 1413 4 
779 3 1412 4 1465 5 
1415 3 1952 4 51 4 2110 7 
1414 3 1416 2 50 5 1949 2 
1417 1 1954 2 1987 6 1415 2 
1416 1 396 3 765 2 1953 3 
1419 5 1037 8 2001 5 1379 7 
1418 5 2000 6 767 7 1036 3 
2499 6 1468 5 1423 4 1421 6 
2526 4 2498 6 1467 10 1420 6 
1751 4 710 5 1179 4 
1469 1 2496 4 1420 4 768 3 
1425 5 1472 4 780 4 
1471 4 1424 5 768 5 1850 3 
1267 6 2540 3 1427 4 1808 7 
1426 4 1807 6 
1288 4 958 4 288 3 1429 5 
1430 4 1291 5 287 6 1428 5 
1429 4 286 7 2054 4 1290 4 
368 7 293 6 1293 6 1433 7 
1823 7 2098 4 1750 7 
1446 6 1292 4 292 4 1431 7 
147 6 1520 7 2375 8 1518 11 
813 6 860 4 1069 8 2104 5 
1812 9 1437 4 57 6 1439 8 
1811 5 56 2 1436 4 1442 4 
847 7 1286 3 55 5 1439 7 
393 8 844 6 1438 7 1436 8 
1441 2 392 5 1443 2 
1440 2 389 5 
1443 4 383 5 1437 4 1810 5 
380 3 1440 2 1442 4 
2101 2 1180 6 1445 6 2016 6 
1453 9 1444 6 1181 9 2100 9 
124 11 1295 7 291 4 1433 6 
1450 8 1448 5 2107 6 1188 5 
1447 5 2106 4 1614 4 1189 5 
2109 5 1450 9 1452 9 1186 7 
1447 8 1449 9 2108 7 1187 8 
2103 7 1184 6 1454 6 1452 9 
1449 9 2102 7 1451 9 1185 11 
1182 7 1445 9 1454 7 2175 6 
1183 4 1453 7 1451 6 2104 5 
410 4 2151 6 1456 8 1462 5 
409 8 1457 7 1455 8 2150 7 
1456 7 2149 5 412 8 1458 7 
1298 7 411 7 1457 7 2148 6 
406 6 1464 7 2155 4 1460 9 
405 8 1459 9 2154 9 1461 7 
2153 2 408 5 1460 7 1462 2 
407 4 1455 5 2152 3 1461 2 
1627 4 2144 7 1464 7 2374 5 
2143 5 415 7 1463 7 1459 7 
420 4 1466 7 1474 6 1413 5 
1412 6 2290 7 419 8 1465 7 
428 8 1421 10 1468 9 1792 11 
1469 2 1420 5 427 4 1467 9 
1468 2 1423 1 426 2 1470 4 
425 8 768 6 1471 5 1469 4 
1472 3 1425 4 432 5 1470 5 
1471 3 1424 4 1473 8 431 3 
1474 9 780 8 1472 8 430 9 
1473 9 429 3 779 4 1465 6 
1142 5 1476 4 166 3 1663 4 
1484 5 1475 4 1662 4 1141 5 
1805 3 1528 7 673 6 364 2 
1481 7 1144 4 1479 4 1661 4 
1478 4 1643 3 1660 3 1143 4 
1483 6 1481 9 1146 8 1659 7 
1145 6 1478 7 1480 9 1658 6 
1148 5 1485 3 1483 3 1657 2 
1480 6 1147 3 1482 3 1656 4 
1476 5 1485 4 1150 5 1655 5 
1654 6 1482 3 1484 4 1149 6 
2337 8 1489 8 1487 9 2021 8 
1492 4 2336 8 1486 9 2020 6 
2023 3 2335 2 1489 3 1495 3 
2329 6 2022 6 1488 3 1486 8 
1491 5 2017 5 1493 5 2325 8 
2101 3 1490 5 2322 4 2016 7 
1487 4 2019 2 2319 5 1493 3 
2018 4 1492 3 1490 5 2313 6 
1495 6 2025 5 1643 5 1660 5 
1494 6 1488 3 2024 8 1642 7 
1282 6 1497 8 1503 8 1653 10 
1498 6 1496 8 1652 7 2312 4 
1497 6 1499 5 2315 3 1651 3 
1650 4 1208 6 1498 5 2314 3 
1505 5 1501 3 2317 2 1649 3 
1502 4 1500 3 1648 4 2316 3 
879 7 1501 4 1503 6 1647 5 
2318 7 1646 6 1502 6 1496 8 
1315 5 1505 6 2321 5 1645 5 
1500 5 1504 6 1644 6 2320 5 
1692 1 1732 3 1139 4 1133 1 
2542 4 2083 4 271 2 265 3 
173 5 1511 8 1509 4 2244 8 
1512 3 2243 3 1508 4 172 3 
699 5 1101 3 1511 7 2246 3 
1508 8 1510 7 2245 6 1095 6 
309 4 1513 4 1509 3 174 6 
1512 4 2248 3 
1517 5 1515 4 160 5 839 4 
1514 4 1617 4 161 4 838 5 
158 6 1517 6 825 4 
1296 4 1514 5 159 3 1516 6 
1690 6 2376 9 2142 6 1434 11 
742 4 891 5 723 3 1066 3 
2140 3 1434 7 1521 3 1108 4 
2139 2 1522 3 1520 3 1106 3 
1523 4 1521 3 1111 2 11 2 
1522 4 1109 7 2137 4 1524 6 
1525 4 2382 8 1523 6 2136 5 
1524 4 1526 2 1112 7 2135 2 
2134 3 1525 2 2383 3 
1531 2 723 2 1827 6 1068 2 
367 7 1529 7 1477 7 672 9 
671 4 1528 7 1534 4 366 5 
480 4 1132 4 283 4 273 3 
1527 2 1273 4 1067 6 888 5 
1535 5 676 4 1533 5 363 5 
362 5 1537 4 675 4 1532 5 
1529 4 1535 5 361 6 678 4 
360 4 1532 5 1534 5 677 5 
1539 4 2232 4 208 3 1541 5 
680 7 1538 4 1533 4 369 6 
368 5 1537 4 293 4 679 3 
737 4 207 4 1536 4 2231 4 
206 5 2234 4 1541 5 969 6 
1540 5 2233 6 205 5 1536 5 
1545 7 109 10 1543 6 590 7 
589 4 108 5 1542 6 1548 5 
808 4 111 4 1551 6 1545 4 
1542 7 110 5 807 6 1544 4 
105 6 1547 6 594 5 1549 8 
593 3 104 6 1546 6 1693 6 
592 4 107 4 1549 8 1543 5 
106 5 1548 8 591 7 1546 8 
1551 6 602 5 2118 5 103 5 
1550 6 102 10 821 6 1544 6 
1070 5 819 6 2323 6 739 4 
508 4 1554 3 1252 5 1558 3 
1250 4 1697 5 507 4 1553 3 
512 6 1562 9 1556 8 1238 5 
511 5 1237 9 1557 5 1555 8 
510 5 1922 3 1558 4 1556 5 
1921 6 509 3 1557 4 1553 3 
1560 7 516 3 1916 4 1370 5 
1559 7 515 9 1561 7 1915 7 
1918 6 1562 6 1560 7 514 4 
1917 5 513 5 1555 9 1561 6 
1566 4 2308 7 306 6 1599 9 
1974 5 1600 6 1598 6 399 4 
303 3 2310 5 1566 3 1714 5 
2309 3 1563 4 1565 3 302 3 
301 4 1568 2 1605 2 2304 4 
1571 7 2303 3 1567 2 300 7 
402 8 1603 4 1570 4 1981 7 
1980 6 1713 6 1569 4 2291 5 
1568 7 1737 7 1572 8 2302 6 
2301 6 1736 6 1381 7 1571 8 
2285 4 255 4 1574 5 1986 4 
1985 3 1598 6 1573 5 395 5 
1678 6 2424 5 211 5 2235 6 
1306 2 1577 2 1579 3 2353 4 
1305 5 1735 4 1576 2 2352 2 
1581 6 1304 6 1579 4 2355 4 
1303 8 1576 3 2354 6 1578 4 
1583 7 1581 9 2349 8 1302 7 
1578 6 2348 8 1580 9 1301 7 
2351 4 1300 5 1583 6 1585 7 
2350 5 1580 7 1299 3 1582 6 
1298 4 2148 3 1585 5 2359 5 
1584 5 1297 6 2358 7 1582 7 
1587 3 2495 6 2327 4 1597 3 
1586 3 2494 3 1082 5 2326 2 
1404 3 1589 8 859 5 548 3 
1755 11 547 10 1588 8 858 10 
284 3 1591 3 2489 3 2333 4 
2488 4 1590 3 2332 5 1592 2 
1593 1 2487 3 116 2 1591 2 
896 4 1594 3 1592 1 2486 4 
2493 5 889 6 1593 3 1595 5 
1596 5 2492 6 1594 5 2328 3 
1597 3 1595 5 2491 7 2331 4 
1596 3 2330 3 1586 3 2490 3 
1975 7 1574 6 1564 6 400 7 
1604 6 1563 9 2307 8 304 7 
398 6 1977 5 1564 6 1601 6 
1602 5 397 5 1600 6 1976 5 
1601 5 1603 5 1979 6 404 3 
1978 5 1569 4 1602 5 403 5 
1599 6 1741 4 1605 2 2306 5 
2305 3 1740 4 1567 2 1604 2 
1607 5 629 3 
1606 5 1608 6 632 8 1232 6 
1607 6 1609 3 1231 3 631 3 
1610 5 1608 3 887 5 1236 3 
1235 4 1611 4 1609 5 625 4 
1610 4 1234 2 628 7 1612 3 
627 6 21 7 1233 5 1611 3 
1869 8 1339 5 1620 8 1614 5 
1868 2 1448 4 1613 5 1340 3 
227 2 1618 4 1616 3 1871 5 
1870 3 228 5 1615 3 1621 7 
225 4 1515 4 1618 6 1873 6 
1872 7 1615 4 1617 6 226 4 
1875 7 230 6 1622 7 1620 8 
1613 8 1874 7 232 7 1619 8 
1877 7 1622 8 1335 6 1616 7 
229 5 1621 8 1619 7 1876 4 
1944 3 1630 2 1624 2 1246 4 
1625 3 1623 2 1943 4 1240 6 
1942 4 1624 3 1251 4 1626 2 
1631 3 1249 1 1625 2 1941 2 
1254 4 1463 4 1948 2 1628 3 
1253 7 1947 2 1629 4 1627 3 
1630 4 1628 4 2385 3 1946 6 
1629 4 2372 3 1623 2 1945 4 
1626 3 1951 4 216 4 1632 3 
215 2 418 2 1631 3 1950 1 
2033 4 1209 3 1638 4 1634 5 
1633 5 1208 7 2032 6 1650 5 
1636 5 1207 6 2029 4 1641 4 
2028 4 1206 4 1635 5 1637 7 
1636 7 1638 7 1205 8 2031 5 
1633 4 2030 5 1637 7 1204 5 
223 4 1640 2 
1639 2 222 4 2292 5 
1203 5 1635 4 2026 6 
2335 6 1643 6 996 7 1495 7 
995 7 1642 6 1494 5 1479 3 
1505 6 1649 4 1645 5 960 3 
1822 5 1644 5 959 5 1504 5 
1503 6 1647 5 962 7 1653 8 
961 4 1646 5 1648 5 1502 5 
1647 5 964 3 1649 4 1501 4 
963 2 1644 4 1648 4 1500 3 
1651 2 1499 4 1634 5 966 5 
1650 2 965 4 1652 4 1498 3 
1653 9 968 6 1497 7 1651 4 
1652 9 1646 8 1496 10 967 9 
1485 6 1657 5 1797 7 1655 7 
1662 4 1484 5 1654 7 1796 3 
1659 5 1657 3 1799 5 1483 4 
1656 3 1798 2 1482 2 1654 5 
1659 4 1801 3 1481 6 1661 3 
1658 4 1656 5 1800 4 1480 7 
1661 3 1494 5 1479 3 1803 3 
1660 3 1802 4 1478 4 1658 3 
1655 4 1663 4 1476 4 1795 2 
1166 5 1662 4 1794 4 1475 4 
2258 7 2136 6 1665 8 1667 8 
2257 7 2135 5 1664 8 1673 7 
2256 2 11 2 1669 3 1667 5 
1664 8 1666 5 2255 5 2137 5 
2262 3 1669 4 1671 6 2140 4 
1668 4 1666 3 2261 3 2139 2 
1825 3 2260 2 2142 1 1671 4 
147 4 1668 6 1670 4 2259 6 
739 4 2334 6 2323 6 725 6 
2134 5 2263 4 1665 7 
2064 3 1675 4 2004 4 1677 4 
1674 4 2063 7 2498 6 2526 4 
2424 5 213 4 488 4 2239 5 
2532 5 1674 4 1955 5 
2236 6 738 6 1575 6 212 9 
999 6 1681 3 
100 4 998 5 1681 3 653 4 
997 5 1679 3 1680 3 101 2 
1930 3 2212 4 1683 6 1689 4 
1929 8 1684 5 2211 5 1682 6 
1685 1 1928 4 1683 5 2214 2 
1684 1 1888 3 1927 4 2213 2 
1691 6 1687 3 1926 3 2208 5 
2207 3 1925 6 1686 3 1688 6 
2210 7 1924 6 1687 6 1689 7 
1923 7 2209 5 1682 4 1688 7 
1518 6 2206 7 1691 5 1920 4 
1919 5 2205 7 1686 6 1690 5 
1506 1 307 2 1753 1 277 1 
2241 5 1547 6 401 4 
1713 6 1980 6 1695 3 1071 3 
1070 2 1712 2 1694 3 1702 3 
1709 7 1068 5 1699 7 1697 6 
1554 5 1067 7 1708 5 1696 6 
1699 6 1066 4 1701 3 1711 5 
1698 6 1710 6 1065 8 1696 7 
1064 4 1703 4 1701 3 1705 4 
1700 3 1698 3 1063 1 1704 4 
1703 4 1707 6 1062 8 1695 3 
1702 4 1700 4 1061 8 1706 2 
1705 5 1711 6 198 5 1701 4 
1704 5 1706 2 1700 4 197 5 
196 5 1705 2 1707 4 1703 2 
1712 5 195 6 1702 6 1706 4 
1697 5 1250 4 1215 3 1709 6 
1710 6 1696 7 1214 4 1708 6 
1699 6 200 7 1709 6 1711 5 
1704 6 199 4 1710 5 1698 5 
194 8 1707 5 1695 2 1713 5 
1570 6 1694 6 1712 5 193 6 
2123 3 1565 5 2359 6 1715 4 
2358 5 2122 2 112 3 1714 4 
534 6 2413 4 1717 3 1719 4 
1932 5 533 3 1716 3 2412 5 
532 3 2415 7 1721 3 1719 3 
1718 3 1716 4 2414 3 531 5 
1721 3 2409 4 530 2 1723 3 
1720 3 1718 3 2408 8 529 3 
1725 3 1723 2 528 2 2411 4 
1720 3 2410 4 1722 2 527 3 
538 7 2407 6 1725 5 
537 4 1722 3 2406 4 1724 5 
1727 10 1140 10 1729 9 2463 8 
1726 10 1732 6 2462 5 1139 7 
1138 6 1729 5 1751 4 2465 4 
1728 5 1726 9 2174 4 1137 4 
2177 4 1731 10 1733 3 1136 5 
1734 9 2176 9 1135 12 1730 10 
1727 6 2179 4 1733 3 1506 3 
1133 1 1732 3 2178 1 1730 3 
1731 9 1132 4 1735 4 1865 5 
1577 4 2181 3 1131 8 1734 4 
1737 5 1572 6 2144 8 1972 5 
1571 7 1736 5 2143 2 300 7 
1017 4 298 1 1739 4 337 3 
1754 4 336 6 1738 4 1016 4 
1605 4 301 6 2153 4 1741 6 
304 5 1740 6 2152 5 1604 4 
1743 4 1019 5 1745 6 333 5 
296 5 332 5 1742 4 1018 5 
1745 7 327 4 1025 5 1747 6 
1744 7 1024 4 326 6 1742 6 
329 3 1747 5 1368 7 1023 5 
1744 6 1022 3 1746 5 328 7 
544 4 1749 3 1760 3 853 3 
1752 5 1748 3 543 3 852 5 
2099 6 281 8 1432 7 1824 6 
1422 4 1178 4 709 6 1728 4 
851 8 546 4 1749 5 1754 4 
276 2 263 2 1692 1 1133 1 
1752 4 1739 4 850 7 545 1 
1589 11 1756 8 857 6 540 6 
539 5 1758 7 1755 8 856 7 
1759 4 1234 3 
542 7 1756 7 1760 5 855 5 
1757 4 1233 5 1342 4 
541 5 854 3 1758 5 1748 3 
1044 5 1764 4 2062 5 1959 4 
2180 7 2157 3 1763 6 1772 5 
2156 6 1995 6 1762 6 837 5 
231 1 1043 3 1761 4 1958 3 
828 5 1766 5 2162 8 2173 5 
1765 5 1767 4 2161 5 829 7 
1768 3 2164 3 830 4 1766 4 
1767 3 831 3 1769 4 2163 3 
1770 8 1768 4 824 4 2166 7 
1769 8 2165 8 626 7 1771 6 
2168 4 826 5 1772 5 1770 6 
827 4 2167 7 1762 5 1771 5 
1047 5 1199 4 1962 5 1201 5 
2339 4 482 2 391 2 2357 3 
2339 5 482 3 494 2 2423 3 
2575 4 1238 2 786 3 1777 3 
2574 4 781 3 1776 3 1237 7 
2014 2 2087 2 1115 5 1779 2 
1782 2 1114 2 1778 2 2086 2 
2085 4 1117 5 1781 7 1783 4 
2084 6 1784 6 1780 7 1116 7 
1783 3 1779 2 2083 4 1119 5 
1782 3 2082 4 1118 2 1780 4 
1123 4 1781 6 
1099 5 2547 3 1157 2 1786 4 
1156 6 2546 6 1789 5 1785 4 
1790 10 1152 9 1788 11 2218 10 
1151 5 1787 11 
1154 5 1790 5 1786 5 2216 5 
1153 5 1789 5 1787 10 2215 5 
434 6 2004 6 1792 7 708 5 
1791 7 433 6 2526 5 1467 11 
617 7 1270 8 2038 6 2111 4 
1795 2 1663 4 2434 4 703 5 
1794 2 2147 4 1662 2 1796 1 
1797 3 822 4 1655 3 1795 1 
1284 4 1796 3 1654 7 1798 4 
1657 2 1799 4 836 5 1797 4 
1656 5 1800 4 1798 4 820 5 
1799 4 834 3 1659 4 1801 3 
1658 3 1110 5 1802 4 1800 3 
1803 4 1661 4 1801 4 832 6 
2025 3 1802 4 2170 3 1660 3 
1806 3 782 3 2566 6 1252 6 
1477 3 365 4 1364 4 674 2 
1250 3 1804 3 1215 2 2565 5 
1808 9 13 6 1427 6 1809 5 
1807 9 12 7 2041 8 1426 7 
25 5 1807 5 
1811 6 489 2 1442 5 
1437 5 1812 10 1810 6 493 8 
1811 10 844 7 1436 9 492 6 
204 1 770 2 1814 5 2044 4 
203 7 1815 8 1813 5 769 7 
1814 8 776 6 1816 8 1322 7 
1815 8 775 7 1817 10 1321 8 
1818 6 1320 6 1816 10 778 9 
1817 6 777 4 1319 2 1819 1 
772 2 1818 1 1318 2 1820 3 
771 4 1821 4 1317 4 1819 3 
774 4 1822 4 1820 4 1316 5 
1821 4 773 4 1645 5 1315 5 
1432 7 1179 5 1824 6 
285 5 1178 5 1823 6 1750 6 
2053 4 1920 6 1670 3 1826 10 
2052 11 1919 8 1825 10 1834 10 
890 6 1527 6 727 8 888 9 
2045 5 1829 4 1831 5 1928 5 
1828 4 204 3 1927 6 2044 6 
1930 4 1833 3 1831 6 2043 5 
1828 5 1830 6 2042 7 1929 7 
1835 6 1833 4 2049 6 1924 5 
1832 4 1923 5 1830 3 2048 1 
2047 8 1926 4 1835 5 1826 10 
1832 6 1834 5 2046 7 1925 7 
947 4 1838 2 1873 5 634 5 
1219 7 308 5 2287 6 
1872 4 1836 2 633 1 1839 3 
1871 7 636 6 1843 5 1838 3 
465 6 1841 6 2015 6 2197 5 
1840 6 2087 3 2014 3 464 5 
2013 7 1845 6 467 7 2197 6 
1870 3 1849 4 1839 5 635 5 
461 4 1847 3 2011 4 1845 3 
1842 6 2010 3 460 5 1844 3 
2009 4 463 2 1847 3 979 4 
2008 2 1846 3 462 3 1844 3 
469 5 979 4 2442 4 2007 3 
638 3 1843 4 1851 4 1877 4 
2497 1 1425 3 
637 6 1876 3 1852 6 1849 4 
1853 4 1851 6 1875 7 640 7 
1852 4 2050 3 1874 3 639 2 
1855 6 504 3 37 2 1857 4 
1854 6 36 9 1860 7 503 6 
1857 6 35 5 506 4 1863 4 
1856 6 34 5 505 10 1854 4 
500 9 1861 5 33 8 1859 5 
499 2 32 1 2097 3 1858 5 
502 8 1855 7 1861 3 31 3 
1858 5 1860 3 501 2 30 4 
1863 2 39 4 2457 4 498 5 
1862 2 38 2 1856 4 497 4 
522 7 2501 4 1269 4 1281 3 
2176 5 1905 5 2181 4 1734 5 
2506 4 1880 6 2500 5 1319 5 
2503 6 1879 5 1322 5 2509 3 
1614 2 2106 2 2051 3 1869 5 
2050 7 1613 8 1868 5 1874 7 
1616 3 1871 5 1843 3 1877 3 
1839 7 1870 5 1872 8 1615 5 
1838 4 1871 8 1873 7 1618 7 
1836 5 1872 7 838 7 1617 6 
1875 6 1620 7 1853 3 1869 7 
1874 6 1876 4 1619 7 1852 7 
1851 3 1875 4 1877 3 1622 4 
1621 7 1876 3 1870 3 1849 4 
2503 10 1997 10 1881 8 1879 9 
1887 7 1867 5 1878 9 1996 5 
1866 6 1999 5 1093 6 1881 5 
2500 4 1998 3 1878 8 1880 5 
1093 4 2507 1 1885 3 1993 2 
2501 3 1886 5 1275 2 520 4 
1885 4 1995 3 2156 3 2505 3 
1884 4 1994 6 1107 4 1882 3 
1274 7 1883 5 2504 5 519 6 
1990 6 1879 7 1888 6 2509 5 
1887 6 1685 3 1989 11 2508 5 
985 6 2198 3 1105 6 1167 3 
888 7 1894 5 526 7 1273 6 
983 11 1892 8 2378 7 2198 6 
982 8 1891 8 2113 5 2377 4 
981 2 1113 5 1167 1 
1272 5 1890 5 525 4 2502 4 
318 6 2126 9 1906 5 1896 6 
319 7 1903 3 1895 6 1905 4 
1900 5 312 6 1898 5 1908 4 
2286 6 1897 5 313 5 1907 3 
310 5 1910 8 1902 8 1900 7 
1897 5 1909 5 311 5 1899 7 
1912 4 316 2 1904 4 1902 4 
317 7 1911 7 1901 4 1899 8 
314 3 1904 4 1896 3 1914 2 
1913 7 315 5 1901 4 1903 4 
1906 3 1914 3 1865 5 1896 4 
1905 3 2181 2 1895 5 122 4 
2465 2 486 2 1898 3 1908 2 
2174 3 1897 4 1907 2 1909 4 
1900 5 1910 6 2463 4 1908 4 
2462 5 1911 7 1909 6 1899 8 
1912 7 1910 7 2179 5 1902 7 
1901 4 1913 7 1911 7 2178 4 
1904 7 1912 7 1914 5 2177 5 
2176 3 1905 3 1913 5 1903 2 
1916 4 1918 6 788 4 1560 7 
1915 4 787 4 1559 4 2340 6 
786 2 1562 5 1238 1 1918 5 
785 6 1915 6 1561 6 1917 5 
1920 4 1691 5 1926 2 1826 8 
1919 4 1825 6 2142 4 1690 4 
1922 5 1558 6 782 5 1252 8 
1921 5 1557 3 781 3 1237 7 
1689 7 1930 6 1833 5 1924 6 
1688 6 1832 5 1925 6 1923 6 
1926 6 1687 6 1924 6 1835 7 
1925 6 1834 4 1919 2 1686 3 
2508 6 1928 7 1829 6 1685 4 
1684 4 1929 7 1927 7 1828 5 
1683 8 1930 5 1928 7 1831 7 
1682 3 1929 5 1830 4 1923 6 
1991 6 1932 7 1934 5 2222 4 
1931 7 2221 6 1717 5 1988 8 
1934 6 1936 5 341 7 2224 4 
2223 4 1931 5 1933 6 340 7 
339 8 1938 4 1936 5 2226 7 
1933 5 1935 5 338 4 2225 5 
1940 4 1938 3 1314 9 2228 3 
1935 4 2003 4 1937 3 2227 6 
1940 6 335 5 2230 6 2145 6 
1937 4 2229 5 334 3 1939 6 
1951 3 1942 4 1967 3 1626 2 
1625 4 1943 5 1941 4 1966 4 
1942 5 1969 6 1624 4 1944 5 
1623 3 1945 5 1943 5 1968 4 
1944 5 1946 6 1630 4 1971 8 
1947 4 1945 6 1629 6 1970 6 
1973 2 1946 4 1628 2 1948 1 
1972 2 1627 2 1947 1 2144 5 
1954 2 1415 2 1952 3 422 5 
1956 3 1965 3 1951 2 1632 1 
1631 4 1941 3 1950 2 1964 2 
421 4 1414 4 1130 7 1949 3 
1954 4 1957 6 1417 3 2388 5 
1953 4 1416 2 2386 4 1949 2 
2064 4 1677 5 999 6 
1950 3 418 4 766 3 1957 6 
1956 6 765 5 1953 6 417 10 
1959 3 1961 6 138 7 1764 3 
137 5 848 2 1958 3 1761 4 
1961 6 239 4 1963 6 140 5 
1960 6 139 5 1958 6 231 4 
1773 5 142 3 1367 4 1963 6 
141 4 1201 6 1960 6 1962 6 
1967 2 1389 1 1965 3 1951 2 
1950 3 1388 4 766 3 1964 3 
1967 3 1969 5 1387 5 1942 4 
1966 3 1964 2 1386 4 1941 3 
1969 5 1971 7 1944 4 1385 3 
1966 5 1968 5 1943 6 1384 4 
1971 8 1383 7 1973 4 1946 6 
1970 8 1968 7 1382 9 1945 8 
1948 2 1381 6 1973 3 1736 5 
1947 2 1972 3 1380 4 1970 4 
904 7 1977 4 1564 5 1975 6 
1985 4 1598 7 1974 6 903 7 
902 4 1977 4 1979 6 1601 5 
1974 4 901 3 1600 5 1976 4 
1603 5 1979 6 1981 8 900 4 
1978 6 1602 6 899 7 1976 6 
1570 6 1981 9 1694 6 898 5 
1980 9 897 8 1978 8 1569 7 
1983 6 1984 5 1268 8 
1982 6 2540 4 1267 7 
1982 5 1265 4 
1975 4 1574 3 1986 2 895 3 
1985 2 2190 4 894 4 1573 4 
396 8 50 9 46 8 1416 6 
1400 6 1991 7 533 6 1932 8 
1014 11 1888 11 1990 11 2213 10 
1887 6 1996 4 1015 7 1989 11 
1931 6 1988 7 1399 5 340 8 
1004 6 1999 4 1993 3 1093 5 
1994 5 1005 4 1992 3 1882 2 
1885 6 1995 5 1993 5 1006 4 
1884 3 1994 5 1763 6 1007 4 
1000 8 1990 4 1997 6 1879 5 
1001 8 1998 5 1878 10 1996 6 
1002 3 1881 3 1999 3 1997 5 
1998 3 1992 4 1880 5 1003 5 
1419 6 2005 7 2001 6 2254 5 
1418 5 717 6 2000 6 2253 4 
2454 3 2527 3 408 5 2529 4 
1938 4 1314 10 1394 5 339 8 
1674 4 1791 6 2526 4 2532 5 
2252 5 767 8 2000 7 
979 4 2009 4 970 4 2007 3 
969 5 1848 3 2234 3 2006 3 
1847 2 976 4 2009 3 2011 3 
1846 4 975 6 2006 4 2008 3 
978 3 2013 4 2011 4 1845 3 
977 6 2010 4 1844 4 2008 3 
972 6 2013 6 2197 5 2015 6 
1842 7 2010 4 2012 6 971 5 
974 1 1778 2 2015 3 1841 3 
1840 6 2014 3 973 5 2012 6 
1010 8 2017 7 1444 6 1491 7 
1011 6 1490 5 2016 7 2018 4 
1493 4 1008 5 2019 3 2017 4 
1009 4 1492 2 2020 4 2018 3 
2019 4 704 3 2021 5 1487 6 
705 5 2022 6 2020 5 1486 8 
1012 7 2023 6 2021 6 1489 6 
1488 3 2022 6 2024 8 1013 6 
495 7 2023 8 2025 7 1495 8 
1803 3 1494 5 2024 7 496 3 
2027 6 2029 6 1641 6 2294 8 
2026 6 2293 4 
1636 4 2031 2 2298 6 2029 3 
2297 5 1635 4 2026 6 2028 3 
1638 5 2033 5 2031 3 2296 5 
2028 2 2295 3 2030 3 1637 5 
2033 5 966 6 2300 8 1634 6 
1633 4 2032 5 2299 4 2030 5 
596 5 1037 8 126 5 2035 3 
2036 6 2034 3 1036 1 125 6 
2037 7 2035 6 1038 8 136 8 
2036 7 135 4 
616 7 1266 6 1793 6 2039 5 
2040 5 2038 5 1265 4 615 4 
2039 5 614 8 2041 6 1268 8 
1267 7 877 3 1808 8 2040 6 
2043 6 1831 7 572 5 2045 7 
2042 6 571 7 2048 3 1830 5 
2045 7 574 5 1813 4 1829 6 
2044 7 1828 5 573 6 2042 7 
2047 10 2049 7 568 8 1835 7 
567 8 2052 9 1834 8 2046 10 
570 2 2049 3 1833 1 2043 3 
2046 7 2048 3 1832 6 569 9 
1853 3 642 5 1869 7 2051 5 
2050 5 1868 3 874 6 641 4 
2047 9 2053 5 1826 11 576 5 
2260 3 2052 5 1825 4 575 4 
1287 3 2055 5 1430 4 295 4 
2054 5 294 5 1286 3 847 7 
2057 2 843 4 1354 3 2059 3 
1353 5 842 3 2056 2 2061 5 
841 6 2060 6 2059 5 
1355 5 2058 5 2056 3 840 3 
2058 6 845 9 
2062 5 849 5 1352 5 2057 5 
2061 5 848 3 1351 6 1761 5 
998 7 2064 6 1675 7 2439 5 
1674 3 997 6 2063 6 1955 4 
2068 5 2066 4 1313 3 1332 5 
2065 4 2070 5 1312 3 1331 6 
1311 6 2068 4 381 5 1334 7 
2065 5 1333 4 2067 4 1310 3 
1336 6 2071 3 1309 3 
2071 4 1308 5 2066 5 1338 5 
1337 5 2070 4 2069 3 1307 7 
2073 5 644 4 2436 6 2077 3 
2072 5 643 3 2437 3 
646 4 2081 3 2430 5 2075 3 
2431 4 2076 3 645 5 2074 3 
648 3 2428 3 2077 2 2075 3 
2429 1 647 2 2076 2 2072 3 
2434 5 650 5 2079 5 703 6 
2435 4 649 5 2080 8 2078 5 
2432 12 652 10 2079 8 2081 7 
2433 5 651 2 2080 7 2074 3 
1783 4 265 4 2083 5 2085 4 
1507 4 2086 4 2082 5 1782 4 
1781 6 2085 3 267 6 
1780 4 2084 3 266 3 2082 4 
2087 2 2083 4 271 2 1779 2 
1841 3 2086 2 1778 2 270 4 
275 7 2473 5 2089 5 2091 5 
2096 2 2472 5 274 2 2088 5 
277 4 2091 5 2471 6 2093 7 
2090 5 276 3 2088 5 2470 3 
2095 7 279 8 2469 10 2093 7 
278 5 2468 7 2092 7 2090 7 
2095 6 281 7 2467 7 2099 5 
2092 7 2094 6 2466 8 280 6 
2475 2 2089 2 2097 3 283 3 
2096 3 2474 6 1859 3 282 7 
1432 4 2561 3 2099 3 
1750 6 2098 3 2094 5 2560 6 
1050 9 2101 5 2175 6 1445 9 
1491 3 1444 2 2100 5 1049 1 
861 6 2109 3 1452 7 2103 5 
1451 7 860 5 2104 6 2102 5 
1454 5 2103 6 1435 5 2175 4 
201 5 2171 5 
2107 5 874 5 1868 2 1448 4 
2106 5 1447 6 2108 5 1124 4 
1450 7 865 4 2107 5 2109 3 
1449 5 2102 3 864 3 2108 3 
754 9 1130 10 52 8 1414 7 
618 3 1271 4 1793 4 
2113 4 784 5 2567 4 2117 3 
2112 4 2564 6 1892 5 783 5 
2204 8 796 11 2121 13 2115 9 
795 5 2203 6 2114 9 2116 2 
2117 2 2563 3 2115 2 794 6 
2116 2 793 4 2562 4 2112 3 
2200 4 2119 7 1550 5 792 4 
2120 8 791 7 2199 7 2118 7 
2202 9 2119 8 2121 10 790 5 
2120 10 789 10 2114 13 2201 7 
1715 2 525 3 2129 3 2123 1 
1714 3 526 4 2310 3 2122 1 
118 3 2125 6 519 3 2127 5 
117 7 2130 9 2124 6 520 8 
122 8 517 7 1895 9 2127 9 
2126 9 120 5 518 9 2124 5 
2129 5 2131 7 113 8 523 4 
2128 5 524 3 112 4 2122 3 
2125 9 521 5 2131 9 115 6 
522 10 2130 9 2128 7 114 8 
1241 6 2363 7 531 7 1239 6 
2344 9 588 8 2340 9 1371 7 
1526 3 1673 5 2135 3 
1665 5 2136 3 1525 2 2134 3 
1664 6 2137 3 1524 5 2135 3 
2136 3 1523 4 11 2 1667 5 
1374 2 599 5 2342 7 2346 3 
1521 2 11 1 2140 2 1669 2 
1520 3 147 2 1668 4 2139 2 
2371 7 1037 10 1379 9 596 7 
147 1 1920 4 1670 1 1518 6 
1464 5 2155 2 1737 2 2144 5 
1463 7 1736 8 2143 5 1948 5 
937 2 2146 6 906 4 1939 6 
936 7 2145 6 905 9 2392 8 
1795 4 703 7 822 7 437 5 
303 2 1584 3 2149 4 1458 6 
1457 5 302 5 2148 4 2150 5 
306 5 1456 7 2149 5 2151 5 
2152 4 304 4 1455 6 2150 5 
2151 4 1741 5 2153 3 1462 3 
1740 4 1461 2 2154 4 2152 3 
301 6 2153 4 2155 4 1460 9 
2143 2 300 7 1459 4 2154 4 
2321 4 1884 3 1763 6 2157 3 
2167 5 2320 3 1762 3 2156 3 
2159 2 1212 5 
2158 2 2160 3 1211 2 
71 3 706 5 2159 3 
2164 4 1766 5 2315 4 2162 8 
2314 5 664 7 1765 8 2161 8 
2164 3 2166 6 1282 4 1768 3 
2161 4 2163 3 1767 3 2312 1 
2168 6 1770 8 879 8 2166 7 
2163 6 2318 7 2165 7 1769 7 
1772 7 2157 5 2317 4 2168 6 
1771 4 2167 6 2165 6 2316 4 
833 2 623 3 6 7 974 2 
496 3 832 5 1803 3 440 2 
202 5 2217 4 885 6 2105 5 
2173 5 665 6 1156 7 2186 5 
2172 5 1157 2 664 4 1765 5 
1908 3 2465 3 2463 3 1729 4 
2100 6 1069 7 1453 6 2104 4 
1914 3 1865 5 1731 9 2177 3 
1730 4 2178 2 2176 3 1913 5 
2179 2 2177 2 1912 4 1733 1 
1732 4 2178 2 2462 3 1911 5 
1762 7 1103 7 827 6 837 6 
2352 1 1906 2 1735 3 1865 4 
1155 4 2183 5 670 4 
2182 5 1151 4 667 6 2184 4 
2185 4 666 2 1152 3 2183 4 
2184 4 2186 4 669 5 1153 5 
668 5 2185 4 1154 4 2172 5 
254 6 2194 8 2188 7 1394 4 
2189 8 1393 10 253 7 2187 7 
2188 8 2190 6 256 5 1392 5 
1391 4 1986 4 255 4 2189 6 
1398 4 258 6 2192 3 2196 7 
257 3 1397 3 2193 5 2191 3 
260 6 1396 5 2192 5 2194 10 
259 8 1395 7 2187 8 2193 10 
2361 5 1400 5 2196 7 262 5 
261 7 2195 7 2191 7 1399 6 
1840 5 2012 5 1842 6 466 4 
1889 3 984 1 1104 5 1891 6 
2518 6 2202 8 2119 7 2200 4 
2118 4 103 4 2199 4 2519 3 
2204 2 2202 6 2121 7 2520 6 
2120 9 2521 6 2199 8 2201 6 
2514 6 2204 5 2563 7 2115 6 
2515 3 2201 2 2114 8 2203 5 
2208 6 1168 3 1691 7 2206 9 
2376 10 1690 7 1169 8 2205 9 
1687 3 2208 5 2210 4 1174 7 
2207 5 2205 6 1686 5 1175 8 
2212 5 1689 5 2210 5 1176 6 
1688 7 2209 5 2207 4 1177 5 
2214 2 2212 3 1683 5 1170 5 
2209 5 2211 3 1682 4 1171 4 
1172 4 2214 3 1989 10 1685 2 
2211 2 2213 3 1173 6 1684 2 
2218 5 436 5 2216 5 1790 5 
435 6 2215 5 1789 5 2546 6 
1120 3 2171 4 
2215 5 1787 10 
2220 6 983 9 863 5 
2219 6 862 5 982 8 2397 4 
1932 6 48 2 2412 6 2222 3 
2223 3 1931 4 49 4 2221 3 
1934 4 2224 2 2222 3 42 5 
2223 2 43 4 1933 4 2225 4 
40 6 2226 7 1936 5 2224 4 
2227 9 1935 7 2225 7 41 6 
2226 9 46 8 2228 6 1938 6 
2229 4 47 1 2227 6 1937 3 
1940 5 2228 4 44 5 2230 5 
45 3 1939 6 2229 5 906 4 
2238 3 1539 4 2232 4 2445 3 
2233 5 2444 4 1536 4 2231 4 
2232 5 1541 6 2443 6 2234 5 
1540 4 2007 3 2442 4 2233 5 
2449 8 2236 6 1575 6 2240 6 
1678 6 2448 4 2235 6 2237 5 
2447 7 2238 3 738 5 2236 5 
737 3 2231 3 2446 6 2237 3 
2240 5 2441 4 2420 5 1676 5 
2239 5 2440 4 2424 5 2235 6 
1693 5 270 5 104 5 2242 2 
271 1 2241 2 2542 3 
943 4 309 4 1509 3 2244 7 
2245 6 942 8 1508 8 2243 7 
2244 6 941 7 2246 2 1511 6 
2245 2 604 4 940 2 1510 3 
938 7 2248 5 
309 3 2539 3 2247 5 1513 3 
388 7 2345 3 390 2 1149 6 
2251 4 986 7 
2250 4 2373 7 
2005 5 1222 2 2254 3 
1220 3 2254 3 2001 4 1190 4 
2253 3 1219 5 2000 5 2252 3 
2256 2 371 6 2258 4 1667 5 
1666 2 2261 2 2255 2 370 3 
1665 7 373 7 2263 4 2258 6 
1664 7 372 5 2255 4 2257 6 
2260 4 375 4 2262 3 1671 6 
2053 3 374 4 2259 4 1670 2 
2256 2 1669 3 2262 2 377 3 
1668 3 2259 3 2261 2 376 1 
2257 4 378 2 1673 4 
978 3 2555 4 835 3 2 4 
2419 1 73 4 2274 2 2266 2 
72 2 2265 2 2267 5 2418 4 
2266 5 75 6 2417 7 2268 7 
2269 5 2416 4 2267 7 74 6 
2268 5 2423 3 2270 6 77 2 
2271 9 2269 6 76 7 2422 7 
2272 5 2270 9 79 7 2421 7 
2271 5 2441 2 78 4 2420 3 
2274 2 706 3 71 1 2426 2 
2273 2 70 6 2265 2 2425 5 
2276 3 438 7 89 5 1345 4 
437 2 2275 3 88 3 2281 5 
2278 3 81 8 2284 4 443 4 
2277 3 80 3 2279 3 442 2 
441 7 83 7 2280 5 2278 3 
440 3 2279 5 2452 4 82 5 
2282 6 85 9 447 6 2276 5 
2281 6 446 2 84 5 2283 3 
445 2 87 2 2282 3 2284 3 
86 3 2277 4 444 5 2283 3 
1293 3 1573 4 368 4 395 4 
1898 6 2287 6 486 5 308 5 
2286 6 485 4 1837 6 
886 8 219 4 2289 3 
2290 5 218 3 2288 3 
2289 5 1466 7 217 5 
402 9 193 5 1570 5 365 5 
221 5 886 10 1640 5 
357 5 2294 6 2027 4 
2297 7 2293 6 2026 8 356 6 
2296 5 2298 7 2031 3 353 4 
2295 5 352 6 2299 4 2030 5 
2294 7 2029 5 355 4 2298 8 
354 6 2295 7 2297 8 2028 6 
2033 4 2300 7 359 6 2296 4 
2299 7 358 8 872 7 2032 8 
2302 4 1572 6 2476 6 721 4 
2301 4 722 2 2303 2 1571 6 
1568 3 725 4 2304 5 2302 2 
2303 5 2305 5 1567 4 726 4 
1605 3 2306 6 2304 5 707 4 
2307 7 2305 6 724 7 1604 5 
2308 6 2306 7 729 4 1599 8 
2307 6 1563 7 730 6 2309 6 
1566 3 2310 5 2308 6 727 5 
1565 5 2309 5 728 4 2123 3 
448 3 1082 6 2494 4 
2315 1 1282 2 2164 1 1497 4 
2325 9 2319 8 992 6 1493 6 
2162 5 1499 3 22 3 2315 1 
2312 1 1498 3 2161 4 2314 1 
879 6 2317 2 1501 3 2168 4 
2320 2 2167 4 1500 2 2316 2 
1503 7 2166 7 879 8 1282 5 
1492 5 2336 9 2313 8 991 5 
2317 2 2157 3 1505 5 2321 4 
2156 4 1504 5 2320 4 2505 4 
994 3 2325 7 1491 4 1049 2 
2324 5 722 4 1552 6 1672 6 
2391 3 2323 5 721 3 819 5 
2313 9 2322 7 1490 8 993 7 
2327 3 264 4 1587 2 
2326 3 1586 4 2330 4 
889 4 2331 2 1595 3 632 4 
1489 6 2335 5 2337 6 988 5 
630 3 2331 4 1597 3 2327 4 
629 4 2330 4 1596 4 2328 2 
2333 6 116 5 1591 5 628 10 
2332 6 2513 4 627 6 1590 4 
740 6 1672 6 893 5 726 3 
1642 6 2329 5 987 3 1488 2 
1487 8 990 7 2319 9 2337 7 
2329 6 1486 8 2336 7 989 6 
385 4 2339 4 2343 1 494 1 
384 5 1774 4 1775 5 2338 4 
1370 7 2133 9 587 4 1916 6 
387 2 2343 1 488 2 213 2 
823 12 2138 7 1373 7 2344 9 
2341 1 487 3 2338 1 386 3 
2133 9 2342 9 1372 7 601 6 
2357 4 484 8 2249 3 2347 3 
2360 6 1375 7 600 5 2138 3 
483 4 413 2 2345 3 388 7 
1581 8 2349 7 115 5 2355 6 
2350 6 2348 7 114 7 1580 8 
1583 5 2349 6 2351 3 113 8 
2358 4 1582 4 2350 3 112 2 
2181 1 2353 4 122 3 1577 2 
2354 7 2352 4 1576 4 120 5 
2353 7 1579 6 118 5 2355 6 
117 5 1578 4 2354 6 2348 6 
1377 6 2360 8 2371 6 598 6 
390 3 2345 4 481 6 1774 3 
2351 4 1715 5 2359 7 1585 7 
1714 6 2358 7 303 4 1584 5 
2356 8 2346 6 597 6 1376 5 
2195 5 2362 5 55 5 1242 4 
2363 6 2361 5 393 6 1241 5 
2362 6 2132 7 2364 5 57 6 
1239 4 2365 5 2363 5 56 3 
2364 5 383 5 2427 5 2366 9 
1245 7 380 8 2365 9 2367 7 
1244 6 2368 4 392 5 2366 7 
2369 6 2367 4 1243 6 389 7 
1248 11 2368 6 416 4 2370 6 
1247 4 2369 6 
2141 7 595 4 1378 3 2356 6 
1246 5 2385 2 1630 3 81 7 
863 6 986 10 2251 7 
415 5 2530 4 1254 5 1463 5 
2376 6 1108 5 1327 5 1434 8 
2375 6 2206 10 1328 6 1518 9 
2378 3 2564 5 78 5 1892 4 
2377 3 1104 6 79 4 1891 7 
72 1 1113 5 2380 3 
2384 3 2379 3 73 6 
1167 2 1105 5 74 4 1113 6 
1524 8 1326 6 1112 11 1109 9 
1112 8 1526 3 
70 5 2380 3 
2372 2 80 3 1253 6 1629 3 
2388 5 422 7 1954 4 15 3 
2401 6 908 1 931 2 2389 3 
2386 5 14 3 1953 5 417 9 
2387 3 2390 6 907 6 930 5 
2391 4 2389 6 929 7 910 8 
2390 4 2324 3 928 7 909 2 
912 6 935 6 2146 8 2393 6 
2395 5 934 5 911 4 2392 6 
2513 3 21 6 627 5 28 4 
2393 5 29 6 914 3 2401 8 
2397 3 784 5 690 6 2399 4 
2396 3 783 4 2220 4 689 4 
794 6 684 4 1218 4 2399 3 
2396 4 793 5 683 4 2398 3 
796 7 682 8 2403 5 1218 7 
2387 6 913 11 932 8 2395 8 
2403 6 688 6 2405 7 790 5 
2402 6 687 3 2400 5 789 6 
792 2 686 5 2553 3 2405 4 
2402 7 685 4 791 6 2404 4 
2411 5 2407 5 1725 4 251 3 
2406 5 1724 6 252 6 
1721 8 2409 9 2415 12 245 8 
1720 4 2410 5 2408 9 246 5 
2409 5 1723 4 2411 6 243 6 
2406 5 244 6 2410 6 1722 4 
2413 6 2221 6 249 10 1717 5 
2412 6 1716 4 2414 3 250 6 
247 5 2415 7 2413 3 1719 3 
1718 7 2414 7 2408 12 248 7 
2417 4 2268 4 482 2 2423 2 
481 7 2416 4 2418 6 2267 7 
2419 3 2417 6 484 9 2266 4 
2265 1 2418 3 2425 4 483 3 
488 4 2239 5 2272 3 2421 5 
2422 5 487 5 2271 7 2420 5 
2423 4 494 3 2421 5 2270 7 
2422 4 2269 3 2416 2 1775 3 
214 5 1676 5 1575 5 2240 5 
2419 4 536 6 2426 5 2274 5 
535 5 2425 5 2273 2 1126 3 
529 3 1245 3 2365 5 1239 4 
2076 3 2429 2 1160 5 2431 4 
2077 1 2436 4 2428 2 1159 3 
2431 6 2433 7 1162 6 2074 5 
2430 6 2075 4 2428 4 1161 3 
2433 10 2080 12 1164 7 2435 8 
2081 5 2432 10 1163 5 2430 7 
2078 5 2435 4 1794 4 1166 5 
2079 4 1165 2 2434 4 2432 8 
2429 4 2072 6 1158 5 2437 4 
2073 3 2436 4 
2439 2 702 4 2499 4 
701 3 2063 5 2438 2 2498 4 
2449 6 2441 3 2240 4 2511 4 
2510 4 2239 4 2272 2 2440 3 
2443 5 1848 4 2519 5 2234 4 
2518 5 2442 5 2444 5 2233 6 
2232 4 2521 4 2445 3 2443 5 
2446 6 2444 3 2231 3 2520 5 
2238 6 2445 6 2447 10 2515 8 
2514 6 2446 10 2448 6 2237 7 
2449 6 2517 3 2447 6 2236 4 
2448 6 2516 7 2440 6 2235 8 
970 4 10 6 2461 3 2557 7 
2531 7 2456 7 2452 4 242 4 
2530 3 241 4 2280 4 2451 4 
2527 6 2454 6 2460 8 236 9 
2455 3 2002 3 2453 6 235 5 
2456 5 2454 3 234 2 2529 4 
233 7 2455 5 2451 7 2528 6 
2523 6 240 5 2458 6 1862 4 
2459 6 2522 5 1403 8 2457 6 
2458 6 2460 7 238 6 2525 4 
2524 10 237 5 2459 7 2453 8 
9 4 2450 3 969 5 206 4 
2463 3 1727 5 2179 3 1910 5 
2462 3 2174 3 1726 8 1909 4 
2570 3 1221 4 1022 2 1223 3 
2174 3 1907 2 709 6 1728 4 
2467 9 226 5 2095 8 2469 11 
2466 9 2094 7 2560 8 225 6 
2093 7 228 6 2469 10 2471 6 
2092 10 2468 10 227 8 2466 11 
2471 4 2473 3 229 3 2091 3 
2090 6 1335 4 2470 4 2468 6 
2473 5 2089 5 2475 5 232 6 
2472 5 2088 5 2470 3 230 4 
2475 5 1340 5 2097 6 32 4 
2096 2 2474 5 1339 3 2472 5 
909 4 2301 6 2477 5 1381 7 
910 7 1380 5 2476 5 2478 5 
2479 4 907 6 1383 7 2477 5 
2478 4 1382 5 908 2 2480 4 
1385 4 2479 4 913 8 2481 4 
2482 8 914 2 1384 2 2480 4 
2481 8 2483 10 911 8 1387 10 
912 6 2482 10 1386 6 2484 8 
2485 6 905 9 1389 5 2483 8 
2484 6 45 3 1388 3 906 4 
248 5 2487 6 2493 6 1593 4 
247 6 2486 6 1592 3 2488 5 
1591 4 2489 4 250 7 2487 5 
249 7 2488 4 59 4 1590 3 
2491 7 2495 6 1597 3 244 5 
243 8 1596 7 2490 7 2492 8 
1595 6 246 6 2491 8 2493 6 
1594 5 245 4 2486 6 2492 6 
1587 3 252 5 2311 4 2495 6 
1586 6 251 5 2490 6 2494 6 
2497 4 1423 4 2499 6 
1850 1 2496 4 768 3 
2499 6 1421 6 2439 4 1675 6 
2498 6 1420 6 2496 6 2438 4 
1881 4 2503 6 1320 2 1866 5 
521 3 1883 3 1864 4 1280 8 
1894 4 1279 5 1269 5 524 3 
1867 6 1321 8 2500 6 1878 10 
518 6 1886 5 1277 3 1283 3 
1107 3 2321 4 1315 4 1884 3 
1318 2 1866 4 2507 1 1093 4 
1317 2 2506 1 1882 1 1107 2 
1927 6 204 3 2509 4 1888 5 
203 4 2508 4 1867 3 1887 5 
2564 6 2441 4 2511 5 78 6 
2567 5 2510 5 2440 4 2516 5 
28 5 1134 3 297 3 2513 4 
2394 3 2333 4 2512 4 284 3 
2447 6 2203 6 2515 4 2517 3 
2204 3 2514 4 2446 8 2520 7 
2449 7 2562 5 2517 4 2511 5 
2448 3 2516 4 2514 3 2563 4 
2519 5 2199 6 2443 5 2521 4 
2518 5 469 6 2442 5 2200 3 
2521 6 2201 6 2515 7 2445 5 
2202 6 2444 4 2520 6 2518 4 
2458 5 2525 3 412 7 2523 5 
2457 6 411 6 2522 5 498 7 
2460 10 2527 8 410 6 2525 7 
409 5 2522 3 2524 7 2459 4 
2004 4 1421 4 1792 5 1675 4 
2453 6 2002 3 2524 8 407 5 
2529 5 2456 6 2531 6 406 5 
2528 5 2455 4 405 5 2002 4 
2452 3 2531 6 2374 4 82 4 
415 7 2451 7 2530 6 2528 6 
708 4 1677 5 2004 5 
2539 3 943 3 93 5 309 3 
1090 3 1390 7 2535 6 2537 5 
2534 6 1285 6 2538 4 
2537 5 1092 3 90 6 269 5 
2536 5 268 5 1091 5 2534 5 
272 3 2535 4 
938 5 2248 3 2533 3 92 4 
1983 4 1426 3 
833 3 8 4 835 4 972 5 
1507 4 2543 5 2242 3 
265 4 2544 6 2542 5 
266 5 2543 6 2545 4 
267 5 2544 4 
1786 6 2547 5 434 6 2216 6 
433 4 1076 10 1785 3 2546 5 
1202 2 2552 4 592 1 
2550 5 2554 4 808 5 1198 5 
1197 4 2549 5 2551 5 807 6 
2550 5 1196 5 2552 6 590 5 
589 6 2548 4 1195 8 2551 6 
2554 3 602 5 2404 3 1194 4 
2553 3 1193 3 2549 4 821 3 
2556 6 2264 4 977 6 1 5 
2555 6 2557 9 976 7 4 7 
2556 9 3 7 975 9 2450 7 
2559 4 2561 6 159 4 
158 3 2558 4 
161 6 2561 6 2467 8 2099 6 
160 5 2558 6 2098 3 2560 6 
2117 4 2516 5 2563 5 2567 5 
2203 7 2116 3 2562 5 2517 4 
2510 6 2567 6 2377 5 2113 6 
1217 6 2566 8 1806 5 559 6 
2565 8 2572 8 1804 6 1216 6 
2511 5 2564 6 2112 4 2562 5 
2575 3 1224 2 2569 4 786 2 
785 5 1223 5 2568 4 2570 5 
788 4 2464 3 2569 5 2571 5 
1221 6 2570 5 171 8 787 5 
782 5 2573 6 2566 8 1228 8 
781 4 2572 6 1227 6 2574 5 
1777 4 2575 5 2573 5 1226 4 
1776 4 2568 3 1225 7 2574 5 
