7
7
7
7
8
8
7
7
26
19
26
26
4
4
27
26
43
43
43
43
43
10
11
10
26
11
11
26
23
23
23
23
24
24
24
24
23
23
33
33
33
28
28
29
33
33
33
33
1
1
1
1
2
2
2
2
2
45
25
8
8
19
19
24
24
24
24
23
19
24
23
28
28
28
30
26
26
26
18
28
16
26
26
18
36
18
18
20
20
20
20
19
19
20
19
19
19
18
8
8
8
17
34
43
43
38
17
38
36
12
24
24
12
3
3
3
3
13
13
13
24
36
43
43
43
30
44
29
28
26
26
30
30
28
28
46
46
46
48
48
48
48
45
46
46
36
36
35
36
36
36
36
36
17
34
34
17
25
25
45
25
34
17
25
34
17
12
12
6
6
6
6
6
12
6
8
17
1
1
28
28
26
26
28
26
26
19
26
26
7
7
11
7
11
11
11
11
4
5
44
25
44
29
29
47
47
47
47
47
48
48
48
49
49
6
6
17
47
47
47
47
47
47
49
49
49
49
27
27
27
27
27
27
27
27
27
19
17
17
35
23
28
28
34
34
28
28
25
25
37
37
37
37
37
26
26
26
26
26
26
26
19
25
26
8
10
10
8
8
43
20
43
43
20
20
20
20
38
37
12
20
16
16
16
16
20
3
3
11
11
3
11
10
10
11
10
5
3
3
3
3
11
11
11
11
11
25
43
43
27
46
46
11
11
11
11
3
11
3
3
5
38
43
31
33
33
32
32
33
32
32
32
32
32
24
24
24
13
13
13
13
13
13
13
8
10
35
35
34
34
28
34
25
25
28
28
0
0
22
0
22
22
22
22
22
22
36
36
36
33
36
36
36
36
46
46
43
16
16
16
16
16
16
10
6
6
38
27
25
25
25
25
34
34
34
49
49
6
38
36
35
36
16
36
36
36
36
16
16
16
34
17
17
17
12
38
12
36
25
25
25
25
25
34
34
34
28
28
30
30
30
30
30
30
28
30
7
7
7
7
8
8
7
7
4
4
23
18
38
18
24
24
24
24
23
23
23
23
46
46
12
17
12
12
17
17
17
17
38
38
38
38
12
12
38
38
45
45
44
10
10
40
40
40
40
40
40
45
45
18
20
18
6
18
11
11
11
11
1
18
19
26
10
10
10
10
11
33
29
29
29
29
29
29
24
24
24
24
24
19
19
19
19
19
36
36
35
35
35
35
2
13
13
13
15
14
14
13
13
14
14
43
37
37
37
37
4
4
4
4
0
0
4
0
0
0
38
31
36
33
31
36
36
36
36
46
48
46
46
48
45
48
48
46
46
13
29
13
13
44
30
13
13
1
44
3
3
3
11
11
11
11
11
11
10
6
2
1
1
1
1
2
2
2
2
18
18
12
12
18
18
18
18
18
18
33
33
28
28
28
28
33
33
33
33
9
9
15
9
15
15
15
15
15
15
45
45
32
24
24
3
3
3
3
13
24
13
13
48
46
46
46
45
48
48
48
46
46
12
12
12
12
42
42
42
42
21
21
42
42
42
42
23
23
23
23
23
23
23
23
21
23
31
31
31
31
36
36
37
18
12
12
12
12
10
10
37
10
10
37
2
2
2
2
2
2
1
1
1
1
20
20
20
20
20
20
20
20
19
19
43
43
43
43
43
43
38
38
38
38
38
38
38
43
44
44
44
44
44
44
45
17
44
44
45
45
40
40
40
40
39
39
43
45
17
45
45
44
44
44
45
45
44
44
19
19
46
46
20
20
20
20
20
20
19
20
2
10
10
10
10
29
30
30
30
30
30
30
30
29
29
14
14
14
14
14
17
17
17
17
15
42
42
37
42
37
9
22
22
9
9
42
39
49
49
49
34
34
25
25
25
25
27
21
21
22
22
22
21
21
0
0
0
5
5
5
5
5
5
5
5
23
23
1
1
29
29
29
30
29
29
29
29
8
8
8
17
17
12
12
17
17
17
17
36
36
36
35
12
12
36
36
9
3
9
9
9
9
9
9
3
3
39
39
39
39
45
39
39
39
45
45
21
21
6
1
21
21
33
33
36
17
36
36
36
35
35
35
42
42
22
22
42
42
42
42
42
32
32
39
39
39
39
39
39
39
39
45
45
27
14
20
29
29
29
13
29
29
14
14
30
30
44
10
10
10
10
19
24
19
19
24
24
24
24
19
19
33
33
29
32
32
32
33
33
33
33
9
9
9
14
14
20
18
18
18
18
18
18
18
39
39
38
38
38
38
27
27
27
27
27
38
27
27
27
27
38
46
46
4
4
4
4
4
4
0
0
0
0
35
49
49
35
40
40
41
41
49
49
49
40
22
22
22
22
2
2
22
22
22
22
29
29
29
29
29
46
48
46
46
48
48
48
48
32
32
32
33
46
46
32
32
7
4
7
7
8
8
7
7
7
7
49
49
40
41
40
40
40
40
49
40
37
37
37
37
22
22
37
37
39
39
49
49
49
49
49
49
41
41
40
40
34
42
2
2
1
1
1
1
2
2
2
2
37
37
37
37
37
37
37
35
33
34
34
34
28
32
32
29
32
44
44
44
44
45
45
44
44
44
44
3
3
11
11
3
3
10
10
11
11
6
8
8
8
13
24
13
13
3
13
3
3
24
24
9
15
15
15
9
9
9
9
15
13
44
48
47
47
47
48
48
48
48
46
46
6
7
7
7
7
8
8
7
7
4
7
41
41
41
41
41
41
21
21
41
41
1
2
2
1
1
0
2
2
1
1
1
1
37
2
32
32
32
32
32
33
11
10
10
10
10
33
32
32
31
31
31
31
31
31
46
46
30
30
30
30
30
30
28
29
28
28
21
21
41
42
41
41
31
31
31
31
41
41
41
41
41
41
21
27
21
21
39
39
45
39
39
39
39
39
6
6
10
10
10
11
10
2
4
4
4
4
4
4
0
4
0
0
19
26
26
26
26
26
26
26
28
28
12
12
7
4
8
8
7
7
7
7
7
7
34
34
25
25
25
25
34
34
34
25
43
43
43
43
43
30
16
16
16
16
16
16
15
30
32
30
30
32
30
34
34
29
25
25
25
25
34
25
34
34
30
30
8
8
8
47
35
34
34
28
34
34
28
28
25
25
11
11
11
11
11
3
3
3
3
5
41
28
28
28
28
33
33
28
33
21
21
33
35
21
0
0
0
1
1
23
24
24
24
23
23
23
23
23
23
6
6
6
6
8
6
7
7
8
8
7
7
7
7
4
7
11
11
10
10
3
3
11
39
37
37
3
3
37
2
2
2
0
21
0
0
21
21
21
21
48
21
21
18
18
18
18
12
12
18
18
30
30
35
35
35
35
34
35
35
35
0
0
0
1
0
0
1
4
1
1
27
25
27
27
27
27
19
19
27
27
14
14
39
20
18
3
3
44
44
10
10
44
3
3
44
26
25
26
26
19
26
26
26
26
26
33
34
48
48
49
48
47
47
48
47
47
47
28
28
26
28
26
26
26
26
19
26
5
5
5
5
5
5
5
5
23
23
44
44
42
42
42
42
21
21
42
42
42
42
11
35
11
8
44
4
4
4
4
4
5
5
5
0
0
14
14
44
11
5
5
5
5
5
5
5
5
5
23
8
8
8
39
39
39
39
39
39
39
39
45
45
6
6
6
8
6
6
42
42
42
42
41
41
21
21
42
42
33
35
33
33
32
32
31
31
31
31
31
31
31
31
28
22
22
22
22
22
22
22
22
0
0
30
1
1
16
16
16
16
16
16
16
6
6
3
10
10
10
10
10
44
19
19
19
19
19
20
20
20
20
24
31
31
31
31
31
31
31
31
43
35
35
20
35
35
34
35
35
19
19
23
23
23
23
23
23
23
23
23
23
4
4
4
4
4
4
0
4
0
0
45
45
40
40
40
40
40
40
45
45
33
33
32
29
32
32
33
32
33
33
7
7
7
7
8
8
7
7
4
4
15
15
15
16
16
15
15
47
45
45
8
40
40
40
40
40
40
49
49
15
15
9
9
9
9
15
15
15
9
48
48
48
48
47
47
47
48
46
47
41
41
21
21
41
41
41
41
41
41
42
42
22
22
42
42
42
42
42
42
35
35
34
35
35
47
35
35
47
30
16
16
16
16
16
16
16
22
22
37
37
37
37
37
37
39
42
13
13
13
13
13
13
13
13
24
24
46
46
44
45
44
44
46
48
46
46
30
18
12
12
18
12
18
18
18
18
44
44
45
44
44
44
44
44
44
44
13
14
14
14
15
15
13
13
14
14
41
41
41
41
21
21
41
41
41
41
0
21
0
0
21
21
21
21
21
21
6
31
31
31
31
33
31
31
31
45
29
29
30
30
30
30
29
29
30
30
10
8
10
47
35
35
47
47
34
35
8
35
14
14
14
14
17
17
20
15
20
15
20
0
0
4
4
4
4
0
0
4
4
14
9
9
9
29
49
48
48
48
48
47
47
47
47
47
9
9
17
9
43
43
46
46
38
38
38
38
43
38
38
38
49
49
40
40
41
41
40
49
40
40
40
40
45
45
39
39
40
39
45
45
43
27
27
43
3
27
27
27
27
27
27
27
27
43
43
38
38
38
38
38
38
43
38
47
47
47
47
47
47
49
49
49
49
39
39
39
39
39
45
39
39
45
45
9
9
15
15
9
9
9
9
13
15
43
38
38
46
46
38
38
38
38
43
9
9
9
9
15
15
15
15
15
15
17
17
12
12
17
12
1
1
1
1
49
2
2
2
49
49
49
49
41
41
40
40
42
42
42
41
41
41
21
21
42
42
16
15
16
16
16
16
18
16
12
12
25
25
25
25
34
25
34
34
34
34
19
19
20
20
20
20
20
14
18
20
22
22
22
22
22
22
0
0
0
22
9
9
9
9
15
15
15
15
15
15
3
6
43
43
43
43
43
32
32
32
32
32
37
38
37
0
0
5
5
5
5
5
5
5
5
43
8
49
49
49
49
25
49
25
25
27
25
32
10
43
32
33
18
18
18
37
18
14
18
18
18
18
2
2
2
2
1
1
1
1
2
2
9
9
9
9
38
14
14
14
14
15
15
14
15
33
33
32
32
14
14
32
6
36
31
31
31
31
33
31
31
6
6
48
49
48
48
47
48
47
47
47
47
31
45
45
49
45
36
36
36
36
36
36
40
40
40
40
40
40
40
49
17
17
17
17
17
12
12
12
12
12
37
27
27
19
27
27
27
27
27
27
25
14
14
14
14
14
14
15
14
15
15
37
46
46
48
46
8
48
45
48
8
8
42
46
46
29
29
25
29
32
12
41
12
41
0
23
23
23
23
21
21
21
21
21
17
43
17
29
5
5
5
5
5
5
5
5
6
6
24
5
8
6
6
6
12
14
17
12
17
17
17
17
14
14
31
31
31
2
2
22
22
22
22
24
24
3
3
3
3
13
13
24
13
2
30
30
30
30
29
20
29
20
29
29
19
19
13
13
13
13
13
13
14
14
20
14
1
1
47
6
8
6
6
6
6
6
6
2
49
2
2
16
16
16
16
16
16
16
19
19
19
24
24
24
24
24
19
19
37
37
37
37
37
28
28
28
28
34
33
28
28
35
34
20
20
35
35
35
34
47
35
35
35
47
