32
17
16
17
17
13
13
13
13
17
17
6
6
33
33
33
33
18
18
18
33
33
21
35
35
35
35
24
24
24
21
35
35
35
24
24
24
24
24
24
24
24
24
0
24
24
24
24
24
24
24
24
24
17
17
17
17
2
2
17
2
5
5
2
2
5
5
2
2
2
2
17
17
17
17
2
2
36
36
36
36
35
35
35
35
35
35
35
35
35
35
36
36
36
36
35
35
6
2
1
16
16
16
16
16
16
6
16
43
43
39
39
7
7
8
8
7
7
6
43
43
43
28
3
37
3
6
6
6
6
8
8
8
8
8
8
15
15
15
15
15
39
39
38
38
38
38
38
38
38
38
39
39
39
39
10
10
10
10
9
9
9
9
47
47
47
47
38
2
38
38
2
39
2
2
17
17
17
17
10
10
10
10
9
9
8
8
8
8
8
8
6
6
6
6
41
41
41
41
47
5
47
4
9
3
3
3
3
3
13
13
14
14
14
14
14
14
14
13
9
9
9
9
10
10
10
10
39
9
9
9
9
10
10
10
10
3
41
25
25
3
3
1
1
1
1
1
1
2
1
3
12
12
9
12
12
12
39
39
47
47
47
47
47
47
46
39
39
22
24
11
11
6
6
11
15
11
11
8
8
8
8
1
1
4
4
0
0
0
0
4
4
26
26
39
39
47
47
25
39
7
25
7
25
32
32
32
32
32
32
32
32
32
13
13
13
41
17
17
17
17
17
17
42
40
28
28
30
30
30
30
30
30
30
30
20
20
20
20
20
20
19
19
32
32
3
32
22
21
3
32
34
34
35
35
22
36
21
36
21
36
34
34
34
34
34
34
34
34
34
34
36
36
35
35
36
36
36
36
35
35
0
23
21
21
21
21
21
21
21
19
21
21
34
34
34
34
34
34
34
34
34
34
5
5
5
5
5
5
46
46
46
46
46
46
46
46
27
27
27
26
49
43
49
49
49
49
49
8
8
8
8
11
11
11
8
11
11
2
2
23
23
23
23
23
17
2
2
38
38
38
38
47
47
38
38
39
38
23
0
1
1
1
1
1
1
22
23
23
23
23
23
23
23
36
25
25
25
25
25
25
26
25
26
26
33
33
33
33
33
33
33
32
36
33
26
26
25
25
43
44
25
25
43
43
43
26
26
23
23
24
23
24
24
12
12
12
12
23
0
3
3
1
2
1
1
1
1
3
1
6
9
7
27
27
27
26
27
26
26
9
26
27
14
14
14
14
13
13
14
13
13
13
37
39
39
18
18
18
18
18
10
41
41
42
42
47
41
6
6
34
35
36
36
35
35
36
36
36
36
11
13
22
22
22
22
19
22
19
19
47
22
22
28
4
5
5
5
5
5
47
20
20
19
20
20
20
0
25
4
4
0
0
19
19
19
15
20
20
4
4
4
6
6
27
27
27
26
11
11
27
27
18
20
18
18
18
12
32
32
31
31
31
31
31
31
14
14
26
26
25
25
25
25
25
26
25
25
27
27
26
27
27
27
27
25
25
25
25
25
25
25
26
26
26
7
7
7
7
10
10
10
7
10
10
42
37
39
37
37
37
32
12
12
12
12
12
19
33
33
33
33
33
18
33
33
36
33
33
18
33
18
18
33
33
33
33
33
36
33
17
17
17
22
22
13
13
13
42
42
40
42
40
40
17
17
10
10
10
7
10
10
7
7
7
47
48
48
48
48
48
48
48
47
47
40
42
42
12
40
7
40
40
42
42
47
47
43
43
48
43
48
48
48
48
30
30
30
30
30
30
30
30
28
28
14
14
14
14
13
13
13
13
47
46
46
42
46
46
48
48
48
48
40
40
40
40
47
42
42
42
4
4
0
0
0
0
0
4
4
4
12
12
12
12
17
17
16
16
16
16
13
13
16
16
15
3
3
15
15
25
26
25
25
25
25
25
25
2
26
38
9
9
39
17
46
19
19
46
9
9
3
3
1
1
1
2
1
1
1
1
46
5
5
5
4
5
5
26
26
29
29
26
26
25
29
29
29
39
39
39
39
16
16
16
6
12
16
16
16
14
6
6
6
6
7
7
7
7
7
7
18
18
14
21
13
13
14
14
14
14
13
13
13
13
46
30
48
48
48
46
46
46
46
46
10
10
10
10
9
9
9
9
4
4
4
4
4
0
0
0
0
0
49
48
49
49
49
49
49
49
17
17
17
17
13
13
13
13
17
17
15
15
12
15
4
6
15
15
0
0
4
4
0
0
0
0
25
25
26
25
25
25
25
25
14
14
14
14
26
26
14
0
0
19
39
39
38
38
38
38
38
38
38
38
30
30
30
13
13
30
14
30
14
14
14
14
13
30
31
31
31
31
31
31
32
32
3
3
3
3
3
3
3
3
3
3
49
49
49
49
49
49
48
49
28
28
49
22
22
24
49
27
27
27
26
27
27
19
19
19
19
20
20
20
45
45
45
45
45
45
45
45
21
21
45
40
21
9
21
21
45
45
45
9
45
45
45
45
45
40
27
5
5
4
4
28
28
5
5
11
0
0
0
0
4
4
4
0
4
4
44
38
43
44
43
43
44
44
44
44
5
5
5
5
5
4
5
5
4
4
5
5
14
16
4
1
2
1
1
1
1
4
1
18
18
18
17
17
16
22
13
13
16
16
16
35
12
22
35
26
26
27
27
27
22
27
35
36
19
22
19
37
37
37
37
37
37
37
37
37
37
40
45
45
45
45
45
45
45
45
45
2
2
40
45
17
17
17
17
2
2
8
8
44
44
44
44
44
44
44
26
29
26
29
29
29
29
29
29
19
19
21
21
21
21
21
21
21
21
13
7
7
7
7
6
6
6
6
7
7
18
18
18
18
18
18
8
8
41
41
6
41
41
42
41
41
5
5
5
5
4
4
42
42
41
41
41
41
48
32
36
0
0
0
0
4
4
0
0
4
4
15
8
8
8
8
6
6
6
6
28
31
8
8
37
42
37
28
37
29
29
29
29
29
29
29
29
31
49
49
31
31
48
49
21
5
4
5
21
5
5
33
29
29
29
29
29
29
29
29
28
28
18
18
6
6
15
15
15
15
15
12
15
15
38
38
38
38
38
38
38
38
39
39
4
4
4
4
0
0
0
0
0
0
45
34
33
36
18
33
33
33
33
33
33
33
32
32
28
28
27
27
19
19
27
26
27
27
20
19
19
20
20
12
12
14
14
14
14
14
14
14
31
31
31
31
31
31
31
32
32
38
38
38
38
38
38
38
38
37
37
12
45
45
45
45
45
12
12
40
40
41
32
35
35
35
35
35
35
36
36
36
36
21
24
24
24
24
35
35
35
35
35
28
28
24
24
24
24
24
24
24
24
30
0
43
43
8
30
45
43
35
35
36
36
36
36
35
35
36
35
35
22
35
22
35
22
19
36
36
36
10
10
10
10
9
9
9
9
18
18
33
18
28
28
33
33
30
30
28
28
14
34
34
30
12
12
37
37
39
37
37
12
37
37
5
5
4
5
5
5
37
37
37
37
39
37
37
43
49
3
3
21
22
21
21
21
21
19
19
19
21
23
23
22
23
23
2
23
23
43
2
2
43
13
16
16
16
16
16
16
16
6
17
2
2
6
6
12
15
15
15
15
15
15
15
2
2
2
2
23
2
17
23
17
17
24
22
24
24
23
23
23
23
0
23
15
15
15
15
15
15
15
12
15
28
2
2
23
23
2
23
23
22
23
23
0
24
24
24
24
24
24
24
24
24
32
32
31
31
31
31
31
31
31
13
19
20
20
20
20
20
20
20
20
18
18
18
18
18
19
20
20
20
20
20
20
20
20
20
49
49
49
49
49
48
49
13
13
28
28
20
29
29
29
29
29
29
29
49
49
49
49
49
49
48
23
42
23
42
2
2
17
23
23
23
40
40
37
37
42
42
42
42
38
38
40
40
6
8
15
15
41
42
42
15
42
40
40
40
40
15
15
12
32
32
31
31
31
32
32
32
31
34
34
34
36
36
36
36
32
34
34
34
34
27
27
27
27
34
34
34
34
34
34
34
34
40
40
40
40
42
42
42
40
7
42
42
28
28
28
40
19
19
18
20
19
18
42
42
40
40
40
40
42
40
42
42
34
34
46
46
34
34
34
34
34
34
46
46
46
46
46
46
46
46
30
46
30
30
30
30
30
30
30
30
28
28
41
42
40
40
40
40
42
42
42
40
28
30
30
30
30
30
30
30
28
28
28
28
27
28
28
46
19
19
19
22
22
22
22
22
22
22
7
22
22
19
22
19
19
22
22
28
28
10
10
25
10
10
25
41
26
47
25
7
41
41
41
41
41
41
41
41
41
41
48
48
11
11
48
16
8
8
8
8
8
11
11
11
46
39
39
39
39
13
26
16
13
31
31
31
31
31
31
3
3
3
3
3
3
48
48
3
3
3
42
48
41
41
41
42
42
27
21
21
21
21
21
21
21
21
19
21
27
41
41
40
47
43
43
43
43
43
27
26
41
41
41
41
41
41
7
7
7
7
10
7
10
10
10
10
28
45
6
26
20
16
16
7
7
16
16
16
16
6
6
28
28
28
20
48
48
46
46
46
46
46
46
30
46
13
8
20
43
43
49
43
43
49
49
13
13
45
47
47
48
48
48
48
48
48
43
43
43
43
43
43
48
48
44
44
47
47
47
3
3
1
1
1
1
1
1
2
1
47
47
47
47
47
39
48
48
48
48
46
46
46
46
45
47
47
48
46
46
47
48
48
48
48
12
12
40
40
40
42
42
42
41
41
26
1
1
1
3
2
2
1
1
32
32
3
3
14
14
14
14
12
12
11
11
11
11
9
9
9
9
31
12
12
12
12
30
12
12
10
10
7
10
7
7
7
10
10
45
45
45
45
44
44
44
44
43
43
43
43
44
20
44
38
38
12
32
32
31
32
31
31
31
31
31
9
9
9
9
11
11
11
11
44
43
43
43
43
19
19
36
19
36
22
36
21
9
9
9
9
11
11
11
11
26
26
29
29
29
29
29
29
29
29
22
19
19
19
22
22
22
22
22
22
29
29
28
29
29
34
29
29
28
28
15
15
12
15
15
15
15
15
32
32
32
32
32
32
32
32
39
39
47
47
47
47
39
39
47
47
44
44
44
44
44
44
44
44
40
40
28
44
38
43
43
49
44
44
44
44
44
44
44
44
11
11
7
11
7
7
7
7
11
11
18
18
18
18
18
16
16
16
16
16
16
16
16
6
6
23
23
23
22
23
23
6
23
6
37
37
23
39
37
37
37
3
37
37
37
37
37
37
39
8
8
8
8
8
8
11
11
8
11
11
11
41
42
25
26
26
27
27
27
27
27
40
40
45
45
45
45
45
45
45
45
36
33
33
33
33
33
33
18
18
18
11
11
11
11
9
9
9
9
44
44
43
43
44
44
44
44
39
39
38
44
49
49
49
49
49
43
49
30
39
29
30
30
30
47
47
47
20
39
39
20
20
20
20
20
11
11
11
11
1
1
1
8
2
2
6
26
27
26
26
45
37
37
39
39
