2454 4790 001
365 4 1065 3 8 6 2 5 
364 4 1064 5 1 5 3 6 
1063 8 367 4 2 6 4 8 
366 9 9 7 1062 12 3 8 
361 8 6 8 158 9 1061 9 
5 8 7 5 360 3 1060 4 
8 7 1059 8 6 5 363 5 
7 7 1 6 1058 7 362 6 
1057 5 369 10 4 7 10 5 
1056 5 9 5 1562 7 368 6 
725 5 12 3 2433 4 
1055 5 13 4 11 3 2440 6 
12 4 2439 4 604 7 770 6 
17 3 2442 6 15 4 961 6 
2309 9 960 10 14 4 2441 4 
651 6 17 4 19 5 2450 7 
2449 5 16 4 14 3 648 4 
19 4 971 6 21 4 2448 4 
18 4 16 5 970 4 2447 4 
21 4 2446 6 23 5 133 6 
20 4 18 4 964 6 2445 5 
190 10 2444 9 44 10 23 11 
639 5 22 11 20 5 2443 9 
245 6 25 6 527 6 209 10 
24 6 244 6 208 5 30 3 
205 6 33 4 239 7 27 7 
204 8 28 7 26 7 238 7 
29 7 207 5 237 6 27 7 
28 7 206 7 2345 6 236 6 
243 6 31 5 201 5 25 3 
200 7 30 5 242 6 32 7 
241 7 203 6 33 5 31 7 
240 6 26 4 202 4 32 5 
35 4 357 9 210 5 
34 4 356 5 36 5 
359 6 37 6 35 5 
36 6 358 7 38 9 
353 12 39 7 37 9 
352 5 38 7 40 2 
355 5 41 7 39 2 
40 7 42 9 354 9 1098 6 
43 7 41 9 349 5 1104 6 
42 7 537 8 1103 6 348 4 
830 6 639 4 22 10 982 8 
882 8 1882 7 46 3 157 3 
47 4 1881 6 156 5 45 3 
46 4 155 6 1501 6 1884 4 
1845 4 397 4 1157 4 939 5 
153 7 880 9 1886 6 683 9 
881 9 1654 7 879 13 1897 10 
882 9 1888 7 880 6 151 5 
1762 6 742 6 881 6 1895 6 
590 4 417 5 54 8 1547 6 
1548 8 55 8 53 8 416 8 
56 9 1551 9 411 7 54 8 
1552 12 55 9 57 9 410 10 
58 4 56 9 1549 7 409 6 
408 6 57 4 59 5 1550 2 
415 7 58 5 1555 10 60 7 
61 6 414 6 1556 5 59 7 
60 6 1553 8 413 6 62 7 
2425 6 257 8 1554 6 61 7 
1926 6 71 8 64 7 1892 4 
1925 9 80 6 1891 6 63 7 
1665 5 66 3 
1664 8 248 4 65 3 
322 5 1336 4 1472 6 
1924 8 71 10 1894 9 886 8 
2369 7 585 6 447 5 70 7 
78 5 446 5 1128 7 69 7 
1923 11 63 8 68 10 1893 6 
455 3 75 4 593 7 73 5 
454 6 249 7 72 5 592 8 
453 8 75 9 595 9 77 10 
452 5 74 9 72 4 594 9 
451 8 79 10 77 9 597 6 
596 8 450 8 76 9 74 10 
70 5 79 7 449 2 1164 5 
78 7 448 9 76 10 1163 10 
81 4 64 6 1898 5 1920 3 
1897 7 80 4 295 9 1919 5 
1152 5 1847 6 83 6 89 5 
1151 8 1846 7 2380 5 82 6 
87 4 85 5 1845 4 1463 3 
1844 4 1145 8 90 5 84 5 
1843 5 2028 6 87 5 1148 4 
84 4 1842 5 1147 9 86 5 
1841 8 1142 6 91 6 89 7 
1141 6 88 7 82 5 1840 4 
85 5 1144 5 1839 6 91 3 
1838 7 88 6 1143 5 90 3 
2205 6 93 7 757 6 99 5 
92 7 756 11 94 6 2204 8 
759 4 95 6 2203 9 93 6 
101 7 2202 8 94 6 758 7 
97 6 753 10 2209 7 2391 11 
98 3 752 4 96 6 2208 5 
2207 5 97 3 755 4 99 3 
754 6 98 3 2206 4 92 5 
1464 8 1262 7 1300 6 1298 9 
95 7 761 4 102 5 2201 6 
760 6 1033 3 101 5 2200 3 
110 10 2259 10 557 8 104 12 
105 10 556 9 2258 8 103 12 
104 10 559 9 2257 5 106 8 
558 8 2256 7 276 7 105 8 
2263 11 108 13 561 11 112 10 
109 7 560 8 107 13 2262 7 
108 7 2261 4 110 5 563 4 
103 10 562 5 109 5 2260 5 
112 5 555 9 2249 7 2399 6 
554 5 111 5 1196 4 107 10 
1399 8 1294 3 114 7 1307 5 
1306 6 1398 6 1024 6 113 7 
116 10 867 7 702 7 2453 6 
2452 10 115 10 117 8 866 7 
865 6 2454 5 116 8 
1602 5 1296 5 1159 8 420 8 
289 9 1295 6 1293 8 1396 8 
148 10 121 9 725 8 
122 6 147 8 1055 8 120 9 
770 5 121 6 146 6 631 5 
126 6 465 6 124 5 1499 2 
464 6 1496 5 123 5 129 6 
1053 5 126 5 463 4 1502 4 
123 6 125 5 462 5 1500 9 
2421 4 130 4 128 4 461 9 
2364 7 131 4 460 3 127 4 
553 7 130 4 459 5 124 6 
458 3 127 4 129 4 535 4 
132 7 2307 5 128 4 457 6 
131 7 2306 10 2078 6 456 8 
984 7 964 8 639 6 20 6 
135 6 141 6 2031 5 2307 6 
134 6 2030 6 312 5 2306 8 
1970 6 137 3 2309 9 2441 4 
136 3 1969 1 2308 4 
2037 8 553 9 139 5 145 8 
138 5 2036 1 140 3 535 3 
141 5 139 3 2421 4 2039 4 
2364 8 140 5 134 6 2038 9 
143 11 958 9 1502 9 2033 11 
1500 10 142 11 144 12 2032 9 
2035 10 143 12 145 10 1499 7 
144 10 1496 5 2034 7 138 8 
1963 9 122 6 948 6 147 8 
947 6 121 8 146 8 148 9 
949 7 147 9 120 10 
1714 6 295 8 1895 5 1921 4 
157 4 151 5 882 9 171 5 
150 5 170 5 51 5 152 7 
153 6 880 8 173 10 151 7 
49 7 172 2 152 6 422 6 
155 8 159 5 1501 8 175 9 
174 6 47 6 156 7 154 8 
157 5 46 5 155 7 177 7 
156 5 150 4 176 5 45 3 
159 3 5 9 179 6 872 9 
158 3 178 3 154 5 871 2 
211 5 1890 5 161 4 163 3 
357 8 160 4 210 4 1889 5 
1884 4 165 7 213 4 163 3 
1883 3 212 5 160 3 162 3 
215 4 165 5 1882 6 167 1 
1881 9 214 9 162 7 164 5 
167 5 217 9 169 7 1888 9 
1887 7 166 5 216 7 164 1 
169 5 771 7 1886 3 219 8 
1885 9 168 5 166 7 218 8 
171 5 173 8 1933 5 151 5 
170 5 150 5 176 6 1932 7 
1760 7 1931 5 153 2 173 6 
170 8 172 6 152 10 1930 9 
155 6 175 7 1937 6 177 6 
1936 6 178 7 174 7 154 9 
157 5 1935 6 177 7 171 6 
1934 6 156 7 176 7 174 6 
1928 11 159 3 179 6 175 7 
361 5 178 6 158 6 1927 7 
183 6 2257 4 181 7 508 8 
371 7 2256 7 180 7 507 6 
183 4 506 2 185 5 2259 5 
182 4 180 6 2258 5 505 3 
504 3 185 6 2261 5 187 4 
182 5 184 6 503 8 2260 5 
2263 7 187 5 502 7 189 7 
186 5 2262 3 501 3 184 4 
189 7 2249 8 510 6 791 7 
1196 5 509 5 188 7 186 7 
22 10 489 4 191 7 830 6 
829 10 190 7 488 6 196 8 
483 5 193 8 836 5 199 10 
192 8 835 8 194 5 482 7 
838 5 481 9 195 5 193 5 
480 9 837 8 194 5 2211 9 
197 7 487 9 832 5 191 8 
196 7 831 7 486 6 198 6 
485 5 199 9 197 6 834 7 
198 9 833 8 484 10 192 10 
1817 4 201 7 31 7 203 6 
200 7 208 7 2357 5 30 5 
2356 4 203 5 33 4 205 6 
2355 4 200 6 202 5 32 6 
205 7 207 6 27 8 2354 5 
204 7 26 6 2353 11 202 6 
1815 11 29 7 1019 6 207 5 
28 5 204 6 2351 4 206 5 
2360 6 201 7 25 5 209 9 
2359 10 626 10 24 10 208 9 
211 5 34 5 161 4 
160 5 210 5 212 7 
213 6 163 5 211 7 
212 6 214 6 162 4 
165 9 215 8 213 6 
164 4 214 8 216 10 932 6 
931 10 217 11 167 7 215 10 
216 11 930 6 218 10 166 9 
217 10 219 11 929 8 169 8 
2138 10 218 11 928 6 168 8 
221 3 227 5 595 4 908 8 
220 3 907 5 222 3 594 8 
223 1 910 2 593 7 221 3 
222 1 592 4 909 3 277 4 
231 6 912 7 225 7 1164 7 
1163 8 911 10 226 10 224 7 
597 8 914 9 227 11 225 10 
913 8 596 8 220 5 226 11 
1663 7 229 7 1861 8 1312 4 
228 7 1860 10 1662 7 234 6 
231 5 585 5 813 6 906 7 
224 6 230 5 905 3 1128 6 
233 5 235 6 1660 4 1857 8 
1304 10 232 5 1856 5 1659 5 
235 5 1859 5 1658 5 229 6 
1858 7 232 6 234 5 1657 5 
463 5 1009 4 29 6 237 5 
462 4 28 6 238 6 236 5 
465 7 237 6 239 7 27 7 
464 7 240 9 238 7 26 7 
33 6 239 9 241 8 459 7 
458 5 240 8 32 7 242 6 
461 9 241 6 31 6 243 7 
460 6 30 6 244 9 242 7 
25 6 245 6 457 8 243 9 
24 6 244 6 405 3 456 5 
1452 7 247 7 433 7 
1451 6 246 7 
1454 6 66 4 
73 7 1628 6 250 4 2335 10 
2334 5 249 4 253 5 1627 3 
1626 6 1578 7 254 8 252 8 
255 10 1577 5 1625 10 251 8 
1624 10 1580 10 254 7 250 5 
1579 6 251 8 1623 6 253 7 
1620 10 252 10 1582 10 256 7 
1619 5 255 7 
62 8 659 9 258 6 1600 12 
1599 5 660 3 259 5 257 6 
258 5 673 6 1592 6 260 6 
1591 5 674 4 261 7 259 6 
262 6 1594 8 260 7 671 7 
1593 4 263 7 261 6 672 3 
669 8 262 7 264 9 1596 8 
265 6 263 9 670 5 1595 7 
264 6 266 6 1598 3 667 7 
265 6 668 7 1597 5 
268 4 456 5 405 3 2078 3 
267 4 2077 5 269 5 404 6 
2076 4 268 5 270 7 407 8 
2075 8 269 7 406 13 271 6 
272 4 2082 4 270 6 401 5 
400 6 271 4 273 4 2081 5 
403 3 272 4 274 7 2080 7 
275 10 2079 7 273 7 402 9 
276 8 274 10 399 7 1363 7 
1358 6 275 8 106 7 398 8 
278 8 325 6 223 4 1628 7 
1627 6 277 8 324 9 285 7 
741 4 1803 5 280 6 650 4 
740 7 279 6 649 7 
282 6 1620 6 329 8 288 3 
328 6 1619 8 281 6 283 8 
284 8 282 8 327 8 1622 6 
326 7 283 8 1621 7 
286 5 278 7 333 6 1624 9 
1623 5 285 5 287 6 332 3 
331 6 286 6 288 4 1626 5 
281 3 1625 7 330 5 287 4 
119 9 1309 9 627 8 1167 6 
1169 5 1307 6 1294 4 627 6 
387 7 2330 5 1989 3 2328 5 
294 6 323 7 
1525 9 321 6 294 5 
292 6 320 5 293 5 
149 8 1896 9 81 9 1922 11 
299 6 2431 9 297 6 1649 8 
687 6 2432 7 1648 8 296 6 
2427 8 299 7 301 5 1642 9 
2428 5 296 6 298 7 1641 6 
2429 4 301 4 302 6 1644 8 
2430 3 298 5 1643 3 300 4 
1645 6 300 6 2426 8 
812 8 1929 6 391 7 310 7 
317 8 1818 7 951 8 370 11 
814 9 1929 9 389 14 306 10 
906 7 813 6 388 9 305 10 
816 8 1968 10 395 11 308 9 
815 5 394 4 309 4 307 9 
2221 4 818 5 310 4 308 4 
309 4 303 7 817 7 2220 5 
314 3 312 5 379 8 1825 4 
135 5 378 7 311 5 1824 3 
2211 8 480 8 810 9 1968 7 
376 4 311 3 1054 6 1826 3 
318 4 1821 4 375 3 316 1 
1820 5 374 4 1054 6 315 1 
304 8 1823 6 318 6 373 7 
315 4 317 6 1822 8 372 10 
1474 6 1350 8 1336 6 
321 6 294 5 1477 5 323 6 
1284 7 1476 5 320 6 293 6 
67 5 323 6 1479 3 
1478 6 322 6 292 7 320 6 
325 7 1676 9 333 8 278 9 
324 7 909 5 277 6 1675 6 
327 7 284 7 1668 5 
326 7 1667 7 283 8 328 6 
282 6 329 8 327 6 1670 3 
330 10 328 8 1669 12 281 8 
329 10 331 7 1672 10 288 5 
1671 4 287 6 332 3 330 7 
333 4 331 3 1674 1 286 3 
332 4 324 8 1673 5 285 6 
449 4 343 4 686 7 335 5 
336 3 448 5 685 6 334 5 
335 3 451 5 2213 5 337 3 
338 2 2179 7 450 5 336 3 
690 1 337 2 453 3 339 9 
340 11 452 10 689 11 338 9 
688 10 339 11 455 5 341 5 
340 5 454 4 1648 7 687 5 
343 5 1435 7 447 6 941 6 
334 4 342 5 1434 4 446 2 
953 7 345 6 1093 7 2289 9 
1092 5 346 3 344 6 2288 3 
347 4 345 3 1091 2 2291 5 
346 4 2121 4 1090 9 2290 5 
349 2 43 4 1244 4 1755 4 
348 2 354 5 1754 6 42 5 
2122 4 2287 4 1095 4 351 5 
1094 11 1523 7 2286 7 350 5 
39 5 353 10 1749 6 355 8 
38 12 358 10 352 10 1748 9 
349 5 1747 5 355 7 41 9 
40 5 1746 9 354 7 352 8 
35 5 357 10 359 6 1753 7 
1752 10 34 9 356 10 161 8 
359 7 353 10 1751 6 37 7 
358 7 36 6 1750 4 356 6 
363 3 361 3 6 3 1769 4 
1768 5 5 8 179 5 360 3 
365 4 1767 4 363 4 8 6 
360 3 7 5 362 4 1766 4 
1773 6 2 4 365 3 367 2 
1 4 362 4 1772 5 364 3 
4 9 1771 5 367 5 369 12 
1770 4 366 5 3 4 364 2 
2274 10 369 11 1765 5 10 6 
1764 10 9 10 366 12 368 11 
373 10 371 9 1363 8 304 11 
951 6 1358 6 181 7 370 9 
373 11 2080 12 318 10 375 9 
370 10 2079 6 372 11 317 7 
2082 6 375 6 316 4 377 5 
315 3 374 6 2081 5 372 9 
379 9 314 4 377 5 2076 5 
2075 5 1054 7 376 5 374 5 
2078 6 2306 10 312 7 379 10 
376 9 311 8 378 10 2077 8 
563 3 381 4 383 2 1614 3 
2323 5 386 6 380 4 562 5 
383 2 561 4 393 7 1616 4 
382 2 560 4 2325 3 380 2 
385 8 2328 6 387 8 559 8 
384 8 558 9 2327 7 534 6 
2330 5 387 7 381 6 557 4 
291 7 386 7 556 8 384 8 
575 9 306 9 389 13 523 13 
390 10 574 10 388 13 305 14 
389 10 577 8 391 6 1929 5 
390 6 2220 5 303 7 576 6 
1952 7 555 10 393 10 2322 7 
2321 7 392 10 382 7 554 9 
581 5 2221 4 308 4 395 6 
580 8 2210 8 307 11 394 6 
1843 4 1435 4 941 3 1157 4 
48 4 1844 3 940 4 418 6 
276 8 399 7 558 9 534 6 
275 7 398 7 402 6 533 9 
272 6 403 5 532 5 401 7 
531 9 406 12 400 7 271 5 
530 7 403 5 274 9 399 6 
273 3 529 10 400 5 402 5 
407 9 405 5 528 8 268 6 
267 3 404 5 527 3 245 3 
407 14 270 13 401 12 526 9 
404 9 406 14 269 8 525 7 
58 6 409 8 512 8 415 8 
410 7 408 8 57 6 511 6 
411 8 409 7 514 9 56 10 
410 8 513 5 55 7 416 7 
1838 9 938 5 435 5 418 7 
515 5 414 6 61 6 2425 5 
518 7 60 6 413 6 415 6 
59 7 517 3 414 6 408 8 
417 5 411 7 54 8 524 7 
416 5 53 5 523 8 575 4 
1839 8 412 7 397 6 937 7 
422 8 1761 8 2117 6 684 9 
421 8 118 8 982 10 830 8 
420 8 1296 5 429 6 829 9 
1760 11 419 8 683 8 153 6 
424 7 838 10 426 7 1287 10 
423 7 1288 3 837 5 599 3 
1285 2 428 7 836 3 426 3 
1286 4 423 7 835 5 425 3 
834 8 430 5 428 9 1291 9 
833 7 425 7 1292 10 427 9 
1289 6 832 4 430 4 421 6 
429 4 831 5 427 5 1290 4 
435 5 1840 5 936 4 870 6 
1347 5 434 5 
434 6 1349 4 246 7 
433 6 1348 7 432 5 
431 5 935 5 412 5 1841 5 
784 7 437 5 443 4 475 5 
783 5 1651 6 474 6 436 5 
441 3 774 3 439 6 473 5 
773 8 444 8 472 6 438 6 
776 7 441 5 471 7 1680 5 
775 6 440 5 438 3 470 3 
443 4 469 8 445 8 778 6 
442 4 468 5 436 4 777 4 
439 8 445 9 780 8 467 7 
444 9 442 8 779 8 466 10 
447 3 70 5 449 2 343 2 
446 3 2390 6 69 5 342 6 
335 5 79 9 449 4 451 7 
334 4 446 2 78 2 448 4 
337 5 453 6 451 7 77 8 
76 8 336 5 450 7 448 7 
455 4 75 5 453 4 339 10 
338 3 452 4 450 6 74 8 
73 6 2335 9 455 4 341 4 
452 4 454 4 340 5 72 3 
267 5 457 7 132 8 245 5 
456 7 131 6 244 8 460 5 
130 3 459 4 461 8 241 5 
458 4 129 5 464 5 240 7 
243 6 461 8 128 3 457 5 
242 9 458 8 460 8 127 9 
237 4 126 5 463 4 465 5 
2319 6 125 4 236 5 462 4 
239 7 124 6 465 7 459 5 
123 6 238 7 464 7 462 5 
469 10 445 10 467 8 1332 6 
472 5 1333 6 466 8 444 7 
443 5 469 9 1334 6 475 6 
1335 6 442 8 466 10 468 9 
471 5 473 5 441 3 1328 4 
1329 5 470 5 2070 4 440 7 
467 5 473 5 439 6 1330 4 
470 5 472 5 1331 5 438 5 
1326 5 437 6 657 7 475 6 
1327 4 436 5 468 6 474 6 
479 10 1443 6 477 11 1711 6 
1442 8 1710 7 692 11 476 11 
1441 5 479 9 1713 4 
476 10 478 9 1712 10 1440 6 
550 6 195 9 313 8 481 13 
549 12 194 9 480 13 482 11 
552 5 481 11 193 7 483 4 
192 5 551 5 482 4 484 5 
199 10 485 6 546 4 483 5 
545 5 486 5 198 5 484 6 
485 5 197 6 487 8 548 6 
488 7 196 9 547 9 486 8 
487 7 191 6 489 3 544 4 
190 4 543 4 488 3 2444 3 
497 7 491 6 1247 6 2245 9 
2244 8 492 7 490 6 1246 5 
493 8 2247 8 1245 10 491 7 
492 8 1755 7 2246 7 1244 7 
2241 5 495 5 
494 5 496 6 2240 6 1243 6 
497 7 495 6 1242 5 2243 7 
490 7 496 7 2242 5 1241 5 
2086 5 499 5 917 7 950 5 
498 5 2085 5 916 5 500 6 
2088 10 915 8 499 6 
502 5 1683 5 504 2 187 3 
1682 5 501 5 186 7 509 5 
1685 7 504 5 506 5 185 8 
184 3 503 5 1684 6 501 2 
506 1 1687 3 508 5 183 3 
182 2 505 1 1686 5 503 5 
951 5 1689 5 508 7 181 6 
180 8 505 5 1688 8 507 7 
189 5 1681 4 510 4 502 5 
1680 4 188 6 509 4 776 6 
914 6 514 8 409 6 512 6 
913 6 408 8 517 3 511 6 
411 5 524 5 514 6 912 5 
513 6 410 9 511 8 911 11 
413 5 516 4 910 4 518 6 
909 4 515 4 1675 5 2425 4 
415 3 908 8 518 4 512 3 
414 7 907 6 517 4 515 6 
946 5 520 6 1640 8 
1637 6 945 6 519 6 521 8 
944 11 520 8 1666 10 522 7 
790 9 1652 7 521 7 943 5 
906 11 417 8 524 10 388 13 
513 5 905 4 523 10 416 7 
526 2 528 6 2136 7 407 7 
525 2 531 6 406 9 2135 3 
528 6 24 6 626 6 405 3 
525 6 527 6 624 6 404 8 
532 10 403 10 530 12 2132 10 
533 10 402 7 2131 7 529 12 
532 7 401 9 526 6 2134 12 
2133 3 529 10 531 7 400 5 
534 8 608 8 530 10 399 9 
533 8 868 2 398 6 385 6 
2421 4 130 4 553 7 139 3 
1245 9 1211 8 539 6 537 8 
1210 7 43 8 1244 8 536 8 
1247 6 541 4 1209 6 539 6 
1246 5 536 6 538 6 1208 5 
542 4 541 2 1214 4 1242 3 
1241 2 538 4 540 2 1213 2 
1212 10 540 4 1243 6 
2155 6 489 4 981 8 544 5 
547 6 543 5 980 4 488 4 
485 5 546 3 548 6 979 6 
545 3 978 4 551 4 484 4 
977 4 487 9 544 6 548 7 
976 6 545 6 547 7 486 6 
550 5 552 6 481 12 975 9 
480 6 810 7 549 5 974 6 
973 10 552 6 483 5 546 4 
549 6 972 7 482 5 551 6 
129 7 138 9 1496 6 535 7 
112 5 561 6 555 9 393 9 
392 10 1788 12 111 9 554 9 
557 5 559 8 104 9 387 8 
556 5 103 8 386 4 562 3 
106 8 559 9 385 9 398 9 
558 9 556 8 105 9 384 8 
108 8 383 4 563 5 561 6 
382 4 554 6 107 11 560 6 
563 4 110 5 557 3 381 5 
562 4 560 5 380 3 109 4 
1612 7 573 3 1269 5 565 4 
566 4 564 4 1268 3 1611 11 
565 4 567 6 1868 3 1267 3 
568 9 566 6 1266 6 1867 4 
567 9 1273 10 569 7 1870 11 
568 7 1869 2 1272 6 570 2 
571 2 1872 5 569 2 1271 1 
1270 3 1871 4 570 2 1171 5 
573 3 1647 4 1265 3 823 7 
572 3 1264 4 564 3 1646 5 
575 6 389 10 591 5 577 8 
388 9 574 6 590 3 417 4 
589 8 579 7 577 8 391 6 
390 8 576 8 574 8 588 10 
2221 5 587 5 581 6 579 6 
576 7 578 6 586 6 2220 6 
395 8 1129 8 583 5 581 7 
394 5 584 6 578 6 580 7 
583 6 837 8 599 6 2211 9 
598 4 582 6 580 5 2210 5 
1416 5 587 5 581 6 1129 7 
1128 6 230 5 69 6 844 6 
589 7 1414 5 587 5 579 6 
584 5 1415 4 578 5 586 5 
589 10 1412 10 591 7 577 10 
576 8 588 10 586 7 1413 5 
53 4 1410 2 591 2 575 3 
1411 5 590 2 574 5 588 7 
1628 7 223 4 593 10 73 8 
594 12 592 10 222 7 72 7 
595 9 593 12 75 9 221 8 
594 9 74 9 220 4 596 7 
77 8 227 8 595 7 597 5 
226 8 1163 6 596 5 76 6 
583 4 599 4 1418 7 1129 7 
598 4 1419 10 582 6 424 3 
1192 5 1912 6 1900 7 607 6 
2013 5 1717 4 1087 10 1150 6 
1910 3 1902 3 1192 4 603 2 
1901 3 602 2 1909 3 609 5 
1916 7 605 10 13 7 1799 8 
1798 9 1915 7 604 10 606 8 
1906 6 1914 4 607 7 605 8 
600 6 606 7 1905 7 1913 6 
2198 3 533 8 2131 5 868 2 
610 9 1908 5 1778 6 603 5 
1777 10 609 9 1907 6 1178 8 
1910 8 612 8 614 9 708 7 
620 5 707 4 611 8 1909 4 
616 4 614 4 706 6 1912 5 
1911 9 705 8 613 4 611 9 
704 6 618 4 616 6 1914 4 
613 4 1913 5 703 5 615 6 
1916 5 618 4 702 5 2453 4 
1915 3 701 3 617 4 615 4 
1723 7 2396 11 796 8 1721 5 
1908 4 612 5 1197 8 710 4 
1534 4 1698 3 1720 6 1151 5 
1144 7 625 8 1731 8 1695 7 
2310 6 1050 6 1524 7 1036 8 
2136 7 626 6 528 6 2195 5 
1143 8 1726 8 622 8 1694 10 
2194 6 624 6 209 10 527 6 
289 8 1293 7 290 6 1168 6 
1731 5 1693 4 1463 2 1729 3 
632 8 1906 8 630 10 1961 7 
1960 10 1905 8 635 6 629 10 
1963 8 632 7 122 5 1799 7 
1962 6 629 8 1798 7 631 7 
634 11 1965 7 636 6 1902 7 
637 11 1901 8 633 11 1964 10 
636 2 630 6 1967 2 1900 6 
635 2 1899 4 1966 5 633 6 
634 11 1959 8 1778 7 638 7 
1250 3 1958 8 1777 7 637 7 
983 4 133 6 44 4 23 5 
1807 9 647 10 664 12 641 10 
1806 6 663 5 642 8 640 10 
1805 9 643 7 666 6 641 8 
903 10 665 7 642 7 1804 4 
1421 4 650 6 645 9 1803 7 
1420 7 646 9 644 9 1802 9 
662 5 645 9 1801 7 647 7 
1800 7 661 5 640 10 646 7 
989 5 961 7 651 6 17 4 
1433 4 650 5 280 7 
644 6 279 4 1432 6 649 5 
988 7 16 6 648 6 970 5 
1041 5 965 5 654 6 2273 5 
967 3 1039 4 965 7 2267 6 
1040 8 968 10 652 6 2272 9 
658 3 656 4 1655 3 1440 2 
655 4 1653 5 1441 4 
1442 5 658 5 1651 7 474 7 
657 5 655 3 1443 3 1650 2 
257 9 1554 7 1983 6 660 6 
258 3 1982 6 673 4 659 6 
647 5 2235 4 664 7 662 3 
2234 6 646 5 1420 3 661 3 
664 7 2233 5 641 5 666 3 
2232 7 663 7 661 7 640 12 
666 6 643 7 2231 5 1077 7 
665 6 2230 4 663 3 642 6 
670 6 668 8 265 7 1975 12 
266 7 667 8 1974 5 
263 8 1977 7 670 4 672 4 
669 4 667 6 264 5 1976 6 
674 4 672 4 1979 5 261 7 
671 4 669 4 1978 7 262 3 
660 4 259 6 674 4 1981 10 
671 4 260 4 673 4 1980 4 
678 5 2090 7 2115 4 676 5 
2089 4 2114 6 2010 5 675 5 
680 5 678 6 2113 7 2092 5 
677 6 2091 5 2112 6 675 5 
680 5 2094 6 682 7 2119 9 
679 5 677 5 2093 5 2118 4 
2117 9 2096 9 684 12 682 10 
2095 8 2116 6 679 7 681 10 
684 9 422 8 2098 5 49 9 
2097 9 681 12 683 9 419 9 
2213 8 335 6 1708 8 686 8 
334 7 1709 8 685 8 1434 7 
1702 6 297 6 688 10 341 5 
340 10 687 10 1703 10 689 10 
1704 4 690 3 339 11 688 10 
338 1 2179 6 689 3 1705 5 
1327 6 692 9 694 6 1504 6 
1503 8 477 11 691 9 1326 6 
1335 4 694 5 1511 7 696 9 
693 5 1510 4 1334 4 691 6 
1513 4 696 7 1333 4 698 4 
695 7 1332 7 1512 8 693 9 
1331 3 700 3 698 4 1507 2 
1330 5 1506 6 697 4 695 4 
883 3 1329 3 700 3 1450 4 
1328 4 699 3 697 3 1508 4 
618 3 1993 2 704 5 702 4 
1992 4 115 7 701 4 617 5 
706 7 1995 6 704 5 616 5 
1994 7 615 6 703 5 701 5 
614 8 708 6 1997 7 706 10 
703 7 1996 7 613 6 705 10 
612 4 1999 3 710 3 708 3 
707 3 705 6 611 7 1998 6 
1985 10 1203 12 1197 12 710 8 
707 3 709 8 1984 5 620 4 
712 10 1346 9 1261 13 714 11 
711 10 1260 2 
714 6 1352 7 969 5 1263 8 
713 6 1351 7 1262 6 711 11 
2003 8 718 13 2303 10 716 11 
2002 7 2302 5 721 9 715 11 
2005 4 2301 5 718 9 1166 5 
715 13 2300 10 2004 9 717 9 
720 2 2007 3 2299 2 722 4 
2298 8 719 2 723 5 2006 4 
722 8 2009 8 716 9 2297 7 
721 8 2008 5 2296 6 719 4 
2001 8 724 8 720 5 2305 7 
2163 6 2000 7 723 8 2304 8 
11 5 1055 7 120 8 
1150 8 2013 7 2005 5 727 12 
2012 10 728 12 2004 11 726 12 
2015 7 727 12 729 5 2003 5 
2002 4 2014 6 730 4 728 5 
2009 6 2017 9 729 4 731 8 
2008 7 732 8 2016 6 730 8 
733 7 2019 5 731 8 2007 5 
2006 7 2018 8 732 7 734 10 
733 10 735 8 2011 9 2001 10 
2114 6 2000 5 734 8 2010 5 
737 6 2019 5 739 3 876 7 
736 6 875 6 2018 7 1677 8 
1656 4 878 1 2017 7 739 1 
2016 1 736 3 738 1 877 4 
280 7 741 5 928 3 2138 7 
2137 8 279 4 740 5 746 5 
1087 12 2013 7 52 6 743 7 
2012 5 1654 5 881 7 742 7 
745 6 1801 7 2126 5 747 9 
1800 6 744 6 750 5 2125 5 
1803 6 747 8 2124 3 741 5 
2123 9 746 8 1802 9 744 9 
749 6 1805 8 2130 4 751 7 
748 6 2129 4 885 6 1804 4 
1807 5 751 6 745 5 2128 6 
750 6 2127 7 748 7 1806 6 
755 5 753 8 97 4 1112 4 
752 8 934 6 1111 8 96 10 
99 6 755 7 757 7 1110 9 
1109 6 752 5 98 4 754 7 
1108 12 759 9 757 10 93 11 
1107 6 754 7 756 10 92 6 
761 4 759 5 1106 6 95 7 
94 4 756 9 758 5 1105 2 
102 6 1233 9 761 5 1114 6 
758 4 1113 3 101 4 760 5 
2124 4 2096 6 772 5 763 6 
764 5 2123 6 2095 7 762 6 
2094 5 763 5 765 3 2126 4 
2125 3 766 2 764 3 2093 4 
765 2 2092 3 2128 5 767 2 
2091 3 2127 4 768 2 766 2 
2090 6 767 2 2130 2 769 6 
2129 6 873 7 2089 6 768 6 
122 5 1055 7 1799 7 13 6 
2098 6 2138 9 772 6 168 7 
771 6 2097 5 762 5 2137 7 
774 5 439 8 794 7 780 8 
773 5 775 6 793 3 438 3 
776 8 441 6 774 6 792 5 
775 8 440 7 791 7 510 6 
798 8 778 6 784 7 443 4 
777 6 779 6 442 6 797 7 
778 6 445 8 780 7 796 7 
779 7 444 8 795 6 773 8 
2113 8 788 9 782 5 2166 6 
2112 4 781 5 1774 4 2165 3 
437 5 784 7 943 5 790 9 
436 7 783 7 777 7 789 11 
786 6 2117 6 1761 8 2162 8 
787 6 785 6 2161 4 2116 5 
2119 9 786 6 2160 9 788 8 
2159 8 781 9 2118 7 787 8 
798 12 790 13 1725 8 784 11 
522 9 789 13 1724 8 783 9 
792 4 776 7 188 7 1715 7 
793 2 791 4 775 5 1716 2 
1719 2 792 2 774 3 794 5 
1718 8 795 5 793 5 773 7 
796 6 794 5 1721 3 780 6 
795 6 797 8 619 8 779 7 
796 8 1723 7 798 9 778 7 
777 8 789 12 797 9 1722 7 
858 10 800 7 1957 9 952 9 
857 3 799 7 1956 4 803 6 
802 5 856 7 804 8 1949 6 
855 7 1948 4 807 6 801 5 
1951 7 854 10 804 11 800 6 
853 10 1950 11 803 11 801 8 
806 7 2084 7 1953 5 808 4 
2083 7 805 7 1952 9 2322 9 
808 6 802 6 1955 8 850 7 
807 6 849 6 1954 5 805 4 
816 7 1968 9 810 11 848 8 
550 7 313 9 809 11 847 6 
1929 5 814 5 846 7 812 7 
817 8 303 8 811 7 845 5 
306 6 844 7 230 6 814 5 
843 4 305 9 811 5 813 5 
818 6 842 6 816 4 308 5 
809 7 307 8 815 4 841 7 
812 8 840 11 818 8 310 7 
815 6 309 5 839 6 817 8 
1136 10 1739 8 826 13 820 8 
1135 5 821 3 1738 5 819 8 
1134 4 820 3 822 4 1741 4 
827 7 821 4 1133 3 1740 3 
1140 10 824 6 572 7 1735 9 
825 5 1734 5 823 6 1139 4 
824 5 826 10 1138 5 1737 5 
1736 9 1137 10 825 10 819 13 
1449 7 1733 8 822 7 828 8 
1732 6 827 8 1572 7 1448 9 
191 10 832 7 830 9 421 9 
44 6 829 9 190 6 420 8 
197 7 832 5 430 5 834 8 
829 7 831 5 196 5 429 4 
428 7 836 3 199 8 834 6 
831 8 427 8 198 7 833 6 
836 5 193 8 426 5 838 8 
835 5 833 3 192 5 425 3 
838 8 195 8 424 5 582 8 
837 8 194 5 423 10 835 8 
2366 8 818 6 840 9 842 6 
845 8 817 11 2365 12 839 9 
848 8 2368 7 816 7 842 9 
815 6 2367 6 841 9 839 6 
814 4 844 6 2370 8 846 6 
2369 7 843 6 585 6 813 7 
840 8 846 5 2372 7 812 5 
2371 6 845 5 811 7 843 6 
974 5 810 6 848 3 2363 5 
841 8 2362 9 809 8 847 3 
808 6 2084 9 1588 7 850 7 
855 8 807 7 1587 7 849 7 
852 8 1181 6 954 11 
851 8 955 9 991 13 1180 7 
856 9 804 10 1584 9 854 9 
1583 8 803 10 853 9 857 7 
1586 7 802 7 856 9 850 8 
853 9 855 9 1585 6 801 7 
858 6 800 3 854 7 2318 3 
857 6 1130 4 799 10 1581 7 
2189 8 864 7 860 7 1462 7 
859 7 1453 6 862 5 2188 6 
862 4 2350 6 1195 4 
861 4 1194 5 860 5 2349 8 
2181 5 1007 4 1031 8 864 6 
859 7 2180 7 1030 8 863 6 
117 6 866 5 1346 4 
1351 6 865 5 116 7 867 4 
1352 6 115 7 1992 4 866 4 
534 2 2327 3 608 2 2199 5 
934 2 1846 5 1111 4 870 4 
1847 6 933 7 869 4 431 6 
872 8 1890 4 1501 5 159 2 
1889 10 871 8 1061 9 158 9 
874 6 769 7 1678 5 1904 6 
873 6 1903 6 875 6 1677 8 
1894 7 876 7 737 6 874 6 
877 8 875 7 1893 5 736 7 
876 8 878 4 739 4 1892 5 
738 1 879 8 877 4 1891 2 
1898 11 1656 11 878 8 50 13 
1885 10 152 8 51 6 49 9 
50 9 743 7 52 6 1896 6 
45 8 51 9 150 9 1887 13 
699 3 1365 5 1193 4 884 6 
1797 10 891 6 883 6 1364 8 
1918 7 1904 7 886 7 749 6 
885 7 1903 6 1917 9 68 8 
894 5 888 5 1371 9 1792 5 
1370 5 887 5 889 6 1791 4 
1373 7 888 6 890 8 1790 5 
1067 8 1789 7 889 8 1372 5 
1367 3 884 6 1796 4 892 6 
1366 8 893 7 1795 9 891 6 
1794 7 1369 7 894 4 892 7 
1793 5 887 5 893 4 1368 5 
1920 4 896 6 902 4 1085 7 
895 6 1919 6 897 7 1084 6 
898 7 896 7 1083 6 1922 8 
1921 6 2040 6 1082 8 897 7 
1081 8 904 5 900 4 1924 6 
1923 7 901 4 899 4 1080 4 
900 4 902 4 1926 6 1079 5 
1078 2 901 4 1925 6 895 4 
904 10 643 10 1918 11 1077 10 
903 10 1917 8 1076 5 899 5 
912 4 231 3 524 4 906 5 
523 11 905 5 306 7 230 7 
910 4 908 10 518 6 221 5 
907 10 517 8 913 11 220 8 
516 4 325 5 910 4 223 3 
907 4 222 2 909 4 515 4 
225 10 912 10 514 11 914 9 
905 4 911 10 224 7 513 5 
914 6 512 6 227 8 908 11 
913 6 511 6 226 9 911 9 
916 7 500 8 1308 5 
915 7 499 5 917 7 1311 7 
498 7 1310 7 916 7 1089 6 
1475 5 919 13 927 9 1219 5 
920 13 1474 11 918 13 1220 11 
919 13 1473 7 921 4 1221 6 
1472 4 1222 6 920 4 922 5 
1479 5 923 6 1215 10 921 5 
924 5 1216 4 1478 4 922 6 
923 5 1477 6 925 8 1217 6 
1218 6 1476 6 924 8 2060 8 
1223 5 927 8 1471 6 1099 5 
1470 9 926 8 1224 12 918 9 
740 3 929 3 219 6 
930 4 218 8 928 3 
217 6 931 5 929 4 
216 10 930 5 932 6 
215 6 931 6 
934 5 2392 7 936 5 870 7 
869 2 933 5 753 6 2391 7 
435 5 936 4 938 5 2384 7 
2383 5 935 4 933 5 431 4 
2386 4 938 5 418 7 940 5 
937 5 412 5 2385 5 935 5 
2388 6 940 5 48 5 942 5 
397 4 939 5 2387 5 937 5 
2390 6 396 3 942 3 342 6 
2389 5 1157 4 941 3 939 5 
1651 6 944 9 783 5 522 5 
521 11 943 9 945 9 1650 7 
1655 4 520 6 944 9 946 5 
519 5 1653 5 945 5 
948 4 147 6 949 4 
947 4 1974 3 146 6 
947 4 148 7 
2283 5 953 4 498 5 1089 4 
371 6 507 5 304 8 1819 4 
1130 3 1776 7 799 9 
2282 6 344 7 1088 8 950 4 
955 12 851 11 956 11 1311 12 
954 12 1162 7 1310 7 852 9 
954 11 1308 4 
1037 9 958 10 2317 7 963 9 
142 9 962 9 957 10 2316 8 
2250 5 1571 6 2248 5 1508 5 
961 12 1180 9 991 15 15 10 
960 12 648 7 14 6 990 6 
2279 8 958 9 963 8 2033 11 
962 8 2278 4 966 5 957 9 
971 8 985 9 133 8 21 6 
652 5 653 7 2266 8 1038 7 
967 3 2269 8 963 5 1037 5 
1036 5 2268 1 653 3 966 3 
2271 7 654 10 1043 8 969 6 
2270 3 1042 5 713 5 968 6 
971 6 987 3 19 4 651 5 
964 8 18 6 970 6 986 8 
2207 8 973 11 552 7 975 10 
551 10 2206 9 972 11 978 10 
975 10 2209 7 550 6 847 5 
974 10 2208 9 972 10 549 9 
977 3 979 6 548 6 2203 9 
547 4 976 3 2202 5 980 2 
979 7 973 10 546 4 2205 6 
976 6 978 7 2204 8 545 6 
2201 4 981 7 977 2 544 4 
2200 7 980 7 543 8 2187 10 
1159 10 983 8 420 10 44 8 
639 4 1160 7 982 8 984 5 
133 7 985 8 983 5 2451 4 
964 9 986 9 984 8 1158 7 
985 9 1155 5 987 5 971 8 
988 5 970 3 986 5 1156 4 
989 6 651 7 987 5 1153 6 
988 6 648 5 990 4 1154 7 
991 9 1161 5 989 4 961 6 
990 9 960 15 852 13 1162 11 
995 1 993 2 1079 3 
992 2 1078 2 998 2 
1081 11 995 6 1005 7 
992 1 1080 3 994 6 
997 6 999 6 1083 5 
996 6 1082 8 
999 4 1085 5 993 2 
998 4 996 6 1084 6 
1035 4 1003 4 1001 4 2185 5 
2184 6 1000 4 1034 6 1006 6 
2187 7 1033 4 1003 5 2200 4 
1002 5 1000 4 1032 3 2186 6 
2231 4 1077 6 1005 5 
1076 4 994 7 1004 5 
2183 6 1029 7 1007 4 1001 6 
1006 4 2182 3 863 4 1028 1 
1009 7 2320 8 2346 6 1015 9 
1008 7 236 4 2319 5 2345 4 
1013 5 2338 5 1011 5 2326 6 
2337 4 1010 5 1615 6 1016 8 
1013 5 2324 10 2340 4 1319 5 
1012 5 1010 5 1613 2 2339 5 
2336 9 1015 11 2342 8 1017 9 
1014 11 1008 9 2341 6 2329 9 
1017 9 2344 8 1618 9 1011 8 
1016 9 1617 10 2343 6 1014 9 
2305 6 1019 6 1023 5 2346 4 
2345 5 1018 6 206 6 2304 7 
2344 7 1021 8 1027 8 2297 8 
2343 6 1020 8 2296 5 1022 5 
1023 5 2299 4 1021 5 2342 4 
1022 5 2298 9 2341 4 1018 5 
2301 4 114 6 1025 3 2340 2 
1026 6 2300 5 2339 5 1024 3 
1025 6 2338 6 1027 7 2303 8 
2302 3 1026 7 1020 8 2337 5 
1029 4 1031 5 1238 2 1007 1 
1028 4 1006 7 1034 7 1237 7 
1462 8 1240 8 864 8 1031 10 
1028 5 1030 10 863 8 1239 8 
1035 3 2358 1 1033 2 1003 3 
1233 6 1002 4 102 3 1032 2 
1236 6 1035 6 1029 7 1001 6 
1000 4 1032 3 1034 6 1235 4 
967 5 1037 7 1039 6 623 8 
1036 7 957 9 1524 6 966 5 
1039 4 1041 7 965 7 2311 6 
1036 6 653 4 1038 4 2310 4 
654 8 1041 7 1043 6 2313 4 
652 5 1040 7 1038 7 2312 10 
2315 6 969 5 1043 7 1263 8 
1040 6 1042 7 2314 7 968 8 
1465 9 2324 9 1045 5 2315 5 
2314 6 1044 5 1046 6 1613 3 
2313 5 1045 6 1047 7 2326 6 
1615 8 1048 8 2312 9 1046 7 
1049 8 1618 7 1047 8 2311 8 
1048 8 2310 6 1617 11 1050 6 
2336 5 623 6 1051 6 1049 6 
2329 8 1524 7 1050 6 1052 7 
1053 8 2320 7 2317 4 1051 7 
125 5 1052 8 2316 9 2319 7 
377 7 1827 8 314 6 316 6 
12 5 725 7 770 7 121 8 
10 5 2246 6 1755 6 1057 5 
9 5 1754 7 1056 5 1062 10 
1059 8 1065 4 1751 5 8 7 
7 8 1058 8 1750 6 1060 7 
1753 6 1061 5 1059 7 6 4 
1752 6 1060 5 5 9 872 9 
1063 12 1747 9 4 12 1057 10 
1062 12 1064 7 3 8 1746 10 
1063 7 1065 3 2 5 1749 4 
1748 4 1058 4 1 3 1064 3 
1067 8 1234 7 1639 7 1075 8 
1066 8 890 8 2352 8 1638 8 
1226 5 1632 5 1069 8 1206 7 
2347 8 1070 8 1631 6 1068 8 
1630 7 1228 6 1069 8 1071 6 
1072 5 1070 6 1227 4 1629 3 
1636 6 1073 5 1071 5 1230 7 
1635 6 1072 5 1074 5 1229 10 
1634 3 1073 5 1232 6 1075 7 
1231 9 1066 8 1633 8 1074 7 
1077 5 1081 8 1005 4 904 5 
1076 5 1004 6 903 10 665 7 
1085 5 902 2 1079 3 993 2 
1080 5 1078 3 901 5 992 3 
1079 5 995 3 1081 8 900 4 
899 8 1076 8 994 11 1080 8 
1083 7 1679 6 898 8 997 8 
1084 5 1082 7 996 5 897 6 
1083 5 1085 7 999 6 896 6 
1078 5 1084 7 998 5 895 7 
1763 6 1097 7 1717 6 1087 12 
742 12 601 10 1762 12 1086 12 
1089 8 953 8 1191 7 1093 8 
1088 8 1190 7 950 4 917 6 
347 9 1282 13 1091 7 1187 12 
1090 7 346 2 1092 4 1186 5 
345 5 1189 7 1093 6 1091 4 
344 7 1188 5 1088 8 1092 6 
1095 10 1828 10 351 11 1183 10 
1094 10 350 4 1096 8 1182 3 
1185 7 1282 12 1095 8 2122 8 
1730 5 1086 7 
1104 3 41 6 
1357 6 1359 3 1100 6 926 5 
1360 10 1101 7 1356 11 1099 6 
1355 6 1100 7 1102 7 1361 5 
1354 6 1362 6 1101 7 
1210 5 43 6 1104 5 
1098 3 1103 5 42 6 
759 2 1106 3 1108 5 2055 2 
1105 3 1113 5 758 6 2056 6 
1108 8 2057 6 757 6 1110 8 
1107 8 756 12 2058 7 1105 5 
755 6 1110 8 2051 7 1112 5 
1109 8 2052 6 1107 8 754 9 
1112 4 2053 3 753 8 869 4 
1111 4 752 4 2054 4 1109 5 
1114 4 2059 3 761 3 1106 5 
1113 4 2060 5 1218 3 760 6 
1122 13 1199 10 1116 9 1389 11 
1388 6 1117 5 1198 6 1115 9 
1201 8 1387 4 1118 5 1116 5 
1126 6 1117 5 1200 6 1386 10 
1393 3 1197 6 1120 2 1203 6 
1202 6 1392 3 1119 2 1121 3 
1205 10 1122 8 1391 4 1120 3 
1115 13 1204 8 1390 8 1121 8 
1361 3 1124 8 
1195 9 1360 13 1125 8 1123 8 
1194 4 1124 8 1359 2 2348 4 
1118 6 1127 7 1207 6 1385 7 
1126 7 1206 7 1384 8 1226 5 
585 6 70 7 231 6 1164 7 
580 8 584 7 598 7 1417 5 
952 3 858 4 
1132 6 1763 5 
1131 6 1762 7 1714 8 1895 7 
1519 2 1449 3 1134 3 822 3 
1518 6 821 4 1133 3 1135 6 
1136 7 820 5 1134 6 1521 7 
1520 7 819 10 1135 7 1137 7 
1515 9 826 10 1136 7 1138 5 
1139 4 825 5 1137 5 1514 4 
1140 8 1517 6 1138 4 824 4 
1139 8 1516 12 823 10 1265 6 
1142 5 1152 6 89 6 1727 7 
1143 5 1726 5 88 6 1141 5 
1142 5 625 8 1144 7 91 5 
1145 8 622 7 90 5 1143 7 
1731 9 1144 8 85 8 1463 6 
1742 6 1730 3 1149 7 
1463 8 1729 9 87 9 1148 8 
1728 3 1538 5 1147 8 86 4 
1150 10 1717 8 1146 7 1745 9 
1744 6 726 8 1149 10 601 6 
83 8 1278 9 621 5 1152 7 
82 5 1720 8 1141 6 1151 7 
1156 5 1189 6 988 6 1154 7 
1161 8 989 7 1153 7 1188 7 
1156 4 1158 3 1187 7 986 5 
1186 7 1153 5 1155 4 987 4 
942 4 1842 5 48 4 396 4 
1155 3 2451 3 985 7 1184 2 
1160 9 982 10 118 8 1183 7 
2451 6 983 7 1159 9 1182 5 
990 5 1191 5 1162 7 1154 8 
955 7 1190 8 1161 7 991 11 
1164 8 225 8 597 6 79 10 
1163 8 1128 7 78 5 224 7 
1169 4 1745 6 1166 5 1307 5 
1306 4 1165 5 1744 4 717 5 
1168 4 289 6 
1167 4 1743 5 627 6 1169 5 
290 5 1165 4 1742 6 1168 5 
1171 7 1401 8 1173 9 1385 7 
1384 8 1170 7 1400 7 571 5 
1387 3 1175 3 1173 7 1409 7 
1408 7 1386 13 1170 9 1172 7 
1175 5 1177 4 1389 8 1407 6 
1174 5 1406 3 1388 5 1172 3 
1177 5 1179 7 1391 7 1405 5 
1174 4 1176 5 1390 2 1404 2 
1179 5 1393 5 1403 6 610 8 
1178 5 1402 8 1176 7 1392 4 
960 9 1181 5 2309 8 852 7 
2308 7 1180 5 851 6 
1183 3 1160 5 1185 2 1095 3 
1182 3 1094 10 1602 4 1159 7 
1187 6 1185 2 1282 7 1158 2 
1096 7 2451 3 1184 2 1182 2 
1156 7 1187 10 1189 8 1091 5 
1186 10 1184 6 1155 7 1090 12 
1189 6 1191 4 1093 5 1154 7 
1153 6 1186 8 1092 7 1188 6 
1162 8 1089 7 1310 8 1191 6 
1161 5 1188 4 1088 7 1190 6 
600 5 602 4 1911 9 1899 6 
1797 8 2070 3 1329 4 883 4 
1453 6 1125 4 1195 5 862 5 
1124 9 1194 5 861 4 
189 5 2263 5 112 4 2249 6 
1907 6 709 12 620 8 1119 6 
1199 7 1116 6 2178 7 1201 9 
1198 7 2177 6 1115 10 1204 5 
2176 4 1118 6 1207 6 1201 9 
1117 8 1200 9 1198 9 2175 7 
1120 6 1203 10 1205 13 2174 6 
709 12 1202 10 2173 9 1119 6 
2172 2 1122 8 1199 5 1205 10 
2171 12 1204 10 1121 10 1202 13 
1127 7 2170 7 1068 7 1207 6 
1126 6 2169 5 1200 6 1206 6 
1209 5 1211 7 539 5 
1208 5 1213 4 538 6 
537 7 1103 5 1211 7 
536 8 1210 7 1208 7 
542 10 2222 9 1214 10 
1209 4 541 2 1214 4 
540 4 1213 4 1212 10 
1222 11 1236 8 1216 8 922 10 
1235 4 923 4 1217 5 1215 8 
1216 5 1218 4 2358 3 924 6 
1233 6 925 6 1217 4 1114 3 
1220 3 1224 8 1240 4 918 5 
1219 3 1239 5 1221 4 919 11 
1238 4 1220 4 920 6 1222 8 
1215 11 1237 9 921 6 1221 8 
2348 5 926 5 1224 9 1359 3 
1219 8 1223 9 927 12 1225 9 
2348 5 1462 5 1240 5 1224 9 
1871 4 1068 5 2347 5 1127 5 
1870 7 1228 4 1230 6 1071 4 
1070 6 2347 6 1227 4 1869 3 
1868 8 1073 10 1232 11 1230 12 
1072 7 1227 6 1229 12 1867 5 
1075 9 1612 9 1234 8 1232 8 
1611 13 1074 6 1229 11 1231 8 
1033 6 1218 6 2358 5 760 9 
1646 8 1066 7 1231 8 2352 7 
1216 4 1236 4 1035 4 2358 2 
1235 4 1034 6 1215 8 1237 6 
1238 5 1222 9 1236 6 1029 7 
1221 4 1237 5 1028 2 1239 5 
1240 6 1220 5 1238 5 1031 8 
1239 6 1030 8 1219 4 1225 5 
1242 3 541 2 497 5 1247 4 
1241 3 1243 5 496 5 540 3 
1242 5 542 6 495 6 
537 8 1245 9 348 4 493 7 
536 9 492 10 1244 9 1246 8 
539 5 1245 8 491 5 1247 5 
538 6 490 6 1241 4 1246 5 
1257 4 1489 9 1249 4 1401 6 
1488 5 1379 4 1400 6 1248 4 
638 3 1251 5 1403 4 1811 4 
1252 6 1402 10 1250 5 1810 10 
1251 6 1405 2 1809 7 1253 8 
1254 8 1404 8 1808 11 1252 8 
1253 8 1407 4 1255 3 1487 5 
1814 5 1406 3 1254 3 1256 5 
1257 6 1409 9 1813 7 1255 5 
1812 8 1256 6 1248 4 1408 4 
1259 3 1303 4 
1258 3 1260 2 1302 4 
1301 4 1261 5 1259 2 712 2 
1262 8 1260 5 711 13 1300 7 
1261 8 100 7 714 6 1263 8 
713 8 1298 10 1042 8 1262 8 
1383 6 573 4 1265 4 1269 6 
572 3 1264 4 1140 6 1382 4 
567 6 1375 7 1273 7 1267 3 
1374 3 1268 2 1266 3 566 3 
565 3 1267 2 1269 4 1377 4 
1376 4 564 5 1264 6 1268 4 
571 3 1400 5 1271 2 1379 3 
1378 2 1270 2 570 1 1272 5 
1381 8 569 6 1273 9 1271 5 
568 10 1266 7 1380 6 1272 9 
2376 6 1275 7 1530 6 1281 6 
1529 11 2375 13 1276 7 1274 7 
1528 5 1277 9 1275 7 2378 4 
2377 10 1283 9 1276 9 1527 9 
1151 9 2380 6 1279 9 1534 8 
2379 10 1278 9 1280 5 1533 7 
1532 3 1281 4 1279 5 2382 5 
1531 6 2381 9 1280 4 1274 6 
2121 8 1090 13 1184 7 1096 12 
1526 5 1277 9 2374 6 1284 6 
2373 6 321 7 1525 10 1283 6 
425 2 1286 3 1606 1 1292 5 
426 4 1605 4 1285 3 1287 7 
1604 6 1286 7 423 10 1288 6 
1419 10 424 3 1287 6 1603 4 
1296 5 1290 6 429 6 1610 6 
1289 6 1291 8 430 4 1609 7 
1292 10 1608 9 1290 8 427 9 
1291 10 1607 7 1285 5 428 10 
1395 6 1294 5 119 8 627 7 
1293 5 1394 4 113 3 290 4 
119 6 1397 6 1309 6 
1289 5 118 5 421 5 1601 8 
1504 4 1576 5 1299 5 2255 5 
2315 8 100 9 1465 12 1263 10 
1575 4 1297 5 1503 6 2074 4 
1467 5 100 6 1301 6 1261 7 
1260 4 1466 8 1300 6 1302 6 
1303 5 1469 6 1259 4 1301 6 
1302 5 1258 4 1468 5 
1305 12 233 10 1855 11 1665 11 
1664 11 1304 12 1854 5 2142 7 
114 6 1166 4 1307 4 2301 4 
290 6 1306 4 113 5 1165 5 
1311 5 956 4 915 5 
289 9 1295 6 
955 7 1311 7 917 7 1190 8 
1308 5 1310 7 916 7 954 12 
228 4 1661 3 1862 4 
1314 5 2402 6 1874 4 
2401 7 1313 5 1316 6 
2394 6 1317 4 
1864 6 1317 6 1314 6 
1315 4 1316 6 2395 7 
1498 5 1399 7 1319 3 1323 4 
1398 3 1497 5 1318 3 1012 5 
1493 3 1397 5 1321 3 
1396 6 1322 8 1492 5 1320 3 
1321 8 1323 9 1495 11 1395 8 
1322 9 1494 4 1318 4 1394 6 
2318 3 1325 6 2281 5 1566 3 
1581 7 1565 5 1324 6 
1327 3 474 5 692 6 1442 3 
691 6 1326 3 475 4 1334 4 
700 4 470 4 1329 4 1331 4 
471 5 699 3 1193 4 1328 4 
698 5 1331 4 472 4 1333 5 
697 3 473 5 1330 4 1328 4 
1333 4 1335 2 696 7 466 6 
1332 4 467 6 695 4 1330 5 
1335 3 1327 4 694 4 468 6 
693 4 469 6 1332 2 1334 3 
1473 5 67 4 319 6 
2402 4 1338 4 2023 5 2432 4 
1340 7 1337 4 2401 8 2431 10 
2426 10 1343 7 2120 7 
2428 5 1338 7 1864 6 1341 8 
1342 12 2395 9 2427 9 1340 8 
1341 12 1343 9 2430 9 2394 12 
1339 7 1342 9 2429 3 2101 3 
2277 7 1558 7 1586 7 1345 7 
1585 4 1557 6 2280 9 1344 7 
1351 5 711 9 865 4 
1348 7 432 5 2333 5 
2332 8 434 7 1347 7 1349 5 
2331 2 1452 4 433 4 1348 5 
2100 6 319 8 1475 5 
1352 8 714 7 866 6 1346 5 
867 6 1351 8 713 7 2270 5 
2040 7 1921 7 1714 9 
1102 6 2293 4 1355 5 
1356 10 1101 6 2292 3 1354 5 
1355 10 2295 10 1357 11 1100 11 
1099 6 1471 7 2294 5 1356 11 
276 6 371 6 2256 6 1363 5 
1360 7 1099 3 1125 2 1223 3 
1359 7 1361 8 1124 13 1100 10 
1123 3 1360 8 1101 5 1362 4 
1102 6 1361 4 
275 7 370 8 1358 5 2079 4 
1365 7 1367 5 1733 7 884 8 
1732 6 883 5 1364 7 1450 6 
892 8 1367 5 1369 8 1741 6 
1740 2 1366 5 891 3 1364 5 
1371 9 1739 5 1369 8 894 5 
893 7 1738 8 1366 8 1368 8 
1373 6 888 5 1737 5 1371 9 
1368 9 887 9 1736 8 1370 9 
2352 5 1735 6 890 5 1373 4 
1734 6 1370 6 889 7 1372 4 
1267 3 1377 5 1375 7 2050 3 
1380 6 1266 7 1374 7 2049 9 
1269 4 1377 4 1383 4 2048 4 
2047 4 1376 4 1374 5 1268 4 
1271 2 1381 5 2046 4 1379 3 
1249 4 2045 3 1270 3 1378 3 
1375 6 2044 3 1381 5 1273 6 
1272 8 2043 6 1380 5 1378 5 
1516 10 2042 5 1265 4 1383 6 
2041 9 1264 6 1382 6 1376 4 
1171 8 1871 7 1385 8 1127 8 
1384 8 1386 11 1126 7 1170 7 
1385 11 1387 9 1173 13 1118 10 
1388 5 1172 3 1117 4 1386 9 
1116 6 1387 5 1175 5 1389 8 
1174 8 1390 6 1388 8 1115 11 
1177 2 1389 6 1122 8 1391 4 
1176 7 1390 4 1392 4 1121 4 
1179 4 1120 3 1391 4 1393 4 
1178 5 1119 3 1907 3 1392 4 
1399 9 1294 4 1395 5 1323 6 
1293 6 1396 6 1394 5 1322 8 
1321 6 119 8 1395 6 1397 8 
1295 6 1320 5 1396 8 
1319 3 114 6 1399 7 2340 2 
113 8 1394 9 1318 7 1398 7 
1171 7 1270 5 1401 8 1249 6 
1408 6 1170 8 1400 8 1248 6 
1179 8 1251 10 1405 6 1403 9 
1777 8 1178 6 1402 9 1250 4 
1405 2 1407 4 1177 2 1253 8 
1252 2 1404 2 1402 6 1176 5 
1175 3 1407 4 1255 3 1409 7 
1406 4 1404 4 1254 4 1174 6 
1401 6 1173 7 1257 4 1409 7 
1256 9 1172 7 1408 7 1406 7 
590 2 1427 6 1547 4 1411 5 
1426 7 591 5 1412 8 1410 5 
1425 8 588 10 1413 5 1411 8 
1424 1 1412 5 1414 3 589 5 
1415 4 1431 6 586 5 1413 3 
1414 4 1430 6 587 4 1416 4 
1417 3 1429 5 584 5 1415 4 
1416 3 1418 5 1428 2 1129 5 
598 7 1417 5 1423 8 1419 13 
599 10 1288 10 1422 11 1418 13 
645 7 2237 3 662 3 1421 2 
2236 4 644 4 1432 4 1420 2 
1423 6 2042 4 1603 5 1419 11 
1422 6 1428 5 2041 10 1418 8 
1425 4 1413 1 2044 2 1431 4 
1424 4 1412 8 2043 6 1426 7 
1411 7 1427 8 2046 6 1425 7 
1426 8 1410 6 2045 6 1947 7 
1429 4 1423 5 1417 2 2048 4 
1428 4 1430 7 1416 5 2047 4 
1431 8 1415 6 1429 7 2050 5 
1430 8 1414 6 2049 8 1424 4 
2238 6 1433 5 1421 4 650 6 
1432 5 649 4 
343 4 1700 12 1435 6 686 7 
396 4 1701 5 342 7 1434 6 
2229 9 1439 11 1437 7 1528 9 
1436 7 1527 3 
1439 6 2228 4 1445 10 1530 5 
2227 7 1529 11 1436 11 1438 6 
1441 2 479 6 1443 2 655 2 
478 5 1440 2 656 4 
477 8 657 5 1443 3 1326 3 
476 6 1442 3 1440 2 658 3 
2226 8 1445 13 1447 9 1532 7 
1531 11 2225 12 1444 13 1438 10 
1447 8 1534 7 2224 6 1698 6 
1446 8 2223 8 1533 7 1444 9 
2286 9 1523 9 828 9 1449 8 
827 7 1522 5 1133 3 1448 8 
2248 5 1508 5 1365 6 699 4 
247 6 1461 6 2148 7 1452 6 
1349 4 246 7 1451 6 2147 4 
1194 6 1462 6 860 6 2348 6 
248 6 1664 10 1455 7 2142 6 
2141 9 1454 7 1456 4 
2140 1 1455 4 1457 3 
2139 5 1458 3 1456 3 
2146 1 1459 4 1457 3 
2145 10 1458 4 1460 7 
1461 6 2144 7 1459 7 
1451 6 1460 6 2143 5 
1030 8 1453 6 1225 5 859 7 
1147 8 628 2 84 3 1145 6 
100 8 1467 7 1498 8 1465 11 
1044 9 1497 10 1298 12 1464 11 
1301 8 1495 9 1467 7 1469 8 
1494 4 1300 5 1464 7 1466 7 
1469 6 1493 4 1303 5 
1302 6 1468 6 1492 7 1466 8 
1475 5 2100 6 927 9 1471 7 
1357 7 1470 7 926 6 2099 6 
921 4 1479 4 67 6 1473 7 
1336 5 920 7 1474 5 1472 7 
319 6 919 11 1475 3 1473 5 
918 5 1470 5 1474 3 1350 5 
2373 4 1477 4 925 6 321 5 
1476 4 924 6 1478 5 320 5 
1477 5 923 4 323 6 1479 3 
922 5 1472 4 1478 3 322 3 
1878 5 1859 7 1481 6 1816 4 
1877 5 1482 3 1858 6 1480 6 
1857 6 1481 3 1483 1 1880 4 
1879 3 1482 1 1490 3 1856 3 
1863 4 1874 4 1485 5 
1486 4 1484 5 1873 9 1862 5 
1485 4 1816 2 1876 3 1861 7 
1814 7 1944 6 1808 8 1254 5 
2045 4 1489 10 1249 5 1947 5 
1812 13 1946 9 1488 10 1248 9 
1866 9 1491 6 1855 6 1483 3 
1854 4 1865 8 1490 6 1691 6 
1493 5 1495 8 1321 5 1469 7 
1492 5 1320 3 1468 4 
1467 4 1323 4 1495 6 1498 5 
1492 8 1322 11 1466 9 1494 6 
145 5 553 6 124 5 1499 2 
1498 7 1465 10 1319 5 2324 10 
1497 7 1318 5 1464 8 1494 5 
1496 2 1500 5 123 2 144 7 
143 10 1502 8 126 9 1499 5 
1883 6 871 5 154 8 47 6 
142 9 2316 8 1500 8 125 4 
692 8 1504 5 1299 6 1710 4 
1297 4 1503 5 1510 4 691 6 
1631 5 1853 7 1509 6 1825 5 
1507 4 1513 6 698 6 2251 8 
1506 4 2250 3 697 2 1508 3 
1450 5 700 4 959 5 1507 3 
2416 4 1824 3 1632 4 1505 6 
2255 5 1511 6 694 4 1504 4 
1510 6 2254 6 1512 6 693 7 
1513 5 1511 6 2253 4 696 8 
2252 7 695 4 1512 5 1506 6 
1515 8 1517 6 1837 5 1138 4 
1137 9 1514 8 1836 10 1520 9 
1382 10 1140 12 1835 11 1517 10 
1139 6 1834 7 1514 6 1516 10 
1134 6 1521 7 1519 5 1833 7 
1133 2 1518 5 1832 4 1522 4 
1136 7 1521 7 1515 9 1831 7 
1518 7 1520 7 1830 5 1135 7 
1523 6 1449 5 1829 7 1519 4 
1828 6 351 7 1522 6 1448 9 
1037 6 1051 7 623 7 2317 4 
293 9 1284 10 1526 9 
1283 5 1527 5 1525 9 
1526 5 1528 5 1277 9 1437 3 
1529 9 1527 5 1276 5 1436 9 
1528 9 1439 11 1275 11 1530 10 
1531 6 1274 6 1529 10 1438 5 
1445 11 1532 5 1530 6 1281 6 
1531 5 1280 3 1444 7 1533 5 
1447 7 1534 6 1532 5 1279 7 
621 4 1446 7 1278 8 1533 6 
1819 4 2065 7 1536 5 1638 6 
1639 6 1848 3 1535 5 1818 4 
1866 8 1540 4 2029 2 1538 5 
1865 8 2028 7 1148 5 1537 5 
1880 4 1540 3 2025 1 1542 3 
1879 5 1539 3 1537 4 2024 5 
1544 9 1542 5 1878 4 2027 6 
1877 5 1541 5 2026 7 1539 3 
1544 7 1546 2 2021 3 1876 2 
1543 7 2020 9 1875 10 1541 9 
2402 7 1874 5 1546 5 2023 8 
1543 2 1873 8 1545 5 2022 4 
1548 6 1947 5 1410 4 53 6 
1551 9 54 8 1547 6 1946 5 
1552 10 1945 9 57 7 1550 5 
58 2 1944 4 1555 7 1549 5 
1552 12 1548 9 55 9 1943 9 
1551 12 56 12 1549 10 1942 9 
1554 7 61 8 1556 7 1941 11 
1553 7 659 7 62 6 1940 4 
1939 6 59 10 1556 8 1550 7 
1938 5 60 5 1553 7 1555 8 
2243 7 1558 6 1345 6 1560 5 
1344 7 1557 6 1563 3 2242 4 
1560 6 2281 7 1566 5 2241 7 
2240 5 1559 6 1557 5 2280 8 
2247 8 1562 9 1564 7 2275 9 
1561 9 10 7 2246 8 2274 11 
1564 3 2245 6 1558 3 2277 3 
1563 3 1561 7 2244 8 2276 3 
1566 2 1325 5 
1565 2 1559 5 2239 5 1324 3 
1568 3 2253 3 1570 3 2291 5 
1573 5 1567 3 2290 4 2252 6 
1576 10 1570 9 2289 12 2255 10 
2254 4 1567 3 1569 9 2288 3 
1574 7 2287 6 1572 7 959 6 
2286 7 2248 6 828 7 1571 7 
1568 5 1574 7 2251 8 2285 5 
2250 6 1573 7 1571 7 2284 8 
1758 3 1299 4 2283 5 1576 4 
1569 10 1297 5 2282 6 1575 4 
1644 7 1578 4 252 5 1582 5 
1643 4 1579 5 251 7 1577 4 
1578 5 1580 9 254 6 1642 8 
1579 9 1641 9 253 10 2334 10 
2318 4 1325 7 858 7 
255 10 1577 5 1645 6 
1584 8 2318 4 854 8 2281 6 
1585 6 1583 8 853 9 2280 11 
1345 4 1584 6 1586 4 856 6 
855 7 1585 4 1587 6 1344 7 
2277 6 1586 6 1588 7 850 7 
2276 4 849 7 1589 8 1587 7 
1590 6 2084 10 2275 9 1588 8 
2274 8 1589 6 2083 3 1765 3 
260 5 1674 3 1594 6 1592 5 
1673 4 259 6 1591 5 1599 6 
262 4 1596 5 1672 8 1594 6 
261 8 1591 6 1671 5 1593 6 
1598 4 1596 6 264 7 1670 4 
1669 9 1595 6 1593 5 263 8 
1668 3 266 5 1598 2 
1595 4 265 3 1667 4 1597 2 
258 5 1600 11 1676 8 1592 6 
1599 11 2425 10 1675 11 257 12 
1610 9 1829 11 1296 8 1602 8 
118 5 1183 4 1828 4 1601 8 
1604 4 1422 5 1835 7 1288 4 
1287 6 1834 5 1605 3 1603 4 
1286 4 1604 3 1606 2 1837 4 
1607 3 1285 1 1605 2 1836 5 
1608 6 1606 3 1292 7 1831 6 
1607 6 1609 8 1291 9 1830 5 
1833 8 1610 7 1608 8 1290 7 
1601 9 1609 7 1832 5 1289 6 
1232 13 1868 10 565 11 1612 14 
1646 9 564 7 1611 14 1231 9 
1013 2 1045 3 2326 3 2324 7 
2323 4 1986 3 2325 4 380 3 
1047 8 1011 6 1618 7 2326 7 
2218 5 2321 4 382 4 2325 5 
1618 10 1017 10 2336 10 1049 11 
1048 7 1617 10 1615 7 1016 9 
282 8 256 5 1620 8 1622 6 
255 10 1625 10 281 6 1619 8 
1622 5 284 7 
1621 5 1619 6 283 6 
286 5 1626 4 1624 9 254 6 
1623 9 253 10 1627 8 285 9 
1620 10 252 10 288 7 1626 8 
251 6 1623 4 1625 8 287 5 
1628 5 278 6 1624 8 250 3 
592 7 1627 5 249 6 277 7 
1636 4 1852 5 1630 4 1071 3 
1070 7 1631 5 1629 4 1853 7 
1505 5 1630 5 1632 3 1069 6 
1068 5 1631 3 1509 4 2170 5 
1634 4 1075 8 1848 4 1639 7 
1849 4 1074 3 1633 4 1635 4 
1636 7 1073 6 1634 4 1850 6 
1635 7 1072 6 1629 4 1851 5 
1666 8 1640 8 520 6 2217 8 
1639 7 1067 8 1535 6 1789 7 
1638 7 1536 6 1066 7 1633 7 
1637 8 519 8 2216 11 
1649 8 1642 8 1580 9 299 6 
1641 8 298 9 1579 8 1643 7 
1578 4 301 3 1644 7 1642 7 
1577 7 1643 7 300 8 1645 8 
302 6 1644 8 1582 6 
1612 9 1234 8 1647 6 573 5 
572 4 2352 5 1735 6 1646 6 
2335 12 1649 10 341 7 297 8 
1641 8 2334 9 1648 10 296 8 
1651 4 1655 2 658 2 944 7 
943 6 437 6 657 7 1650 4 
1724 6 2215 7 1666 10 522 7 
1655 4 656 5 946 5 
2015 5 50 7 743 5 1656 5 
945 4 1653 4 655 3 1650 2 
738 4 879 11 2014 8 1654 5 
1660 3 1658 5 235 5 
234 5 1662 6 1657 5 
1665 6 233 5 1660 4 
1657 3 232 4 1659 4 
1663 6 1312 3 
1663 7 229 7 1658 6 
228 7 1662 7 1661 6 
1305 11 1454 10 66 8 1665 10 
1659 6 1304 11 65 5 1664 10 
1637 8 2214 9 521 10 1652 10 
1670 4 327 7 1598 4 1668 5 
1597 3 1667 5 326 5 
1670 7 1596 9 329 12 1672 12 
1669 7 1667 4 1595 4 328 3 
331 4 1672 7 1594 5 1674 2 
1671 7 330 10 1593 8 1669 12 
333 5 1592 4 1676 6 1674 2 
1591 3 332 1 1673 2 1671 2 
516 5 1676 8 325 6 1600 11 
324 9 1675 8 1673 6 1599 8 
737 8 1678 7 874 8 2011 8 
2089 4 873 5 2010 5 1677 7 
2040 4 1082 6 
2070 2 510 4 1681 4 440 5 
1680 4 509 4 2069 5 1682 4 
502 5 2064 5 1683 5 1681 4 
2063 6 1684 9 501 5 1682 5 
1683 9 504 6 2062 8 1685 8 
2061 7 503 7 1686 7 1684 8 
506 5 1685 7 1687 7 2068 10 
2067 6 1688 6 1686 7 505 3 
2066 6 1689 6 1687 6 508 8 
507 5 2065 7 1688 6 1819 4 
1691 7 1693 8 2412 8 1729 7 
1690 7 1728 4 2411 5 1491 6 
2410 8 1731 10 1693 9 1695 9 
628 4 1692 9 1690 8 2409 6 
2408 9 1697 8 625 10 1695 9 
2407 7 1692 9 1694 9 622 7 
2406 3 1699 2 1727 4 1697 3 
1726 6 2405 7 1694 8 1696 3 
2414 5 621 3 1699 4 1446 6 
1698 4 1720 7 1696 2 2413 7 
1701 11 1434 12 2029 9 1709 13 
1435 5 2028 6 1700 11 1843 5 
687 6 1703 6 2023 8 2432 7 
1704 4 1702 6 2022 5 688 10 
1703 4 689 4 2021 4 1705 6 
1706 6 2020 7 1704 6 690 5 
1705 6 2027 5 2179 7 1707 8 
1708 10 2026 11 2213 10 1706 8 
1709 8 2025 4 1707 10 685 8 
1708 8 686 8 2024 7 1700 13 
477 7 2074 2 1503 4 1711 2 
1712 6 2073 5 1710 2 476 6 
2072 7 1711 6 479 10 1713 5 
478 4 1712 5 2071 7 
149 6 1132 8 1353 9 
1716 5 2249 8 2399 7 791 7 
2400 8 1715 5 1719 2 792 2 
1730 4 1086 6 601 4 1149 8 
1719 5 794 8 1721 6 2398 6 
793 2 1718 5 2397 2 1716 2 
1152 8 621 6 1699 7 1727 9 
2103 4 1718 6 619 5 795 3 
2102 8 1723 5 1725 3 798 7 
619 7 797 7 1722 5 2393 6 
1652 6 790 8 1725 3 2404 6 
789 8 2403 5 1724 3 1722 3 
1727 7 1142 5 1697 6 625 8 
1726 7 1720 9 1141 7 1696 4 
1865 6 1148 3 1691 4 1729 4 
1147 9 628 3 1728 4 1690 7 
1097 5 1717 4 1146 3 
1145 9 628 5 1692 10 622 8 
1365 6 1733 6 828 6 2248 5 
827 8 1740 4 1732 6 1364 7 
1373 6 824 5 1735 8 1737 5 
1372 6 1647 6 1734 8 823 9 
826 9 1371 8 1737 4 1739 4 
1370 5 1736 4 825 5 1734 5 
1369 8 1739 5 820 5 1741 6 
819 8 1368 5 1738 5 1736 4 
1367 2 1733 4 822 3 1741 3 
821 4 1738 6 1740 3 1366 6 
1169 6 1146 6 1743 6 1745 8 
1168 5 1742 6 
1150 6 2005 3 1166 4 1745 5 
1165 6 1744 5 1742 8 1149 9 
1747 7 355 9 1749 7 1063 10 
1746 7 1062 9 354 5 1754 6 
1749 5 1065 4 353 9 1751 5 
1748 5 352 6 1746 7 1064 4 
359 4 1059 6 1751 3 1753 5 
358 6 1750 3 1058 5 1748 5 
357 10 1753 7 1061 6 1889 7 
1752 7 1060 6 1750 5 356 7 
1057 7 349 6 1747 6 1755 8 
493 7 1056 6 348 4 1754 8 
2072 8 2088 11 1759 11 1757 9 
2071 10 2087 5 1756 9 
2086 3 1575 3 1759 7 2074 3 
2073 9 1758 7 1756 11 2085 9 
422 11 172 7 2168 10 1761 11 
2167 11 419 8 1760 11 785 8 
1132 7 1763 6 52 6 1087 12 
1086 6 1762 6 1131 5 
369 10 1771 3 2265 5 1765 4 
1590 3 1764 4 2264 4 368 5 
1769 5 1767 4 1989 3 363 4 
1766 4 1772 5 362 4 1988 3 
361 5 1927 7 1769 6 1991 7 
1766 5 1990 4 1768 6 360 4 
1773 8 367 4 2219 8 1771 4 
1764 3 366 5 1770 4 2218 2 
1987 6 1773 8 1767 5 365 5 
364 6 1772 8 1986 5 1770 8 
2164 8 2115 5 1775 7 782 4 
2163 5 2114 7 2000 6 1774 7 
1957 7 1971 5 952 7 
610 10 1403 8 1778 7 638 7 
1777 7 1901 4 609 6 637 7 
1957 7 1971 5 1780 9 2404 9 
2403 8 1956 8 1779 9 1781 9 
2102 11 1951 6 1780 9 1782 6 
1950 7 1783 6 2393 4 1781 6 
1949 8 2396 12 1782 6 1784 7 
1948 4 1785 6 1783 7 2103 5 
1786 6 1955 8 1784 6 2398 5 
1785 6 2397 4 1787 4 1954 5 
1786 4 1788 7 2400 8 1953 5 
1787 7 555 12 2399 9 1952 9 
890 7 2065 8 1790 4 1638 7 
889 5 2066 3 1789 4 1791 3 
1792 4 2067 6 888 4 1790 3 
1793 5 887 5 1791 4 2068 7 
894 5 1792 5 2061 8 1794 8 
893 7 2062 7 1795 9 1793 8 
1796 7 2063 7 1794 9 892 9 
1795 7 1797 8 891 4 2064 6 
2069 8 1796 8 1193 8 884 10 
632 7 1799 7 1906 7 605 9 
1798 7 770 7 631 7 604 8 
647 7 745 6 1807 6 1801 7 
744 7 1802 7 646 7 1800 7 
1801 7 1803 7 747 9 645 9 
746 6 279 5 1802 7 644 7 
1805 6 1918 5 643 4 749 4 
1806 7 1804 6 642 9 748 8 
1805 7 641 6 1807 5 751 6 
640 9 1800 6 750 5 1806 5 
1809 10 1939 5 1487 8 1253 11 
1808 10 1810 11 1252 7 1938 8 
1941 12 1809 11 1811 9 1251 10 
1958 9 1810 9 1940 5 1250 4 
1257 8 1489 13 1813 9 1943 9 
1814 7 1942 6 1256 7 1812 9 
1813 7 1487 7 1255 5 1945 9 
2163 10 2304 12 206 11 2351 10 
1486 2 1860 6 1875 4 1480 4 
200 4 2357 2 2355 2 2161 2 
1819 3 304 7 1823 5 1536 4 
1818 3 1535 4 1689 4 951 4 
316 5 1821 8 1851 6 1827 7 
315 4 1820 8 1850 6 1822 8 
1821 8 1849 8 318 8 1823 8 
1848 4 317 6 1818 5 1822 8 
1825 2 2030 4 1509 3 312 3 
1826 4 1824 2 1505 5 311 4 
1827 5 1825 4 1853 6 314 3 
1826 5 1054 8 1820 7 1852 7 
1094 10 1523 6 1829 7 1602 4 
1601 11 1832 7 1828 7 1522 7 
1831 5 1608 5 1521 5 1833 5 
1520 7 1830 5 1607 6 1836 8 
1610 5 1519 4 1829 7 1833 6 
1609 8 1832 6 1518 7 1830 5 
1604 5 1837 6 1517 7 1835 8 
2042 6 1834 8 1516 11 1603 7 
1837 7 1515 10 1606 5 1831 8 
1836 7 1834 6 1605 4 1514 5 
91 7 1839 10 412 9 1841 9 
1838 10 418 8 1844 5 90 6 
1841 5 1847 5 431 5 89 4 
88 8 1840 5 1838 9 435 5 
1843 5 1157 5 87 5 1845 5 
396 4 86 5 1842 5 1701 5 
85 4 397 3 1845 3 1839 5 
48 4 1844 3 84 4 1842 5 
2053 4 83 7 1847 7 869 5 
1846 7 82 6 1840 5 870 6 
1849 4 1823 4 1536 3 1633 4 
1634 4 1848 4 1822 8 1850 6 
1821 6 1635 6 1851 4 1849 6 
1820 6 1852 6 1636 5 1850 4 
1853 8 1629 5 1851 6 1827 7 
1505 7 1852 8 1826 6 1630 7 
2411 3 1491 4 1305 5 1855 4 
1304 11 1490 6 1854 4 1856 6 
233 5 1857 8 1855 6 1483 3 
1482 6 1858 9 1856 8 232 8 
235 7 1481 6 1857 9 1859 7 
1480 7 234 5 1860 9 1858 7 
1859 9 229 10 1816 6 1861 11 
1486 7 228 8 1862 8 1860 11 
1863 4 1861 8 1485 5 1312 4 
1862 4 1484 4 
2395 7 1340 6 1316 6 2401 7 
1538 8 1491 8 1728 6 1866 11 
1537 8 1490 9 1879 9 1865 11 
1870 6 1868 1 567 4 1230 5 
1867 1 566 3 1229 8 1611 10 
1870 6 1872 5 569 2 1228 3 
1867 6 1227 7 1869 6 568 11 
571 4 1384 7 1226 4 1872 7 
1869 5 570 5 2347 8 1871 7 
1874 8 1546 8 1485 9 1876 8 
1873 8 1484 4 1545 5 1313 4 
1544 10 1876 5 1816 4 1878 5 
1486 3 1875 5 1543 2 1873 8 
1878 4 1481 5 1542 5 1880 6 
1877 4 1480 5 1541 4 1875 5 
1483 3 1540 5 1880 6 1866 9 
1539 4 1879 6 1877 6 1482 4 
165 9 46 6 1884 6 1882 10 
1881 10 164 6 45 7 1887 12 
1501 6 1884 4 163 3 1890 5 
1881 6 162 4 1883 4 47 4 
169 9 1886 7 880 10 1888 11 
1885 7 168 3 49 6 2098 2 
167 7 1888 11 1882 12 882 13 
1887 11 51 7 1885 11 166 9 
1890 6 872 10 1752 7 161 5 
1889 6 160 5 871 4 1883 5 
64 6 1898 5 878 2 1892 3 
1893 2 1891 3 63 4 877 5 
71 6 876 5 1892 2 1894 5 
875 7 68 9 1903 7 1893 5 
149 5 1896 6 1132 7 52 6 
1897 7 295 9 1895 6 881 6 
81 7 1896 7 1898 8 50 10 
879 11 1897 8 80 5 1891 5 
1902 5 1900 8 636 4 1192 6 
600 7 1905 8 1899 8 635 6 
603 3 1778 4 634 8 1902 4 
1899 5 602 3 1901 4 633 7 
874 6 1904 6 886 6 1894 7 
885 7 1903 6 2129 5 873 6 
1900 8 1906 6 630 8 607 7 
1905 6 606 6 629 8 1798 7 
1197 6 1908 2 610 6 1393 3 
620 4 609 5 1907 2 1909 3 
603 3 1908 3 1910 4 612 4 
1911 8 611 8 602 3 1909 4 
614 9 1910 8 1912 10 1192 9 
600 6 1911 10 613 5 1913 6 
616 5 1912 6 1914 3 607 6 
606 4 1913 3 615 4 1915 3 
618 3 605 7 1916 4 1914 3 
617 5 604 7 2439 4 1915 4 
904 8 1924 9 886 9 1918 9 
885 7 903 11 1804 5 1917 9 
1922 7 81 5 896 6 1920 4 
895 4 1919 4 1925 6 80 3 
898 6 1922 7 1353 7 149 4 
1921 7 1919 7 295 11 897 8 
1924 9 900 7 1926 9 71 11 
1923 9 68 8 1917 9 899 6 
64 9 1926 8 1920 6 902 6 
1923 9 1925 8 63 6 901 6 
2199 8 1768 7 1928 12 179 7 
178 11 2198 10 1936 10 1927 12 
811 5 303 6 305 9 390 5 
1933 6 1931 8 173 9 2195 7 
2168 8 172 5 2194 6 1930 8 
1933 7 1935 7 171 7 2197 9 
1930 6 1932 7 170 5 2196 5 
1937 6 2191 8 177 6 1935 5 
2190 7 176 6 1934 5 1932 7 
2193 6 175 6 1937 5 1928 10 
1934 6 2192 4 1936 5 174 6 
1941 9 1556 5 1939 3 1809 8 
1944 3 1555 6 1938 3 1808 5 
1983 3 1811 5 1941 8 1554 4 
1938 9 1810 12 1940 8 1553 11 
1552 9 1813 6 1943 6 1945 8 
1942 6 1946 5 1812 9 1551 9 
1939 3 1487 6 1550 4 1945 8 
1942 8 1549 9 1814 9 1944 8 
1489 9 1943 5 1947 4 1548 5 
1946 4 1488 5 1427 7 1547 5 
802 4 1949 5 1784 4 1955 6 
1950 9 1948 5 1783 8 801 6 
1951 7 1949 9 1782 7 804 11 
1950 7 1956 5 803 7 1781 6 
1953 7 392 7 1788 9 806 9 
1952 7 1954 6 805 5 1787 5 
1953 6 808 5 1786 5 1955 7 
807 8 1785 8 1948 6 1954 7 
1957 6 1951 5 1780 8 800 4 
1776 7 1779 7 1956 6 799 9 
638 8 1811 9 1959 9 1983 7 
1982 8 637 8 1964 7 1958 9 
1967 6 1977 9 630 10 1961 7 
1962 5 1976 7 1960 7 629 7 
632 6 1963 7 1961 5 1975 10 
631 8 146 9 1962 7 1974 6 
1965 6 634 10 1959 7 1981 11 
1966 6 1964 6 1980 5 633 7 
1967 5 1965 6 636 5 1979 6 
1966 5 1960 6 635 2 1978 7 
2210 7 307 10 809 9 313 7 
137 1 1970 4 2350 5 
136 6 2150 7 1969 4 2349 9 
1776 5 1972 2 1779 5 2215 3 
1971 2 1973 4 2214 5 
2217 8 1972 4 
948 3 1963 6 1975 9 668 5 
1962 10 1974 9 667 12 1976 12 
1977 9 670 6 1961 7 1975 12 
669 7 1960 9 1978 10 1976 9 
1977 10 1979 8 1967 7 672 7 
671 5 1978 8 1980 5 1966 6 
1981 10 1979 5 1965 5 674 4 
1980 10 673 10 1982 12 1964 11 
1983 6 1959 8 660 6 1981 12 
1940 3 1982 6 659 6 1958 7 
1999 5 2278 5 1985 7 710 5 
709 10 1984 7 2279 6 2173 7 
1987 3 1614 3 1773 5 2219 5 
1986 3 1772 6 1988 4 2323 4 
1987 4 2330 4 1989 2 1767 3 
1990 2 291 3 1766 3 1988 2 
1769 4 1989 2 1991 5 2328 4 
2199 8 1990 5 2327 6 1768 7 
702 4 2270 3 867 4 1993 2 
701 2 1994 4 2271 3 1992 2 
1995 8 704 7 2272 7 1993 4 
1994 8 2273 9 703 6 1996 6 
706 7 1997 4 2266 5 1995 6 
2267 6 1998 7 1996 4 705 7 
2268 5 1997 7 1999 6 708 6 
2269 7 1984 5 707 3 1998 6 
724 7 2001 7 735 5 1775 6 
723 8 2000 7 2006 7 734 10 
716 7 729 4 2003 4 2009 6 
715 8 2004 4 2002 4 728 5 
2005 4 2003 4 718 9 727 11 
717 4 2004 4 1744 3 726 5 
733 7 2007 5 2001 7 720 4 
2006 5 719 3 2008 4 732 5 
731 7 722 5 2009 5 2007 4 
2008 5 730 6 721 8 2002 6 
2011 6 1678 5 735 5 676 5 
2018 7 2010 6 734 9 1677 8 
727 10 2015 5 743 5 2013 5 
601 5 2012 5 742 7 726 7 
2017 11 729 6 1656 8 2015 8 
2012 5 1654 5 728 7 2014 8 
739 1 2017 7 731 6 2019 3 
2014 11 2016 7 730 9 738 7 
733 8 2011 7 737 7 2019 6 
732 5 736 5 2018 6 2016 3 
1544 9 2027 6 1705 7 2021 5 
1704 4 1543 3 2022 5 2020 5 
2021 5 1703 5 2023 7 1546 4 
1702 8 2022 7 1337 5 1545 8 
2025 3 2029 3 1540 5 1709 7 
2024 3 1708 4 1539 1 2026 5 
2027 8 1707 11 1542 7 2025 5 
2026 8 2020 6 1706 5 1541 6 
1701 6 86 6 1538 7 2029 4 
1700 9 2028 4 2024 3 1537 2 
2416 5 135 6 1824 4 2031 5 
2415 2 2038 8 134 5 2030 5 
2033 9 2035 7 143 9 2424 8 
2032 9 2423 10 962 11 142 11 
2035 7 2422 6 145 7 2037 7 
144 10 2034 7 2032 7 2212 8 
2039 2 2037 4 2420 3 139 1 
138 8 2419 7 2036 4 2034 7 
2039 8 2418 9 2031 8 141 9 
2036 2 2038 8 2417 9 140 4 
1679 4 898 6 1353 7 
1383 9 2042 8 1423 10 2048 9 
1835 6 1422 4 2041 8 1382 5 
1425 6 2046 5 2044 4 1381 6 
1380 3 1424 2 2043 4 2049 6 
1488 4 1427 6 1379 3 2046 4 
2043 5 1378 4 2045 4 1426 6 
1377 4 2050 2 1429 4 2048 4 
2041 9 1428 4 2047 4 1376 4 
1431 8 1375 9 2050 5 2044 6 
2047 2 1430 5 1374 3 2049 5 
2054 6 2382 8 1109 7 2052 5 
2057 4 1110 6 2381 7 2051 5 
2054 3 1846 4 1111 3 2380 2 
2051 6 2053 3 2379 8 1112 4 
2056 5 1105 2 2378 3 2058 4 
2059 4 2055 5 2377 7 1106 6 
2052 4 2376 6 2058 5 1107 6 
1108 7 2057 5 2375 11 2055 4 
2060 4 2056 4 1113 3 2374 4 
2059 4 2373 6 1114 5 925 8 
1685 7 2068 10 1793 8 2062 7 
1794 7 2063 5 2061 7 1684 8 
1683 6 2064 6 1795 7 2062 5 
2063 6 1682 5 1796 6 2069 6 
2066 7 1789 8 1689 7 1535 7 
2065 7 1688 6 1790 3 2067 6 
2068 9 1687 6 1791 6 2066 6 
2061 10 2067 9 1792 7 1686 10 
1797 8 2070 3 1681 5 2064 6 
1680 2 2069 3 471 4 1193 3 
2072 9 1757 10 1713 7 
2071 9 1712 7 1756 8 2073 6 
1759 9 2072 6 2074 5 1711 5 
1710 2 2073 5 1299 4 1758 3 
377 5 270 8 2082 6 2076 5 
269 4 2077 4 2075 5 376 5 
268 5 2076 4 2078 4 379 8 
267 3 378 6 2077 4 132 6 
274 7 2080 7 373 6 1363 4 
2079 7 2081 8 273 7 372 12 
375 5 2080 8 272 5 2082 5 
374 6 2075 6 271 4 2081 5 
2084 7 806 7 1590 3 2264 4 
2083 7 1589 10 849 9 805 7 
2086 5 499 5 1759 9 2088 9 
1758 3 498 5 2085 5 2283 5 
1757 5 2088 7 
500 10 2087 7 1756 11 2085 9 
1678 4 676 4 769 6 2090 6 
2091 7 768 6 2089 6 675 7 
2090 7 767 3 678 5 2092 4 
2093 5 2091 4 677 5 766 3 
2092 5 2094 6 680 5 765 4 
2095 7 764 5 2093 6 679 6 
2094 7 682 8 2096 7 763 7 
681 9 2097 6 762 6 2095 7 
684 9 2098 5 2096 6 772 5 
771 6 2097 5 683 5 1886 2 
2294 4 2100 5 1471 6 
1470 6 1350 6 2099 5 
2120 3 2394 6 1343 3 
1781 11 2393 9 1722 8 2403 10 
1721 4 2398 4 2396 10 1784 5 
2436 7 2105 5 2111 8 2235 5 
2435 4 2104 5 2106 7 2234 7 
2237 6 2434 5 2105 7 2107 8 
2106 8 2236 7 
2109 7 2231 2 
2108 7 2361 6 2110 11 2230 8 
2438 8 2111 11 2109 11 2233 9 
2232 7 2437 9 2110 11 2104 8 
782 4 2113 7 2115 5 678 6 
781 8 2112 7 677 7 2118 6 
735 6 676 6 1775 7 2115 5 
2112 5 2114 5 1774 5 675 4 
2119 8 2117 5 682 6 786 5 
681 9 2116 5 785 6 419 6 
788 7 680 4 2113 6 2119 8 
787 9 2116 8 679 9 2118 8 
2101 3 1339 7 
1282 8 2122 4 347 4 2285 3 
350 4 2121 4 2284 7 1096 8 
747 9 2124 4 763 6 2126 5 
746 3 2123 4 762 4 2137 6 
765 3 2126 4 2128 6 745 5 
2125 4 744 5 2123 5 764 4 
2130 4 767 4 2128 7 751 7 
2127 7 2125 6 750 6 766 5 
769 6 1904 5 749 4 2130 2 
2127 4 768 2 2129 2 748 4 
2132 5 608 5 2193 8 530 7 
2133 3 2131 5 2192 2 529 10 
2191 7 532 3 2132 3 2134 8 
2135 9 2190 11 531 12 2133 8 
2136 8 2134 9 2197 7 526 3 
2135 8 2196 8 624 7 525 7 
741 8 2138 10 2124 6 772 7 
219 10 771 9 740 7 2137 10 
1457 5 2410 5 2146 3 2140 3 
2409 3 2141 6 1456 1 2139 3 
1455 9 2142 8 2140 6 2412 9 
1305 7 2141 8 2411 5 1454 6 
2148 6 2406 5 2144 6 1461 5 
2405 8 2143 6 1460 7 2145 10 
2146 7 2408 10 1459 10 2144 10 
2145 7 1458 1 2139 3 2407 4 
2331 2 2148 5 1452 4 2414 4 
2143 6 2413 9 1451 7 2147 5 
2154 6 2442 8 2150 7 2189 7 
2188 7 2149 7 2441 5 1970 7 
2183 8 2448 8 2152 9 2158 7 
2182 6 2151 9 2447 5 2153 8 
2154 7 2450 9 2152 8 2181 6 
2149 6 2449 6 2153 7 2180 7 
543 6 2187 8 2444 5 2156 10 
2186 10 2443 12 2157 9 2155 10 
2156 9 2446 7 2158 4 2185 6 
2184 5 2445 4 2151 7 2157 4 
788 8 2356 5 2166 5 2160 9 
2355 7 787 9 2161 7 2159 9 
2162 6 786 4 2160 7 1817 2 
2161 6 2167 11 785 8 2357 6 
2164 6 724 6 1775 5 1815 10 
2163 6 2351 6 1774 8 2165 7 
2164 7 2166 4 782 3 2354 4 
2159 5 781 6 2165 4 2353 9 
2360 9 1761 11 2162 11 2168 10 
1931 8 2359 8 1760 10 2167 10 
2176 3 2170 6 1207 5 2415 3 
2416 5 1206 7 2169 6 1632 5 
1205 12 2174 5 2172 4 2212 8 
1204 2 2422 3 2171 4 2177 3 
2423 8 1203 9 1985 7 2174 5 
2171 5 2424 6 2173 5 1202 6 
2176 2 2178 5 2417 9 1201 7 
1200 4 2175 2 2169 3 2418 3 
1199 6 2178 6 2419 6 2172 3 
2177 6 2175 5 1198 7 2420 6 
2213 9 337 7 690 6 1706 7 
864 7 2189 8 2181 6 2154 7 
863 5 2182 4 2180 6 2153 6 
2152 6 2181 4 1007 3 2183 5 
1006 6 2151 8 2184 6 2182 5 
2183 6 2185 7 1001 6 2158 5 
2184 7 2186 7 2157 6 1000 5 
2156 10 2187 8 2185 7 1003 6 
1002 7 2155 8 2186 8 981 10 
2349 9 2150 7 2189 7 860 6 
859 8 2180 8 2188 7 2149 7 
1935 7 2191 10 2197 9 2134 11 
2133 7 1934 8 2190 10 2192 6 
2191 6 1937 4 2132 2 2193 5 
1936 6 2198 6 2131 8 2192 5 
2195 5 626 6 2359 6 1931 6 
2194 5 2196 6 1930 7 624 5 
2136 8 2195 6 2197 7 1933 5 
2196 7 2190 9 2135 7 1932 9 
608 3 2193 6 2199 6 1928 10 
1927 8 1991 8 2198 6 868 5 
981 7 1002 4 2201 4 102 3 
980 4 2202 7 2200 4 101 6 
2201 7 95 8 977 5 2203 11 
2204 11 2202 11 976 9 94 9 
2203 11 979 8 2205 7 93 8 
92 6 2206 5 2204 7 978 6 
973 9 99 4 2205 5 2207 6 
98 5 972 8 2208 7 2206 6 
2209 6 975 9 2207 7 97 5 
2363 7 974 7 2208 6 96 7 
1968 7 2211 8 395 8 583 5 
2210 8 313 8 195 9 582 9 
2035 8 2424 9 2171 8 2422 7 
2179 9 685 8 1707 10 336 5 
1666 9 2217 9 1972 5 2215 6 
1971 3 1652 7 2404 7 2214 6 
1640 11 2217 11 
1973 8 1637 8 2214 9 2216 11 
1616 5 2219 6 2265 4 1771 2 
2325 6 2218 6 1986 5 1770 8 
2221 5 391 5 579 6 310 5 
578 5 2220 5 309 4 394 4 
1212 9 
2226 7 1447 8 2332 8 2224 6 
2331 3 1446 6 2414 5 2223 6 
2228 6 1445 12 2226 7 
1444 8 2223 7 2333 5 2225 7 
2229 5 1439 7 2228 5 
2225 6 2227 5 1438 4 
1436 9 2227 5 
666 4 2233 6 2231 3 2109 8 
1004 4 665 5 2230 3 2108 2 
2111 7 664 7 2235 4 2233 5 
2230 6 663 5 2232 5 2110 9 
662 6 2237 6 2105 7 2235 7 
661 4 2232 4 2234 7 2104 5 
1421 4 2237 5 2238 6 2107 7 
2106 6 1420 3 2236 5 2234 6 
1432 6 2236 6 
1566 5 2241 7 
1560 5 2243 7 495 6 2241 6 
494 5 1559 7 2239 7 2240 6 
497 5 2245 7 1558 4 2243 5 
1557 7 2240 7 2242 5 496 7 
2245 11 491 8 2247 9 1564 8 
2244 11 2242 7 1563 6 490 9 
1056 6 493 7 1562 8 2247 7 
492 8 1561 8 2244 9 2246 7 
1450 5 1572 6 959 5 1732 5 
1715 8 1196 6 188 8 111 7 
1507 3 2251 7 1574 6 959 5 
2252 9 2250 7 1573 8 1506 8 
1513 7 2251 9 1568 6 2253 6 
1567 3 2254 4 1512 4 2252 6 
1570 4 1511 6 2253 4 2255 5 
1510 5 1297 5 2254 5 1569 10 
106 7 181 7 1358 6 2257 4 
180 4 2258 3 2256 4 105 5 
2259 6 104 8 183 5 2257 3 
2260 5 2258 6 103 10 182 5 
2259 5 110 5 185 5 2261 4 
109 4 184 5 2260 4 2262 4 
2263 5 187 3 108 7 2261 4 
186 7 107 11 1196 5 2262 5 
2265 5 2083 4 2322 6 1765 4 
2264 5 1764 5 2321 3 2218 4 
2267 7 965 8 2273 8 1996 5 
2266 7 1997 6 2268 4 653 6 
967 1 1998 5 2269 6 2267 4 
1999 7 2268 6 966 8 2278 7 
2271 4 969 3 1992 3 1352 5 
2270 4 968 7 2272 6 1993 3 
2273 8 1994 7 2271 6 654 9 
2272 8 1995 9 2266 8 652 5 
1590 8 368 10 1562 11 2275 11 
2276 5 1589 9 1561 9 2274 11 
1588 4 2275 5 2277 3 1564 3 
1344 7 1587 6 2276 3 1563 3 
2279 4 963 4 1984 5 2269 7 
962 8 2278 4 1985 6 2423 7 
1345 9 2281 9 1584 11 1560 8 
1559 7 1583 6 2280 9 1324 5 
953 6 2283 7 2289 8 1576 6 
950 5 2282 7 2086 5 1575 5 
2287 7 2285 6 2122 7 1574 8 
2290 4 2284 6 1573 5 2121 3 
1572 7 2287 6 351 7 1448 9 
2284 7 2286 6 350 4 1571 6 
2289 6 345 3 2291 5 1570 3 
2288 6 2282 8 344 9 1569 12 
2285 4 1568 4 347 5 2291 6 
1567 5 2290 6 2288 5 346 5 
2293 2 1355 3 2295 3 
2292 2 1354 4 
1357 5 2099 4 2295 4 
1356 10 2294 4 2292 3 
2299 4 1021 5 722 6 2297 5 
2302 3 1020 8 2296 5 721 7 
720 8 2299 8 1023 9 2305 10 
2298 8 2296 4 1022 4 719 2 
2301 6 1025 5 718 10 2303 7 
2300 6 717 5 1024 4 1306 4 
1027 3 2297 3 716 5 2303 4 
715 10 2302 4 2300 7 1026 8 
1815 12 1019 7 2305 7 724 8 
1018 6 2304 7 723 7 2298 10 
132 10 2307 8 378 10 135 8 
131 5 2306 8 2364 8 134 6 
1181 7 2309 10 137 4 
15 9 2308 10 136 9 1180 8 
2311 6 623 6 1049 6 1039 4 
2310 6 1038 6 2312 9 1048 8 
1047 9 1041 10 2311 9 2313 7 
2314 5 1046 5 1040 4 2312 7 
1045 6 2313 5 1043 7 2315 6 
1042 6 1298 8 2314 6 1044 5 
1502 8 958 8 1053 9 2317 5 
957 7 1052 4 2316 5 1524 4 
1581 4 1583 4 1324 3 857 3 
463 6 2320 6 1009 5 1053 7 
1008 8 1052 7 2319 6 2329 8 
393 7 2322 4 2265 3 1616 4 
2264 6 2321 4 392 7 806 9 
1614 4 1987 4 381 5 2330 4 
1044 9 1012 10 1497 10 1613 7 
1614 4 2219 6 383 3 1616 5 
1010 6 1615 7 1046 6 1613 3 
385 7 1991 6 868 3 2328 5 
384 6 1990 4 291 5 2327 5 
1051 8 2320 8 1015 9 2336 7 
386 5 1988 4 2323 4 291 5 
1349 2 2147 2 2224 3 2332 5 
1348 8 2333 6 2223 8 2331 5 
2226 5 2332 6 1347 5 
1649 9 250 5 2335 11 1580 10 
1648 12 454 9 2334 11 249 10 
1014 9 1050 5 1617 10 2329 7 
2338 4 1011 4 2344 4 1027 5 
2337 4 2339 5 1026 6 1010 5 
2338 5 2340 4 1025 5 1013 5 
2339 4 1012 4 1398 2 1024 2 
2346 3 1023 4 2342 3 1015 6 
2343 5 2341 3 1014 8 1022 4 
2342 5 1021 6 1017 6 2344 5 
1020 7 2337 4 1016 8 2343 5 
1019 5 29 6 2346 3 1009 4 
2341 3 1008 6 2345 3 1018 4 
1069 8 1228 6 1872 8 1226 5 
1223 5 1225 5 1453 6 1125 4 
2188 9 1970 9 2350 10 862 8 
2349 10 1969 5 861 6 
2164 6 2354 3 207 4 1815 10 
1067 8 1647 5 1372 5 1234 7 
2354 9 2356 9 2166 9 205 11 
2353 9 2351 3 2165 4 204 5 
2160 7 1817 2 203 4 2356 3 
2353 9 202 4 2159 5 2355 3 
1817 2 201 5 2360 4 2162 6 
1032 1 1233 5 1235 2 1217 3 
209 10 2168 8 2360 7 2194 6 
208 6 2167 9 2359 7 2357 4 
2109 6 2438 3 
2368 8 2363 11 848 9 2392 9 
2362 11 2209 7 2391 11 847 5 
141 8 128 7 2307 8 2421 7 
2386 6 840 12 2372 11 2366 11 
2367 8 839 8 2385 9 2365 11 
2384 6 2366 8 842 6 2368 4 
2362 8 841 7 2383 6 2367 4 
844 7 2390 8 69 7 2370 9 
2389 9 843 8 2371 8 2369 9 
2388 5 846 6 2372 8 2370 8 
2371 8 2365 11 845 7 2387 9 
1476 4 2060 6 1284 6 2374 6 
1283 6 2377 7 2373 6 2059 4 
2378 10 2376 12 1275 13 2058 11 
2057 6 2375 12 2381 9 1274 6 
1277 10 2378 5 2374 7 2056 7 
2375 10 2377 5 1276 4 2055 3 
1279 10 2382 10 2380 7 2054 8 
83 5 2053 2 1278 6 2379 7 
1281 9 2052 7 2382 10 2376 9 
2051 8 2381 10 2379 10 1280 5 
2384 8 936 5 2392 7 2368 6 
2367 6 2383 8 2385 7 935 7 
2366 9 2384 7 938 5 2386 4 
937 4 2365 6 2387 4 2385 4 
2386 4 2388 6 940 5 2372 9 
2389 6 2371 5 939 6 2387 6 
942 5 2388 6 2370 9 2390 8 
2369 8 941 6 447 6 2389 8 
2363 11 934 7 2392 9 96 11 
933 7 2383 7 2391 9 2362 9 
2396 10 2102 9 1723 6 1782 4 
2101 6 1315 6 1342 12 2395 9 
1864 7 1341 9 2394 9 1317 7 
619 11 2393 10 1783 12 2103 10 
1786 4 1719 2 2398 3 2400 8 
2103 4 2397 3 1718 6 1785 5 
1788 9 1715 7 2400 10 111 6 
1716 8 2397 8 2399 10 1787 8 
1314 7 2402 8 1338 8 1864 7 
1337 4 1545 7 2401 8 1313 6 
1725 5 2404 8 2102 10 1780 8 
2403 8 2215 7 1724 6 1779 9 
2406 7 2144 8 1697 7 2408 8 
2413 8 2405 7 1696 3 2143 5 
1695 7 2410 6 2408 7 2146 4 
2407 7 1694 9 2145 10 2405 8 
2412 6 2410 5 2140 3 1693 6 
2407 6 2139 5 1692 8 2409 5 
1854 3 2142 5 2412 6 1691 5 
2409 6 2411 6 2141 9 1690 8 
2406 8 2148 9 1699 7 2414 8 
1698 5 2413 8 2224 5 2147 4 
2418 3 2031 2 2416 2 2169 3 
2030 5 2170 5 1509 4 2415 2 
2418 10 2039 9 2420 10 2175 9 
2415 3 2038 9 2417 10 2176 3 
2037 7 2420 6 2422 6 2177 6 
2419 6 2036 3 2417 10 2178 6 
127 4 535 4 140 4 2364 7 
2172 3 2419 6 2034 6 2212 7 
2173 8 2424 9 2033 10 2279 7 
2423 9 2212 9 2174 6 2032 8 
62 6 1600 10 413 5 516 4 
1339 10 2429 6 302 8 
2430 6 298 8 1341 9 2428 6 
299 5 1340 5 2431 8 2427 6 
2430 3 300 4 1343 3 2426 6 
2427 6 301 3 2429 3 1342 9 
2432 10 2428 8 296 9 1338 10 
2431 10 1337 4 297 7 1702 7 
2454 5 2440 7 11 4 
2435 2 2106 5 
2105 4 2434 2 2436 6 
2104 7 2437 8 2435 6 
2111 9 2436 8 2438 6 
2110 8 2361 3 2437 6 
2453 3 13 4 1916 4 2440 6 
2433 7 12 6 2439 6 2452 9 
2150 5 15 4 136 4 2442 6 
2449 8 2149 8 14 6 2441 6 
2446 10 2444 7 2156 12 23 9 
22 9 2443 7 2155 5 489 3 
2446 7 2448 5 2158 4 21 5 
2445 7 2443 10 20 6 2157 7 
2450 6 2152 5 19 4 2448 4 
2151 8 2445 5 18 4 2447 4 
2442 8 2154 6 17 5 2450 8 
2447 6 2153 9 16 7 2449 8 
1160 6 1185 3 1158 3 984 4 
116 10 2453 6 2454 7 2440 9 
2439 3 2452 6 115 6 617 4 
2433 5 117 5 2452 7 
