2565 4995 001
2 4 2412 5 1127 3 1031 4 
591 2 1 4 1030 3 
4 1 10 2 1767 2 867 2 
3 1 182 1 1766 1 868 2 
8 3 6 2 1769 3 864 2 
1768 2 865 1 5 2 11 3 
8 3 862 3 1771 3 525 3 
7 3 5 3 322 4 1770 2 
1773 4 12 3 860 2 10 3 
3 2 861 3 9 3 1772 2 
1775 3 858 3 12 4 6 3 
859 2 9 3 11 4 1774 2 
14 1 138 2 192 2 152 4 
148 1 825 2 13 1 191 2 
1484 2 2181 3 16 2 1264 2 
140 1 15 2 2180 1 1263 2 
158 2 196 3 18 4 20 5 
23 3 829 3 195 3 17 4 
1252 2 2177 2 150 3 146 2 
827 4 148 4 197 4 17 5 
276 2 2186 1 22 1 150 2 
2108 2 2185 1 268 3 21 1 
18 3 832 3 202 3 24 2 
1259 4 831 2 201 2 23 2 
28 2 26 4 380 2 2019 2 
25 4 30 3 2018 3 379 3 
2021 1 28 1 378 4 1495 1 
25 2 377 1 27 1 2020 1 
2022 2 31 1 383 2 
2024 4 26 3 382 3 31 1 
29 1 381 3 2023 2 30 1 
662 4 1958 4 43 3 33 3 
34 2 661 1 32 3 1957 1 
660 3 35 2 33 2 1960 2 
34 2 1959 1 659 1 36 1 
37 3 1962 2 35 1 666 4 
38 3 36 3 1961 3 665 4 
1964 2 37 3 664 1 39 2 
1963 2 38 2 2440 2 663 2 
41 1 2441 1 2558 1 803 1 
40 1 804 2 221 1 2557 1 
43 3 1966 3 896 5 668 3 
42 3 667 1 32 3 1965 2 
45 1 47 1 660 2 884 1 
44 1 885 2 50 2 659 1 
882 2 53 2 47 2 662 3 
44 1 46 2 883 2 661 1 
51 1 664 1 49 1 888 2 
663 1 2444 1 48 1 889 3 
666 5 45 2 51 2 886 3 
48 1 887 2 665 2 50 2 
53 2 668 2 2492 3 880 3 
52 2 881 1 46 2 667 1 
1228 3 55 5 56 3 1677 3 
1676 5 54 5 59 4 1227 3 
2373 1 54 3 
2375 3 306 3 58 3 60 3 
2374 2 2314 3 1680 2 57 3 
2377 3 60 3 55 4 1679 3 
59 3 2376 3 1678 3 57 3 
72 2 62 3 2423 3 127 1 
2422 3 126 3 249 3 61 3 
238 3 1238 3 1525 2 64 3 
1524 2 67 3 1237 2 63 3 
2116 3 68 3 2300 5 66 3 
1526 2 2299 2 65 3 456 2 
64 3 68 2 1529 3 2297 2 
1528 1 2293 1 65 3 67 2 
70 2 1511 3 459 3 1244 4 
1243 3 1530 3 69 2 2463 1 
72 2 129 1 2426 4 450 3 
71 2 2425 2 128 4 61 2 
735 3 74 3 925 4 78 4 
924 1 73 3 734 4 1011 2 
76 1 619 1 82 2 737 1 
75 1 922 2 77 1 736 4 
739 2 76 1 78 2 921 2 
738 3 920 2 77 2 73 4 
80 2 741 2 919 3 266 2 
740 2 79 2 81 2 614 2 
613 1 80 2 743 1 82 2 
742 3 612 3 75 2 81 2 
1709 2 483 4 84 3 89 3 
85 2 481 3 83 3 1710 2 
1707 1 86 1 84 2 485 3 
484 1 85 1 1708 2 2485 1 
1823 3 88 2 
1711 1 89 2 87 2 479 2 
478 3 88 2 1712 2 83 3 
1638 2 91 3 2507 2 208 3 
98 4 90 3 207 4 1637 3 
95 1 211 1 93 1 1636 2 
1411 2 92 1 1635 2 210 3 
97 4 95 2 213 2 1634 2 
92 1 212 2 94 2 1633 1 
97 4 99 2 1632 3 215 3 
96 4 214 3 94 4 1631 3 
1630 3 91 4 99 3 217 3 
96 2 216 1 98 3 1629 1 
107 1 2034 1 504 1 101 2 
100 2 102 3 492 2 2033 2 
103 2 2364 3 2032 2 101 3 
102 2 657 2 2031 2 2361 2 
2030 2 105 2 285 2 476 2 
106 2 187 2 104 2 2029 2 
105 2 107 2 2028 3 487 3 
106 2 100 1 2345 1 2027 2 
788 3 1923 2 111 2 
110 3 1922 1 790 2 112 2 
109 3 789 3 1215 3 1921 3 
792 2 108 2 1920 3 112 3 
109 2 791 3 111 3 1919 2 
1321 3 114 2 465 2 
1320 2 463 2 115 1 113 2 
1319 2 114 1 116 2 1822 3 
1821 3 296 3 115 2 1318 3 
2458 2 118 2 1683 2 2213 2 
1666 3 117 2 2457 2 340 2 
639 1 1383 3 1845 1 874 1 
1141 1 121 1 866 2 1733 1 
1730 1 120 1 1140 2 122 2 
2442 2 1139 3 121 2 123 3 
2558 2 2441 2 122 3 1138 2 
1145 3 131 1 125 1 2436 1 
863 1 124 1 2435 1 1144 1 
62 3 127 1 2390 1 2561 1 
128 3 126 1 237 1 61 1 
129 3 72 4 127 3 844 3 
843 1 128 3 71 1 130 1 
450 3 846 1 129 1 
124 1 1136 2 873 3 2433 1 
876 3 309 2 879 3 1521 3 
138 2 824 2 194 3 240 2 
1511 2 135 1 311 1 879 2 
134 1 310 1 1628 3 1530 3 
1177 1 1417 1 550 2 137 1 
1178 3 145 2 136 1 549 2 
133 2 193 2 823 2 13 2 
142 2 907 2 552 2 1185 1 
16 1 1250 2 2179 2 146 1 
1183 3 554 2 142 2 144 1 
139 2 553 4 1184 2 141 2 
144 1 1181 1 556 1 915 1 
143 1 555 2 1182 1 141 1 
915 2 558 2 137 2 1179 3 
1249 1 2178 3 19 2 140 1 
2223 3 1040 2 2225 3 1814 2 
14 1 20 4 198 1 1956 3 
2222 3 754 2 526 3 2236 2 
2176 2 162 2 19 3 21 2 
826 2 171 2 730 2 828 1 
825 5 1280 4 823 4 13 4 
1445 3 2449 1 303 1 
935 2 1019 1 
727 3 830 3 165 5 828 2 
1136 2 418 1 954 1 464 2 
1997 1 910 1 1108 1 
17 2 829 1 1284 3 827 1 
2305 2 161 2 2403 2 163 2 
161 1 1269 1 167 1 163 1 
159 2 160 1 
276 2 150 2 1252 1 648 2 
2505 2 160 1 159 2 2304 2 
1273 4 171 2 165 4 828 1 
166 4 164 4 155 5 1272 4 
165 4 167 1 830 2 1271 2 
166 1 2505 2 1270 1 160 1 
169 1 2450 4 1277 1 338 1 
1276 1 168 1 170 1 2447 2 
1275 2 826 2 169 1 171 2 
170 2 151 2 164 2 1274 2 
442 2 1144 2 464 3 960 2 
493 1 174 1 1139 2 959 3 
958 1 1138 1 2062 2 173 1 
1649 1 1568 1 1149 1 1106 2 
1042 3 2223 2 
178 1 1100 2 1574 1 180 2 
1101 1 177 1 1573 1 183 3 
1149 2 1098 2 180 3 1576 2 
1575 2 179 3 1099 2 177 2 
1570 1 182 1 1104 1 184 2 
1569 1 1105 2 4 1 181 1 
184 4 1102 3 178 3 1572 3 
183 4 1103 3 1571 2 181 2 
1726 2 186 4 2428 4 189 2 
370 4 185 4 1725 3 2427 3 
105 2 476 2 487 3 531 5 
1724 2 2430 3 189 2 
1723 1 188 2 2429 1 185 2 
346 2 2451 2 1684 4 1688 2 
198 2 1994 2 192 3 14 2 
1993 3 191 3 193 2 13 2 
138 2 1992 1 192 2 194 3 
1991 3 2266 4 133 3 193 3 
1990 1 196 2 18 3 202 3 
1989 3 197 2 195 2 17 3 
196 2 20 4 198 1 1988 1 
191 2 197 1 1987 1 148 1 
1268 2 200 2 330 3 
329 1 199 2 205 2 
1471 1 1996 1 202 3 24 2 
201 3 195 3 23 3 1995 4 
204 4 206 2 334 3 
203 4 333 4 1251 3 
2211 2 200 2 206 2 
203 2 331 2 205 2 
208 4 91 4 2085 3 217 3 
207 4 376 3 2084 3 90 3 
1655 1 767 1 2549 2 810 2 
211 3 320 4 2090 3 93 3 
212 2 210 3 2089 2 92 1 
95 2 211 2 213 2 2088 2 
94 2 212 2 214 1 2087 2 
97 3 215 2 213 1 2094 3 
216 2 214 2 2093 2 96 3 
215 2 99 1 2092 2 217 1 
2091 1 216 1 207 3 98 3 
767 1 787 2 812 2 2551 4 
2554 1 805 1 222 2 220 4 
787 5 806 4 219 4 2553 4 
2556 1 41 1 807 1 222 2 
2555 2 808 3 219 2 221 2 
1887 2 1266 2 2249 3 224 1 
1265 4 1886 2 2398 2 223 1 
1706 3 228 2 226 2 2119 2 
2118 1 1705 1 225 2 
1704 1 228 1 230 3 2121 1 
225 2 227 1 1703 1 2120 1 
2123 2 1702 1 232 1 230 3 
2122 4 227 3 1701 4 229 3 
1700 3 232 3 234 5 2125 3 
1699 1 231 3 229 1 2124 4 
1698 3 2127 2 1915 3 234 3 
2126 3 231 5 1697 3 233 3 
1260 2 2248 2 1890 2 2250 2 
275 3 2432 3 
2174 4 844 1 2390 1 127 1 
63 3 239 3 2452 2 1789 2 
1531 2 238 3 332 4 2451 2 
2266 3 2416 2 241 4 133 2 
2415 4 240 4 250 4 2265 3 
243 1 1534 1 1793 1 2456 1 
244 4 242 1 2455 1 351 2 
243 4 245 4 1791 5 2458 4 
341 2 244 4 1537 1 2457 2 
1540 1 2564 1 2268 3 253 2 
1537 1 2459 1 1794 1 424 1 
2562 3 1540 2 249 2 2270 2 
2269 2 62 3 248 2 2561 1 
2560 3 241 4 2272 4 251 3 
2559 2 2271 2 252 3 250 3 
253 3 2274 3 2419 3 251 3 
252 3 2273 3 246 2 2417 3 
255 3 2501 5 2140 4 261 3 
254 3 1293 1 256 1 2139 2 
1294 2 257 2 255 1 2142 1 
264 4 256 2 2504 4 2141 2 
431 2 1288 3 259 3 2144 3 
2491 2 2143 4 1565 3 258 3 
2123 3 1566 2 1783 4 1564 3 
2500 1 1565 2 254 3 2145 2 
1785 4 2127 5 2327 4 263 4 
1563 2 2126 1 262 4 1784 2 
2152 4 257 4 265 3 1296 3 
1297 2 2151 2 264 3 1552 1 
729 2 267 2 1127 2 79 2 
591 1 266 2 728 1 
646 3 276 4 22 3 1357 3 
1822 3 272 3 2428 3 270 2 
441 2 1821 3 2427 2 269 2 
2430 2 272 3 465 1 
269 3 271 3 463 4 2429 3 
835 2 601 3 301 1 
663 3 2444 3 275 4 2440 3 
236 3 2439 2 274 4 
21 2 162 2 268 4 645 2 
286 1 1807 1 603 2 278 2 
602 2 1806 3 279 2 277 2 
605 2 1805 1 278 2 280 4 
1804 5 604 5 279 4 281 4 
282 1 1803 1 280 4 607 1 
283 1 606 1 1802 2 281 1 
282 1 609 4 1801 1 284 2 
608 2 1226 2 1800 2 283 2 
286 1 1799 2 104 2 611 2 
277 1 285 1 610 1 1798 3 
1126 2 2036 2 1615 2 1848 2 
301 3 835 4 1846 4 527 3 
292 3 290 3 834 2 2317 2 
289 3 833 2 2316 2 1846 3 
840 2 2321 1 294 2 292 2 
289 3 839 3 2319 4 291 2 
1174 5 838 4 1844 3 294 4 
2324 2 291 2 293 4 837 2 
298 3 296 3 1129 2 2056 3 
1128 3 295 3 116 3 2184 3 
300 1 1131 2 1608 2 298 2 
295 3 1130 2 1607 2 297 2 
1606 1 302 1 300 1 1133 5 
297 1 1605 1 1527 1 299 1 
288 3 273 1 
1134 1 299 1 1603 1 1885 1 
2383 1 153 1 
307 2 305 1 2066 1 871 1 
2065 2 848 1 304 1 869 1 
1680 2 1593 2 1678 3 57 3 
304 2 2063 4 1483 2 1355 3 
309 3 879 4 1653 3 311 3 
308 3 132 2 1652 1 1355 2 
1395 1 135 1 2060 2 311 1 
134 1 308 3 2059 1 310 1 
1403 1 313 1 315 1 1783 3 
318 2 312 1 1402 3 1782 3 
1781 2 1405 2 315 1 321 2 
1404 3 312 1 1780 1 314 1 
1779 3 317 2 1407 1 319 2 
316 2 1778 2 1406 4 1954 2 
319 3 1777 3 313 2 1409 3 
1776 2 318 3 316 2 1408 3 
210 4 321 3 1411 3 1785 2 
1410 3 1784 3 320 3 314 2 
947 5 8 4 862 4 864 3 
1787 4 337 4 751 5 1344 3 
1942 2 325 2 
455 2 1496 3 324 2 
332 3 1786 1 1531 1 1577 3 
330 2 1268 1 328 1 1879 1 
640 1 486 2 327 1 1267 1 
200 1 1881 2 2211 1 330 2 
327 2 1880 3 329 2 199 3 
1875 2 334 3 206 2 2211 2 
1789 3 326 3 239 4 1580 3 
2187 3 639 2 204 4 334 3 
331 3 203 3 1876 3 333 3 
2212 1 336 1 1933 1 1468 3 
1467 1 335 1 1932 1 1796 2 
748 2 1788 3 1905 2 323 4 
1670 1 168 1 339 1 1062 1 
1061 3 1666 3 338 1 340 2 
1066 2 339 2 2213 2 118 2 
1795 3 245 2 1582 3 1791 3 
343 2 2213 2 1683 2 1064 3 
342 2 1682 1 344 2 1063 2 
345 3 1070 2 343 2 1685 3 
344 3 346 2 1069 3 1684 4 
1068 1 2221 2 190 2 345 2 
1588 3 746 4 1893 3 1790 2 
2294 2 2081 2 349 2 
669 2 350 2 2080 1 348 2 
2079 2 349 2 353 2 2296 3 
243 2 1791 3 1584 2 1793 2 
1343 2 744 2 1792 3 1790 1 
354 1 2078 2 350 2 2291 1 
2077 2 2290 1 353 1 513 1 
1724 1 2075 1 356 1 
357 1 355 1 1723 1 2076 2 
356 1 358 2 1726 1 2414 1 
1725 2 2082 2 357 2 520 2 
2142 3 362 3 360 3 
371 1 2141 1 359 3 
2140 4 362 3 2301 3 
359 3 2139 2 361 3 
2276 1 2367 1 538 1 364 1 
2275 1 367 1 1520 2 363 1 
368 1 366 1 2278 1 1485 2 
365 1 2318 1 2277 2 1518 1 
368 1 364 1 2280 2 1517 1 
365 1 367 1 2279 2 1516 3 
2282 2 370 3 1515 2 2320 2 
186 4 1514 3 369 3 2281 2 
360 1 2152 2 372 1 
371 1 2104 1 2151 2 
1267 1 486 2 
1863 2 2506 1 375 3 
2508 4 1862 3 374 3 376 4 
208 3 2507 2 1861 3 375 4 
28 1 380 1 444 2 378 4 
1455 5 27 4 443 5 377 4 
446 1 382 3 380 1 26 3 
377 1 25 2 379 1 445 1 
31 3 448 4 383 4 382 5 
379 3 447 3 30 3 381 5 
449 2 29 2 381 4 
385 4 1216 2 689 3 387 2 
384 4 1215 3 688 4 1921 3 
1928 2 387 1 1214 2 389 2 
386 1 1213 1 384 2 1927 3 
1212 1 1124 1 389 2 391 1 
1211 2 388 2 386 2 1148 3 
393 3 1210 3 391 2 1924 4 
1209 1 390 2 388 1 1009 1 
568 3 393 3 1926 2 1208 2 
390 3 1207 2 1925 4 392 3 
1628 5 2421 5 1398 4 1728 5 
402 2 643 2 1968 2 396 2 
1967 3 397 4 395 2 642 2 
398 3 641 3 396 4 1970 4 
1878 1 403 2 397 3 1969 2 
400 2 1877 2 1972 2 577 2 
399 2 1943 1 1971 3 401 3 
402 4 1974 4 400 3 630 3 
401 4 395 2 1874 4 1973 3 
398 2 1976 2 1883 2 404 2 
1690 1 1882 1 1975 2 403 2 
412 2 1019 1 2347 2 406 5 
2346 5 1018 5 586 5 405 5 
1013 3 410 1 2349 2 408 2 
2348 2 413 2 1012 2 407 2 
1011 4 2351 4 410 3 924 3 
2350 2 1010 1 407 1 409 3 
414 2 2353 2 1017 2 412 3 
405 2 2352 3 1016 4 411 3 
2355 2 414 1 408 2 1015 2 
411 2 413 1 2354 1 1014 2 
2080 2 416 4 2426 5 417 2 
2425 3 2079 3 415 4 419 3 
2081 1 2424 2 415 2 
156 1 1137 2 1117 2 955 1 
420 2 2423 3 2078 2 416 3 
419 2 2422 2 2077 3 582 2 
422 2 428 2 730 2 1902 2 
421 2 1229 2 1343 3 423 4 
424 3 732 3 1894 3 422 4 
1893 2 423 3 731 1 247 1 
1906 4 725 2 430 1 426 1 
480 2 1905 1 427 1 425 1 
1344 1 727 2 426 1 428 2 
421 2 726 4 1903 2 427 2 
2305 1 724 1 1586 3 430 1 
429 1 425 1 2304 2 1585 1 
258 2 1442 1 
433 2 2276 1 2036 2 996 1 
434 2 2035 3 2275 2 432 2 
433 2 435 2 1604 1 2280 2 
434 2 1603 2 436 2 2279 3 
1606 1 2278 1 437 1 435 2 
2277 2 438 2 436 1 1605 1 
1608 3 437 2 2284 4 439 2 
440 2 1607 1 438 2 2283 1 
439 2 2282 2 2056 3 441 2 
2281 1 270 2 440 2 2184 2 
1143 1 172 2 963 1 2117 1 
444 3 765 2 1381 2 378 5 
443 3 1380 3 377 2 445 2 
1379 1 446 1 444 2 380 1 
379 1 445 1 447 1 1378 2 
448 2 382 3 446 1 1377 1 
449 2 447 2 381 4 1376 2 
383 2 448 2 1375 2 
130 3 71 3 2424 4 
458 2 452 1 2150 1 
453 1 2149 3 451 1 
452 1 454 1 2148 2 
2147 1 453 1 460 1 
2154 3 325 2 1480 2 1942 2 
2288 2 1521 3 459 3 66 2 
1942 1 2251 2 458 2 
451 2 457 2 2247 2 
1532 3 69 3 2287 2 456 3 
454 1 644 2 461 1 
460 1 2220 2 620 1 
819 1 989 1 733 1 1620 1 
1822 4 465 2 114 2 272 4 
1145 4 156 2 172 3 961 4 
463 2 271 1 113 2 
473 4 467 5 717 4 1289 4 
716 2 468 2 1008 2 466 5 
467 2 1291 3 715 2 469 1 
1032 2 873 3 714 1 468 1 
474 2 721 2 2502 4 471 4 
472 4 470 4 720 3 1292 4 
471 4 473 2 1295 3 719 2 
718 1 472 2 466 4 2503 1 
470 2 712 1 
818 1 1113 1 1824 1 1832 2 
530 1 187 2 104 2 611 2 
1823 4 1535 4 489 3 
89 3 1533 2 483 4 479 3 
1823 3 478 3 1132 3 88 2 
426 2 725 3 830 3 727 3 
483 4 84 3 485 4 1523 2 
486 2 2107 2 
481 4 83 4 478 4 1522 3 
86 1 485 3 1519 1 2037 2 
2565 3 484 3 85 3 481 4 
482 2 373 2 328 2 2106 2 
2345 2 187 3 106 3 528 2 
493 2 1141 2 2117 2 957 3 
490 1 1497 2 477 3 
489 1 1496 3 
495 3 1735 2 499 4 2202 2 
504 1 2364 2 535 1 101 2 
173 1 488 2 1140 2 956 1 
500 2 2285 1 496 1 2181 2 
2201 3 1734 2 1374 2 491 3 
494 1 2180 1 2401 2 1669 1 
503 1 1739 1 2197 2 499 3 
1668 1 2057 1 2183 1 500 2 
1738 4 491 4 2196 3 497 3 
1667 2 494 2 2182 2 498 2 
1737 2 2199 1 1373 2 503 1 
2177 1 514 1 1674 1 505 1 
497 1 2198 1 1736 1 501 1 
492 1 534 1 100 1 2345 1 
2176 1 1673 1 1843 1 502 1 
1860 2 507 1 516 1 2156 2 
506 1 508 1 1859 1 2155 2 
507 1 509 1 2158 3 1858 1 
508 1 2157 1 1857 2 510 1 
2160 2 592 1 511 1 509 1 
510 1 2159 1 1855 2 512 1 
590 1 513 1 2162 1 511 1 
512 1 1853 1 2161 1 354 1 
1671 3 2178 3 502 1 2401 2 
1852 3 2164 1 516 1 1478 1 
506 1 2163 3 515 1 1851 1 
2232 1 1513 2 518 1 524 2 
2233 1 1512 4 517 1 519 1 
2230 3 520 1 1515 1 518 1 
2231 3 1514 2 519 1 358 2 
2236 3 522 3 1517 3 526 4 
523 2 521 3 2237 1 1516 3 
522 2 2234 3 1485 3 524 3 
2235 3 1518 2 517 2 523 3 
526 3 7 3 2367 2 2222 3 
525 3 1520 3 149 3 521 4 
2166 3 288 3 
531 4 529 2 1600 1 487 2 
2345 2 1599 2 528 2 534 2 
476 1 678 2 531 4 1602 2 
1601 4 530 4 528 4 187 5 
2364 3 533 2 535 2 1596 2 
536 2 1595 2 2361 2 532 2 
1598 1 504 1 529 2 535 1 
1597 2 532 2 492 1 534 1 
533 2 1610 2 537 3 2315 2 
1609 3 2314 3 1680 2 536 3 
561 3 1771 2 539 2 363 1 
560 3 538 2 540 2 1770 2 
541 1 563 1 539 2 1769 2 
540 1 542 1 562 1 1768 2 
541 1 565 1 543 3 1775 1 
1774 3 544 3 564 4 542 3 
543 3 567 2 1773 3 545 1 
546 2 544 1 566 2 1772 1 
1767 3 569 2 547 3 545 2 
1766 2 1926 2 546 3 568 3 
687 1 1589 3 2402 1 
550 3 2366 2 137 2 558 2 
549 3 675 2 136 2 2365 3 
692 1 552 2 2363 2 907 2 
2362 2 139 2 551 2 553 4 
953 3 554 4 142 4 552 4 
2360 2 141 2 553 4 555 3 
144 2 2359 3 556 2 554 3 
557 1 2358 4 143 1 555 2 
556 1 2357 1 558 1 915 1 
557 1 145 2 2356 1 549 2 
2060 3 1442 2 1847 2 1395 2 
563 2 539 3 561 4 997 3 
538 3 2276 3 560 4 996 3 
565 1 995 2 541 1 563 1 
560 2 540 1 994 3 562 1 
543 4 993 2 567 3 565 2 
562 1 542 1 564 2 992 1 
569 2 991 2 567 3 545 2 
544 2 564 3 990 3 566 3 
569 2 989 2 392 3 547 3 
568 2 566 2 546 2 988 1 
1647 1 571 1 1737 2 578 3 
572 2 570 1 1736 1 1646 1 
571 2 1739 2 573 2 1645 2 
574 3 1644 3 572 2 1738 2 
575 3 573 3 1735 3 1643 3 
574 3 1734 1 
1929 2 1732 4 
1741 1 2254 2 578 3 399 2 
1740 4 577 3 2252 4 570 3 
580 3 2266 3 1852 4 1991 2 
579 3 1851 2 587 3 2265 2 
584 3 590 2 582 2 2270 2 
2269 2 1853 1 581 2 420 2 
584 3 592 2 2268 4 1060 2 
581 3 583 3 1855 3 2267 3 
2195 2 586 1 
585 1 406 5 2194 3 
1860 3 580 3 588 3 2272 4 
1859 2 587 3 1057 2 2271 2 
1856 2 2508 3 1147 2 1854 3 
1855 2 512 1 581 2 1853 1 
2 2 267 1 1127 1 
1857 2 510 1 583 2 1855 2 
2242 4 834 2 594 2 600 2 
593 2 2243 1 595 2 833 1 
2244 2 596 2 594 2 836 2 
2245 1 595 2 835 2 601 3 
598 1 838 2 2238 3 927 2 
2239 1 599 2 837 1 597 1 
2240 2 598 2 840 3 600 2 
2241 1 839 2 599 2 593 2 
273 3 596 3 2246 3 
278 2 673 2 603 2 605 2 
672 2 602 2 277 2 610 2 
605 3 671 3 280 5 607 2 
604 3 279 2 602 2 670 2 
282 1 609 4 677 1 607 1 
606 1 676 1 281 1 604 2 
284 2 2365 2 609 4 675 1 
283 4 606 4 674 5 608 4 
679 1 611 2 286 1 603 2 
610 2 678 3 285 2 476 2 
82 3 619 2 613 2 2130 2 
614 1 2129 1 81 1 612 2 
613 1 919 3 2132 2 80 2 
1673 2 926 2 878 3 918 2 
617 2 2095 3 1668 2 1763 2 
616 2 618 1 1667 1 2128 2 
923 1 2175 1 2285 1 617 1 
922 2 75 1 612 2 2135 1 
1955 3 461 1 
1244 4 622 2 757 2 1867 2 
756 2 1640 3 1243 3 621 2 
624 2 1865 3 763 3 2297 2 
625 2 623 2 762 2 2293 1 
2300 4 624 2 1873 3 761 3 
1870 1 2448 1 1900 1 1872 1 
1875 1 2210 1 1881 2 2211 1 
999 1 636 3 629 2 2433 1 
1440 2 2434 2 998 2 628 2 
401 3 1943 1 702 1 1874 3 
634 4 632 3 1730 3 1005 4 
637 2 631 3 1733 1 1004 2 
1007 3 2441 3 634 4 803 3 
631 4 2442 2 1006 3 633 4 
638 1 636 3 1001 1 2435 1 
635 3 1000 4 628 3 2436 3 
632 2 2437 3 638 2 1003 4 
635 1 2438 1 637 2 1002 1 
1876 2 1884 1 119 1 333 2 
1879 1 2206 1 2106 1 328 1 
642 1 397 3 706 2 1878 1 
643 2 641 1 709 2 396 2 
642 2 1874 4 395 2 708 2 
460 2 2220 3 2147 2 1753 2 
646 1 276 2 648 2 1433 1 
268 3 1432 2 645 1 2216 2 
648 2 1429 2 1252 1 650 1 
647 2 645 2 162 2 1428 3 
652 2 1431 3 650 2 1250 3 
1430 3 649 2 647 1 1249 1 
1264 2 654 3 652 2 1425 2 
649 2 1424 1 651 2 1263 2 
1427 2 1259 3 831 1 654 2 
651 3 653 2 1423 2 1426 2 
933 2 1015 3 1897 4 931 4 
2173 3 1186 3 932 2 2528 2 
2026 4 103 2 2315 2 658 3 
657 3 2374 2 2025 3 2314 3 
660 2 666 4 35 1 45 1 
34 3 659 2 661 2 44 2 
33 1 660 2 47 1 662 2 
32 4 667 2 661 2 46 3 
274 3 664 1 49 1 39 2 
665 2 38 1 663 1 48 1 
664 2 666 5 51 2 37 4 
50 5 659 4 665 5 36 4 
43 1 668 1 662 2 53 1 
2040 1 52 2 667 1 42 3 
349 2 2193 2 2296 3 2294 2 
671 2 673 2 605 2 1414 1 
670 2 604 3 1413 3 676 2 
603 2 679 1 673 2 1416 2 
602 2 670 2 1415 2 672 2 
675 2 677 2 609 5 1418 2 
550 2 674 2 1417 1 608 1 
677 1 671 2 607 1 1420 2 
606 1 1419 3 676 1 674 2 
530 2 1422 3 679 2 611 3 
672 1 610 1 1421 1 678 2 
691 1 2256 1 1405 2 681 2 
682 2 2255 2 680 2 1404 4 
681 2 683 1 1403 1 2258 1 
1402 3 2257 2 684 2 682 1 
685 3 1409 3 2260 3 683 2 
1408 3 684 3 2259 3 686 2 
687 1 2262 1 1407 1 685 2 
686 1 548 1 1406 3 2261 1 
1074 2 1568 2 385 4 689 3 
1927 4 1567 3 384 3 688 3 
691 2 2264 2 1411 3 1635 3 
2263 2 690 2 680 1 1410 2 
551 1 2528 1 693 1 2208 2 
2527 1 2207 1 698 2 692 1 
2202 1 701 2 2524 1 695 3 
696 4 2201 4 2523 3 694 3 
697 2 695 4 2526 4 2200 2 
696 2 2525 1 
2520 2 2199 2 699 2 693 2 
700 1 2198 1 698 2 2519 1 
699 1 2197 2 701 2 2522 2 
2521 3 694 2 700 2 2196 2 
705 1 1836 1 703 3 630 1 
1874 5 708 3 1835 3 702 3 
705 1 905 1 1877 1 1834 2 
702 1 704 1 1833 3 1943 1 
707 3 641 2 709 3 1840 2 
706 3 710 4 1878 2 1839 2 
703 3 709 2 1838 3 643 2 
708 2 1837 3 706 3 642 2 
1883 3 707 4 711 3 1842 3 
973 2 710 3 1841 1 1882 1 
721 1 713 1 474 1 1109 2 
910 1 712 1 1108 1 
715 2 1117 2 469 1 1137 2 
714 2 468 2 1116 2 716 2 
467 2 715 2 1119 2 717 1 
1118 2 718 1 716 1 466 4 
719 1 473 1 717 1 1121 2 
718 1 1120 1 472 2 720 1 
721 1 1123 1 471 3 719 1 
712 1 470 2 720 1 1122 2 
1469 2 723 3 
1176 3 722 3 1468 5 724 3 
429 1 1175 2 1467 1 723 3 
2304 3 480 3 425 2 2505 3 
727 4 730 4 428 4 828 3 
155 3 726 4 427 2 480 3 
729 1 267 1 
266 2 2286 1 728 1 919 3 
421 2 151 2 726 4 1229 2 
2459 1 732 1 424 1 2450 4 
731 1 2447 2 423 3 1229 1 
462 1 988 1 1619 1 1041 1 
2405 4 735 4 74 4 928 4 
734 4 73 3 2404 1 738 2 
2409 4 737 4 739 5 76 4 
736 4 2408 1 742 2 75 1 
78 3 2407 2 739 3 735 2 
77 2 2406 2 738 3 736 5 
80 2 2413 2 743 1 741 2 
1127 2 79 2 2412 4 740 2 
82 3 2411 2 737 2 743 2 
742 2 740 1 81 1 2410 1 
745 2 747 3 352 2 1103 3 
744 2 750 3 1102 1 1792 3 
347 4 951 3 1105 4 747 4 
744 3 1104 2 746 4 1790 2 
751 3 337 2 1099 1 749 1 
1098 1 752 2 1788 2 748 1 
1787 4 751 5 745 3 1101 3 
748 3 1100 4 750 5 323 5 
1107 2 1797 2 749 2 753 4 
1106 4 1932 3 752 4 1796 4 
1865 2 755 1 149 2 763 2 
1864 1 948 1 754 1 2222 2 
622 2 2231 4 757 2 964 3 
2230 3 756 2 758 3 621 2 
1867 3 759 5 2233 3 757 3 
760 4 758 5 1866 3 2232 3 
761 3 759 4 1873 3 2235 3 
760 3 762 3 2234 3 625 3 
624 2 761 3 763 3 2237 2 
2236 2 762 3 754 2 623 3 
773 4 1456 2 999 2 765 2 
443 2 764 2 998 1 1455 2 
1007 1 1462 2 968 2 1150 1 
218 1 209 1 2550 1 809 1 
769 1 1150 1 1464 2 1005 2 
1004 2 768 1 770 1 1463 1 
1458 1 769 1 1003 3 771 1 
1002 1 1457 3 772 2 770 1 
773 4 1460 2 771 2 1001 2 
772 4 764 4 1000 4 1459 3 
1533 2 775 2 1747 2 781 2 
1746 3 776 2 774 2 1132 2 
775 2 1745 3 777 2 1536 4 
1466 2 1535 2 776 2 1744 1 
986 1 779 1 1751 2 1519 1 
2565 1 780 2 778 1 1750 2 
781 2 779 2 1749 2 1523 2 
780 2 1522 1 1748 2 774 2 
785 3 1590 2 1169 2 
1171 2 1593 2 784 2 786 3 
1170 2 1952 2 1594 3 783 2 
1173 3 782 3 786 3 1591 4 
1592 2 1172 2 785 3 783 3 
811 3 2552 3 218 2 220 5 
108 3 1816 4 792 3 
814 1 1820 1 110 3 790 2 
109 2 1819 3 791 3 789 2 
792 2 112 3 790 3 1818 3 
791 2 1817 1 111 2 788 3 
804 3 794 2 969 2 798 2 
793 2 803 1 1007 1 968 2 
806 3 802 3 796 5 977 4 
976 4 797 3 795 5 805 3 
796 3 798 1 808 2 975 1 
807 1 974 1 793 2 797 1 
810 4 800 3 1841 3 973 4 
972 2 809 1 799 3 801 1 
802 1 812 2 971 1 800 1 
795 3 970 2 801 1 811 2 
794 1 633 3 40 1 804 2 
793 3 41 2 807 2 803 2 
808 2 219 1 796 3 806 1 
795 3 220 4 811 2 805 1 
798 1 808 2 804 2 221 1 
805 2 807 2 222 3 797 2 
800 1 810 2 812 2 767 1 
799 4 809 2 1029 3 209 2 
787 3 812 3 806 2 802 2 
218 2 809 2 811 3 801 2 
1832 4 814 3 1216 3 818 3 
789 1 813 3 1831 2 1215 1 
822 3 1212 2 1826 3 816 3 
1825 3 817 3 1211 2 815 3 
1214 3 818 2 1824 2 816 3 
475 1 1213 1 817 2 813 3 
1830 2 462 1 820 2 1208 1 
821 3 1207 2 1829 4 819 2 
1210 3 820 3 822 3 1828 2 
815 3 1827 2 1209 2 821 3 
138 2 1279 2 824 2 152 4 
133 2 2416 2 823 2 1278 4 
14 2 152 5 1956 4 1281 3 
170 2 151 2 1229 2 2447 3 
20 4 1956 3 1283 2 158 1 
164 1 151 1 155 2 726 3 
1285 1 158 1 18 3 832 3 
2505 3 166 2 155 3 480 3 
653 1 24 2 1287 4 832 3 
1286 4 23 3 829 3 831 3 
834 1 290 2 836 1 594 1 
839 2 833 1 593 2 289 2 
273 2 288 4 596 2 836 2 
1846 2 833 1 835 2 595 2 
838 2 598 1 294 2 840 2 
837 2 1664 2 293 4 597 2 
834 2 292 3 840 3 600 2 
291 2 839 3 599 3 837 2 
842 1 2168 1 
841 1 845 1 2167 1 
129 1 846 1 2172 2 844 1 
237 1 843 1 2171 1 128 3 
846 1 2170 1 842 1 
843 1 845 1 2169 2 130 1 
855 2 1269 1 1390 1 
305 1 849 3 1681 1 2461 1 
848 3 2418 3 1675 5 2221 4 
1386 3 853 3 1275 3 851 3 
1387 2 1274 2 856 2 850 3 
853 4 1388 5 1277 3 1086 4 
1389 2 850 3 852 4 1276 2 
855 3 857 4 1382 3 1271 3 
847 2 854 3 1383 4 1270 2 
1273 4 851 2 1384 1 857 3 
854 4 1385 3 1272 3 856 3 
11 3 865 1 859 1 944 1 
12 2 860 1 858 1 943 1 
946 2 859 1 9 2 861 2 
945 3 867 3 10 3 860 2 
7 3 322 4 948 2 2222 3 
125 1 1143 1 866 2 2438 1 
950 1 865 1 322 3 5 2 
6 1 858 1 864 1 949 1 
1142 3 863 2 120 2 2437 3 
868 3 861 3 952 2 3 2 
867 3 1105 3 951 2 4 2 
2461 1 305 1 1529 2 871 1 
2175 2 2478 3 872 2 923 2 
1528 1 1483 1 304 1 869 1 
875 1 916 1 870 2 2473 1 
469 3 2434 3 1137 4 131 3 
1884 1 1390 1 119 1 
917 1 877 2 872 1 2472 1 
132 3 1526 3 1483 2 1355 3 
2475 2 878 3 875 2 918 2 
877 3 2341 2 615 3 2474 3 
132 3 308 4 134 2 1532 3 
881 2 1506 3 1698 4 52 3 
882 1 880 2 1697 1 53 1 
881 1 46 2 1700 1 883 2 
1699 2 882 2 884 2 47 2 
1702 1 885 2 883 2 44 1 
45 2 886 3 884 2 1701 3 
887 3 1704 2 885 3 50 3 
886 3 888 3 51 2 1703 2 
1706 3 887 3 889 4 48 2 
888 4 49 3 1705 3 
893 2 979 2 891 1 2046 3 
2045 1 898 1 890 1 978 2 
895 2 2044 3 893 3 981 3 
890 2 980 3 892 3 2043 2 
2042 2 895 2 983 2 897 2 
892 2 982 1 2041 1 894 2 
42 5 985 3 897 3 2040 3 
2039 1 894 2 896 3 984 3 
2038 3 891 1 987 2 899 1 
986 1 1519 1 2037 2 898 1 
1645 1 901 1 903 1 1626 2 
1644 3 900 1 904 1 1625 3 
1624 1 906 1 903 1 1647 1 
1646 1 900 1 1623 4 902 1 
1643 1 901 1 1627 1 
1622 1 2254 2 704 1 906 1 
2252 2 902 1 1621 2 905 1 
139 2 1186 3 2528 2 551 2 
1712 3 914 3 909 4 2111 3 
2110 2 908 4 1711 2 
713 1 157 1 
1151 4 2115 4 912 5 1708 5 
911 5 2114 2 1707 2 913 3 
1710 2 912 3 914 2 2113 3 
2112 1 913 2 908 3 1709 1 
145 2 557 1 1180 1 143 1 
917 1 923 1 872 1 1672 3 
916 1 875 1 1671 3 918 1 
877 2 1674 1 615 2 917 1 
2131 4 614 3 729 3 79 3 
925 2 78 2 921 2 2134 1 
922 3 920 2 2133 2 77 2 
619 2 76 2 921 3 2136 2 
916 1 618 1 1669 1 870 2 
74 1 925 2 409 3 2138 2 
920 2 2137 2 73 4 924 2 
2341 1 927 2 615 2 1665 2 
2342 2 1664 2 926 2 597 2 
1011 2 929 3 1901 1 734 4 
1900 3 928 3 930 3 1010 3 
1899 2 929 3 1013 3 931 3 
1012 3 1898 3 930 3 655 4 
2527 1 939 1 2174 4 656 2 
655 2 1896 2 1014 2 934 2 
935 3 1017 2 933 2 1895 2 
154 2 1016 4 934 3 
942 4 937 2 2170 1 2521 2 
936 2 938 2 2522 3 2169 3 
937 2 2172 2 939 1 2519 1 
932 1 938 1 2171 1 2520 1 
2165 1 941 1 2526 3 
2168 1 2523 1 940 1 942 4 
936 4 2524 4 2167 4 941 4 
946 2 944 1 1584 1 859 1 
943 1 949 1 1583 1 858 1 
861 3 952 2 1582 3 946 3 
943 2 1581 2 860 2 945 3 
950 3 1580 3 322 5 948 3 
1579 1 755 1 947 3 862 2 
1578 3 944 1 950 1 865 1 
864 1 947 3 949 1 1577 3 
868 2 746 3 952 1 1588 2 
945 2 867 2 951 1 1587 1 
1221 1 2360 1 553 3 2362 1 
1743 1 961 3 156 1 955 1 
1742 1 418 1 1761 2 954 1 
959 3 1749 1 957 2 493 1 
962 3 1748 3 956 2 488 3 
174 1 959 3 1751 2 1187 2 
956 3 958 3 1750 4 173 3 
961 3 963 1 1745 2 172 2 
1744 3 954 3 960 3 464 4 
957 3 1747 2 2117 2 963 2 
1746 3 960 1 442 1 962 2 
2082 2 965 2 1640 4 756 3 
2414 1 966 1 1639 3 964 2 
1642 2 2076 2 965 1 967 1 
2075 1 1641 2 966 1 
969 2 766 2 1309 3 794 2 
974 1 1308 1 968 2 793 2 
802 2 977 3 971 2 1311 3 
972 2 1310 2 970 2 801 1 
971 2 800 2 1313 3 973 3 
711 2 1312 2 972 3 799 4 
969 1 975 1 798 1 1315 3 
974 1 976 2 1314 1 797 1 
796 4 975 2 977 3 1317 2 
976 3 970 3 795 4 1316 2 
979 3 987 3 1544 3 891 2 
980 3 890 2 978 3 1543 4 
979 3 893 3 1542 2 981 3 
980 3 982 2 1541 3 892 3 
895 1 983 1 1548 1 981 2 
984 3 982 1 894 2 1547 2 
1546 3 983 3 985 3 897 3 
1966 1 896 3 1545 1 984 3 
778 1 1539 1 899 1 987 2 
978 3 986 2 1538 2 898 2 
569 1 989 1 733 1 991 1 
462 1 1208 1 568 2 988 1 
991 2 567 3 993 2 1258 3 
990 2 1041 1 566 2 988 1 
1044 1 995 2 993 1 565 1 
564 2 1043 2 990 2 992 1 
997 4 563 3 1046 3 995 4 
992 2 1045 2 562 2 994 4 
997 2 1048 1 561 3 432 1 
994 4 996 2 1047 2 560 3 
999 1 629 2 765 1 1381 1 
628 1 764 2 998 1 1000 2 
636 4 773 4 999 2 1001 2 
1002 1 635 1 1000 2 772 2 
1003 3 771 1 638 1 1001 1 
1002 3 1004 4 770 3 637 4 
769 2 1003 4 1005 3 632 2 
1004 3 631 4 1006 3 768 2 
634 3 1007 2 1005 3 1150 2 
633 3 766 1 1006 2 794 1 
467 2 1289 1 1438 3 1291 3 
1924 3 391 1 1572 1 1124 1 
1011 2 410 1 929 3 1013 3 
409 4 928 2 1010 2 74 2 
931 3 1015 2 1013 3 408 2 
407 3 930 3 1012 3 1010 3 
1017 2 414 2 1015 3 933 2 
1012 2 1014 3 655 3 413 2 
1017 3 935 4 1019 3 412 4 
1014 2 1016 3 934 2 411 2 
1019 1 406 5 
1018 1 1016 3 405 1 154 1 
1660 2 1021 1 1834 2 1235 2 
1833 3 1022 2 1020 1 1661 2 
1836 2 1023 3 1021 2 1662 2 
1663 3 1022 3 1835 2 1024 2 
1656 1 1025 3 1838 3 1023 2 
1837 4 1024 3 1026 4 1657 3 
1025 4 1840 2 1027 2 1658 3 
1839 1 1028 1 1659 2 1026 2 
1027 1 1842 1 1029 2 1654 1 
1655 2 810 3 1028 2 1841 2 
1031 3 2 3 
2453 2 1248 2 1030 3 1 4 
2434 2 469 2 1291 4 1440 2 
2229 4 1036 3 2239 1 1034 2 
2482 2 2228 2 2238 4 1033 2 
2241 3 1038 3 2227 3 1036 5 
2226 3 1033 3 1035 5 2240 3 
1038 1 2225 2 2243 1 1040 1 
1037 1 1035 3 2224 1 2242 3 
2223 4 1042 5 1040 3 2245 3 
2244 1 1039 3 147 2 1037 1 
991 1 1258 2 1614 1 733 1 
1039 5 176 3 2246 3 
1258 3 1044 2 1612 4 993 2 
992 1 1611 1 1043 2 1045 1 
1046 1 995 2 1044 1 1618 1 
1045 1 1617 2 994 3 1047 1 
1048 1 1616 1 1046 1 997 2 
1047 1 996 1 1615 2 2036 2 
1052 4 2540 3 2400 2 1050 2 
2399 2 1055 1 2539 1 1049 2 
1052 3 2398 2 1265 4 2542 1 
2541 3 2397 4 1049 4 1051 3 
1056 1 2396 3 2544 1 1054 1 
2543 1 2395 1 1058 3 1053 1 
2546 2 2394 2 1056 1 1050 1 
1053 1 2545 1 2393 1 1055 1 
1060 1 2274 2 1858 1 588 2 
2548 3 2392 3 1054 3 1059 4 
1328 2 2547 3 1058 4 2391 3 
1057 1 1857 2 2273 2 583 2 
339 3 1062 3 1087 4 1066 3 
1061 3 1086 2 338 1 1277 1 
1064 3 1070 2 1091 3 343 2 
1063 3 1065 3 1090 2 342 3 
1064 3 1066 2 2213 2 1093 2 
1065 2 340 2 1092 1 1061 3 
1095 2 1675 4 1068 2 2221 3 
346 1 1094 2 1069 2 1067 2 
1068 2 1070 2 1097 3 345 3 
1063 2 1069 2 344 2 1096 1 
1077 3 1920 3 1256 3 1072 2 
1255 1 1919 1 1073 2 1071 2 
1922 2 1254 2 1072 2 1074 2 
688 2 1253 2 1921 1 1073 2 
1278 3 1978 1 1076 2 2416 1 
1080 2 2415 3 1977 2 1075 2 
1071 3 1923 3 1257 3 
1079 3 2419 2 1982 1 1081 2 
1981 4 1078 3 2417 4 1084 3 
1076 2 1980 2 1081 2 2560 2 
2559 2 1979 2 1080 2 1078 2 
1986 1 1085 2 1083 1 2562 2 
1985 1 2390 1 1082 1 2561 1 
1079 3 1085 2 1984 1 2564 1 
1082 2 1983 3 1084 2 2563 3 
1549 2 1062 2 1087 3 852 4 
1061 4 1550 3 1086 3 1092 2 
1089 1 1933 1 1392 2 1648 1 
1649 1 1088 1 1106 2 1932 1 
1064 2 1093 1 1091 2 1555 4 
1090 2 1063 3 1556 2 1096 2 
1066 1 1087 2 1557 2 1093 1 
1558 1 1090 1 1065 2 1092 1 
1068 2 1097 3 1551 3 1095 2 
1067 2 1552 1 1297 2 1094 2 
1097 2 1553 2 1070 1 1091 2 
1096 2 1094 3 1069 3 1554 2 
179 2 749 1 1099 1 1107 1 
1098 1 1100 2 748 1 180 2 
751 4 177 2 1099 2 1101 2 
178 1 750 3 1102 1 1100 2 
1103 2 183 3 1101 1 745 1 
1102 2 184 3 744 3 1104 2 
747 2 181 1 1105 2 1103 2 
182 2 868 3 746 4 1104 2 
1107 2 753 4 1089 2 175 2 
752 2 1106 2 1149 1 1098 1 
1109 2 713 1 1754 2 157 1 
1108 2 1753 2 1122 3 712 2 
1111 1 1306 1 2477 1 1830 2 
1110 1 2476 1 1443 2 1829 3 
1113 3 1115 3 1824 3 2475 3 
1112 3 2474 2 475 1 1465 1 
2473 1 1826 2 1115 1 1444 2 
1112 3 1825 2 2472 1 1114 1 
1762 1 715 2 1117 2 1119 2 
714 2 418 2 1761 3 1116 2 
717 2 1119 3 1121 3 1760 5 
1118 3 1116 2 716 2 1759 2 
719 1 1123 1 1758 1 1121 2 
1757 3 1118 3 718 2 1120 2 
1109 3 1123 2 1756 3 721 2 
1122 2 1755 2 1120 1 720 1 
1148 2 388 1 1573 1 1009 1 
1848 2 2530 1 1126 2 1135 1 
2529 3 287 2 1125 2 1303 3 
741 2 1 3 591 1 266 2 
296 3 1318 3 1129 2 2534 2 
2533 1 1128 2 295 2 1130 1 
1131 2 298 2 2532 1 1129 1 
2531 3 1527 2 297 2 1130 2 
1533 2 775 2 1536 4 479 3 
1134 5 1527 5 2537 5 299 5 
302 1 1133 5 2536 1 1135 1 
2535 3 1885 1 1134 1 1125 1 
156 2 131 2 1137 3 1145 4 
418 2 1136 3 873 4 714 2 
1323 1 174 1 123 2 1139 2 
1140 3 122 3 1138 2 173 2 
1139 3 121 2 493 2 1141 2 
120 1 1142 2 488 2 1140 2 
2117 2 1143 2 866 3 1141 2 
1144 1 442 1 1142 2 863 1 
1143 1 125 1 1145 3 172 2 
464 4 124 3 1144 3 1136 4 
1341 2 2194 3 1854 2 1147 1 
2195 2 1146 1 589 2 
1124 2 1574 2 1928 3 389 3 
179 2 1107 1 1567 2 175 1 
768 1 1461 3 1006 2 766 1 
1152 1 911 4 1499 2 1910 1 
1151 1 1153 2 1909 3 1498 2 
1152 2 1154 3 1914 3 1501 4 
1155 3 1500 2 1153 3 1913 3 
1156 4 1154 3 1503 4 1912 2 
1155 4 1502 3 1157 4 1911 3 
1918 2 1156 4 1505 4 1158 3 
1504 2 1917 2 1159 4 1157 3 
1160 3 1916 3 1158 4 1507 3 
1159 3 1915 3 1698 3 1506 2 
1765 2 1473 1 2097 2 1162 1 
2098 1 1472 1 1163 2 1161 1 
1164 2 1475 2 1908 3 1162 2 
1474 1 1163 2 2105 1 1165 1 
1477 2 2083 1 1166 1 1164 1 
1167 1 2086 3 1476 2 1165 1 
1479 3 1168 1 1166 1 1412 2 
2164 1 1167 1 1478 1 2096 3 
1173 2 1812 1 782 2 
784 2 1811 2 1198 3 1171 2 
1810 3 783 2 1172 1 1170 2 
786 2 1171 1 1173 2 1809 1 
785 3 1169 2 1808 2 1172 2 
293 5 2324 3 2108 4 2185 3 
724 2 1176 2 2403 2 2305 2 
723 3 1175 2 
136 1 1178 3 1978 1 1721 4 
137 3 1177 3 1179 4 1977 3 
1980 3 1178 4 145 3 1180 2 
1979 1 1181 1 915 1 1179 2 
143 1 1182 1 1180 1 1982 1 
1981 2 1181 1 1183 3 144 1 
141 3 1184 3 1182 3 1984 3 
1183 3 1983 2 142 2 1185 1 
1186 2 139 1 1986 1 1184 1 
656 3 1985 2 907 3 1185 2 
2062 3 1539 2 1188 3 958 2 
2061 2 1191 2 1538 2 1187 3 
1192 1 1190 2 1542 1 2074 4 
1189 2 2073 2 1541 3 1195 3 
1544 2 1188 2 2072 2 1192 1 
1189 1 2071 1 1191 1 1543 3 
1196 4 2070 3 1194 3 1546 2 
1354 3 1545 2 2069 3 1193 3 
2068 4 1548 2 1196 4 1190 3 
1193 4 2067 3 1547 4 1195 4 
1202 2 1953 1 1198 2 1433 1 
1952 3 1170 3 1197 2 1432 3 
1949 2 1431 3 1206 4 1200 2 
1201 1 1430 3 1948 1 1199 2 
1200 1 1951 3 1429 2 1202 2 
1950 2 1197 2 1428 3 1201 2 
1427 2 1362 1 1945 1 1204 4 
1426 4 1944 4 1203 4 1205 4 
1206 3 1425 1 1947 2 1204 4 
1205 3 1424 3 1199 4 1946 5 
1210 2 820 2 393 2 1208 1 
989 1 392 2 819 1 1207 1 
391 1 1212 1 1210 2 822 2 
821 3 1207 2 390 3 1209 2 
389 2 1214 2 816 2 1212 1 
1209 1 815 2 388 1 1211 1 
1216 1 1214 2 818 1 387 1 
817 3 386 2 1213 2 1211 2 
385 3 110 3 1216 1 814 1 
1213 1 384 2 1215 1 813 3 
1218 2 2357 2 1970 3 1220 2 
1217 2 1225 1 2356 1 1969 2 
1968 2 2359 2 1222 2 1220 1 
2358 4 1967 2 1217 2 1219 1 
1222 2 953 1 1224 1 1974 2 
1221 2 1973 3 2360 2 1219 2 
1972 3 2363 4 1372 3 1224 3 
1971 3 2362 1 1221 1 1223 3 
2366 1 1218 1 1226 1 1976 1 
284 2 1225 1 2365 2 1975 2 
2024 4 2377 2 1228 1 55 3 
54 3 2023 2 1227 1 2373 1 
422 2 826 2 732 1 730 2 
1892 2 1627 2 1234 3 
1236 3 1624 2 1888 2 1232 2 
1623 4 1889 4 1233 3 1231 2 
1234 4 1626 4 1232 3 1890 3 
1233 4 1230 3 1891 4 1625 4 
1886 3 1622 2 1020 2 1236 3 
1231 3 1621 3 1887 3 1235 3 
1238 2 64 2 1865 2 2297 1 
63 3 1237 2 1789 2 1864 2 
2405 2 1872 2 1240 5 2303 2 
2404 4 2302 4 1241 4 1239 5 
2407 1 1240 4 1242 1 2313 2 
2312 2 1241 1 2289 1 2406 1 
70 3 622 3 1244 5 1396 3 
2287 3 621 4 1243 5 69 4 
2411 2 2309 3 2292 2 1246 3 
1245 3 2410 2 1247 4 2308 5 
1248 3 2307 4 2413 4 1246 4 
1247 3 2412 3 2306 4 1031 2 
1250 2 1252 1 146 1 650 1 
1263 3 1249 2 140 2 649 3 
2187 2 204 3 
19 2 162 1 1249 1 647 1 
1568 2 1074 2 1649 2 1254 2 
1255 1 1073 2 1648 1 1253 2 
1651 4 1072 1 1254 1 1256 2 
1255 2 1257 3 1650 2 1071 3 
1077 3 1256 3 
1043 3 1041 2 1613 3 990 3 
653 3 24 4 1471 3 1423 3 
1262 3 235 2 
1262 4 1266 3 2249 4 2385 5 
1260 3 1261 4 2384 3 2248 3 
1250 3 16 2 652 2 1264 2 
651 2 15 2 1263 2 1423 1 
224 4 1051 4 2387 4 1266 5 
1261 3 2386 2 223 2 1265 5 
373 1 1268 1 328 1 
199 2 1267 1 327 1 
160 1 847 1 1270 1 
1271 2 167 1 1269 1 855 2 
1272 2 1270 2 166 2 854 3 
1271 2 857 3 1273 4 165 4 
856 4 1274 4 164 4 1272 4 
1273 4 851 2 1275 2 171 2 
170 2 1276 2 850 3 1274 2 
1277 1 169 1 1275 2 853 2 
1276 1 168 1 852 3 1062 1 
1075 3 1279 4 1371 3 824 4 
1280 2 1370 3 1278 4 823 2 
1369 2 1281 2 1279 2 152 4 
1280 2 1282 2 1368 3 825 3 
1367 4 1283 2 1956 3 1281 2 
1282 2 1366 2 1284 4 827 2 
1365 3 1285 3 158 3 1283 4 
829 1 1284 3 1364 2 1286 2 
832 4 1363 2 1287 5 1285 2 
1427 5 1362 4 1286 5 831 4 
1442 2 2491 2 258 3 2060 3 
2503 1 1008 1 1439 2 466 4 
2500 1 1653 1 1565 2 2491 1 
1032 4 468 3 1441 4 1008 3 
1434 2 2502 4 1295 3 471 4 
1294 2 255 1 2063 3 2501 3 
1293 2 256 2 2066 2 2504 4 
1437 2 472 3 1292 3 2503 2 
1681 1 2504 3 264 3 1297 2 
1095 2 265 2 1675 4 1296 2 
1612 3 1301 1 1299 3 2340 3 
1611 3 1304 3 2339 3 1298 3 
1307 2 1301 1 1614 1 2338 1 
1298 1 2337 2 1613 2 1300 1 
2336 3 1305 3 1303 3 1616 2 
2335 2 1615 3 1126 3 1302 3 
1305 2 1299 3 2334 1 1618 1 
1304 2 2333 3 1617 3 1302 3 
1110 1 2344 3 1307 2 1620 1 
2343 2 1300 2 1306 2 1619 2 
1315 3 969 1 1687 1 1309 2 
968 3 1686 3 1308 2 1462 3 
971 2 1311 3 1692 3 1313 3 
1691 3 1310 3 970 3 1316 2 
1690 1 1882 1 973 2 1313 2 
1310 3 1689 3 1312 2 972 3 
1317 1 975 1 1315 3 1696 1 
1308 3 1314 3 974 3 1695 4 
977 2 1311 2 1694 1 1317 1 
1314 1 976 2 1316 1 1693 1 
1319 3 1128 3 2372 2 116 3 
1318 3 1320 3 2371 2 115 2 
2381 3 1319 3 114 2 1321 3 
2380 2 1322 2 113 3 1320 3 
2379 3 1321 2 
1138 1 2558 1 2062 2 1324 2 
1329 3 1323 2 2557 2 2061 2 
2068 4 1332 2 2552 3 1326 2 
2551 4 2067 1 1325 2 1327 3 
2070 4 1328 3 1326 3 2550 3 
1059 2 2069 2 2549 2 1327 3 
1324 3 2556 2 2072 3 1330 3 
1331 2 2555 2 2071 2 1329 3 
1330 2 2074 4 2554 1 1332 1 
2553 1 1325 2 2073 1 1331 1 
2352 3 1334 4 1342 4 1630 2 
2353 3 1333 4 1335 4 1629 3 
1334 4 2354 2 1336 4 1632 3 
2355 4 1335 4 1631 3 1337 3 
1634 1 2348 1 1338 3 1336 3 
1633 3 1337 3 1339 3 2349 4 
1636 2 1338 3 2350 2 1340 1 
2264 1 2351 2 1635 2 1339 1 
1342 4 1146 2 1638 2 2346 2 
1341 4 2347 4 1333 4 1637 4 
352 2 1894 2 1902 3 422 3 
1903 1 427 1 323 3 1905 1 
1346 3 2510 5 1509 3 2542 2 
2541 2 1345 3 1347 2 2509 2 
2540 2 1346 2 1348 1 2512 2 
1349 1 2539 1 2511 1 1347 1 
1348 1 1350 4 2546 2 2514 2 
2513 5 2545 4 1349 4 1351 4 
2544 1 2516 2 1352 1 1350 4 
1353 1 2543 1 1351 1 2515 1 
1352 1 1354 2 2518 1 2548 1 
2517 2 1194 3 1353 2 2547 3 
2064 3 876 3 307 3 309 2 
1359 1 2217 3 2109 3 1357 1 
2108 2 268 3 1356 1 2216 2 
1361 2 2487 2 2215 1 1359 1 
2214 2 1356 1 1358 1 2486 2 
1361 3 2489 3 
1358 2 2488 2 1360 3 2218 3 
1203 1 1714 1 1287 4 1363 1 
1713 1 1286 2 1362 1 1364 2 
1365 2 1716 3 1285 2 1363 2 
1364 2 1715 3 1284 3 1366 1 
1365 1 1283 2 1718 1 1367 4 
1282 4 1717 4 1368 5 1366 4 
1720 3 1369 3 1281 3 1367 5 
1370 3 1280 2 1368 3 1719 2 
1369 3 1279 3 1371 2 1722 2 
1721 4 1278 3 1370 2 1978 1 
2208 2 1223 3 1741 1 1373 2 
2207 2 501 2 1372 2 1740 3 
495 2 2200 1 
1434 2 1376 2 449 2 
448 2 1375 2 1437 1 1377 1 
1436 3 1376 1 1378 2 447 1 
1439 3 1379 2 1377 2 446 2 
1380 2 445 1 1378 2 1438 3 
1381 2 1441 3 1379 2 444 3 
1380 2 1440 1 443 2 998 1 
1383 4 854 3 1385 2 1845 2 
1382 4 119 3 1390 3 855 4 
1385 1 2210 1 1387 1 856 1 
2209 1 1384 1 857 3 1382 2 
850 3 1389 2 2204 3 1387 2 
851 2 1384 1 2203 1 1386 2 
1389 3 2206 3 852 5 1549 3 
853 2 1388 3 1386 2 2205 2 
1383 3 874 1 847 1 
1929 1 1394 2 
2055 2 1088 2 1651 5 
1394 2 1398 2 2421 3 1850 1 
1393 2 1391 2 1849 2 2420 2 
1628 3 310 1 1398 2 559 2 
1640 3 2463 1 1397 1 1243 3 
2462 1 1400 1 1396 1 1639 3 
1393 2 1847 2 1395 2 394 4 
1401 1 2467 1 
2465 2 1397 1 1401 1 1642 2 
1641 2 2464 2 1399 1 1400 1 
1409 4 683 3 1403 3 313 3 
1402 3 312 1 682 1 1404 3 
315 3 1405 4 681 4 1403 3 
1410 3 680 2 314 2 1404 4 
1407 3 687 3 1589 5 317 4 
1406 3 316 1 1408 2 686 1 
685 3 1407 2 1409 3 319 3 
1402 4 684 3 1408 3 318 3 
1405 3 321 3 691 2 1411 3 
93 2 1410 3 690 3 320 3 
2336 3 2086 4 2096 4 1167 2 
1420 3 1717 2 671 3 1414 2 
1413 2 1718 1 670 1 1415 1 
673 2 1715 3 1416 2 1414 1 
1421 2 1716 3 672 2 1415 2 
1418 1 1721 4 136 1 675 1 
1417 1 1722 1 1419 3 674 2 
1420 4 1719 3 677 3 1418 3 
1413 3 1419 4 1720 3 676 2 
1713 1 1416 2 679 1 1422 2 
678 3 1421 2 1714 2 1602 3 
1484 1 1259 3 654 2 1264 1 
1206 3 652 1 1425 1 1431 2 
1426 1 1205 1 651 2 1424 1 
1425 1 1204 4 1427 2 654 2 
653 2 1203 2 1287 5 1426 2 
1433 2 1202 3 648 3 1429 3 
647 2 1201 2 1430 4 1428 3 
1200 3 650 3 1429 4 1431 4 
649 3 1199 3 1430 4 1424 2 
646 2 1433 2 1198 3 1811 2 
1428 2 1432 2 1197 1 645 1 
1292 2 1437 1 1375 2 1435 2 
1434 2 2502 4 
1377 3 1439 4 1437 3 2503 3 
1295 2 1434 1 1376 1 1436 3 
1441 4 1008 3 1379 3 1439 4 
1378 3 1436 4 1289 2 1438 4 
1381 1 629 2 1032 2 1441 2 
1380 3 1438 4 1291 4 1440 2 
1288 2 431 1 559 2 
1828 2 1444 3 2479 2 1111 2 
2478 3 1827 2 1443 3 1114 2 
2303 3 2383 3 153 3 1446 4 
2382 2 2302 2 1445 4 1453 4 
2307 2 1450 1 1448 2 
2306 5 1447 2 
1450 1 2309 2 1452 2 
1449 1 2308 4 1447 1 
1454 2 1452 3 2311 2 
1449 2 1451 3 2310 3 
2389 5 2313 4 1446 4 1454 3 
2312 2 2388 1 1451 2 1453 3 
378 5 1495 2 1456 2 765 2 
764 2 1494 2 1459 1 1455 2 
1460 3 1458 3 1489 4 771 3 
1457 3 1463 1 770 1 1488 1 
1487 2 1460 1 1456 1 773 3 
1457 3 1459 1 772 2 1486 1 
1464 4 1493 4 1462 4 1150 3 
1492 3 766 2 1461 4 1309 3 
1464 2 1458 1 1491 2 769 1 
1463 2 1490 2 1461 4 768 2 
1832 2 1113 1 1470 1 2483 1 
1743 2 777 2 1480 2 1497 3 
1468 3 336 1 724 1 1586 3 
1467 3 1469 4 723 5 335 3 
2212 2 722 2 1468 4 
2228 1 2482 1 1831 2 1465 1 
2183 1 201 1 1259 3 1484 1 
1475 1 1162 1 1473 1 2050 1 
2049 2 1472 1 1481 1 1161 1 
1164 1 1475 1 2048 1 1477 2 
1474 1 1472 1 2047 4 1163 2 
1166 2 1477 3 1479 4 2054 2 
1474 2 1165 2 2053 2 1476 3 
2052 1 1479 3 1168 1 515 1 
1167 3 1478 3 1476 4 2051 3 
1496 3 1742 1 455 2 1466 2 
1765 2 1482 1 1473 1 2058 2 
1668 1 2057 1 1481 1 1763 1 
307 2 871 1 876 2 2116 1 
15 2 1423 1 2182 1 1471 1 
1518 2 365 2 523 3 1516 4 
1489 2 1460 1 1487 2 2032 1 
1459 2 2031 3 1494 3 1486 2 
1489 2 1458 1 1491 2 2034 1 
1486 2 2033 2 1457 4 1488 2 
1464 2 2028 2 1493 2 1491 2 
1463 2 1490 2 2027 3 1488 2 
1462 3 1493 3 1686 3 2030 2 
1490 2 1461 4 2029 3 1492 3 
2026 4 1456 2 1495 2 1487 3 
27 1 1494 2 2025 2 1455 2 
1497 4 1480 3 325 3 490 3 
1496 4 1535 3 489 2 1466 3 
2484 3 1501 4 1499 3 1152 2 
1151 2 2485 2 1708 3 1498 3 
1503 3 1154 2 2498 2 1501 3 
2499 4 1153 4 1498 4 1500 3 
1505 3 1156 3 2496 1 1503 3 
1500 3 1155 4 2497 4 1502 3 
1158 2 2494 1 1507 1 1505 3 
1502 3 2495 3 1157 4 1504 3 
1507 2 2492 3 880 3 1160 2 
1506 2 2493 1 1504 1 1159 3 
2385 4 1510 3 2370 1 
1510 4 2387 2 1345 3 2369 2 
2386 3 1509 4 1508 3 2368 3 
1532 3 134 2 69 3 1530 4 
1515 4 518 4 2320 4 1513 5 
2318 2 1518 2 517 2 1512 5 
370 3 520 2 1725 2 1515 2 
1512 4 519 1 1514 2 369 2 
368 3 1517 3 522 3 1485 4 
1516 3 521 3 1520 2 367 1 
1485 2 1513 2 524 2 366 1 
484 1 778 1 899 1 2565 1 
364 2 526 3 2367 2 1517 2 
1526 3 132 3 456 3 1532 3 
1533 1 781 1 483 3 1523 1 
2565 1 481 2 1522 1 780 2 
2461 1 1525 1 64 2 1529 2 
1524 1 63 2 2418 1 2452 1 
876 3 1521 3 2116 2 66 2 
1131 2 1133 5 300 1 2538 2 
68 1 2116 1 871 1 1529 2 
1528 2 67 3 1524 2 869 2 
70 3 1727 3 1511 4 135 3 
239 2 2454 2 326 1 1534 1 
459 3 1511 3 1521 3 879 3 
774 2 1522 1 1132 2 478 2 
1907 2 1786 1 1531 1 242 1 
1497 3 1536 4 777 2 477 4 
1535 4 1132 4 1823 4 776 4 
245 1 247 1 2460 1 1795 2 
1544 2 1188 2 987 2 1539 1 
986 1 1187 2 1751 2 1538 1 
246 1 248 2 2267 2 2563 2 
1542 2 1190 3 1548 2 981 3 
1541 2 1189 1 980 2 1543 3 
1544 4 1192 3 1542 3 979 4 
1191 2 1538 2 978 3 1543 4 
1546 1 1194 2 985 1 2517 1 
1547 2 984 3 1545 1 1193 2 
1546 2 1548 2 1196 4 983 2 
1547 2 982 1 1541 2 1195 2 
1086 2 2009 1 1388 3 1550 2 
1557 3 1087 3 1549 2 2008 4 
2011 2 1552 2 1094 3 1554 2 
2010 2 1095 1 1551 2 265 1 
2013 4 1096 2 1556 2 1554 2 
1097 2 1551 2 2012 2 1553 2 
2015 4 1556 4 1090 4 1558 4 
1555 4 1553 2 1091 2 2014 1 
1550 3 1558 2 1092 2 2017 3 
1093 1 2016 1 1557 2 1555 4 
1560 2 1777 2 2121 1 1566 1 
1561 3 1559 2 1776 2 2120 2 
1560 3 1779 4 1562 2 2119 2 
2118 1 1778 1 1561 2 
1781 3 263 2 1564 3 2125 2 
1780 2 260 3 2124 5 1563 3 
261 2 2146 2 259 3 1290 2 
1782 3 260 2 2122 2 1559 1 
689 3 1149 2 1576 2 1568 2 
1253 2 688 2 175 1 1567 2 
182 1 1570 1 1766 1 1926 1 
1569 1 181 1 1571 1 1925 3 
1572 1 1570 1 184 2 1924 3 
1571 1 1573 1 1009 1 183 3 
178 1 1572 1 1124 1 1574 1 
1148 2 177 1 1573 1 1575 1 
1576 1 180 2 1928 2 1574 1 
1575 1 1567 2 179 2 1927 3 
1580 3 326 3 1578 5 950 3 
949 3 1583 3 1786 3 1577 5 
948 1 1864 1 1789 1 1580 1 
1577 3 947 3 1579 1 332 3 
1582 2 946 2 1791 2 1584 1 
1581 2 341 3 1587 2 945 3 
1578 3 1793 1 1584 1 944 1 
1583 1 351 2 943 1 1581 1 
1586 3 1906 4 1797 1 430 1 
429 3 1585 3 1796 4 1467 3 
1582 2 1795 2 1588 2 952 1 
347 3 1794 2 1587 2 951 2 
1406 5 548 3 1954 3 
782 2 1676 3 1591 3 
1679 4 1592 3 785 4 1590 3 
786 2 1678 2 1593 1 1591 3 
1594 3 783 2 306 2 1592 1 
1593 3 1680 3 784 3 1609 4 
533 2 1596 2 1610 2 1950 2 
1597 2 1595 2 1951 3 532 2 
535 2 1596 2 1598 2 1948 2 
1597 2 534 1 1949 1 1599 1 
1600 1 529 2 1946 3 1598 1 
1599 1 528 1 1601 1 1947 2 
1602 2 531 4 1944 1 1600 1 
1601 2 1945 2 1422 3 530 2 
1606 1 1604 1 435 2 302 1 
2035 2 1885 1 434 1 1603 1 
300 1 1608 2 1606 1 437 1 
436 1 1605 1 1603 1 299 1 
2056 2 298 2 1608 2 439 1 
1605 2 438 3 297 2 1607 2 
537 3 1952 3 1610 2 1594 4 
1953 1 536 2 1595 2 1609 2 
1044 1 1299 3 1612 3 1618 1 
1298 3 1611 3 1043 4 1613 4 
1614 2 1301 2 1258 3 1612 4 
1613 2 1619 1 1041 1 1300 1 
1048 2 1303 3 1616 2 287 2 
1047 1 1615 2 1617 2 1302 2 
1305 3 1046 2 1618 2 1616 2 
1617 2 1045 1 1611 1 1304 1 
1614 1 1620 1 733 1 1307 2 
1619 1 1830 2 462 1 1306 1 
1624 2 1236 3 906 2 1622 2 
1834 2 905 1 1235 2 1621 2 
1232 4 1624 4 903 4 1626 5 
1621 2 902 1 1623 4 1231 2 
1627 3 901 3 1234 4 1626 4 
1233 4 900 2 1623 5 1625 4 
1230 2 1625 3 904 1 
394 5 1395 3 1727 3 135 3 
1630 1 99 1 1632 2 1334 3 
98 3 1637 2 1629 1 1333 2 
97 3 1634 1 1336 3 1632 2 
96 3 1629 2 1335 3 1631 2 
1634 1 1338 3 95 1 1636 2 
1633 1 1337 1 1631 1 94 2 
1340 2 93 2 690 3 1636 3 
1339 2 92 2 1633 2 1635 3 
1630 2 1342 4 1638 2 91 3 
90 2 1341 2 1854 2 1637 2 
1642 4 1640 5 965 3 1397 3 
622 3 1396 3 1639 5 964 4 
967 2 1401 2 1642 3 
966 2 1639 4 1641 3 1400 2 
1644 3 904 1 574 3 
1643 3 1645 3 901 3 573 3 
1644 3 900 1 1646 1 572 2 
903 1 571 1 1645 1 1647 1 
570 1 2252 2 1646 1 902 1 
1649 1 1088 1 1651 4 1254 1 
175 1 1089 1 1648 1 1253 2 
1651 4 1256 2 
1650 4 1255 4 1392 5 1648 4 
2500 1 1653 1 309 1 2064 2 
2059 1 1290 1 1652 1 308 3 
2392 1 1655 1 1659 2 1028 1 
1029 2 209 1 1654 1 2391 2 
2394 2 1024 1 1657 1 1663 2 
1658 2 1656 1 1025 3 2393 1 
1657 2 1659 3 2396 4 1026 3 
1027 2 1654 2 1658 3 2395 2 
1020 2 1661 3 2398 3 1886 3 
1660 3 2397 3 1662 2 1021 2 
1661 2 2400 1 1022 2 1663 2 
1023 3 2399 3 1662 2 1656 2 
838 2 927 2 1665 2 1844 1 
1843 2 1673 2 1664 2 926 2 
118 3 2460 3 339 3 1670 3 
2285 1 500 2 1668 1 617 1 
1482 1 498 1 616 2 1667 1 
1672 3 2285 1 923 1 496 1 
2450 4 2459 1 338 1 1666 3 
1672 5 514 3 917 3 1674 3 
1671 5 1669 3 2401 4 916 3 
505 1 1665 2 1674 1 615 2 
918 1 1673 1 1671 3 502 1 
1681 3 849 5 1297 4 1067 4 
55 5 1679 4 1677 3 1590 3 
1676 3 54 3 
1592 2 306 3 60 3 1679 3 
1591 4 1676 4 59 3 1678 3 
306 2 537 2 1594 3 58 2 
1675 3 1296 1 848 1 2065 2 
1685 2 343 1 2456 1 1683 1 
2455 1 342 2 117 2 1682 1 
2454 4 1685 4 190 4 345 4 
1682 2 1684 4 1907 3 344 3 
1799 3 1687 2 1309 3 1492 3 
1798 3 1686 2 1695 2 1308 1 
2418 1 2452 1 190 2 2221 2 
1801 2 1690 2 1313 3 1692 3 
1312 1 404 1 1800 1 1689 2 
1311 3 1803 2 1692 3 1694 2 
1310 3 1691 3 1689 3 1802 3 
1694 1 1805 1 1317 1 1696 1 
1804 2 1693 1 1691 2 1316 1 
1696 2 1807 2 1687 2 1315 4 
1695 2 1806 2 1314 1 1693 1 
1700 1 881 1 234 3 1698 3 
233 3 1160 3 880 4 1697 3 
1702 1 232 1 883 2 1700 1 
231 3 1697 1 882 1 1699 1 
1702 2 1704 2 885 3 230 4 
1701 2 229 1 1699 1 884 1 
228 1 1704 1 887 2 1706 2 
227 1 886 2 1701 2 1703 1 
226 1 1706 2 889 3 
225 3 888 3 1705 2 1703 2 
85 1 1710 1 1708 2 912 2 
86 2 1707 2 911 5 1499 3 
83 2 1712 1 1710 1 914 1 
913 2 1709 1 1707 1 84 2 
88 1 1712 1 909 2 
1711 1 1709 1 908 3 89 2 
1363 1 1421 1 1714 1 1716 2 
1713 1 1362 1 1945 1 1422 2 
1365 3 1718 3 1415 3 1716 4 
1364 3 1713 2 1416 3 1715 4 
1720 2 1718 1 1413 2 1367 4 
1715 3 1717 1 1414 1 1366 1 
1419 3 1720 2 1369 2 1722 1 
1717 2 1368 3 1719 2 1420 3 
1371 4 1722 4 1417 4 1177 4 
1721 4 1418 1 1370 2 1719 1 
189 1 1724 1 1726 1 356 1 
355 1 188 2 1723 1 
1726 1 358 2 1514 2 186 3 
185 2 1725 1 1723 1 357 1 
2463 1 1530 3 1628 3 1728 3 
2462 3 1729 3 394 5 1727 3 
1904 3 2421 3 2465 2 1728 3 
121 1 631 3 2442 1 1733 1 
1732 4 2467 2 1929 2 1904 4 
1731 4 576 4 2466 3 
2437 2 632 1 1730 1 120 1 
495 2 1735 1 575 1 
574 3 1738 2 491 2 1734 1 
1739 1 1737 2 503 1 571 1 
501 2 1736 2 1740 3 570 2 
1739 2 499 4 1735 2 573 2 
1738 2 1736 1 572 2 497 1 
578 4 1737 3 1741 2 1373 3 
577 1 1972 1 1372 1 1740 2 
1480 1 955 1 2154 2 1743 1 
1744 1 954 1 1466 2 1742 1 
1743 1 961 3 1745 2 777 1 
1746 4 776 3 1744 2 960 2 
1747 3 775 3 1745 4 963 3 
1746 3 1748 2 774 2 962 2 
1749 2 1747 2 781 2 957 3 
1748 2 956 1 1750 2 780 2 
959 4 1749 2 1751 3 779 2 
778 2 958 2 1539 2 1750 3 
2112 4 2431 4 2470 4 2445 4 
1109 2 1756 2 644 2 1754 2 
1108 2 1997 2 2220 3 1753 2 
1756 3 1758 2 1123 2 2148 3 
1755 3 2147 2 1122 3 1753 2 
1758 2 2150 2 1760 5 1121 3 
1757 2 1755 2 1120 1 2149 3 
1762 1 1760 4 2251 2 1119 2 
1759 4 2247 4 1757 5 1118 5 
1117 3 1762 2 2154 3 955 2 
1759 1 1116 1 2153 1 1761 2 
2480 1 616 2 1482 1 1765 2 
2469 4 1930 5 2115 4 2443 4 
1481 2 2481 4 1161 2 1763 2 
547 2 1569 1 1767 2 4 1 
1772 2 3 2 546 3 1766 2 
6 2 1769 3 1775 2 541 2 
1768 3 5 3 540 2 1770 2 
1769 2 539 2 8 2 1771 2 
538 2 2367 2 7 3 1770 2 
1767 2 1773 3 545 1 10 2 
9 4 1772 3 544 3 1774 3 
543 3 1775 1 12 2 1773 3 
11 3 1774 1 1768 2 542 1 
319 2 1779 3 1777 2 1560 2 
318 3 1559 2 1776 2 1782 4 
1562 1 317 2 1779 3 
316 3 1561 4 1776 3 1778 3 
1781 2 315 1 1564 2 1783 3 
1780 2 1563 3 314 2 1784 3 
1566 3 1783 5 313 3 1777 4 
1782 5 260 4 312 3 1780 3 
1785 2 321 3 263 2 1781 3 
262 4 1784 2 2090 1 320 2 
1793 1 326 1 1534 1 1578 3 
750 4 323 4 1903 2 1792 4 
1906 5 337 3 749 2 1797 2 
332 3 1238 2 1579 1 238 2 
1894 1 347 2 352 1 747 2 
244 5 341 3 1581 2 351 3 
1787 4 352 3 1902 4 745 3 
1786 1 1583 1 351 2 242 1 
1893 2 1588 2 1795 2 247 1 
341 3 1587 2 1794 2 1537 2 
1797 2 1586 4 753 4 336 2 
752 2 1796 2 1788 2 1585 1 
1799 4 1687 3 1807 3 286 3 
1798 4 2030 2 285 2 1686 3 
1975 2 1801 1 1690 1 284 2 
1802 2 1800 1 1689 2 283 1 
1801 2 282 2 1803 2 1692 3 
1804 2 1691 2 281 1 1802 2 
1803 2 1805 2 1694 2 280 5 
1804 2 279 1 1806 2 1693 1 
1807 2 278 3 1696 2 1805 2 
1806 2 277 1 1695 2 1798 3 
1809 1 1173 2 2215 1 1812 1 
1808 1 1172 1 2214 2 1810 3 
1171 3 1811 3 2217 5 1809 3 
1170 2 1810 3 1432 2 2216 2 
1169 1 2218 2 1808 1 
1814 2 2223 3 
1813 2 1815 1 147 2 
2225 2 1814 1 1816 2 
2224 2 1817 2 788 4 1815 2 
2227 1 792 1 1818 2 1816 2 
1817 2 2226 2 1819 3 791 3 
2229 5 1820 2 790 3 1818 3 
2228 1 1819 2 789 1 1831 2 
270 3 1822 4 116 3 2184 3 
269 3 463 4 1821 4 115 3 
479 3 87 3 477 4 1536 4 
475 1 817 2 1112 3 1825 2 
1115 2 816 3 1824 2 1826 3 
1827 2 1114 2 815 3 1825 3 
1444 2 822 2 1828 1 1826 2 
1827 1 1443 2 1829 3 821 2 
1830 4 820 4 1111 3 1828 3 
1829 4 819 2 1620 2 1110 2 
1832 3 1470 2 814 2 1820 2 
1465 2 1831 3 813 4 475 2 
1834 4 1021 3 705 3 1836 3 
1833 4 1622 2 1020 2 704 2 
703 3 1836 1 1838 3 1023 2 
1022 2 702 1 1833 3 1835 1 
1025 4 709 3 1840 2 1838 4 
1024 3 1835 3 708 3 1837 4 
1027 1 1840 1 707 2 1842 1 
1839 1 1026 2 1837 2 706 2 
799 3 711 1 1029 2 1842 1 
1028 1 1839 1 710 3 1841 1 
1665 2 2186 1 1844 1 505 1 
1843 1 293 3 2185 1 1664 1 
2209 1 1876 2 119 1 1382 2 
836 2 2166 4 288 4 290 3 
1398 2 1850 1 559 2 
1125 2 1885 2 2035 3 287 2 
1850 1 1394 2 
1849 1 1847 1 1393 1 
1860 2 580 2 1852 3 516 1 
515 3 1851 3 2052 3 579 4 
582 1 2077 2 513 1 590 1 
2507 2 1638 2 1146 2 589 3 
590 2 511 2 584 3 592 2 
2506 1 589 2 
1060 2 1858 2 592 2 509 2 
1859 1 1857 2 508 1 1057 1 
1858 1 588 2 507 1 1860 2 
506 2 587 3 1851 2 1859 2 
2469 2 2084 3 1862 2 376 3 
375 3 2468 5 1861 2 1863 2 
2471 2 374 2 1862 2 
1579 1 1865 2 755 1 1238 2 
754 2 1864 2 623 3 1237 2 
1867 1 759 3 2288 1 1873 2 
758 3 1866 1 2287 1 621 2 
1897 3 1869 1 1871 1 
1868 1 1896 2 
626 1 1871 1 1899 2 
1870 1 1868 1 1898 1 
1239 2 2449 1 626 1 1901 1 
760 3 1866 2 625 3 2299 3 
703 5 402 4 643 4 630 3 
627 1 331 2 1876 2 2209 1 
639 2 1875 2 1845 2 334 3 
2254 2 399 2 704 1 1943 1 
398 1 1883 1 707 2 641 1 
640 1 2205 2 1880 2 327 1 
1881 3 330 3 2204 3 1879 2 
1880 3 627 2 2203 2 329 2 
1883 1 1312 1 404 1 711 1 
710 3 1882 1 1878 1 403 2 
874 1 2187 2 639 1 
1604 1 1848 2 1135 1 302 1 
1235 3 1887 3 224 2 1660 3 
1888 2 1886 3 1236 3 223 2 
1889 4 1887 2 1231 2 2249 3 
1888 4 1232 4 1890 4 2248 4 
235 2 1889 4 1891 3 1233 3 
1234 4 1892 3 1890 3 2250 3 
1230 2 1891 3 
424 2 1894 2 1794 2 347 3 
1343 2 1893 2 1790 1 423 3 
1896 2 934 2 
933 2 1869 2 1897 4 1895 2 
1868 3 1898 3 1896 4 655 4 
1897 3 931 3 1871 1 1899 2 
930 2 1900 2 1870 2 1898 2 
929 3 626 1 1899 2 1901 1 
1900 1 928 1 1872 1 2405 1 
1343 3 1792 4 1903 2 421 2 
1344 1 1787 2 428 2 1902 2 
2420 3 2464 4 1729 3 1731 4 
1906 4 426 1 337 2 1344 1 
1788 5 425 4 1905 4 1585 4 
1534 2 2454 3 1685 3 2456 2 
2105 2 2098 2 1163 3 2340 4 
1914 4 1152 3 1910 3 1931 3 
2115 1 1930 2 1151 1 1909 3 
1918 1 1156 3 1912 1 1935 3 
1934 2 1155 2 1913 2 1911 1 
1914 3 1912 2 1937 2 1154 3 
1909 4 1153 3 1936 2 1913 3 
1160 3 1939 4 1916 3 233 3 
1917 1 1938 1 1915 3 1159 3 
1916 1 1158 2 1918 1 1941 2 
1157 2 1911 1 1917 1 1940 2 
1922 1 1920 2 1072 1 112 2 
1071 3 1919 2 111 3 1923 3 
385 3 1074 1 110 3 1922 1 
109 1 1073 2 1919 1 1921 1 
1077 3 108 2 1920 3 
1925 5 1009 3 390 4 1571 3 
1570 3 1924 5 393 4 1926 3 
547 2 1569 1 392 2 1925 3 
1928 4 689 4 1576 3 387 3 
386 2 1927 4 1575 2 1148 3 
1391 1 1731 2 576 2 2420 1 
1764 5 1910 2 2323 3 1931 2 
2322 2 1909 3 1930 2 1936 1 
1933 1 336 1 753 3 1089 1 
1932 1 2055 1 335 1 1088 1 
1912 2 2332 3 1935 4 1937 2 
2331 3 1940 4 1934 4 1911 3 
2330 2 1937 1 1914 2 1931 1 
1936 1 2329 2 1934 2 1913 2 
1916 1 1939 2 2328 2 1941 2 
1915 4 2327 2 2127 3 1938 2 
1941 3 1935 4 2326 3 1918 2 
1940 3 1917 2 1938 2 2325 3 
457 1 2153 1 324 2 455 2 
400 1 630 1 705 1 1877 1 
1601 1 1204 4 1947 2 1945 1 
1602 2 1203 1 1714 1 1944 1 
1599 3 1949 3 1206 5 1947 4 
1205 2 1944 2 1946 4 1600 2 
1951 3 1200 1 1949 1 1597 2 
1199 2 1948 1 1598 1 1946 3 
1951 3 1953 1 1202 2 1595 2 
1950 3 1201 3 1948 3 1596 3 
1198 3 1609 3 1953 2 784 2 
1950 1 1610 1 1197 1 1952 2 
1589 3 317 2 
620 3 1997 3 2220 4 
827 3 1282 3 148 3 825 4 
2516 2 1960 1 1958 2 33 1 
1965 3 32 4 2515 2 1957 2 
35 1 1960 1 1962 2 2514 2 
2513 2 1957 1 1959 1 34 2 
1962 2 37 3 1964 2 2512 2 
2511 2 36 2 1961 2 1959 2 
2510 4 39 2 2298 3 1964 2 
38 2 2509 2 1963 2 1961 2 
1958 3 1966 2 43 2 2518 2 
985 1 42 3 2517 1 1965 2 
1968 3 1220 2 396 3 1970 3 
1967 3 1219 2 395 2 1973 3 
1976 2 1970 3 1218 2 398 2 
1217 3 397 4 1969 3 1967 3 
400 3 1972 3 1974 4 1224 3 
1741 1 1223 3 1971 3 399 2 
1222 3 402 3 1968 3 1974 3 
401 4 1971 4 1221 2 1973 3 
1800 2 1976 2 404 2 1226 2 
1969 2 1975 2 403 2 1225 1 
1076 2 1980 2 1978 1 1178 3 
1075 1 1371 1 1177 1 1977 1 
1180 1 1081 2 1980 2 1982 1 
1179 3 1080 2 1979 2 1977 2 
1079 4 1984 2 1182 2 1982 2 
1979 1 1981 2 1181 1 1078 1 
1184 2 1984 2 1085 3 1986 2 
1981 2 1983 2 1183 3 1084 1 
1083 1 1986 1 1186 2 2173 2 
1082 1 1985 1 1983 2 1185 1 
2048 1 1988 1 1994 1 198 1 
1987 1 2047 4 197 1 1989 2 
2050 2 196 3 1990 2 1988 2 
195 1 1995 2 2049 2 1989 2 
194 3 2052 1 1992 1 579 2 
1991 1 193 1 2051 1 1993 2 
1994 2 192 3 1992 2 2054 2 
1993 2 191 2 1987 1 2053 1 
2058 3 1990 2 1996 2 202 4 
2057 1 1995 2 201 1 2183 1 
1955 3 157 1 1754 2 
1999 3 2530 3 2163 5 2005 3 
1998 3 2096 3 2164 1 2529 2 
2001 5 2532 4 2003 5 2159 4 
2000 5 2006 2 2531 3 2160 3 
2188 1 2003 2 2534 1 2161 1 
2162 2 2000 5 2533 2 2002 2 
2536 2 2155 3 2007 2 2005 2 
2004 2 2535 3 1998 3 2156 2 
2538 2 2007 1 2001 2 2157 1 
2006 1 2004 2 2537 1 2158 3 
2017 4 2107 4 2009 3 1550 4 
2206 1 1549 1 2008 3 2106 1 
1552 2 2151 3 2104 2 2011 2 
2012 2 1551 2 2010 2 2103 2 
2013 4 2011 2 2102 2 1554 2 
2012 4 1553 4 2014 3 2101 3 
2015 1 2013 3 1556 1 
1555 4 2016 1 2014 1 
2015 1 1558 1 2017 2 2100 1 
2099 3 2008 4 2016 2 1557 3 
2019 1 2024 4 26 3 2377 2 
2018 1 2376 2 2020 1 25 2 
2019 1 2021 1 2375 2 28 1 
27 1 2025 2 2020 1 2374 1 
29 2 2373 2 2023 3 
2024 5 1228 2 2022 3 31 2 
30 4 1227 4 2023 5 2018 4 
2021 2 2026 4 1495 2 658 3 
657 4 2025 4 1494 4 2031 4 
1491 3 2028 3 107 2 2034 2 
1490 2 2029 3 106 3 2027 3 
2028 3 1493 3 2030 2 105 2 
1799 2 104 2 2029 2 1492 2 
1487 3 103 2 2026 4 2032 2 
2033 1 102 2 2031 2 1486 1 
1489 2 2032 1 2034 1 101 2 
100 1 2033 1 1488 1 2027 2 
1604 2 433 3 1848 3 2036 3 
287 2 432 2 2035 3 1048 2 
2485 2 2038 4 484 2 899 2 
898 3 2045 3 2037 4 2484 4 
2493 1 897 1 2042 1 2040 1 
668 1 2492 2 2039 1 896 3 
2044 2 895 1 2495 1 2042 1 
894 2 2039 1 2494 1 2041 1 
2497 2 2046 3 2044 2 893 2 
2041 2 892 3 2043 2 2496 2 
2038 3 891 1 2499 2 2046 3 
2043 3 890 3 2045 3 2498 4 
1475 4 2050 4 2048 4 1988 4 
2053 1 1987 1 1474 1 2047 4 
1473 2 2058 3 1990 2 2050 2 
1989 2 2047 4 1472 1 2049 2 
2052 1 1992 1 2054 1 1479 3 
1991 1 1478 1 2051 1 1852 3 
2048 1 1477 2 2054 1 1994 1 
2053 1 2051 1 1993 2 1476 2 
2212 1 1933 1 1392 2 
1607 2 440 3 295 3 2184 3 
1482 1 1996 1 498 1 2058 2 
1995 3 1481 2 2049 3 2057 2 
1653 1 2491 1 2060 2 311 1 
559 3 310 2 2059 2 1288 3 
1188 2 2062 2 2072 2 1324 2 
1187 3 174 2 2061 2 1323 2 
2066 3 307 4 1293 3 2064 4 
2063 4 1355 3 2501 4 1652 2 
305 2 2504 4 1681 2 2066 2 
2063 3 1294 2 304 1 2065 2 
1196 3 2068 3 1326 1 2070 2 
1325 4 1195 4 2067 3 2073 3 
1328 2 2070 3 2547 3 1194 3 
2069 3 1327 4 1193 3 2067 2 
2074 4 1192 1 1330 2 2072 2 
1329 3 1191 2 2061 2 2071 2 
1332 1 1190 2 2068 3 2074 4 
2071 4 1331 4 1189 4 2073 4 
967 1 355 1 2076 2 
2075 2 966 2 356 2 2414 2 
1853 2 2078 3 354 2 420 3 
2077 3 419 2 2079 2 353 2 
350 2 416 3 2080 1 2078 2 
415 2 349 1 2079 1 2081 1 
417 1 348 2 2080 1 
358 2 964 2 2414 1 2231 3 
2086 3 2105 1 1165 1 2334 1 
1861 3 2323 3 208 3 2085 2 
2091 1 2322 2 207 3 2084 2 
2083 3 1166 3 2333 4 1412 4 
2088 2 2326 3 2094 4 213 2 
2087 2 2325 2 2089 2 212 2 
2090 2 211 2 2088 2 2328 3 
2089 2 2327 1 1785 1 210 3 
217 1 2085 1 2330 2 2092 2 
216 2 2329 3 2093 2 2091 2 
2332 2 2094 3 215 2 2092 2 
2331 3 2087 4 2093 3 214 3 
2128 3 616 3 2480 2 2477 2 
1999 3 1168 3 2335 3 1412 4 
2098 2 2338 2 1161 2 2481 4 
1908 2 1162 1 2097 2 2337 2 
2017 3 2100 2 2107 3 
2099 2 2016 1 
2013 3 2102 1 
2103 2 2012 2 2101 1 
2104 2 2102 2 2011 2 
2103 2 372 1 2010 2 
1908 2 2083 1 1164 1 2339 1 
2107 2 640 1 486 2 2009 1 
2106 2 2099 3 2008 4 482 2 
22 2 2109 4 1174 4 1357 2 
2108 4 2324 3 1356 3 2486 4 
2446 1 909 2 2111 1 
2110 1 2112 1 908 3 2445 1 
1752 4 914 1 2111 1 2113 2 
2114 2 2431 2 913 3 2112 2 
2113 2 2115 1 912 2 2443 1 
2114 1 1910 1 911 4 1764 4 
65 3 1528 1 1526 2 1483 1 
1142 2 488 2 442 1 962 2 
1562 1 226 1 2119 1 
1561 2 2118 1 225 2 2120 1 
2121 1 228 1 2119 1 1560 2 
1559 1 227 1 2120 1 2122 2 
2123 3 230 4 1566 2 2121 2 
260 3 229 2 2122 3 2124 5 
2125 4 2123 5 232 4 1564 5 
2126 1 2124 4 231 3 1563 2 
2125 1 2127 2 234 3 263 1 
2126 2 262 5 233 2 1939 3 
2095 3 2476 2 617 2 2175 2 
2132 2 613 1 2259 2 2130 1 
2129 1 2260 2 2135 1 612 2 
919 4 2132 3 2286 2 2261 2 
2129 2 2131 3 614 2 2262 2 
2136 1 2255 1 921 2 2134 1 
2137 1 2256 1 920 1 2133 1 
2136 1 2130 1 619 1 2257 2 
2135 1 2133 1 2258 1 922 2 
2134 1 2263 2 925 2 2138 2 
2264 2 924 2 2351 3 2137 2 
255 2 2142 2 362 2 2140 3 
361 4 2145 3 2139 3 254 4 
2142 1 360 1 2152 2 257 2 
2141 1 359 3 256 1 2139 2 
2144 4 2146 3 259 4 
2143 4 258 3 
2140 3 2146 2 2301 2 261 2 
2143 3 1565 2 2145 2 
454 1 2148 2 1756 2 644 2 
2147 2 453 2 2149 4 1755 3 
2150 3 452 3 2148 4 1758 3 
1757 2 2149 3 2247 1 451 1 
265 2 2010 3 2152 3 372 2 
264 4 2141 2 371 2 2151 3 
2154 2 1942 1 2251 2 1762 1 
455 3 2153 2 1761 3 1742 2 
2158 4 2004 3 2156 3 507 2 
506 2 2155 3 2163 4 2005 2 
2158 3 509 1 2006 1 2160 2 
2155 4 2157 3 508 3 2007 3 
2000 4 511 1 2160 2 2162 1 
510 2 2001 3 2159 2 2157 2 
2290 1 2162 1 513 1 2002 1 
2003 2 2161 1 512 1 2159 1 
516 3 1998 5 2164 3 2156 4 
1168 1 1999 1 515 1 2163 3 
2168 1 940 1 
2316 3 1846 4 527 3 2490 3 
2170 1 2168 1 942 4 842 1 
2165 1 941 1 841 1 2167 1 
2170 2 2172 3 846 2 937 3 
2169 2 845 1 936 1 2167 1 
939 1 2174 4 844 1 2172 2 
843 2 938 2 2169 3 2171 2 
2390 2 656 3 2174 5 1985 2 
237 4 932 4 2173 5 2171 4 
2479 1 870 2 618 1 2128 2 
2177 1 150 2 505 1 2186 1 
502 1 2176 1 19 2 2178 3 
514 3 2179 4 146 3 2177 3 
2180 2 2178 4 2401 3 140 2 
2179 2 16 1 496 1 2181 2 
15 3 2182 2 494 2 2180 2 
1484 1 2181 2 500 2 2183 1 
1471 1 498 1 1996 1 2182 1 
1821 3 296 3 2056 3 441 2 
22 1 1844 1 1174 3 2186 1 
21 1 1843 1 2176 1 2185 1 
1884 2 333 3 1251 2 
2372 1 2002 1 2290 1 2189 3 
2371 3 2192 4 2188 3 2291 3 
2193 1 2191 2 2379 3 2294 1 
2190 2 2295 2 2378 2 
2381 3 2296 3 2189 4 2193 2 
2190 1 669 2 2380 1 2192 2 
2346 3 1146 3 586 3 2195 4 
585 2 1147 2 2194 4 
2197 2 2202 1 701 2 499 3 
2196 2 2198 2 497 2 700 2 
699 1 503 1 2197 2 2199 1 
698 2 501 1 2198 1 2207 1 
2201 2 1374 1 696 2 
495 3 2200 2 2202 2 695 4 
694 1 2201 2 2196 1 491 2 
2210 1 1881 2 2204 2 1387 1 
2205 3 1880 3 1386 3 2203 2 
2204 3 1879 2 2206 2 1389 2 
2009 1 640 1 1388 3 2205 2 
1373 2 2199 1 2208 2 693 1 
2363 3 1372 2 2207 2 692 2 
1385 1 1875 1 2210 1 1845 1 
627 1 2209 1 1384 1 2203 1 
205 2 329 1 331 2 627 1 
2055 1 1469 2 335 1 
342 2 1065 2 340 2 117 2 
1359 2 2215 2 1809 2 2217 4 
2214 2 1808 1 1358 1 2218 2 
2217 4 646 2 1357 2 1811 2 
2216 4 1356 3 2214 4 1810 5 
1812 2 2215 2 1361 3 
2368 2 2439 2 2253 4 2298 4 
644 3 461 2 1955 4 1754 3 
346 2 849 4 1067 3 1688 2 
149 3 755 2 862 3 525 3 
1039 4 147 3 1813 3 176 2 
1816 2 1038 1 2225 2 2227 1 
1815 2 1037 2 2224 2 147 3 
1036 3 2227 1 1818 2 2229 4 
1817 1 2226 1 1035 3 2224 1 
1470 1 1034 2 1820 1 2229 4 
1819 5 1033 4 2228 4 2226 4 
519 3 2231 5 757 3 2233 3 
520 3 756 4 2230 5 2082 3 
517 1 2235 2 759 3 2233 1 
518 1 758 3 2232 1 2230 3 
2235 3 2237 2 761 3 523 3 
2234 3 524 3 2232 2 760 3 
521 3 763 2 2237 1 149 2 
2234 2 2236 1 762 2 522 1 
1034 4 2239 3 2342 3 597 3 
2240 1 598 1 1033 1 2238 3 
2239 1 599 2 2241 1 1036 3 
1035 3 2242 3 600 1 2240 1 
2243 3 593 4 1038 3 2241 3 
2242 3 594 1 2244 1 1037 1 
595 2 1040 1 2243 1 2245 1 
596 1 2246 1 1039 3 2244 1 
2245 1 1042 3 601 3 
1760 4 2251 2 2150 1 458 2 
235 2 2249 3 1262 3 1889 4 
2248 3 1261 4 1888 3 223 3 
1891 3 235 2 
2153 2 457 2 2247 2 1759 2 
906 2 2254 3 1647 2 578 4 
2432 4 2219 4 2370 3 
577 2 2252 3 1877 2 905 2 
2258 1 681 2 2133 1 2256 1 
680 1 2134 1 2255 1 2263 2 
2260 3 2258 2 683 2 2135 2 
2255 1 2257 2 2136 1 682 1 
2262 2 2129 2 2260 3 685 3 
684 3 2257 3 2130 2 2259 3 
2262 1 687 1 2402 1 2131 2 
686 1 2259 2 2261 1 2132 2 
2264 2 691 2 2137 2 2256 2 
2263 2 1340 1 690 2 2138 2 
2272 3 580 2 2266 2 241 3 
240 3 194 4 579 3 2265 2 
2268 4 2270 2 584 3 1540 2 
2267 4 583 4 246 3 2273 4 
2270 2 249 2 582 2 2422 2 
2269 2 2267 2 581 2 248 2 
2274 2 2272 3 251 2 588 2 
2265 3 2271 3 587 4 250 4 
1060 2 253 3 2274 3 2268 4 
2271 2 1057 2 2273 3 252 3 
364 1 2276 1 433 2 2280 2 
363 1 2275 1 561 3 432 1 
2278 2 437 2 366 2 2284 4 
2277 2 365 1 2279 2 436 1 
368 2 2278 2 2280 3 435 3 
2279 3 434 2 367 2 2275 2 
441 1 2427 1 370 2 2282 1 
369 2 2283 1 440 2 2281 1 
2282 1 2284 3 2320 1 439 1 
438 4 2283 3 2277 4 2318 3 
1667 1 618 1 494 1 1669 1 
729 1 2402 1 2131 2 
1244 3 2288 1 1867 1 459 2 
2299 2 2287 1 456 2 1866 1 
2409 1 2311 1 2292 1 1242 1 
2291 1 2161 1 354 1 2188 1 
2290 1 2189 3 353 1 2296 2 
2310 2 2408 1 2289 1 1245 2 
2300 3 68 1 624 1 2297 1 
348 2 2295 1 2190 1 669 2 
2191 2 2294 1 
2192 3 669 3 350 3 2291 2 
2293 1 67 2 623 2 1237 1 
2369 3 2219 4 1963 3 2440 3 
2288 2 2300 4 66 2 1873 3 
625 4 2293 3 2299 4 65 5 
2145 2 361 3 
1240 4 1446 2 2303 1 2313 2 
1445 3 2302 1 1239 2 2449 1 
725 3 430 2 163 2 2305 2 
429 1 159 2 1175 2 2304 2 
2307 5 1448 5 1248 4 2453 4 
1447 2 1247 4 2306 5 2308 5 
1450 4 2307 5 2309 5 1246 5 
2310 3 1449 2 1245 3 2308 5 
2309 3 2292 2 1452 3 2311 2 
2312 2 2289 1 2310 2 1451 2 
1454 2 1242 2 2311 2 2313 3 
1453 4 2312 3 2302 2 1241 2 
537 3 58 3 2315 2 658 3 
2361 2 657 2 536 2 2314 2 
290 2 2489 2 2166 3 2317 1 
2319 3 2488 1 2316 1 289 2 
1513 2 2320 1 366 1 2284 3 
2487 4 2317 3 2321 3 292 4 
2318 1 2283 1 1512 4 369 2 
2486 2 2324 1 2319 3 291 1 
2330 3 2085 2 2323 3 1931 2 
2084 3 2322 3 2469 2 1930 3 
1174 3 294 2 2321 1 2109 3 
2328 3 2088 2 2326 3 1941 3 
2331 2 2087 3 1940 3 2325 3 
2328 2 262 4 2090 1 1939 2 
2325 3 2327 2 1938 2 2089 3 
2332 3 2092 3 1937 2 2330 3 
2322 3 1936 2 2329 3 2091 2 
2326 2 1935 3 2094 3 2332 2 
2331 2 2093 2 2329 3 1934 3 
1305 3 2334 2 2086 4 2336 3 
2333 2 2339 1 1304 1 2083 1 
1303 2 2529 2 2096 3 2336 2 
1302 3 1412 3 2335 2 2333 3 
2338 2 1301 2 2098 2 2340 4 
2343 1 2337 2 2097 2 1300 1 
2334 1 1299 3 2105 1 2340 3 
1908 4 2337 4 2339 3 1298 3 
926 1 878 2 2483 1 2342 1 
927 2 2482 1 2238 3 2341 1 
2338 1 1307 2 2481 3 2344 3 
2477 3 2343 3 1306 3 2480 3 
529 2 107 1 487 2 504 1 
2194 3 1341 2 406 5 2347 2 
1342 4 2346 2 2352 3 405 2 
1337 1 408 2 2355 2 2349 2 
1338 4 2348 2 407 2 2350 3 
410 2 1339 2 2349 3 2351 3 
1340 2 409 4 2138 3 2350 3 
1333 3 412 3 2353 2 2347 3 
1334 3 2354 1 411 2 2352 2 
2355 2 414 1 2353 1 1335 2 
413 2 2354 2 1336 4 2348 2 
558 1 1218 1 2357 1 2366 1 
1217 2 557 1 2358 4 2356 1 
1220 4 2359 5 556 4 2357 4 
2360 2 2358 5 1219 2 555 3 
2359 2 953 1 554 2 1222 2 
2315 2 533 2 2364 3 103 2 
953 1 552 2 1224 1 2363 2 
2208 3 1223 4 2362 2 551 2 
532 3 2361 3 492 2 102 3 
608 2 1226 2 2366 2 550 3 
1225 1 549 2 2356 1 2365 2 
1771 2 363 1 1520 2 525 2 
2219 2 2370 1 1510 3 2369 1 
2510 4 2298 3 1509 2 2368 1 
2368 1 1508 1 2253 3 
2381 2 1319 2 2189 3 2372 1 
2188 1 2534 1 2371 1 1318 2 
56 1 2022 2 1228 1 
2021 1 58 2 2375 2 658 2 
2376 3 57 3 2020 2 2374 2 
2019 2 2375 3 2377 3 60 3 
1227 2 2376 3 59 3 2018 2 
2379 3 2191 2 
1322 3 2378 3 2190 3 2380 3 
1321 2 2379 3 2193 1 2381 2 
2371 2 1320 3 2192 3 2380 2 
1446 2 2389 3 2383 1 
1445 3 303 1 2382 1 
1262 3 2385 4 
1508 4 2386 4 2384 4 1261 5 
1510 3 2385 4 1266 2 2387 1 
1509 2 2542 1 2386 1 1265 4 
1454 1 2389 3 
1453 5 2388 3 2382 3 
2173 2 1083 1 126 1 237 1 
2392 2 1655 2 2549 3 1059 3 
2391 2 1058 3 1654 1 2395 1 
2394 2 1056 1 2396 3 1657 1 
1656 2 2393 2 1055 2 2399 3 
1054 1 2392 1 2396 3 1659 2 
1053 3 2393 3 2395 3 1658 4 
1052 4 2398 3 1661 3 2400 2 
2397 3 1660 3 224 2 1051 2 
2394 3 1663 3 1050 2 2400 2 
2399 2 1662 1 2397 2 1049 2 
1672 4 2179 3 514 2 496 2 
2286 1 548 1 2261 1 
1175 2 159 2 
2405 1 1240 4 735 1 2407 1 
734 4 2404 1 1239 2 1901 1 
739 2 1242 1 2409 1 2407 1 
1241 1 738 2 2406 1 2404 1 
737 1 2292 1 2411 1 2409 1 
736 4 2289 1 2408 1 2406 1 
2413 2 2411 1 1246 2 743 1 
1245 2 742 2 2410 1 2408 1 
2413 4 1 5 1248 3 741 4 
2412 4 2410 2 740 2 1247 4 
965 1 357 1 2082 1 2076 2 
1076 3 2416 2 241 4 2560 3 
824 2 2415 2 240 2 1075 1 
1079 4 2419 3 253 3 2564 2 
849 3 2461 1 1688 1 1525 1 
1078 2 2417 3 2559 2 252 3 
1904 3 2421 3 1394 2 1929 1 
2420 3 1729 3 1393 3 394 5 
2423 3 62 3 420 2 2269 2 
2422 3 419 3 61 3 2425 3 
417 2 2426 5 450 4 
72 2 416 3 2426 4 2423 3 
71 4 2425 4 2424 5 415 5 
2281 1 270 2 2428 3 186 3 
185 4 2427 3 269 3 2429 3 
189 1 2430 2 2428 3 272 3 
271 2 188 3 2429 2 
2113 2 1752 4 2443 1 2471 1 
2253 4 2439 2 236 3 
2436 1 131 1 2434 1 628 1 
1032 2 873 3 629 2 2433 1 
125 1 2438 1 2436 1 635 1 
2433 1 124 1 636 3 2435 1 
1733 2 637 3 866 3 2438 2 
638 1 863 1 2435 1 2437 2 
2219 2 2432 2 275 2 2440 1 
274 3 2298 3 2439 1 39 2 
633 3 123 2 40 1 2442 1 
634 2 122 2 1730 1 2441 1 
2431 1 2468 5 1764 4 2114 1 
274 3 49 1 
1752 4 2446 1 2111 1 
2110 1 2445 1 
169 2 2450 5 732 2 826 3 
626 1 2449 1 
2448 1 1872 1 153 1 2303 1 
1670 4 2447 5 168 4 731 4 
190 2 2452 1 2454 2 239 2 
238 2 2451 1 1688 1 1525 1 
1031 2 2306 4 
1684 4 1531 2 1907 3 2451 2 
243 1 2456 1 1683 1 2458 1 
2455 1 1682 1 1907 2 242 1 
2458 2 118 2 245 2 2460 2 
2457 2 2455 1 117 2 244 4 
1670 1 731 1 247 1 2460 1 
1537 1 2459 1 1666 3 2457 2 
1524 1 869 1 2418 1 848 1 
1397 1 1728 3 2465 2 2463 1 
1727 1 1396 1 70 1 2462 1 
1904 4 1401 2 2465 3 2467 2 
1400 2 1729 2 2462 2 2464 3 
2467 1 1732 3 
2466 1 1731 2 1399 1 2464 2 
2443 5 1862 5 2471 5 2469 5 
1861 2 1764 4 2323 2 2468 5 
2471 1 1752 4 
1863 2 2470 1 2431 1 2468 5 
2475 1 1115 1 875 1 2473 1 
1114 1 2478 2 872 1 2472 1 
2483 2 1113 2 2475 2 878 3 
877 2 2472 1 2474 2 1112 3 
2479 1 2128 2 1111 1 2477 1 
2344 3 1110 1 2476 1 2095 2 
1444 3 2479 2 2473 2 870 3 
2476 1 2478 2 2175 1 1443 2 
2481 3 1763 1 2095 2 2344 3 
2480 3 1765 4 2343 3 2097 4 
1034 2 1470 1 2483 1 2342 1 
2474 2 2482 1 1465 1 2341 1 
2499 3 2485 2 2038 4 1498 3 
2037 2 2484 2 1499 2 86 1 
2321 2 1359 2 2109 4 2487 3 
2319 4 2488 2 1358 2 2486 3 
2489 2 2487 2 1361 2 2317 1 
2488 2 2316 2 2490 2 1360 3 
2489 2 2166 3 
1288 2 259 2 2059 1 1290 1 
2040 2 1506 3 52 3 2493 2 
2039 1 2494 1 1507 1 2492 2 
1504 1 2495 1 2493 1 2042 1 
2494 1 1505 3 2041 1 2496 1 
1502 1 2044 2 2495 1 2497 2 
2043 2 2498 3 1503 4 2496 2 
1500 2 2499 3 2497 3 2046 4 
2484 3 2498 3 1501 4 2045 2 
261 1 1652 1 1290 1 2501 3 
2500 3 254 5 1293 3 2064 4 
470 4 1292 4 1435 4 
1289 1 473 1 1295 2 1436 3 
2065 4 257 4 1294 4 1296 3 
830 3 167 2 725 3 163 2 
2508 2 1856 1 374 1 
1854 2 376 2 2508 2 90 2 
2506 2 375 4 2507 2 589 3 
2510 4 2512 2 1964 2 1346 2 
1963 4 1345 5 2509 4 2369 4 
1962 2 1348 1 2512 2 2514 2 
2509 2 2511 2 1961 2 1347 2 
1350 5 1960 2 2514 3 2516 3 
2513 3 1349 2 2511 2 1959 2 
2518 1 1958 2 2516 2 1352 1 
1957 2 1351 2 2515 2 2513 3 
1354 2 1966 1 1545 1 2518 1 
2515 1 1353 1 2517 1 1965 2 
2520 1 2522 2 699 1 938 1 
698 2 2519 1 2527 1 939 1 
2524 2 701 3 2522 3 936 2 
2519 2 937 3 700 2 2521 3 
2526 3 941 1 695 3 2524 1 
2521 2 942 4 694 1 2523 1 
2526 3 697 1 
696 4 2523 3 2525 3 940 3 
932 1 2520 1 693 1 2528 1 
2527 1 907 2 656 2 692 1 
1126 3 2335 2 2530 2 1999 2 
1998 3 1125 1 2529 2 2535 3 
1131 3 2001 3 2538 3 2532 2 
2000 4 1130 1 2533 1 2531 2 
1129 1 2534 1 2532 1 2003 2 
2533 1 2372 1 2002 1 1128 2 
2536 3 1135 3 2530 3 2005 3 
1134 1 2004 2 2537 1 2535 3 
2536 1 1133 5 2538 2 2007 1 
2006 2 2537 2 2531 3 1527 2 
1348 1 2546 2 2540 2 1050 1 
1347 2 2541 2 1049 3 2539 2 
1346 2 1052 3 2540 2 2542 1 
2541 1 2387 1 1345 2 1051 1 
1054 1 1352 1 2544 1 2548 1 
1351 1 1053 1 2543 1 2545 1 
1350 4 1056 1 2544 1 2546 2 
1055 2 2539 2 1349 2 2545 2 
1059 3 2069 3 1354 3 2548 2 
1058 3 1353 1 2547 2 2543 1 
2550 2 209 2 1328 2 2391 3 
2549 2 767 1 2551 4 1327 3 
218 4 1326 4 2550 4 2552 5 
787 3 2553 2 1325 3 2551 5 
2554 1 1332 1 2552 2 220 4 
2553 1 219 1 2555 1 1331 1 
222 2 2556 1 2554 1 1330 2 
2555 1 221 1 1329 2 2557 1 
2558 1 41 1 2556 1 1324 2 
1323 1 123 2 2557 1 40 1 
1081 2 2560 2 251 2 2419 2 
2559 2 2415 3 250 3 1080 2 
2562 2 1083 1 249 1 126 1 
248 3 2561 2 1082 2 2563 3 
2564 2 1085 3 2562 3 1540 2 
2563 2 246 1 1084 1 2417 2 
779 1 485 3 1523 1 1519 1 
