2550 4961 001
2 2 1568 2 193 2 1594 3 
1567 3 1 2 1593 1 9 1 
6 2 4 1 1598 1 1574 1 
3 1 1573 3 558 1 1597 2 
1596 1 6 2 1576 1 8 3 
5 2 3 2 1595 4 1575 3 
1602 3 1570 2 8 4 10 2 
1569 3 5 3 1601 3 7 4 
10 1 2 1 1600 2 1572 3 
1571 1 9 1 1599 2 7 2 
2108 1 14 2 12 3 318 1 
317 3 17 3 2107 3 11 3 
14 2 320 1 2296 1 2058 1 
13 2 11 2 319 2 2280 3 
16 2 18 2 2104 4 322 2 
19 2 15 2 2103 1 321 1 
2102 1 12 3 18 1 324 1 
17 1 15 2 2101 2 323 1 
2114 2 16 2 20 3 326 2 
19 3 2413 4 2169 2 325 4 
1760 2 22 3 2249 2 
21 3 23 2 1759 3 2251 3 
1758 1 22 2 2250 1 24 2 
25 3 1757 3 2246 3 23 2 
24 3 2245 3 1756 3 26 2 
27 2 1755 2 2248 1 25 2 
26 2 28 2 1754 2 2247 3 
2244 1 27 2 29 1 1753 1 
28 1 2243 1 580 1 1752 1 
1824 2 2335 3 894 3 1701 3 
221 2 88 2 
1195 4 1716 4 2338 4 1823 4 
1511 2 497 2 34 2 38 2 
33 2 35 1 496 1 1510 1 
36 2 34 1 499 2 1509 2 
35 2 1508 2 316 3 39 2 
495 3 38 2 1506 4 
315 1 37 2 33 2 1505 2 
489 1 1513 3 40 1 36 2 
1512 2 488 1 39 1 2171 3 
624 1 1036 1 42 1 662 2 
661 1 47 2 1035 1 41 1 
50 2 1046 2 44 1 1326 2 
45 2 1325 1 43 1 1045 2 
44 2 46 3 1328 2 1044 2 
1043 2 1327 3 45 3 1410 4 
48 2 1050 5 42 2 668 3 
47 2 1049 1 1329 1 49 1 
342 2 50 2 1048 2 48 1 
49 2 1047 3 43 2 1331 2 
52 2 649 1 225 2 
53 2 51 2 227 4 654 3 
52 2 653 1 54 1 226 1 
229 1 55 2 53 1 652 3 
56 2 228 2 1221 3 54 2 
1896 1 55 2 57 1 231 4 
2449 2 91 2 230 1 56 1 
466 2 2410 1 1729 3 368 2 
1269 1 2300 1 821 3 1301 2 
2507 4 65 2 61 2 489 2 
268 2 60 2 488 1 2506 2 
2504 4 63 2 495 3 
2503 2 315 1 66 2 62 2 
65 1 67 1 2500 1 499 2 
60 2 64 1 2499 2 316 2 
67 2 63 2 2502 3 497 2 
66 2 64 1 496 1 2501 1 
106 1 69 1 476 1 73 1 
475 3 278 2 105 1 68 1 
71 2 108 2 485 4 77 3 
107 1 70 2 72 1 484 2 
483 2 110 3 73 1 71 1 
109 1 482 1 72 1 68 1 
842 2 75 3 481 2 112 2 
76 3 111 4 480 4 74 3 
114 2 479 2 75 3 77 2 
478 2 113 3 76 2 70 3 
1417 1 79 1 81 1 1154 1 
1416 1 78 1 89 4 1153 1 
83 1 81 1 1156 1 1415 2 
1155 2 80 1 78 1 1414 1 
1421 2 83 2 1158 2 85 3 
1420 2 80 1 82 2 1157 1 
269 1 1160 1 1419 2 85 2 
1159 2 82 3 1418 3 84 2 
1372 3 464 2 1729 3 370 2 
88 3 700 3 
87 3 699 2 31 2 2472 2 
90 4 1423 5 79 4 1162 4 
89 4 1161 2 1749 1 1422 1 
2316 2 57 2 1896 2 2498 2 
95 3 1500 2 1914 2 455 2 
285 4 94 2 153 3 1628 3 
152 3 1627 1 93 2 100 1 
101 2 92 3 1501 2 1913 2 
103 4 97 2 1634 2 151 3 
96 2 150 3 98 3 1633 3 
99 4 97 3 149 3 1636 4 
98 4 2491 2 1635 2 148 4 
147 3 533 1 1630 1 94 1 
95 2 1502 1 1916 3 104 2 
145 2 1632 2 533 1 103 3 
96 4 144 3 1631 3 102 3 
988 3 101 2 1915 2 1503 3 
106 1 69 1 2490 1 2078 2 
105 1 109 1 68 1 2077 1 
71 1 108 1 110 3 2071 1 
113 2 2070 1 70 2 107 1 
73 1 106 1 2069 3 110 3 
72 3 107 3 109 3 2068 3 
114 3 112 3 75 4 2075 3 
111 3 298 3 2074 3 74 2 
108 2 2073 5 77 3 114 3 
111 3 76 2 2072 2 113 3 
1765 1 116 2 117 1 
840 2 1764 2 115 2 118 4 
1766 3 115 1 
116 4 1763 3 587 3 831 3 
1499 4 1911 4 1010 4 687 5 
2318 1 966 2 121 2 127 3 
852 3 965 3 458 2 120 2 
123 2 2431 3 318 2 759 2 
122 2 124 2 317 1 758 1 
123 2 761 2 125 3 324 2 
760 3 124 3 323 2 126 4 
322 3 463 3 763 3 125 4 
959 3 462 3 120 3 850 4 
463 1 765 1 129 2 326 1 
325 4 764 2 128 2 302 2 
968 3 1638 1 847 2 131 3 
846 3 967 4 460 5 130 3 
428 1 133 3 2366 1 2120 3 
2119 3 1403 3 132 3 2365 4 
135 1 1227 2 670 2 143 1 
669 1 136 3 134 1 1226 1 
135 3 1229 4 1330 4 137 4 
138 2 667 2 1228 2 136 4 
137 2 1223 2 139 1 666 2 
1222 2 140 3 138 1 665 3 
664 3 1225 5 139 3 141 3 
1224 2 663 2 354 3 140 3 
660 2 1231 1 143 1 2522 1 
142 1 659 1 1230 1 134 1 
103 3 145 2 1312 3 151 2 
102 2 144 2 146 3 1311 3 
533 2 147 4 145 3 1314 2 
100 3 146 4 152 5 1313 3 
1308 3 2232 4 149 3 99 4 
150 3 148 3 1307 1 98 3 
1310 4 97 3 149 3 151 4 
1309 2 96 3 150 4 144 2 
94 3 1316 3 147 5 153 4 
1315 3 152 4 93 3 2531 2 
2398 2 155 2 162 1 1435 2 
154 2 156 3 863 3 2397 4 
685 3 2400 2 155 3 157 2 
158 2 684 2 2399 1 156 2 
157 2 691 2 2402 4 159 3 
160 2 690 5 2401 2 158 3 
689 2 159 2 2404 1 161 1 
1815 1 2403 1 688 2 160 1 
2407 1 154 1 1443 1 
934 4 164 4 453 4 170 4 
163 4 933 2 452 1 2538 1 
936 2 447 1 166 2 168 2 
171 3 165 2 446 2 935 3 
2536 3 445 4 938 3 168 4 
937 2 165 2 444 2 167 4 
940 3 451 2 170 1 172 1 
939 2 169 1 450 2 163 4 
166 3 942 3 449 2 172 2 
941 1 171 2 448 2 169 1 
1377 2 177 2 2480 1 174 2 
2479 2 173 2 739 2 1376 2 
176 2 2481 1 1383 1 
175 2 1382 3 2483 2 177 3 
173 2 176 3 1381 3 2482 2 
2548 4 258 4 1741 4 179 5 
180 3 1740 2 648 2 178 5 
1375 3 179 3 
386 2 184 4 182 2 
385 3 181 2 
184 4 2033 1 186 2 384 2 
181 4 183 4 383 4 2032 4 
188 4 186 4 390 4 
389 2 183 2 185 4 
440 2 188 3 388 2 
185 4 187 3 387 2 
1425 2 1385 2 196 3 190 5 
1384 4 189 5 2543 4 1424 4 
1430 1 192 2 1389 3 194 1 
1429 3 1388 3 197 2 191 2 
194 1 1 2 1428 1 1391 1 
193 1 1427 2 191 1 1390 3 
198 3 1393 3 1434 1 196 2 
1392 2 1433 2 189 3 195 2 
198 3 192 2 1432 1 1395 1 
197 3 195 3 1394 3 1431 3 
200 2 1411 2 1307 2 202 4 
1308 1 199 2 
204 3 202 5 1309 3 1438 3 
1310 4 1436 3 201 5 199 4 
1380 1 1311 2 733 1 204 1 
201 3 1373 1 203 1 1312 3 
206 3 1628 3 370 3 1372 4 
205 3 1627 2 1371 2 209 3 
208 4 210 3 1632 4 1368 3 
207 4 1367 3 213 2 1631 2 
1630 2 210 2 1370 2 206 3 
209 2 1629 1 207 3 1369 1 
214 2 1636 2 212 2 1364 2 
755 4 211 2 1635 2 1363 4 
1366 2 214 2 208 2 1634 1 
213 2 211 2 1633 4 1365 2 
218 2 2474 2 216 4 1523 3 
2473 4 215 4 1522 3 223 4 
1521 4 218 2 2476 2 220 2 
215 2 2475 2 1520 3 217 2 
2470 3 222 2 1519 1 220 1 
2469 1 1518 1 219 1 217 2 
2472 2 31 2 222 3 
219 2 2471 3 1517 2 221 3 
224 2 2478 3 1516 2 216 4 
2477 1 223 2 377 2 1515 2 
227 4 51 2 
229 1 227 3 1874 1 53 1 
226 3 52 4 225 4 1873 3 
231 4 55 2 229 1 1872 2 
226 1 54 1 1871 2 228 1 
231 4 393 1 1876 1 57 1 
228 4 230 4 1875 5 56 4 
233 1 785 3 235 1 1038 3 
232 1 1037 1 238 3 782 1 
812 4 487 3 424 4 235 3 
810 1 791 1 232 1 234 3 
1042 1 1167 1 239 2 237 1 
242 2 236 1 1041 1 494 2 
813 4 233 3 239 4 1040 3 
1039 3 236 2 238 4 811 3 
241 2 1413 3 2042 2 251 3 
240 2 728 3 2041 2 250 1 
1466 2 243 2 237 2 843 4 
481 2 842 2 242 2 1465 1 
245 2 255 3 2038 4 1426 2 
2037 2 244 2 246 1 254 2 
247 1 2036 2 257 1 245 1 
246 1 2035 1 256 2 2286 2 
2130 4 251 3 249 3 1413 3 
1412 3 2129 3 248 3 
2134 1 253 2 241 1 251 2 
248 3 240 3 2133 2 250 2 
253 2 255 2 1426 1 2132 2 
252 2 2131 3 728 4 250 2 
255 3 257 2 2138 3 245 2 
254 3 252 2 244 3 2137 2 
257 2 247 2 884 2 2136 2 
256 2 254 2 246 1 2135 2 
178 4 648 1 1965 1 545 2 
1069 2 2394 2 260 2 430 1 
2393 2 261 4 1068 4 259 2 
260 4 2390 4 1067 3 262 4 
263 3 2389 3 1066 3 261 4 
262 3 264 3 2392 3 1006 2 
263 3 2391 2 265 3 1064 3 
1063 3 264 3 1220 3 266 2 
267 2 265 2 2385 1 1062 2 
266 2 268 3 2388 3 1061 3 
61 2 267 3 1060 2 2387 3 
84 1 1231 1 270 1 968 3 
1230 1 967 2 277 1 269 1 
1225 3 272 1 274 3 964 2 
2326 2 1224 2 271 1 963 2 
274 3 966 2 1223 2 276 2 
273 3 965 4 271 3 1222 4 
960 3 1578 3 1229 3 276 3 
959 2 275 3 273 2 1228 2 
1578 2 1227 2 270 1 962 1 
69 2 313 3 2490 2 
284 2 1447 2 280 4 2537 2 
1446 4 279 4 2536 4 445 5 
282 2 2535 2 288 4 1449 1 
281 2 1448 3 2534 2 283 2 
1451 1 2533 1 282 2 284 2 
279 2 2532 4 1450 3 283 2 
93 4 286 3 2531 3 1453 3 
287 1 1452 2 2530 2 285 3 
286 1 744 2 2529 1 288 4 
2528 4 287 4 281 4 1454 5 
292 3 290 2 2310 2 2515 2 
2309 1 295 1 289 2 2514 1 
292 2 300 2 2517 2 2308 2 
289 3 291 2 2307 2 2516 2 
1647 2 2511 2 296 2 2306 1 
2496 3 1039 4 1155 4 1646 3 
2304 1 290 1 296 2 2513 1 
2512 2 2303 3 295 2 293 2 
298 3 1162 2 843 4 1656 2 
842 3 297 3 112 3 1161 3 
2302 2 486 1 300 2 2509 1 
291 2 2301 3 2508 2 299 2 
302 1 491 2 
490 1 301 1 411 1 129 2 
304 1 1370 1 312 1 1600 2 
305 2 303 1 1369 1 1599 2 
304 2 1368 2 1602 3 306 3 
1601 2 307 2 1367 3 305 3 
308 2 1596 1 306 2 1366 2 
1365 2 307 2 309 2 1595 4 
1598 1 308 2 310 1 1364 2 
1597 2 587 1 1363 3 309 1 
312 2 1372 4 1594 3 464 3 
1371 1 311 2 303 1 1593 1 
278 3 1102 3 475 4 314 2 
1101 1 313 2 
63 1 38 1 495 2 497 1 
499 3 489 2 36 3 65 2 
318 1 12 3 123 1 324 1 
317 1 122 2 11 1 319 1 
2431 2 320 1 14 2 318 1 
503 1 13 1 2426 2 319 1 
463 1 322 1 16 1 326 1 
126 3 15 2 321 1 323 1 
324 1 322 1 18 1 125 2 
323 1 17 1 124 2 317 1 
129 4 490 3 326 3 20 4 
19 2 325 3 128 1 321 1 
1470 2 1265 3 341 2 328 1 
1972 1 1469 1 327 1 1266 2 
2269 3 330 2 914 2 506 3 
2268 1 329 2 337 1 2323 1 
332 2 2275 2 2332 2 334 3 
2331 3 331 2 904 3 2274 1 
336 1 2277 1 334 2 2330 1 
2329 3 333 2 2276 2 331 3 
2328 2 336 1 338 1 500 2 
2327 1 335 1 333 1 2270 2 
918 5 2273 1 338 1 330 1 
2272 1 915 1 335 1 337 1 
1789 1 2278 3 1478 1 1581 2 
1793 1 1472 2 726 2 341 2 
731 3 1471 3 327 2 340 2 
49 2 1489 2 1329 2 1331 2 
1253 4 1268 2 1323 3 344 3 
1267 3 347 2 1252 2 343 3 
346 1 1112 1 348 3 2297 2 
345 1 1263 1 1111 3 351 1 
1114 2 348 3 344 2 1262 1 
1113 4 345 3 347 3 1680 4 
1260 1 352 1 642 1 350 1 
547 1 1115 1 349 1 1259 2 
352 1 346 1 1258 1 1118 2 
1257 1 1117 2 349 1 351 1 
354 3 1056 2 1218 1 356 1 
1217 3 353 3 1055 3 141 3 
356 1 1216 2 
355 1 1215 1 1057 1 353 1 
1164 2 358 2 1966 4 360 3 
1965 1 357 2 729 2 1163 2 
1964 1 360 2 1166 1 
1165 2 359 2 1963 3 357 3 
1831 3 363 1 
365 1 1702 1 1447 2 2317 3 
2315 1 1832 3 361 1 
367 2 1451 1 1191 1 365 1 
362 1 1450 2 364 1 1190 1 
369 2 367 3 1193 2 1449 2 
1192 3 364 2 366 3 1448 3 
369 2 744 3 371 3 58 2 
368 2 2410 1 366 2 1454 2 
205 3 1453 2 86 2 371 3 
1729 4 1452 3 368 3 370 3 
373 2 594 2 2054 2 914 1 
378 2 372 2 2323 2 2053 3 
2330 2 2048 3 381 2 375 3 
374 3 2329 3 376 4 2047 2 
2332 3 377 4 375 4 2046 5 
2045 2 224 2 376 4 2331 4 
373 2 2052 1 379 1 918 5 
915 1 2051 1 378 1 380 1 
2050 1 381 1 2328 2 379 1 
374 2 2327 1 380 1 2049 2 
385 2 832 1 
386 2 835 1 184 4 384 2 
389 2 834 3 383 2 183 2 
182 3 382 2 386 3 837 3 
383 2 181 2 385 3 836 2 
390 2 388 1 839 1 188 2 
838 2 187 2 387 1 607 1 
841 2 384 2 390 2 186 2 
387 2 389 2 994 3 185 4 
392 2 1550 2 394 4 1710 3 
391 2 1709 2 397 2 2446 1 
2449 2 1708 1 230 1 394 3 
2448 3 1707 3 391 4 393 3 
2443 2 1706 3 396 2 398 2 
399 1 2442 2 395 2 1705 4 
1704 3 392 2 398 2 2445 3 
2444 3 1703 1 397 2 395 2 
1712 1 2441 1 396 1 400 2 
615 4 399 2 1711 2 2440 2 
2240 5 404 3 402 4 1739 3 
2239 2 1738 2 401 4 
1737 3 406 3 2242 3 404 2 
1736 2 401 3 2241 1 403 2 
406 3 1735 2 408 4 2236 2 
2235 3 405 3 1734 3 403 3 
408 4 2238 3 1733 4 410 2 
407 4 1732 3 405 4 2237 3 
986 2 410 2 1731 2 2234 3 
1730 2 2233 1 409 2 407 2 
1119 2 764 1 302 1 
413 2 415 2 851 2 1805 2 
850 2 412 2 2505 3 2455 2 
1019 2 937 1 2495 1 2450 2 
412 2 726 2 2447 1 848 3 
423 1 417 2 627 1 939 2 
1021 2 416 2 940 4 418 2 
629 2 2459 2 941 1 417 2 
2451 1 852 2 2281 2 2455 2 
525 2 421 1 2466 1 1330 2 
420 1 426 2 667 1 526 3 
933 4 423 3 631 5 2384 3 
422 3 416 1 934 1 1025 1 
1266 3 847 3 425 2 234 4 
846 1 2447 1 424 2 1265 3 
666 3 427 2 421 2 531 2 
426 2 2467 2 532 3 665 3 
2127 1 1051 1 621 4 132 1 
1054 2 472 3 2126 4 441 2 
2221 1 431 2 259 1 893 2 
430 2 432 2 892 3 2220 2 
2223 2 433 3 431 2 891 3 
890 3 2222 3 434 3 432 3 
433 3 2225 1 435 1 889 1 
2224 1 888 1 434 1 436 1 
437 1 435 1 887 3 2227 2 
438 1 436 1 2226 1 886 1 
437 1 439 1 2229 2 885 2 
884 1 438 1 2136 1 2228 1 
187 2 607 1 443 1 
2125 2 621 4 1053 1 429 2 
1468 2 2029 3 1261 4 1603 2 
1826 1 440 1 606 3 
445 2 168 2 1074 1 447 1 
1071 3 444 2 167 4 280 5 
2370 1 166 2 447 1 449 1 
165 1 446 1 2369 2 444 1 
2372 3 451 3 449 2 172 2 
2371 2 448 2 171 2 446 1 
453 2 451 3 170 2 2374 2 
448 3 169 2 2373 2 450 3 
1098 3 1211 4 164 1 453 1 
450 2 1095 2 163 4 452 1 
472 3 1059 2 956 3 2124 2 
92 2 1917 2 1504 1 
457 3 1425 1 471 1 1702 1 
456 3 1424 3 1783 4 1188 3 
121 2 855 1 964 2 459 2 
658 2 854 2 963 3 458 2 
962 3 461 3 849 3 131 5 
462 1 848 3 961 1 460 3 
851 1 461 1 127 3 960 2 
126 3 128 1 321 1 762 2 
86 2 1428 2 311 3 465 2 
1427 2 1729 3 466 2 464 2 
58 2 467 2 465 2 1430 2 
2410 1 466 2 468 1 1429 2 
1193 1 1432 1 467 1 469 2 
1431 2 1192 3 468 2 470 4 
1191 3 471 3 1434 3 469 4 
1433 1 470 3 456 1 1190 1 
454 3 429 3 2123 3 1058 3 
1410 3 474 2 1327 2 1315 2 
473 2 534 2 1409 3 1316 2 
69 3 917 4 476 3 313 4 
475 3 68 1 482 1 916 2 
970 2 2244 1 1717 1 1377 2 
77 2 920 1 485 3 479 2 
919 2 76 2 478 2 480 3 
75 4 481 3 479 3 922 2 
243 2 480 3 74 2 921 3 
73 1 924 1 483 2 476 1 
72 2 484 3 923 4 482 2 
483 3 485 4 926 2 71 2 
484 4 478 3 925 3 70 4 
956 2 2122 1 299 1 1070 2 
791 1 1266 2 1972 1 234 3 
1060 1 40 1 61 1 489 1 
316 2 39 1 60 2 488 1 
302 1 325 3 491 2 2413 3 
301 2 490 2 492 2 2412 3 
2414 2 491 2 
1308 2 2232 3 
1167 2 1969 2 237 2 1466 2 
37 3 315 2 62 3 
34 1 67 1 499 2 497 1 
33 2 315 1 66 2 496 1 
2540 4 1387 4 1551 4 1784 5 
316 3 496 2 35 2 64 2 
610 2 2270 3 2272 2 335 2 
987 2 1655 3 989 1 1889 2 
2150 1 2059 3 503 1 509 1 
320 1 502 1 2149 1 2058 1 
2158 2 505 1 2061 3 507 2 
2060 1 510 1 2157 3 504 1 
2156 2 2063 2 507 3 329 3 
2062 2 2155 2 506 3 504 2 
2154 1 509 1 2065 1 511 1 
508 1 2395 3 2064 1 502 1 
511 1 2152 2 505 1 2067 1 
510 1 2151 1 508 1 2066 1 
688 2 1815 1 1852 1 513 2 
521 2 1814 3 512 2 1851 2 
656 5 993 2 783 1 2029 2 
516 3 1813 2 1854 2 518 1 
515 3 1853 4 1812 4 703 4 
520 2 518 2 1811 2 1856 2 
1855 1 517 2 1810 2 515 1 
522 1 1858 2 520 1 1809 1 
1808 2 517 2 519 1 1857 2 
1860 2 513 2 522 1 1807 1 
1806 1 519 1 521 1 1859 2 
2054 4 524 4 1378 4 724 4 
523 4 527 2 2053 3 1386 2 
420 2 528 4 526 4 2050 2 
525 4 531 3 2049 4 421 3 
528 3 2052 1 2464 4 524 2 
527 3 525 4 2466 3 2051 3 
2467 3 530 2 532 4 2046 4 
1092 3 529 2 2468 2 2045 1 
526 3 426 2 2048 2 532 3 
427 3 529 4 2047 3 531 3 
146 2 102 1 1629 1 100 1 
474 2 2396 3 733 1 1313 1 
538 1 536 1 2427 3 2160 2 
541 1 1715 2 535 1 2159 2 
2162 4 742 3 538 3 1714 3 
1713 3 2161 2 535 1 537 3 
542 3 1720 2 2164 1 540 1 
543 3 1719 2 2163 2 539 1 
2166 1 542 3 536 1 1718 1 
539 3 2429 3 541 3 2165 4 
540 3 1722 3 2168 3 544 3 
2167 2 2432 1 543 3 805 3 
1404 2 1790 2 2548 2 258 2 
928 1 549 2 547 1 1100 1 
350 1 1099 1 927 4 546 1 
551 1 549 2 930 3 1210 1 
548 2 546 2 929 2 1097 3 
551 1 932 1 
548 1 931 2 1096 1 550 1 
1031 3 553 1 
554 3 1767 1 1028 1 552 1 
555 4 553 3 1766 5 1027 4 
556 4 554 4 1765 2 1030 2 
1029 3 555 4 1764 3 557 4 
1034 3 1763 2 556 4 558 2 
1033 1 1762 2 557 2 4 1 
978 1 560 2 562 1 1779 2 
1778 3 559 2 977 2 730 2 
1785 2 562 2 564 2 980 4 
561 2 979 2 1784 2 559 1 
1188 2 982 2 564 2 1783 3 
981 3 561 2 1782 1 563 2 
576 2 1664 2 566 4 
1663 3 565 4 1132 4 
1135 3 568 2 1344 2 2454 3 
567 2 571 1 1343 3 2453 2 
2461 1 572 1 1352 1 570 3 
2460 3 575 3 1351 3 569 3 
1350 1 568 1 572 1 2463 1 
571 1 569 1 1349 2 2462 2 
1348 2 574 2 2457 1 753 2 
573 2 1347 3 746 4 2456 3 
1879 1 570 3 1346 1 753 2 
565 2 1669 2 752 1 
2118 3 1918 1 2315 1 578 1 
1917 2 585 3 577 1 2117 1 
582 2 1666 2 1912 3 580 2 
29 1 1665 2 1911 1 579 2 
1668 4 582 2 584 2 1910 3 
581 2 579 2 1667 1 1909 2 
584 3 1916 5 586 3 1662 3 
583 3 1661 2 581 2 1915 1 
1914 3 2092 3 578 3 586 3 
1913 1 583 3 2086 2 585 3 
830 3 310 1 1762 2 118 3 
593 4 589 3 2150 3 1842 3 
757 1 588 3 1841 1 2149 1 
2152 2 1846 1 597 1 591 2 
1845 2 2151 2 592 3 590 2 
593 3 2154 2 591 3 1844 2 
592 3 2395 4 588 4 1843 2 
1850 3 595 3 2156 2 372 2 
2155 2 594 3 1849 2 596 4 
1848 3 597 3 2158 4 595 4 
2157 3 1847 1 596 3 590 1 
1951 2 599 1 1833 1 1714 1 
600 1 1832 3 598 1 1713 3 
599 1 2427 3 601 3 1831 3 
1715 4 1830 3 602 3 600 3 
1829 2 1718 1 601 3 603 2 
604 2 2429 2 602 2 1828 2 
1720 2 603 2 1827 1 605 3 
1826 3 604 3 606 5 1719 4 
605 5 1722 3 607 3 443 3 
440 1 388 1 2432 1 606 3 
2273 1 2308 2 617 1 609 2 
2272 2 2307 2 608 2 610 2 
611 2 500 2 609 2 2310 1 
610 2 2270 3 2309 2 612 3 
2304 2 2277 2 613 4 611 3 
2303 4 2276 3 614 3 612 4 
2306 1 615 3 613 3 2275 1 
2274 3 400 4 614 3 2305 5 
2302 2 774 1 2269 2 617 1 
2301 2 608 1 2268 1 616 1 
1777 4 796 3 1018 3 619 3 
620 2 1017 2 1776 1 618 3 
619 2 1016 3 
428 4 441 4 2128 4 1052 4 
641 3 2405 3 824 2 
1023 1 2349 1 1007 1 2492 3 
1019 2 41 1 2450 2 2348 2 
2415 3 1440 3 816 5 2539 3 
1024 1 819 2 1022 1 1322 2 
2345 3 1021 1 416 1 1025 1 
821 3 1024 1 1320 2 1011 3 
1023 2 1021 2 418 2 2343 2 
1209 5 1022 4 825 4 1026 4 
422 5 2351 3 1025 3 
635 2 685 3 1103 2 633 3 
684 3 1104 3 638 2 632 3 
635 3 1435 4 640 3 1105 3 
632 2 634 3 863 2 1106 1 
689 3 1107 2 637 2 639 2 
1108 1 688 2 1852 1 636 2 
1109 2 639 1 633 2 691 1 
638 1 1110 2 690 4 636 2 
1443 1 634 3 1116 1 
622 3 1119 3 2295 2 
1115 1 1117 2 349 1 2341 3 
2153 1 1953 2 1761 1 
2196 5 1212 2 
854 2 658 2 2435 2 646 3 
2434 3 657 4 651 2 645 3 
2056 3 650 3 2169 1 2413 3 
1966 3 258 1 1375 2 179 2 
2182 1 654 2 51 1 
2284 3 647 3 2055 3 2412 4 
655 1 646 2 2436 1 
2493 3 1221 4 653 3 54 3 
53 1 2186 2 652 3 654 2 
2185 4 52 3 649 2 653 2 
651 1 1549 1 657 3 
1199 5 1761 5 514 5 1020 5 
1548 4 646 4 658 3 655 3 
645 2 459 2 657 3 1547 1 
660 2 670 2 1386 1 143 1 
142 2 659 2 1378 3 869 2 
662 2 42 1 1492 1 668 2 
1493 2 661 2 2450 3 41 2 
2468 3 141 2 1217 2 664 2 
140 3 2467 2 665 3 663 2 
666 4 664 3 427 3 139 3 
665 4 426 3 667 2 138 2 
666 2 1330 2 137 2 421 1 
661 2 1487 3 1329 2 47 3 
135 1 1330 2 670 2 2466 1 
659 2 669 2 2464 5 134 2 
674 2 2146 2 672 2 2090 2 
2145 1 2089 1 671 2 677 1 
2230 3 681 2 2144 2 674 2 
671 2 2143 2 2091 2 673 2 
678 3 2142 3 676 2 2094 3 
2141 1 675 2 2093 2 883 1 
2096 1 678 2 2140 1 672 1 
675 3 2095 3 2139 4 677 2 
723 2 1804 2 2424 2 1247 3 
2100 4 2148 3 1955 3 681 3 
2147 1 2097 1 673 2 680 3 
2262 2 683 1 
682 1 2263 3 
633 3 685 3 157 2 691 2 
156 3 863 3 684 3 632 3 
1753 1 696 2 687 2 1678 1 
1679 2 1752 2 686 2 119 5 
512 2 689 3 161 2 637 2 
160 2 690 5 688 3 636 3 
691 4 689 5 639 4 159 5 
690 4 158 2 638 1 684 2 
694 1 693 2 1759 2 
697 2 1758 2 692 2 1677 2 
692 1 1760 1 
1755 3 698 2 1673 4 696 3 
1674 2 695 3 686 2 1754 2 
1675 1 693 2 1757 2 698 1 
695 2 1676 1 1756 2 697 1 
88 2 895 1 700 2 1876 1 
1875 3 699 2 701 2 87 3 
700 2 1872 2 
703 4 1700 3 1658 4 709 3 
702 4 1657 3 1699 3 516 4 
705 1 707 2 1655 3 1696 1 
704 1 1695 2 710 2 1654 2 
905 3 1653 3 707 3 1698 3 
1697 2 1652 4 704 2 706 3 
709 2 711 2 1651 3 1692 3 
708 2 1691 3 702 3 1650 1 
1694 3 1649 3 705 2 711 2 
1648 2 708 2 1693 3 710 2 
1800 2 2420 3 715 3 713 4 
2419 3 712 4 716 4 1799 3 
1798 2 715 2 2422 3 723 1 
1797 3 712 3 714 2 2421 2 
2418 2 1802 2 713 4 
1841 1 2231 2 1272 1 1408 2 
721 3 719 4 2170 3 1844 2 
718 4 2231 4 2550 3 1843 3 
2282 3 1659 3 721 3 1846 2 
718 3 1660 4 720 3 1845 2 
725 4 1848 2 2383 2 2282 3 
679 2 2423 1 1803 1 714 1 
1624 3 725 4 1850 3 523 4 
722 4 1849 3 1637 3 724 4 
731 3 1805 2 415 2 340 2 
1791 3 732 1 729 2 974 2 
2040 3 1426 3 253 4 241 3 
1790 2 358 2 973 3 727 2 
732 1 1781 1 560 2 976 3 
341 3 726 3 2447 2 1265 4 
730 1 727 1 975 2 1780 1 
1314 1 203 1 534 1 2386 1 
1946 1 735 1 1562 1 737 1 
740 1 734 1 1945 2 1561 4 
1948 1 737 1 1560 2 743 2 
1947 3 736 1 1559 1 734 1 
1942 3 741 2 739 2 1566 3 
1565 2 1941 2 738 2 174 2 
1564 2 735 1 1944 3 741 1 
738 2 740 1 1563 1 1943 1 
1950 1 743 2 537 3 1558 2 
1557 2 1949 3 742 2 736 2 
368 3 287 2 1454 3 1452 3 
2322 1 746 3 748 1 1172 2 
2321 4 1171 4 745 3 574 4 
748 2 1177 3 750 2 
747 2 745 1 1176 2 
1175 3 750 1 
1174 2 747 2 749 1 
752 1 1671 2 
751 1 576 1 1670 1 
1345 3 2458 2 573 2 575 2 
831 1 755 3 
830 5 212 4 754 3 1788 3 
2431 2 1306 1 757 1 759 1 
589 1 756 1 2426 2 1305 4 
761 1 1304 1 123 1 759 1 
756 1 122 2 1303 2 758 1 
763 2 125 3 1302 3 761 2 
758 1 1301 2 124 2 760 2 
763 2 765 2 1300 3 463 2 
760 2 1299 1 762 2 126 3 
411 1 129 2 765 1 1298 2 
1297 2 128 1 762 2 764 1 
2120 3 781 1 2059 3 767 4 
2119 4 766 4 2296 4 2058 4 
1666 1 1566 2 1930 1 769 2 
1665 3 1565 3 1717 2 768 2 
1954 1 1560 2 2092 1 771 2 
2086 3 1559 2 770 2 772 3 
1662 2 773 2 1562 2 771 3 
772 2 1561 4 1929 1 1661 2 
2063 1 775 1 2122 1 616 1 
774 1 2121 3 2062 1 776 1 
2124 1 2061 3 777 2 775 1 
2060 2 778 2 776 2 2123 3 
2126 3 777 2 779 3 2067 1 
2125 4 2066 3 778 3 780 4 
2065 2 781 2 2128 2 779 4 
2064 1 766 1 780 2 2127 1 
233 1 1973 2 813 2 785 3 
1775 3 514 1 1199 1 784 1 
788 2 2076 1 1198 2 783 1 
232 3 791 3 782 3 1974 3 
787 1 823 3 789 1 1207 1 
822 2 1206 1 792 2 786 1 
1205 3 789 2 784 2 2099 3 
788 2 786 1 1204 3 2098 1 
793 2 1203 3 1861 1 827 2 
487 1 1971 2 785 3 235 1 
787 2 829 3 1201 5 793 3 
790 2 828 2 1200 3 792 3 
1807 2 2230 3 795 2 2031 2 
794 2 2034 2 1806 1 2091 2 
618 3 1607 1 833 1 2027 1 
798 4 2089 3 2034 4 1808 4 
799 2 1811 2 797 4 2096 2 
798 2 2095 2 800 3 1810 2 
2094 4 1813 4 799 3 801 3 
1812 2 2093 2 800 3 984 2 
1609 2 803 3 809 4 841 3 
804 2 802 3 994 3 1608 3 
803 2 805 3 839 1 1611 2 
804 3 838 4 1610 5 544 3 
2027 1 1613 2 837 2 807 2 
1612 2 808 3 836 2 806 2 
809 4 807 3 1615 3 835 2 
834 4 808 4 1614 3 802 4 
235 1 2465 2 1038 3 812 2 
1967 2 239 3 1167 2 813 3 
234 4 1638 2 847 3 810 2 
1968 3 238 4 811 3 782 2 
821 3 1011 3 1269 1 815 2 
816 4 1440 2 1270 4 814 2 
815 4 817 3 1271 4 625 5 
2539 1 1272 1 816 3 1408 2 
819 2 825 1 2298 1 1022 1 
626 2 818 2 820 3 2299 2 
2300 2 819 3 1024 2 821 4 
628 3 820 4 59 3 814 3 
787 2 829 3 1459 3 823 4 
786 3 1460 3 822 4 2098 3 
2295 1 1026 1 622 2 825 1 
1264 4 818 1 630 4 824 1 
1463 4 1861 3 827 4 1004 5 
1464 4 828 2 790 2 826 4 
829 2 793 2 1461 1 827 2 
822 3 792 3 828 2 1462 2 
755 5 587 3 1363 5 831 3 
754 1 840 1 118 3 830 3 
833 1 2027 1 382 1 837 2 
832 1 796 1 1018 1 
835 2 809 4 384 3 841 3 
834 2 836 1 383 1 808 2 
835 1 807 2 386 2 837 2 
832 2 385 3 806 2 836 2 
388 2 2432 2 839 2 805 4 
838 2 994 2 387 1 804 1 
116 2 831 1 
389 2 994 3 834 3 802 3 
243 2 298 3 74 2 843 4 
1041 3 242 4 842 4 297 4 
845 1 2314 2 2441 1 1984 2 
1647 2 1983 2 844 1 2440 1 
425 1 131 3 847 2 849 1 
424 3 812 3 846 2 130 2 
851 3 461 3 415 3 849 3 
2447 1 460 3 848 3 846 1 
2318 2 851 2 413 2 127 4 
848 3 850 2 462 1 412 2 
2318 2 121 3 855 2 419 2 
1975 2 2448 2 2319 2 2316 2 
645 2 855 1 459 2 2452 2 
852 2 854 1 458 1 2451 1 
862 2 2396 4 857 5 2014 2 
2013 4 856 5 2386 4 858 4 
1380 1 859 1 2016 2 857 4 
2015 2 1373 1 860 1 858 1 
2012 1 1438 1 859 1 
1043 1 2011 2 1410 3 862 1 
1409 2 856 2 2010 1 861 1 
685 3 635 2 1435 3 155 3 
2539 2 865 3 2527 4 1408 3 
870 4 1407 2 864 3 2526 2 
2525 3 873 2 867 4 1605 4 
868 3 2383 3 2524 3 866 4 
869 1 2523 4 867 3 1637 1 
868 1 2522 1 1624 2 660 2 
2550 3 865 4 2521 3 871 3 
2170 2 870 3 872 2 2520 2 
2519 3 873 2 871 2 1660 4 
2518 1 866 2 872 2 1659 2 
875 1 1893 2 877 3 1926 2 
1925 2 874 1 882 2 1892 2 
1924 1 877 3 879 2 1895 1 
876 3 1923 4 874 3 1894 4 
1922 1 1889 2 881 1 879 2 
1888 3 1921 3 878 2 876 2 
881 2 1085 3 1920 2 1891 2 
880 2 1890 1 878 1 1919 1 
883 2 1898 3 1928 2 875 2 
882 2 1927 3 1897 1 676 1 
439 1 256 2 885 2 2286 2 
884 2 438 2 2285 3 886 2 
887 3 2288 2 437 1 885 2 
886 3 2287 4 888 3 436 3 
889 1 435 1 887 3 2290 1 
888 1 890 1 2289 2 434 1 
433 3 2292 1 889 1 891 3 
892 4 890 3 432 3 2291 4 
2294 2 891 4 431 3 893 3 
1069 3 892 3 2293 2 430 2 
1716 2 1825 3 30 3 2336 2 
2472 1 699 1 1708 1 896 1 
895 1 2471 2 897 1 1707 1 
1710 2 896 1 2470 3 898 2 
899 2 1709 3 2469 2 897 2 
898 2 900 2 2476 1 1704 2 
899 2 2475 3 1703 2 901 3 
2474 2 1706 3 900 3 902 2 
903 2 2473 2 901 2 1705 4 
2478 3 1712 2 902 2 904 4 
1711 3 332 3 2477 3 903 4 
906 2 2234 3 706 3 1544 3 
905 2 1543 1 2233 1 907 2 
908 3 2238 3 906 2 1540 3 
1539 4 907 3 2237 2 909 3 
2236 2 1542 2 908 3 910 3 
2235 3 1541 4 911 2 909 3 
1537 3 2242 2 912 1 910 2 
913 1 1536 2 2241 1 911 1 
2240 3 912 1 1538 2 
2323 1 329 2 2156 1 372 1 
379 1 338 1 2328 2 918 5 
917 3 2180 2 924 2 476 2 
916 3 1102 3 475 4 2181 2 
2323 5 337 5 378 5 915 5 
479 2 922 1 2174 3 920 1 
925 1 2175 3 478 1 919 1 
1465 2 2172 3 922 2 481 3 
921 2 919 1 2173 3 480 2 
2178 3 924 3 483 4 926 3 
2179 1 923 3 916 2 482 1 
920 1 926 1 485 3 2176 2 
2177 1 484 2 925 1 923 3 
928 4 1115 4 2489 5 547 4 
927 4 546 1 2488 2 929 1 
930 3 549 2 928 1 2487 1 
929 3 548 3 2486 5 931 4 
551 2 2485 2 932 2 930 4 
2484 1 931 2 550 1 
422 4 164 2 1379 2 934 2 
163 4 423 1 939 2 933 2 
942 3 166 3 936 3 2492 4 
165 2 2495 2 937 2 935 3 
168 2 414 1 938 1 936 2 
937 1 2450 2 167 3 1493 1 
940 4 934 2 170 2 416 2 
169 3 939 4 941 3 417 4 
172 1 942 2 418 1 940 3 
935 3 171 3 941 2 2459 3 
954 2 1256 2 2493 2 1177 3 
1684 2 951 3 945 3 2140 2 
2139 4 944 3 1683 3 946 5 
947 4 2142 5 1682 4 945 5 
946 4 1681 2 1140 1 2141 1 
949 2 2144 1 1688 2 953 3 
1687 2 948 2 2143 3 950 3 
951 3 949 3 1686 3 2146 2 
950 3 944 3 1685 4 2145 2 
2148 2 1690 2 953 4 1202 3 
952 4 2147 3 1689 3 948 3 
2184 2 1176 2 943 2 1524 1 
2417 3 2424 3 957 3 1999 3 
486 2 1065 3 2121 4 454 3 
1490 2 2423 1 955 3 1998 3 
1342 1 1997 2 1491 2 2420 2 
966 2 960 2 276 2 127 3 
959 2 275 3 961 2 462 2 
461 1 960 2 962 1 1578 2 
460 3 967 2 961 1 277 1 
964 3 1547 2 272 2 459 3 
963 3 458 2 965 3 271 2 
966 3 121 3 274 4 964 3 
959 2 965 3 273 2 120 2 
131 4 270 2 962 2 968 4 
1160 3 130 3 967 4 269 3 
1382 3 970 3 2248 2 972 3 
477 2 1381 3 969 3 2247 3 
2246 3 972 3 
1383 2 969 3 2245 3 971 3 
1163 3 974 3 729 3 1098 4 
1095 3 973 3 975 3 727 2 
976 4 2374 2 732 2 974 3 
2373 3 977 3 975 4 730 3 
2372 2 976 3 560 2 978 1 
2371 2 979 2 559 1 977 1 
562 2 978 2 980 4 2370 2 
981 5 2369 4 561 4 979 4 
980 5 1074 3 564 3 982 3 
1071 2 563 2 2317 3 981 3 
1898 3 1168 4 1658 3 984 3 
1897 2 1657 3 801 2 983 3 
2205 2 1507 2 1880 2 2417 2 
1891 1 1653 2 409 2 987 2 
501 2 1890 2 1652 4 986 2 
1910 3 1496 3 104 3 995 2 
1654 2 501 1 1888 2 990 2 
1649 3 991 2 1895 2 989 2 
1894 2 990 2 1648 2 992 2 
1168 4 1651 3 991 2 1893 3 
1020 2 514 2 2028 2 
841 3 390 3 839 2 803 3 
1010 1 988 2 1497 1 1909 2 
997 2 1065 2 999 4 1682 1 
1070 3 996 2 1681 3 1187 4 
1001 2 1684 1 1058 2 999 4 
1683 5 996 4 998 4 1059 4 
1003 2 1686 2 1001 2 1053 1 
998 2 1685 4 1000 2 1054 2 
1051 2 1003 3 1688 3 1005 2 
1000 2 1002 3 1687 2 1052 2 
2365 4 1690 3 1005 3 826 5 
1689 1 1004 3 1002 2 2366 1 
1064 2 263 2 1066 2 2109 1 
623 1 1019 2 2350 1 2495 1 
1196 3 2489 3 2011 3 1009 3 
2010 2 1008 3 2488 3 1014 2 
995 1 1912 2 1498 1 119 4 
1440 3 814 3 628 3 1317 4 
2485 2 1013 2 1015 3 2016 3 
2015 2 2484 1 1012 2 
2014 1 1015 2 2487 1 1009 2 
1014 2 2013 2 1012 3 2486 4 
1017 3 620 3 
1016 3 1018 2 619 2 
1017 2 618 3 833 1 
624 2 414 2 2347 3 1007 2 
993 2 656 5 
629 2 417 2 627 1 2346 1 
630 4 626 1 1321 1 818 1 
629 2 2459 2 623 1 2344 2 
626 1 820 2 628 1 1319 2 
2352 1 423 1 627 1 631 3 
2405 2 824 1 1208 2 630 4 
2501 2 1030 2 554 4 1028 2 
2502 2 1031 3 553 1 1027 2 
556 3 1030 1 2499 2 1034 2 
2500 1 1029 1 1027 2 555 2 
552 3 1028 3 1032 3 2503 4 
1031 3 2504 3 
558 1 2506 2 1034 2 1573 3 
557 3 1033 2 2507 4 1029 2 
1036 1 1817 1 42 1 1050 4 
1035 1 2348 2 41 1 1816 2 
1645 3 233 1 1038 3 1040 1 
810 3 1037 3 1644 4 232 3 
239 3 294 4 1040 2 1042 2 
1646 1 1037 1 1039 2 238 3 
1042 1 843 3 237 1 1656 1 
1041 1 236 1 2496 1 1039 2 
861 1 46 2 1044 1 1819 1 
1043 1 45 2 1818 2 1045 2 
1821 3 1046 3 44 2 1044 2 
1820 4 1047 3 43 2 1045 3 
1823 2 1048 3 50 3 1046 3 
1822 2 1049 2 1047 3 49 2 
1050 4 1048 2 48 1 1825 2 
1049 4 1824 4 47 5 1035 4 
1002 2 428 1 1052 1 2366 1 
1053 1 1051 1 1003 2 621 4 
1052 1 1054 1 441 1 1000 1 
429 2 1053 1 1058 2 1001 2 
1056 2 2326 2 354 3 1224 2 
1055 2 353 2 2325 3 1057 2 
2324 2 356 1 1056 2 
1059 2 998 2 472 3 1054 2 
1058 2 1065 2 999 4 454 2 
2171 3 488 1 268 2 1061 2 
2113 3 267 3 1060 2 1062 3 
1063 3 2116 2 266 2 1061 3 
1062 3 265 3 2115 2 1064 3 
1006 2 264 3 2110 4 1063 3 
996 2 956 3 1059 2 1070 3 
1067 2 262 3 1006 2 2112 3 
1068 3 2111 1 1066 2 261 3 
1067 3 1069 4 2106 3 260 4 
1068 4 259 2 2105 4 893 3 
997 3 1065 3 486 2 2509 2 
1446 2 982 2 445 3 1074 2 
2080 3 1073 2 2494 2 1618 2 
2079 3 2183 2 1079 3 1072 2 
2369 2 981 3 1071 2 444 1 
1082 1 1076 2 2082 3 2194 1 
2193 3 1077 3 1075 2 2081 2 
1076 3 2084 2 1078 2 2192 2 
1242 1 1077 2 2083 2 2191 1 
2190 2 1073 3 1080 3 2057 3 
2085 3 2189 2 1081 2 1079 3 
1082 1 2088 1 1080 2 2188 2 
1075 1 1081 1 2087 1 2187 1 
1521 3 1084 1 
2437 2 1141 1 1083 1 1520 3 
880 3 2454 3 1731 2 1086 3 
1730 3 1085 3 2453 3 1091 2 
1879 2 1088 2 1094 4 1737 3 
1087 2 1736 2 1089 1 2458 1 
1090 2 1088 1 2457 1 1739 1 
1251 2 1089 2 2456 3 1738 2 
2463 1 1733 3 1170 1 1086 2 
1515 4 530 3 2209 5 1169 3 
1094 3 2461 1 1170 1 1735 1 
2460 3 1093 3 1087 4 1734 4 
974 3 2374 2 453 2 1098 4 
1210 1 551 1 
1100 2 1210 2 549 3 
1095 4 452 3 2198 3 973 4 
547 1 1100 1 2411 1 1259 2 
1097 2 1099 1 546 1 
1102 2 2353 1 314 1 
917 3 2354 2 1101 2 313 3 
632 2 1104 2 1233 3 1106 1 
633 3 1109 3 1103 2 1232 4 
1106 1 1235 2 1116 1 634 3 
1234 1 1105 1 635 1 1103 1 
1110 2 1108 1 1237 3 636 2 
1236 2 637 1 1107 1 2368 1 
638 2 1239 3 1104 3 1110 3 
1238 2 1107 2 639 2 1109 3 
1118 4 1112 3 2338 3 346 3 
1113 2 1111 3 345 1 2337 2 
1112 2 1114 3 348 4 2336 2 
1113 3 347 2 1252 2 2335 3 
642 1 927 4 350 1 2342 1 
1240 1 1105 1 640 1 
642 2 352 2 1118 3 2340 4 
1111 4 2339 2 1117 3 351 2 
1298 3 411 2 641 3 
2080 3 1121 2 1236 2 2368 1 
1128 2 1120 2 2079 3 2367 4 
1125 3 1123 3 2376 2 2084 1 
1122 3 2375 4 2409 3 2083 4 
1127 2 1125 3 2082 3 2378 2 
1122 3 2377 3 1124 3 2081 3 
1129 3 2380 3 1127 3 2088 2 
2087 2 1124 2 1126 3 2379 2 
1121 2 1129 2 2057 2 2382 2 
2381 2 1126 3 1128 2 2085 3 
2405 3 1208 3 1481 2 
1840 3 1134 3 1132 4 
1131 4 566 4 1839 3 
1136 1 1838 4 1134 1 
1131 3 1837 1 1133 1 
567 3 1535 2 1455 2 1920 2 
1133 1 1835 2 
1455 1 1922 1 1138 2 1533 1 
1921 3 1137 2 1441 2 1532 2 
1445 3 1527 4 1140 3 1928 3 
947 1 1526 1 1139 3 1927 3 
1084 1 2438 2 1142 2 1523 2 
1522 2 1169 2 1141 2 2439 2 
1144 1 2494 2 2286 2 2035 1 
1143 1 2183 1 1147 2 2285 2 
1148 3 2290 1 1146 4 2188 2 
1151 4 2289 5 1145 4 2187 4 
2190 2 1144 2 2288 3 1148 4 
1145 3 2287 4 2189 3 1147 4 
2192 1 1150 4 1152 1 2294 1 
1333 4 1149 4 2293 4 2191 4 
2194 1 1146 4 2292 1 1152 1 
2193 2 1151 1 1149 1 2291 2 
1656 1 1162 1 1154 1 79 1 
1153 1 1155 2 2496 1 78 1 
81 2 294 4 1154 2 1156 2 
1646 1 80 1 1157 1 1155 2 
1645 3 1158 1 83 1 1156 1 
1644 2 1159 1 1157 1 82 2 
2465 2 1158 1 1160 1 85 2 
1638 1 968 3 1159 1 84 1 
90 2 1162 2 2074 3 298 3 
1153 1 297 2 1161 2 89 4 
973 3 358 2 2198 2 1164 2 
357 2 1165 1 2197 1 1163 2 
360 2 2196 4 1166 1 1164 1 
2195 1 1165 1 359 1 
1970 2 236 1 494 2 811 2 
992 4 1892 4 1650 3 983 4 
1516 1 1142 2 1834 2 1092 3 
1093 1 1732 1 2462 2 1091 1 
1347 3 746 4 1172 3 1525 3 
1524 2 1171 3 745 2 1176 3 
1175 3 1254 1 
750 2 1175 4 1256 2 1177 3 
1173 3 1174 4 1255 3 749 3 
1177 3 954 2 748 2 1172 3 
1176 3 1174 3 747 3 943 3 
2512 1 1179 1 1533 1 1181 2 
2513 1 1532 1 1178 1 1184 1 
1535 1 1181 2 2510 1 1361 2 
1180 2 2511 3 1178 2 1534 4 
2516 1 1183 1 1529 2 1185 3 
1528 1 1186 1 1182 1 2517 2 
1531 1 2514 1 1179 1 1185 3 
2515 3 1184 3 1530 4 1182 3 
1183 1 2508 1 1527 2 1187 3 
1526 3 1186 3 2509 3 997 4 
563 2 2317 3 1702 1 457 3 
1701 2 2333 1 1816 2 1728 2 
1702 1 1191 1 471 1 365 1 
470 3 1190 1 364 1 1192 2 
367 3 469 3 1191 2 1193 2 
468 1 2410 1 366 2 1192 2 
2340 3 1195 1 1197 1 1821 2 
32 4 1194 1 1820 3 2339 1 
1008 3 1819 2 1197 2 2342 2 
1818 2 1194 1 2341 3 1196 2 
1205 3 1584 2 1199 2 784 2 
656 5 1583 2 783 1 1198 2 
1203 4 1586 3 1201 5 793 3 
792 5 1200 5 1585 4 1206 4 
1588 3 1203 4 1861 2 952 3 
1587 3 1200 4 790 3 1202 4 
1590 4 1205 4 789 3 1207 3 
1198 3 788 3 1204 4 1589 3 
787 1 1207 1 1592 1 1201 4 
1206 1 1591 3 786 1 1204 3 
1219 2 1130 3 1026 2 1209 3 
1213 3 630 5 1321 2 1208 3 
1096 1 548 1 1097 2 
1212 4 2198 4 452 4 2538 4 
1211 4 2197 1 644 2 
1209 3 1296 3 1751 2 1219 2 
2437 2 1216 2 
2439 1 1216 2 356 1 1218 1 
2438 3 1215 2 355 2 1214 2 
354 3 1218 1 663 2 2209 3 
1217 1 353 1 1215 1 1834 2 
1208 2 1481 1 1213 2 1750 1 
2391 2 2385 2 265 3 1576 2 
2184 3 1896 2 55 3 652 4 
1225 4 139 2 1223 3 274 4 
138 2 1222 3 273 2 1228 2 
272 2 141 2 1225 4 1055 2 
1222 4 271 3 140 5 1224 4 
1229 2 1227 2 135 1 1578 2 
1226 2 277 2 134 2 1230 2 
1229 2 1223 2 137 2 276 2 
1226 2 1228 2 275 3 136 4 
270 1 143 1 1231 1 1227 2 
1419 2 142 1 1230 1 269 1 
1239 4 1233 5 1869 4 1104 4 
1234 3 1868 3 1232 5 1103 3 
1106 1 1233 3 1867 4 1235 2 
1866 3 1240 2 1105 2 1234 2 
1108 2 1865 2 1120 2 1237 4 
1238 3 1864 5 1107 3 1236 4 
1237 3 1110 2 1863 2 1239 2 
1232 4 1109 3 1862 2 1238 2 
1870 1 1116 1 1235 2 
1545 1 1246 1 1242 1 1878 1 
1456 2 1078 1 1241 1 1877 4 
1885 4 1244 3 1250 3 1990 5 
1243 3 1245 1 1989 1 1884 2 
1244 1 1887 3 1246 1 1988 1 
1241 1 1245 1 1886 1 1987 1 
1986 3 1248 3 1881 3 679 3 
1985 3 1880 2 1247 3 1249 2 
1883 3 1480 1 1248 2 1250 1 
1882 2 1243 3 1249 1 1479 1 
1090 2 2321 2 
1253 3 344 2 2334 2 1114 2 
1284 4 2333 3 343 4 1252 3 
1173 1 2182 1 1255 1 
1175 3 2185 3 1256 1 1254 1 
1174 2 943 2 2186 2 1255 1 
2263 3 352 1 1260 1 1258 1 
2262 2 1263 1 351 1 1257 1 
1260 2 350 2 1099 2 2265 4 
2264 1 349 1 1259 2 1257 1 
442 4 1604 4 2028 3 
1267 2 1680 2 347 1 
2267 1 346 1 1258 1 2297 2 
825 4 1297 5 2298 4 2295 4 
731 4 1266 4 327 3 425 3 
487 2 424 3 1265 4 328 2 
1262 2 344 3 1268 2 
343 2 1267 2 
59 1 1270 3 814 1 1304 1 
1269 3 1271 4 1303 4 815 4 
1270 4 816 4 1272 2 1306 2 
817 1 1305 4 1271 2 717 1 
2168 2 1439 5 1278 2 1274 2 
2167 2 2211 2 1437 1 1273 2 
2166 2 1282 3 1968 3 1276 2 
2165 2 1967 1 1275 2 1277 1 
1970 2 2164 1 1276 1 1278 1 
2163 2 1969 1 1273 2 1277 1 
1280 3 1972 2 2162 3 1469 2 
1279 3 2161 3 1971 3 1281 3 
1282 3 1974 2 1280 3 2160 3 
1281 3 2159 3 1973 3 1275 3 
1286 5 1284 5 1774 5 1324 4 
1253 4 1773 2 1283 5 1323 3 
1772 4 1286 2 1288 2 
1771 3 1283 5 1285 2 
1288 2 1770 3 
1287 2 1769 2 1285 2 
1422 1 1290 1 2416 2 1749 1 
1289 1 2415 1 1291 2 1748 2 
1318 3 1292 3 1290 2 1747 3 
1746 2 1293 3 1317 3 1291 3 
1745 2 1320 3 1292 3 1294 2 
1744 2 1319 2 1295 1 1293 2 
1322 2 1743 2 1294 1 1296 2 
1213 3 1742 3 1295 2 1321 2 
1298 3 765 2 1264 5 1300 3 
1119 3 1297 3 2295 2 764 2 
763 1 1302 2 2299 1 1300 2 
1297 3 762 3 2298 2 1299 2 
1302 3 761 2 59 2 1304 2 
1301 3 1299 2 2300 2 760 3 
1304 2 1306 2 1270 4 759 2 
758 1 1303 2 1301 2 1269 1 
1272 4 1841 4 1306 4 757 4 
756 1 1271 2 1303 2 1305 4 
1310 2 1308 1 149 1 199 2 
200 1 148 3 493 2 1307 1 
151 2 1312 3 201 3 1310 2 
150 4 202 4 1307 2 1309 2 
203 2 1312 4 1314 2 145 3 
1311 4 1309 3 144 3 204 3 
1316 1 1314 1 534 1 147 3 
733 1 1313 1 1311 2 146 2 
1484 2 153 3 1316 2 473 2 
152 3 1313 1 474 2 1315 2 
1292 3 1320 3 1318 3 1011 4 
2415 2 1440 2 1291 3 1317 3 
1322 3 1294 2 1320 3 1024 2 
1319 3 1293 3 628 2 1317 3 
1322 2 1209 2 1022 1 1296 2 
1321 2 1295 2 1319 3 626 2 
1324 2 1284 3 343 3 
1323 2 1283 4 
44 1 1328 1 1482 4 1326 2 
1331 2 1483 2 1325 2 43 2 
1328 2 46 3 473 2 1484 2 
1327 2 1485 1 45 2 1325 1 
1486 4 342 2 668 2 48 1 
669 2 667 2 136 4 420 2 
1326 2 342 2 50 2 1488 2 
1333 2 2106 2 1335 3 1545 2 
1332 2 1456 2 1150 4 2105 3 
1335 4 2112 4 1988 3 1337 4 
2111 2 1334 4 1332 3 1987 2 
1337 2 1990 3 2110 3 1339 1 
1336 2 2109 2 1334 4 1989 2 
1341 3 1339 1 1480 1 2116 1 
1338 1 1479 1 2115 1 1336 1 
1341 3 2171 3 1512 2 1986 2 
1338 3 1340 3 1985 4 2113 4 
1494 1 958 1 1996 1 2419 1 
1350 3 1344 3 568 3 1362 3 
1343 3 567 2 1535 1 1361 2 
753 3 1348 3 1358 3 1346 2 
1345 2 575 1 1351 1 1357 2 
1171 3 1348 3 1360 2 574 3 
1345 3 1347 3 573 2 1359 2 
1354 4 1352 2 1350 2 572 2 
1343 3 571 1 1353 1 1349 2 
1352 1 1356 3 1346 1 570 3 
1351 1 1355 1 1349 2 569 1 
1362 1 1350 1 1981 3 1354 3 
1349 4 1355 3 1982 4 1353 3 
1979 2 1352 1 1354 3 1356 3 
1351 3 1355 3 1980 3 1357 4 
1977 2 1346 2 1358 3 1356 4 
1359 2 1345 3 1978 3 1357 3 
1358 2 1360 1 1348 2 1975 1 
1359 1 1347 2 1525 2 1976 1 
1983 3 1362 2 1180 2 1344 2 
1353 1 1361 2 1343 3 1984 2 
1364 4 830 5 310 3 212 4 
1365 2 1363 4 211 2 309 2 
1364 2 308 2 1366 2 214 2 
213 2 1365 2 1367 3 307 2 
1366 3 208 3 1368 2 306 3 
305 2 1367 2 1369 1 207 3 
1370 1 304 1 1368 1 210 1 
1371 1 1369 1 303 1 209 2 
1370 1 312 1 1372 3 206 2 
86 3 311 4 1371 3 205 4 
204 1 859 1 1380 1 1438 1 
1964 2 1375 3 
1963 3 180 3 648 2 1374 3 
1717 1 1565 2 1377 2 174 2 
173 2 477 2 1381 3 1376 2 
660 3 1386 2 1624 3 523 4 
2538 1 933 2 2384 1 
203 1 858 1 1373 1 2386 1 
970 3 177 3 1382 3 1377 3 
969 3 1383 2 176 3 1381 3 
1382 2 175 1 972 2 
190 4 1385 1 2228 1 1901 1 
1384 1 189 2 1392 1 2229 2 
1378 2 659 1 2464 4 524 2 
1785 1 498 4 2541 1 1556 2 
192 3 1395 2 2222 2 1389 4 
1388 4 191 3 1390 5 2223 4 
2220 3 1391 3 194 3 1389 5 
1568 1 2221 1 1390 3 193 1 
196 2 1385 1 1393 3 2226 1 
1394 3 195 3 1392 3 2227 4 
1393 3 1395 1 2224 1 198 3 
1388 2 1394 1 2225 1 197 1 
1397 3 1458 3 1406 2 2255 2 
2254 3 1396 3 1398 2 1457 2 
1399 1 1460 1 2253 1 1397 2 
1398 1 1459 2 1400 2 2252 1 
2259 2 1399 2 1401 3 1462 2 
2258 5 1461 2 1402 2 1400 3 
1403 1 2257 1 1464 3 1401 2 
2256 5 1463 2 133 3 1402 1 
545 2 1791 3 1554 2 2549 2 
2261 4 1406 2 1468 2 1603 2 
1467 2 1405 2 2260 2 1396 2 
2550 1 2231 2 865 2 1408 2 
817 2 864 3 717 2 1407 2 
862 2 1410 4 474 3 2396 4 
473 3 1409 4 46 4 861 3 
1436 1 199 2 
249 3 2044 2 1413 3 
240 3 2043 2 1412 3 248 3 
81 1 1417 1 1415 2 2519 2 
1420 3 80 2 1414 2 2518 2 
79 1 1423 2 1417 1 2521 1 
78 1 1416 1 2520 2 1414 1 
2523 5 1421 2 85 3 1419 3 
1231 2 2522 2 84 2 1418 3 
83 2 2525 3 1415 3 1421 2 
2524 1 82 2 1420 2 1418 2 
2527 3 1289 1 1423 2 90 1 
1416 2 1422 2 89 5 2526 2 
457 3 1425 1 1555 2 190 4 
189 2 456 1 1433 1 1424 1 
252 1 728 3 244 2 2039 1 
465 2 1430 2 194 2 1428 2 
464 2 1594 2 193 1 1427 2 
192 3 1432 2 467 2 1430 2 
1427 2 191 1 1429 2 466 2 
469 2 1434 1 198 3 1432 1 
468 1 1429 2 197 1 1431 1 
471 1 1434 1 1425 1 196 2 
195 1 1431 1 1433 1 470 3 
634 4 863 3 154 2 1443 2 
202 3 1411 1 1438 1 
2172 2 1465 1 1439 4 1274 1 
860 1 1373 1 201 3 1436 1 
1466 4 1437 4 1273 5 1969 4 
625 3 1011 3 1318 2 815 2 
1924 1 1138 2 1442 1 1531 1 
1530 2 1923 2 1441 1 1444 1 
640 1 162 1 1435 2 
1445 1 1529 2 1926 2 1442 1 
1444 1 1528 1 1139 3 1925 2 
1071 2 280 4 2317 3 1447 2 
279 2 1450 3 1446 2 362 2 
282 3 1451 2 1449 2 367 3 
1454 2 1448 2 281 1 366 2 
1451 2 1447 3 365 2 284 3 
283 1 1450 2 364 1 1448 2 
286 2 1453 2 371 3 744 3 
1452 2 370 2 285 3 1628 2 
1449 2 744 3 369 2 288 5 
1919 1 1137 1 1135 2 1534 3 
1242 2 1333 2 1545 2 2191 2 
2098 1 1458 2 1397 2 1460 1 
1467 3 1396 3 1457 2 2099 3 
1462 2 1399 2 822 3 1460 2 
823 3 1398 1 1459 2 1457 1 
828 1 1401 2 1462 1 1464 3 
1459 2 829 2 1461 1 1400 2 
1403 2 1464 4 826 4 2365 3 
827 4 1463 4 1402 3 1461 3 
921 2 1437 1 1466 1 243 1 
242 2 1439 4 494 2 1465 1 
2076 2 1468 2 1406 2 1458 3 
442 2 1467 2 1405 2 1775 3 
328 1 1950 1 1470 2 1279 2 
327 2 1471 3 1949 3 1469 2 
1470 3 1472 3 341 3 1948 2 
340 2 1947 4 1471 3 1473 2 
1793 1 1946 1 1474 1 1472 2 
1475 1 1473 1 1945 2 1792 2 
1474 1 1476 1 1787 1 1944 3 
1943 1 1477 3 1475 1 1786 1 
1789 3 1942 4 1478 3 1476 3 
1477 3 339 1 1643 1 1941 2 
1990 3 1339 1 1250 1 1480 1 
1249 1 1338 1 1985 2 1479 1 
1577 2 1130 2 1219 1 
2529 4 1485 4 1325 4 1483 4 
1488 2 1326 2 2528 1 1482 4 
1315 2 1485 1 1327 2 2531 1 
1328 1 1482 4 1484 1 2530 2 
1487 5 2533 4 1329 4 1489 4 
1486 5 1492 2 668 3 2532 4 
1489 2 2535 3 1483 2 1331 2 
342 2 1488 2 2534 1 1486 4 
957 2 1491 3 2422 4 1995 2 
2421 2 1490 3 1994 3 958 2 
661 1 1493 1 1487 2 2537 2 
662 2 2536 1 1492 1 938 1 
1342 1 2418 1 1992 1 1495 1 
1991 1 1494 1 
988 3 1503 3 1838 5 1497 2 
1498 1 1837 1 995 1 1496 2 
1497 1 1840 1 1010 1 1499 1 
1679 1 119 4 1839 2 1498 1 
1504 1 92 2 1501 1 
95 2 1500 1 1502 1 
101 1 1503 2 1501 1 1836 1 
1496 3 104 3 1502 2 1835 3 
1500 1 455 1 
1511 2 1506 4 1802 2 38 2 
1801 3 37 4 1505 4 
1883 3 985 2 2204 2 1514 2 
1513 3 36 2 1509 2 1798 2 
1510 2 1508 2 1797 3 35 2 
1511 1 1509 2 34 1 1800 1 
33 2 1510 1 1505 2 1799 1 
40 2 1513 4 1340 2 1804 2 
1508 3 39 3 1512 4 1803 3 
1882 3 2203 3 2428 3 1507 2 
1092 4 2045 2 1516 2 224 2 
1169 1 1515 2 1522 1 223 2 
222 2 1519 1 
1519 1 220 1 1521 3 
1518 1 219 1 1517 1 
1521 5 1523 4 218 3 1084 3 
1083 3 217 4 1520 5 1518 3 
1523 2 1142 2 1516 1 216 3 
1522 2 1520 4 1141 2 215 3 
1172 2 1525 2 954 1 2497 3 
2498 2 1524 2 1171 3 1360 2 
1681 2 1187 3 1140 1 1527 2 
1528 2 1186 2 1139 4 1526 2 
1527 2 1183 1 1445 1 1529 2 
1444 2 1530 3 1182 2 1528 2 
1442 2 1531 2 1529 3 1185 4 
1184 1 1532 1 1530 2 1441 1 
1531 1 1179 1 1533 1 1138 2 
1534 3 1532 1 1178 1 1137 1 
1533 3 1535 3 1181 4 1455 3 
1180 1 1135 2 1534 3 1344 1 
1991 2 1537 4 912 2 1538 3 
1541 5 1536 4 911 3 1992 3 
1993 2 913 2 1536 3 
908 4 1994 4 1540 4 1542 3 
1543 2 1995 2 1539 4 907 3 
1537 5 1542 3 910 4 1996 3 
1541 3 909 2 1997 2 1539 3 
906 1 1540 2 1998 3 1544 2 
1999 2 1698 3 905 3 1543 2 
1241 1 1456 2 1332 2 1987 1 
1887 3 2425 1 2430 1 2200 1 
1548 2 963 2 2326 2 658 1 
1549 2 1547 2 657 4 2325 3 
1548 2 655 1 2324 2 
2446 1 2448 1 391 2 2319 1 
2547 3 1552 1 498 4 1779 2 
1778 2 2546 2 1551 1 1553 2 
1781 2 1554 3 2545 3 1552 2 
2544 2 1404 2 1553 3 1780 2 
1783 3 2543 2 1424 2 1556 3 
2542 3 1782 2 1387 2 1555 3 
1558 2 743 2 1560 2 1954 1 
1557 2 1951 3 1714 2 742 2 
1562 1 1560 2 771 2 737 1 
1559 2 770 2 1557 2 736 2 
1564 5 1562 4 735 4 773 4 
1559 1 772 2 1561 4 734 1 
1566 2 1930 1 1564 2 741 1 
740 2 1561 5 1563 2 1929 2 
739 2 1376 2 769 3 1566 3 
1563 2 768 2 1565 3 738 3 
1572 5 1568 3 2 3 2393 3 
1567 3 1391 1 1 2 2394 2 
8 3 1570 1 2391 1 1576 1 
2392 2 1569 1 1571 1 7 2 
1572 3 10 1 2389 2 1570 1 
1567 5 1571 3 2390 4 9 3 
2387 4 4 3 1574 3 1033 3 
1573 3 1575 2 2388 2 3 1 
1576 2 2385 2 1574 2 6 3 
5 1 1575 2 1220 2 1569 1 
2271 2 1750 2 1481 2 
277 2 275 3 961 2 1226 2 
1796 1 1582 2 1580 1 1640 1 
1579 1 1639 2 
1794 2 1582 3 1643 2 339 2 
1642 2 1581 3 1579 2 1795 4 
1761 2 1953 3 1584 2 1199 2 
1952 1 1583 2 1198 2 1589 2 
1586 2 1958 1 1201 4 1592 1 
1585 2 1957 2 1587 2 1200 3 
1203 3 1586 2 1588 2 1956 4 
1202 3 1587 2 2148 2 1955 2 
1590 3 1205 3 1584 2 1962 3 
1591 4 1589 3 1961 2 1204 4 
1590 4 1960 3 1207 3 1592 3 
1591 3 1959 1 1206 1 1585 1 
2 1 1594 2 1600 2 312 1 
1428 2 1 3 311 3 1593 2 
1596 3 1598 3 6 4 308 4 
1595 3 5 1 1601 1 307 1 
310 2 1598 2 1762 3 4 2 
309 1 1597 2 1595 3 3 1 
1600 3 304 2 1602 3 10 2 
1599 3 9 2 1593 2 303 2 
1596 1 8 3 306 2 1602 2 
305 3 7 3 1599 3 1601 2 
1604 2 442 2 1405 2 2056 3 
2055 2 1603 2 1261 4 
2282 4 1659 4 2383 3 866 4 
1607 2 1613 3 2027 2 2219 2 
1606 2 796 1 1777 2 2218 4 
2213 2 1609 2 803 3 1611 3 
802 2 2212 1 1608 2 1614 1 
2167 4 2211 4 1611 4 805 5 
1608 3 1610 4 2210 2 804 2 
807 2 1615 2 2217 2 1613 2 
1606 3 2216 2 1612 2 806 2 
1615 2 1609 1 809 3 2215 1 
2214 3 1612 2 1614 2 808 3 
2358 3 1617 5 1619 2 1863 3 
1616 5 1862 4 1622 4 2357 4 
1619 2 1865 2 2356 2 1072 2 
2355 3 1618 2 1864 3 1616 2 
1621 2 1867 4 1623 1 2362 3 
1625 3 1620 2 2361 3 1866 3 
1869 2 2360 1 1617 4 1623 1 
1622 1 2359 3 1868 1 1620 1 
724 3 1637 2 1378 3 869 2 
1626 2 1870 2 1621 3 2364 2 
1625 2 2363 3 
94 1 1630 1 206 2 1628 2 
205 3 1627 2 93 3 1453 2 
1630 1 533 1 210 1 1632 2 
1629 1 209 2 1627 1 100 1 
1634 1 1632 2 103 3 208 2 
102 2 1631 2 1629 2 207 4 
1636 4 214 4 1634 3 97 3 
1631 1 96 2 213 1 1633 3 
212 2 99 2 1636 2 1788 1 
211 2 1633 4 1635 2 98 4 
1624 2 2383 1 725 3 868 1 
1160 1 812 2 2465 2 130 1 
1641 2 1640 2 2483 2 1580 2 
2482 1 1639 2 1579 1 1642 1 
2481 1 1639 2 
2480 1 1582 2 1640 1 1643 1 
1581 2 1478 1 2479 1 1642 1 
1158 2 1645 4 1038 4 2465 3 
1037 3 1644 4 1646 3 1157 3 
1156 1 1040 1 1645 3 294 3 
2305 4 845 2 293 2 2510 2 
1651 3 1649 3 711 2 991 2 
990 3 1648 3 710 3 1654 3 
1168 3 1658 2 1651 2 709 1 
1648 3 992 3 1650 2 708 3 
1653 4 707 4 987 4 1655 5 
1652 4 2234 3 986 2 706 3 
989 2 1649 3 705 2 1655 4 
501 3 704 3 1652 5 1654 4 
2496 1 1153 1 1041 1 297 2 
1658 3 1812 3 703 3 984 3 
1657 3 1650 2 702 4 983 3 
1660 4 720 3 1605 4 873 2 
2170 4 1659 4 721 4 872 4 
584 2 1668 4 1662 2 773 2 
772 2 1661 2 583 3 2086 2 
1664 1 566 3 1839 2 1679 1 
1663 1 565 2 1678 1 1669 2 
580 2 769 3 1666 2 2243 2 
1667 1 768 1 1665 2 579 2 
1666 1 582 1 1668 3 1930 1 
581 4 1667 3 1929 3 1661 4 
1674 2 576 2 1670 2 1664 2 
1671 2 1673 3 1669 2 752 1 
1670 2 1676 2 1672 2 751 2 
1671 2 1675 1 
1674 3 695 4 1670 3 1676 3 
1673 3 696 2 1669 2 1678 1 
697 1 1676 1 1672 1 1677 1 
698 1 1671 2 1675 1 1673 3 
1675 1 693 2 
1679 1 1664 1 686 1 1674 1 
1499 1 1678 1 687 2 1663 1 
2297 3 1262 2 348 4 
947 2 1526 2 997 3 1682 2 
1681 2 946 4 1683 2 996 1 
999 5 1684 2 945 3 1682 2 
944 2 998 1 1683 2 1685 3 
1686 4 1001 4 951 4 1684 3 
1685 4 1000 2 1687 2 950 3 
949 2 1686 2 1688 2 1003 2 
1689 2 1687 2 1002 3 948 2 
1690 1 1688 2 1005 1 953 3 
1004 3 1689 1 952 2 1861 1 
709 3 1700 3 1692 4 2199 3 
1691 4 2200 2 708 3 1693 4 
711 3 2201 3 1694 4 1692 4 
710 3 2202 2 1695 3 1693 4 
1694 3 705 2 1696 2 2203 3 
1697 1 1695 2 2204 2 704 1 
1696 1 707 2 1698 2 2205 1 
1544 3 1697 2 2206 4 706 3 
2207 3 703 3 1853 3 1700 2 
1691 3 702 3 2208 4 1699 2 
2334 3 1189 2 1817 2 30 3 
362 1 1190 1 1188 1 456 1 
1706 2 1704 2 900 2 398 1 
397 3 899 2 1703 2 1709 3 
1712 4 396 4 1706 5 902 4 
1703 2 395 3 901 3 1705 5 
394 3 1710 2 896 1 1708 1 
895 1 393 1 1876 1 1707 1 
898 3 392 2 1710 3 1704 3 
897 2 391 3 1707 2 1709 3 
904 3 1712 1 2274 1 400 2 
903 2 399 1 1705 4 1711 1 
538 3 1714 3 2427 5 599 3 
1558 2 1713 3 598 1 537 3 
601 4 2427 4 536 2 1718 2 
1822 1 2337 2 32 4 894 2 
1376 1 477 1 2243 1 769 2 
602 1 2429 1 1715 2 541 1 
540 2 1720 3 1722 2 605 4 
2429 2 604 2 1719 3 539 2 
2433 2 2003 3 
543 3 2432 1 1719 2 606 3 
2001 3 1724 3 1770 4 2433 2 
1725 2 2000 2 1769 2 1723 3 
1724 2 2007 1 1726 1 1772 4 
1771 2 2006 3 1727 2 1725 1 
1774 3 2005 3 1726 2 1728 3 
1773 2 2004 2 1727 3 1189 2 
465 3 371 4 58 3 86 3 
1731 2 1733 4 1086 3 410 2 
1730 2 1085 2 1891 1 409 2 
408 3 1170 1 1733 3 1735 1 
1730 4 407 4 1732 3 1091 3 
406 3 1735 2 1094 4 1737 3 
1734 2 1732 1 405 2 1093 1 
1088 2 1737 3 404 2 1739 2 
1736 3 403 3 1087 3 1734 3 
402 2 1739 1 1090 2 
1738 1 1736 2 1089 1 401 3 
179 2 1741 1 
178 4 1908 1 1740 1 
2069 4 1751 2 1743 3 1296 3 
1742 3 1744 3 2068 2 1295 2 
1745 2 1743 3 1294 2 2071 2 
1744 2 1293 2 2070 1 1746 1 
1745 1 1292 2 2073 4 1747 2 
2072 2 1748 3 1746 2 1291 3 
1747 3 1749 2 2075 3 1290 2 
2074 2 90 1 1289 1 1748 2 
1577 2 2078 2 1751 1 1219 1 
2077 1 1742 2 1213 2 1750 1 
1753 1 29 1 687 2 1911 1 
1752 1 686 1 28 1 1754 1 
27 2 1755 2 1753 1 696 2 
695 3 26 2 1754 2 1756 3 
698 2 1755 3 1757 3 25 3 
24 3 1758 2 697 2 1756 3 
23 1 1757 2 693 2 1759 2 
1760 2 22 3 692 2 1758 2 
1759 2 21 2 694 1 
1583 2 656 5 643 1 
1763 2 558 2 587 2 1597 3 
557 2 1762 2 1764 1 118 3 
116 2 556 3 1763 1 1765 1 
115 1 1766 3 555 2 1764 1 
117 3 1767 3 554 5 1765 3 
553 1 1766 3 
1770 5 2433 3 
1772 4 1770 3 1724 2 1288 2 
1769 3 1768 5 1723 4 1287 3 
1726 2 1772 5 1286 3 1774 3 
1285 4 1769 4 1771 5 1725 4 
1284 2 1728 2 2333 1 1774 2 
1727 3 1771 3 1283 5 1773 2 
783 3 2029 4 2076 3 1468 3 
1777 2 619 1 2009 1 
618 4 1607 2 1776 2 2008 3 
1552 2 560 3 1781 2 1779 3 
1778 3 1551 2 559 2 1784 3 
1791 3 1781 1 1554 2 732 1 
1778 2 1553 2 730 1 1780 1 
1556 2 1785 1 564 1 1783 2 
1555 3 457 4 1782 2 563 3 
1785 2 498 5 562 2 1779 3 
561 2 1784 2 1387 1 1782 1 
1787 1 1789 1 1476 1 2281 2 
1792 2 1786 1 2283 1 1475 1 
1635 1 2491 1 755 3 
1477 3 1786 1 339 1 2279 1 
729 2 545 2 1791 3 1965 1 
1780 3 727 3 1404 3 1790 3 
1787 2 1793 2 2505 4 1474 2 
340 1 1792 2 1473 1 1805 1 
2278 3 1581 2 1795 3 2435 1 
2434 4 1794 3 1796 3 1582 4 
1579 1 1795 3 2436 1 
715 3 1798 3 1800 2 1509 3 
714 2 1797 3 1803 2 1508 2 
1802 1 1511 1 1800 1 713 3 
712 2 1799 1 1797 2 1510 1 
1802 1 1506 3 
1801 1 1799 1 716 2 1505 2 
1513 3 723 1 1798 2 1804 1 
1986 2 679 2 1512 2 1803 1 
726 2 412 2 2505 3 1793 1 
522 1 1807 1 1809 1 795 1 
794 2 1814 2 1806 1 521 1 
520 2 797 4 1809 2 1811 2 
519 1 1806 1 2034 2 1808 2 
1811 2 1813 3 518 2 799 2 
1810 2 517 2 798 2 1808 2 
801 2 1813 3 1657 3 516 4 
1812 3 1810 3 800 4 515 2 
1815 2 1807 2 513 3 2031 2 
161 1 1814 2 2030 1 512 1 
1817 2 1189 2 1036 2 2004 2 
1701 2 1035 1 1816 2 1824 1 
1821 3 1197 2 1819 2 1044 2 
1196 2 1818 2 2011 2 1043 1 
1823 3 1046 4 1821 4 1195 3 
1818 3 1045 3 1820 4 1194 2 
1825 2 1716 1 1823 1 1048 2 
1820 3 1822 1 1047 2 32 4 
1050 4 30 2 1817 1 1825 2 
1822 2 894 3 1824 2 1049 2 
605 3 1827 1 443 1 
1828 1 604 1 1826 1 
1827 1 1829 2 603 2 
602 2 1828 2 1830 2 
1831 3 601 3 1829 2 
1830 3 361 3 600 3 1832 5 
363 3 599 3 1831 5 1833 3 
2315 1 2118 3 598 1 1832 3 
2209 4 1169 2 1218 2 2439 2 
1838 5 1503 3 1136 2 1836 2 
1835 2 1502 1 
1840 1 1838 4 1497 1 1134 1 
1837 4 1835 5 1496 5 1133 4 
1840 2 1663 2 1499 2 1132 3 
1837 1 1131 3 1839 2 1498 1 
717 1 1842 1 589 1 1305 4 
1841 1 1843 1 2231 2 588 3 
1844 1 719 3 1842 1 593 2 
1843 1 1845 1 718 2 592 2 
591 2 1846 1 1844 1 721 2 
590 1 1847 1 1845 1 720 2 
1848 1 2282 2 1846 1 597 1 
1847 1 722 2 596 3 1849 1 
725 3 1848 1 595 2 1850 2 
2054 3 594 3 724 3 1849 2 
2367 3 1852 1 1860 2 513 2 
2368 1 512 1 1851 1 637 1 
516 4 1854 3 2375 3 1699 3 
1855 2 1853 3 2376 3 515 2 
518 1 1856 1 1854 2 2377 1 
1857 2 1855 1 517 2 2378 2 
1856 2 1858 3 520 2 2379 2 
519 2 1857 3 2380 3 1859 3 
1860 3 2381 2 522 2 1858 3 
521 2 1859 3 1851 2 2382 3 
790 1 826 3 1202 2 1690 1 
1617 4 1863 2 1239 2 1869 2 
1238 2 1864 4 1862 2 1616 3 
1237 5 1863 4 1865 3 1619 3 
1618 2 1864 3 1236 2 2080 3 
1235 3 1867 5 1870 2 1621 3 
1234 4 1866 5 1620 4 1868 4 
1869 2 1233 3 1867 4 1623 1 
1868 2 1622 2 1232 4 1862 2 
1240 1 1625 2 1866 2 
1874 2 1872 3 229 2 
1875 3 1871 3 228 2 701 2 
1874 1 227 3 
1871 2 226 1 1873 1 
1876 2 1872 3 700 3 231 5 
1875 2 1708 1 230 1 699 1 
2083 5 2409 4 1878 4 1242 4 
1886 1 1877 4 2406 1 1241 1 
1087 2 2458 1 575 1 2460 1 
1248 2 985 2 1883 3 1881 2 
1247 3 1880 2 2417 2 2424 2 
1250 2 1514 3 1883 4 1885 3 
1249 3 1507 3 1882 4 1880 3 
1887 4 1885 3 1244 2 2430 2 
1243 4 1884 3 1882 3 2428 3 
1878 1 2425 1 1246 1 1887 3 
1546 3 1245 3 1884 4 1886 3 
1889 3 1895 2 989 2 879 3 
1888 3 878 2 1890 2 501 2 
881 1 987 2 1891 1 1889 2 
986 1 1890 1 1731 1 880 2 
1168 4 1893 3 1898 3 875 2 
874 2 1892 3 1894 3 992 3 
991 2 1893 3 877 4 1895 2 
1888 2 990 2 876 1 1894 2 
56 1 2497 3 1221 2 91 2 
984 2 1898 2 883 1 2093 2 
882 3 1892 3 983 3 1897 2 
1900 2 2025 1 2541 1 1902 1 
2026 3 2540 2 1899 2 1905 2 
1902 1 2023 2 2543 1 1384 1 
1901 1 2542 2 2024 2 1899 1 
1906 2 2021 1 2545 2 1904 1 
2544 1 1907 2 2022 2 1903 1 
2019 2 2547 3 1906 2 1900 2 
1903 2 2020 2 2546 3 1905 2 
2017 4 1904 2 1908 2 2549 3 
1907 2 1741 1 2018 1 2548 1 
582 2 1912 3 995 2 1910 3 
988 3 1915 2 1909 3 581 3 
1912 2 580 1 119 4 1752 1 
1911 2 1010 2 1909 3 579 3 
1916 3 586 1 1914 1 95 2 
1917 2 585 3 92 2 1913 1 
1910 2 1916 3 104 2 584 1 
1913 3 583 5 1915 3 101 3 
1918 2 578 2 1914 2 455 2 
1917 2 577 1 
1922 1 1455 1 1920 1 881 1 
1135 2 880 2 1919 1 2454 2 
1924 2 1138 3 1922 2 879 3 
1919 1 1137 1 1921 2 878 1 
877 4 1924 2 1442 2 1926 3 
1921 2 876 1 1441 1 1923 2 
875 2 1445 2 1926 3 1928 2 
1444 2 874 2 1925 3 1923 3 
1928 3 883 3 2141 3 1140 3 
1927 3 882 2 1139 3 1925 2 
1668 3 1564 2 1930 1 773 1 
1667 1 1563 1 1929 1 768 1 
1932 3 2408 3 1953 4 2153 3 
1952 1 1939 1 1931 3 2407 1 
1956 4 2404 1 1936 3 1934 1 
2403 1 1955 1 2100 2 1933 1 
1958 1 1936 3 1938 1 2402 3 
1935 3 1957 3 2401 3 1933 3 
2400 1 1940 1 1960 1 1938 1 
1959 1 2399 1 1935 1 1937 1 
1932 1 1962 2 2398 2 1940 1 
1937 1 2397 3 1939 1 1961 1 
1942 3 739 2 1478 2 2479 2 
738 3 1943 2 1477 4 1941 3 
1942 2 1476 1 1944 3 741 1 
740 3 1943 3 1945 4 1475 3 
1946 2 735 2 1944 4 1474 2 
734 1 1945 2 1473 1 1947 3 
737 3 1472 4 1948 3 1946 3 
736 1 1949 2 1947 3 1471 2 
743 3 1948 2 1470 3 1950 2 
742 1 2162 2 1469 1 1949 2 
1558 3 598 2 1954 2 2118 4 
1932 1 1962 2 1584 1 1953 2 
1583 3 1931 4 1952 2 643 2 
770 1 2117 1 1557 1 1951 2 
1934 1 680 3 1956 4 1588 2 
1957 4 1933 4 1587 4 1955 4 
1936 3 1586 2 1956 4 1958 1 
1935 1 1585 1 1957 1 1959 1 
1938 1 1592 1 1960 1 1958 1 
1961 1 1591 3 1959 1 1937 1 
1960 1 1590 2 1962 2 1940 1 
1952 2 1939 2 1961 2 1589 3 
1966 4 1375 3 360 3 1964 2 
1374 2 359 1 1963 2 
1966 3 258 1 358 1 1790 1 
1963 4 1965 3 648 3 357 4 
1970 2 1968 2 811 2 1276 1 
813 3 1967 2 1275 3 1973 3 
1439 4 494 2 1278 1 1970 2 
1167 2 1967 2 1277 2 1969 2 
791 2 1280 3 1974 2 1972 2 
1279 2 487 1 328 1 1971 2 
1974 2 1282 3 782 2 1968 3 
1973 2 1281 2 1971 2 785 3 
1978 2 853 2 1976 1 1359 1 
2316 1 1975 1 2498 1 1360 1 
1357 2 2320 2 1978 2 1980 1 
2319 2 1975 2 1977 2 1358 3 
1355 2 1980 2 1982 3 2312 3 
1979 2 1356 3 1977 1 2311 1 
1353 3 1982 4 2314 4 1984 4 
1981 4 2313 2 1979 3 1354 4 
845 2 1361 3 1984 3 2510 2 
1983 3 1362 2 1981 4 844 2 
1248 3 1480 2 1341 4 1986 3 
1247 3 1804 2 1985 3 1340 2 
1335 2 1988 1 1246 1 1545 1 
1989 1 1334 3 1987 1 1245 1 
1988 1 1990 3 1244 1 1337 2 
1336 3 1479 3 1989 3 1243 5 
1992 1 1536 2 1993 1 1495 1 
1494 1 1991 1 1537 3 1996 1 
1991 1 1538 2 
1539 4 1995 2 1491 3 1997 3 
1994 2 1540 2 1490 2 1998 3 
1342 1 1541 3 1992 1 1997 2 
958 2 1542 2 1994 3 1996 2 
1999 3 1543 3 1995 3 957 3 
1544 2 1998 3 2206 3 955 3 
2007 1 1724 2 2001 2 2344 2 
1723 3 2343 2 2000 2 2002 2 
2346 1 2001 2 2433 1 2003 2 
2345 4 1721 3 2002 2 
2348 2 1728 2 2005 2 1816 2 
2006 4 2347 3 1727 3 2004 2 
2007 3 2005 4 1726 3 2350 3 
2000 1 2006 3 1725 1 2349 1 
2009 2 2354 2 2218 5 1777 3 
2353 1 2008 2 1776 1 
2014 1 1009 2 862 1 2011 2 
1819 2 1008 3 861 2 2010 2 
860 1 2015 2 
857 4 1015 2 2016 2 2014 1 
1014 1 2010 1 856 2 2013 1 
1013 2 859 2 2016 3 2012 2 
2015 3 1012 3 2013 2 858 2 
2130 5 2018 3 1907 4 2022 4 
2017 3 1908 1 2129 2 
1905 2 2026 3 2020 2 2132 3 
1906 2 2019 2 2021 1 2131 2 
1903 1 2134 1 2022 2 2020 1 
2133 2 2021 2 2017 4 1904 2 
1901 2 2024 3 2228 2 2136 2 
2023 3 2025 2 2135 3 1902 2 
2024 2 1899 1 2138 2 2026 2 
1900 3 2019 3 2025 2 2137 2 
806 1 1606 2 832 1 796 1 
2029 2 993 2 1261 3 
1775 4 442 3 2028 2 514 2 
1815 1 2403 1 2100 2 2031 1 
2097 1 794 2 1814 2 2030 1 
184 4 2033 1 
183 1 2032 1 
1809 2 797 4 795 2 2090 2 
2356 1 247 1 2036 2 1143 1 
2037 3 246 2 2035 2 2355 4 
2358 3 245 2 2036 3 2038 4 
2039 3 2037 4 244 4 2357 3 
2038 3 2040 1 2360 1 1426 1 
2041 2 2039 1 728 3 2359 3 
2040 2 2362 4 2042 2 241 2 
2041 2 240 2 2043 1 2361 2 
2044 1 1413 2 2042 1 2364 1 
1412 2 2043 1 2363 3 
2046 3 377 2 1515 2 530 1 
2045 3 2047 3 376 5 529 4 
2048 2 532 3 2046 3 375 2 
2047 2 374 3 2049 3 531 2 
2048 3 2050 2 526 4 381 2 
380 1 2051 1 2049 2 525 2 
2050 1 379 1 2052 1 528 3 
2053 2 527 1 378 1 2051 1 
2052 2 373 3 524 3 2054 3 
1850 3 523 4 2053 3 372 2 
650 3 1604 2 2056 3 
647 3 2261 5 2055 3 1603 3 
2079 3 1128 2 2085 3 1079 3 
13 1 2059 3 767 4 503 1 
766 3 502 3 2064 3 2058 3 
2067 1 505 1 777 2 2061 3 
2062 3 776 3 2060 3 504 3 
2061 3 507 2 775 1 2063 1 
774 1 2269 2 506 2 2062 1 
781 1 2065 1 2059 3 509 1 
780 2 2064 1 508 1 2066 1 
2067 1 779 3 2065 1 511 1 
2066 1 2060 1 510 1 778 1 
1743 2 2071 1 2069 3 110 3 
1742 4 2077 3 109 3 2068 3 
1745 1 108 1 2071 1 2073 4 
2070 1 1744 2 2068 1 107 1 
2073 4 1747 2 114 2 2075 2 
2072 4 113 5 2070 4 1746 4 
1749 2 1161 3 2075 3 112 3 
111 3 2072 2 2074 3 1748 3 
1467 2 2099 2 784 1 1775 3 
1751 1 2078 2 2069 3 106 1 
2077 2 2271 2 1750 2 105 2 
2080 4 1073 3 2057 3 1121 3 
2079 4 1120 3 1072 3 1865 3 
1125 3 2084 1 1076 2 2082 3 
1124 3 1075 3 2087 3 2081 3 
1877 5 1078 2 1123 4 2084 2 
1077 2 2081 1 1122 1 2083 2 
1129 3 1080 3 2057 3 2088 2 
771 3 2092 2 586 2 1662 2 
1127 2 2088 1 1082 1 2082 3 
2087 1 1081 1 2085 2 1126 2 
672 1 2090 1 797 3 2096 1 
2091 2 2089 1 671 2 2034 2 
2090 2 2230 3 674 2 795 2 
770 1 2117 1 585 3 2086 2 
676 2 801 2 1897 2 2094 3 
2095 3 800 4 675 3 2093 3 
2094 3 2096 2 678 3 799 2 
2095 2 677 1 798 2 2089 1 
2100 2 2031 1 681 1 2230 2 
1457 1 2099 2 789 1 823 3 
2076 2 1458 3 2098 2 788 3 
2097 2 680 4 2030 2 1934 2 
2253 2 2104 4 2102 2 18 2 
2107 1 2252 1 17 1 2101 2 
2114 1 2104 3 16 1 2255 1 
2103 3 2101 4 15 4 2254 4 
2293 3 1069 4 1333 3 2106 3 
1332 2 1068 3 2111 1 2105 3 
2102 1 12 3 2259 1 2108 1 
11 1 2258 4 2107 1 2280 2 
1337 2 2112 2 2110 3 1006 1 
2115 3 2109 3 1336 3 1064 4 
1335 2 1067 1 2112 2 2106 1 
1334 4 2109 2 2111 2 1066 3 
2116 2 2171 4 1061 3 1341 4 
19 2 2103 1 2260 2 2169 1 
2110 3 1063 2 1339 1 2116 1 
2113 2 1338 1 1062 2 2115 1 
2118 3 2092 1 1954 1 578 1 
577 3 2117 3 1833 3 1951 4 
133 3 2256 5 767 4 2120 3 
766 3 2127 3 132 3 2119 3 
775 3 956 4 2122 3 2124 3 
774 1 486 1 2302 2 2121 3 
2124 2 472 3 2126 4 777 3 
2123 2 776 1 454 2 2121 3 
779 4 2126 4 441 2 2128 2 
2125 4 2123 4 778 3 429 4 
428 1 2128 1 781 1 2120 3 
2127 1 621 4 780 2 2125 2 
249 3 2130 4 2018 2 
2017 5 2133 3 248 4 2129 4 
2134 2 2020 2 253 3 2132 3 
2137 2 2131 3 252 2 2019 3 
2130 3 2022 2 2134 1 251 2 
250 1 2131 2 2021 1 2133 1 
2138 3 2024 3 257 2 2136 2 
439 1 256 2 2023 2 2135 2 
2138 2 2132 2 255 2 2026 2 
2135 3 2137 2 254 3 2025 2 
2142 4 945 4 678 4 2140 3 
2145 1 677 1 2139 3 944 2 
2142 2 676 1 947 1 1927 3 
2141 2 675 3 946 5 2139 4 
2144 2 949 3 2146 2 674 2 
2143 2 2147 1 948 1 673 2 
672 1 2140 1 2146 1 951 2 
671 2 2143 2 2145 1 950 2 
2144 1 2148 1 681 1 953 3 
2147 1 952 2 680 3 1588 2 
2426 2 2150 1 589 1 503 1 
502 1 588 3 2149 1 2395 3 
2154 1 511 1 591 2 2152 2 
590 2 510 2 2151 2 2157 4 
643 1 1931 3 
508 1 2151 1 592 2 2395 3 
2156 1 595 2 507 2 2158 2 
506 2 2155 1 914 1 594 2 
597 3 505 3 2158 4 2152 4 
504 2 596 4 2157 4 2155 2 
2160 3 1282 3 2166 2 536 2 
2159 3 1281 3 2161 3 535 2 
1280 3 538 2 2160 3 2162 3 
537 4 1950 2 2161 3 1279 3 
2164 2 1278 2 2168 2 540 2 
2163 2 1277 1 2165 2 539 1 
1276 2 542 4 2166 2 2164 2 
541 1 1275 2 2159 2 2165 2 
1610 4 1274 2 2168 2 544 2 
1273 2 2167 2 543 3 2163 2 
2114 1 647 1 20 2 2261 3 
1660 4 871 2 2550 2 718 3 
1060 3 1340 3 40 3 2113 4 
1437 2 921 3 2211 3 2173 4 
2174 5 2172 4 2210 3 922 3 
2175 5 2213 3 2173 5 919 3 
920 3 2174 5 2176 4 2212 3 
2177 2 2175 4 2215 2 925 2 
926 1 2214 2 2176 2 2178 1 
923 3 2179 1 2217 2 2177 1 
924 1 2178 1 2180 1 2216 1 
916 2 2179 1 2219 1 2181 1 
2180 1 917 2 2218 4 2354 1 
649 1 2185 3 1254 1 
1073 2 2494 2 2190 1 1144 1 
954 2 1221 3 2493 2 2497 4 
654 4 2182 3 1255 3 2186 4 
2493 2 1256 2 2185 4 653 2 
2194 1 1146 4 2188 2 1082 1 
2187 2 1081 2 1145 2 2189 2 
1080 2 1148 3 2188 2 2190 1 
1147 2 1079 2 2183 1 2189 1 
1456 2 1150 4 2192 1 1078 1 
2193 2 1149 1 2191 1 1077 2 
1076 3 2192 2 1152 2 2194 2 
1151 1 2187 1 1075 1 2193 2 
1166 1 2196 4 
2197 4 644 5 1165 4 2195 4 
2198 1 2196 4 1212 1 1164 1 
2197 1 1211 4 1098 3 1163 2 
2208 4 2425 1 2200 1 1691 3 
1692 2 2201 1 2199 1 1546 1 
2200 1 1693 3 2430 1 2202 1 
1694 2 2428 2 2203 2 2201 1 
2204 3 1514 3 2202 2 1695 3 
1696 2 2203 3 1507 2 2205 2 
985 2 2206 3 1697 1 2204 2 
1999 3 2417 3 2205 3 1698 4 
2409 2 1699 3 2208 5 2375 3 
2199 4 2207 5 1700 4 2406 4 
1834 4 1092 5 1217 3 2468 4 
2211 2 2213 1 2173 3 1611 2 
1610 4 1274 2 2172 3 2210 2 
1609 1 2175 3 2215 1 2213 1 
1608 2 2174 3 2210 1 2212 1 
2215 2 1615 3 2177 2 2217 3 
2214 2 2176 2 2212 1 1614 1 
2179 1 1613 2 2219 1 2217 2 
2178 2 1612 2 2216 2 2214 3 
1607 4 2219 4 2008 5 2181 4 
2180 1 2218 4 2216 1 1606 2 
1390 3 2221 1 2223 2 431 2 
1391 1 2220 1 2394 2 430 1 
433 3 2223 2 1388 2 2225 1 
432 2 2222 2 2220 2 1389 4 
435 1 1394 1 2225 1 2227 2 
434 1 1395 1 2224 1 2222 1 
2229 2 437 1 1392 1 2227 2 
1393 4 2226 2 2224 2 436 2 
2229 2 1384 1 2023 2 439 1 
2228 2 2226 2 438 2 1385 2 
673 3 794 3 2091 3 2097 2 
1407 2 717 2 719 4 1842 2 
148 4 493 3 2491 2 
2238 2 2234 2 410 1 906 1 
1653 3 905 3 2233 2 409 3 
406 3 910 3 2236 2 2242 3 
909 2 2235 2 405 2 2237 1 
2238 2 908 2 408 3 2236 1 
2233 2 407 3 2237 2 907 3 
402 2 2240 3 
913 3 2239 3 401 5 2241 3 
2242 2 404 1 2240 3 912 1 
2241 2 403 3 911 2 2235 3 
29 1 1717 1 2244 1 1665 2 
477 1 28 1 2247 2 2243 1 
2246 3 25 3 972 3 2248 2 
2245 3 2250 2 24 3 971 3 
970 3 2248 2 2244 2 27 3 
26 1 2247 2 969 2 2245 2 
2251 2 21 2 
2251 2 2246 2 23 1 
2249 2 2250 2 22 3 
2253 1 2102 1 2259 1 1399 1 
2101 2 2252 1 2254 2 1398 1 
1397 3 2255 2 2253 2 2104 4 
2254 2 2260 2 2103 1 1396 2 
2296 5 1403 5 2119 5 2257 5 
2280 2 2258 4 1402 1 2256 5 
2257 4 2108 4 1401 5 2259 4 
1400 2 2107 1 2252 1 2258 4 
2114 2 2261 4 1406 2 2255 2 
1405 4 2260 4 2056 5 2169 3 
1258 2 2267 2 682 2 2263 4 
1257 3 2262 4 2264 3 683 3 
1260 1 2265 3 2263 3 
2264 3 2411 3 1259 4 
2267 1 2297 2 
1263 1 2266 1 2262 2 
330 1 2269 2 2273 1 617 1 
329 3 2268 2 2063 2 616 2 
500 3 2277 2 611 3 336 2 
1577 2 2490 1 2078 2 
2273 1 338 1 609 2 500 2 
2272 1 608 1 2268 1 337 1 
615 3 2275 1 332 1 1711 1 
2276 1 2274 1 331 2 614 1 
2275 1 613 3 2277 1 334 2 
2270 2 612 2 333 1 2276 1 
1794 3 339 3 2279 3 2452 4 
2451 1 2281 2 2278 3 1789 1 
2257 2 2296 2 14 3 2108 2 
2283 2 2279 2 419 2 1786 2 
720 3 1847 2 1605 4 722 3 
2281 2 1787 1 2505 3 2455 2 
650 3 2414 2 
2286 3 885 3 1144 2 2288 3 
2285 3 1143 2 247 2 884 2 
1148 4 2288 3 887 4 2290 2 
2287 3 886 2 1147 3 2285 3 
889 2 2290 2 2292 2 1146 5 
1145 1 2289 2 888 1 2287 2 
2292 2 2294 2 1152 2 891 4 
890 1 1151 1 2291 2 2289 2 
2105 3 2294 1 1150 4 893 2 
892 2 2293 1 2291 2 1149 1 
824 1 1264 4 1298 2 641 2 
2256 5 2280 2 13 1 767 4 
1680 3 345 2 1263 2 2266 2 
1264 4 818 1 2299 1 1300 2 
2300 1 2298 1 819 2 1299 1 
820 2 2299 1 1302 2 59 1 
2302 3 617 2 300 3 2308 3 
2301 3 299 2 2122 2 616 2 
2304 2 296 3 613 4 2306 2 
2303 2 295 1 612 2 2309 1 
1647 4 2440 3 2306 3 615 5 
614 1 2305 3 293 1 2303 2 
2310 1 292 2 2308 2 609 2 
608 2 2307 2 291 2 2301 3 
290 1 611 2 2310 1 2304 1 
2307 1 289 2 2309 1 610 1 
2445 2 2320 2 1980 1 2312 2 
2444 4 2313 2 1979 3 2311 2 
2443 1 1982 2 2314 2 2312 2 
1981 4 2313 2 2442 3 844 2 
363 1 1833 1 577 1 
1976 1 853 2 2449 2 91 2 
1446 3 1188 3 982 3 362 3 
852 2 850 2 120 1 2455 2 
1978 2 2320 2 853 2 1550 1 
1977 2 2319 2 2446 2 2311 2 
746 4 1251 2 2456 3 2322 2 
745 1 2321 2 
914 1 918 5 373 2 330 1 
2325 3 1057 2 1549 2 
2326 3 2324 3 1548 3 1056 3 
272 2 2325 3 1055 2 1547 2 
336 1 381 1 2330 1 2328 2 
335 2 380 2 915 2 2327 2 
334 3 2330 2 375 3 2332 2 
2329 2 374 2 2327 1 333 1 
332 3 2332 3 2477 3 377 4 
2331 3 376 3 331 2 2329 2 
1253 3 1189 1 2334 2 1773 1 
1701 3 2333 2 2335 3 1252 2 
30 3 2336 2 2334 3 1114 3 
1113 2 2337 2 2335 2 894 2 
1716 2 2336 2 1112 2 2338 2 
1111 3 2339 1 32 4 2337 2 
2340 3 2338 1 1118 2 1195 1 
2339 3 1194 3 2341 5 1117 4 
2340 5 1197 3 642 3 2342 3 
2489 2 1115 1 1196 2 2341 3 
629 2 2344 2 2346 1 2001 2 
2343 2 2349 2 2000 2 1023 2 
2346 3 2352 3 2003 4 627 3 
2345 3 2002 1 2343 1 1021 1 
2005 3 1019 3 2350 2 2348 3 
1036 2 2004 2 2347 3 624 2 
623 1 2344 2 2350 1 2007 1 
2006 3 2347 2 2349 1 1007 1 
2352 1 631 3 
2351 1 2345 3 1025 1 
2009 1 1101 1 2354 1 
1102 2 2353 1 2008 2 2181 1 
2356 3 1619 3 2358 4 2036 4 
2355 3 2035 1 2494 2 1618 2 
2358 2 2360 1 1617 4 2038 3 
2037 3 2357 2 1616 3 2355 4 
2360 3 2362 5 1623 3 2040 3 
2359 3 1622 1 2357 1 2039 1 
2364 2 2362 4 2042 2 1621 3 
2041 4 2361 4 2359 5 1620 3 
1626 3 2364 3 2044 3 
2361 2 2363 3 1625 2 2043 1 
1004 4 2366 2 1463 3 133 4 
2365 2 132 1 1005 1 1051 1 
2382 4 1851 3 1121 4 2368 3 
1852 1 2367 3 1108 1 1120 1 
1074 2 980 4 2370 2 447 2 
2369 2 446 1 2371 2 979 2 
978 2 449 2 2372 3 2370 2 
448 3 977 2 2373 2 2371 3 
976 3 451 2 2372 2 2374 1 
1095 2 975 2 2373 1 450 2 
1123 4 2207 3 1853 3 2376 3 
1122 2 2377 2 1854 3 2375 3 
2378 2 1125 3 2376 2 1855 1 
2377 2 2379 2 1124 2 1856 2 
2378 2 2380 2 1127 2 1857 2 
1126 3 2379 2 1858 3 2381 2 
1129 2 1859 2 2380 2 2382 2 
2367 4 1128 2 1860 3 2381 2 
722 2 1637 1 867 3 1605 3 
422 3 1379 1 
1575 2 1220 2 2388 2 266 1 
2396 3 857 4 1380 1 733 1 
2388 3 1573 4 268 3 2506 3 
2387 3 267 3 2385 2 1574 2 
262 3 1571 2 2392 3 2390 3 
261 4 2393 2 2389 3 1572 4 
264 2 1220 2 2392 2 1569 1 
263 3 1570 2 2391 2 2389 3 
260 2 1567 3 2394 2 2390 2 
259 2 2221 2 2393 2 1568 2 
593 4 2154 3 509 3 2150 3 
534 3 856 4 2386 3 1409 4 
2398 4 1940 3 2400 3 155 4 
154 2 1939 2 2397 4 2407 2 
157 1 2400 1 1938 1 2402 3 
156 2 1937 1 2399 1 2397 3 
2402 3 2404 1 1936 3 159 2 
2401 3 158 4 2399 3 1935 3 
2404 1 1934 1 2030 1 161 1 
2403 1 160 1 1933 1 2401 1 
1130 3 1026 2 622 3 
2425 1 2409 1 1878 1 2208 4 
162 1 2408 1 1932 1 2398 2 
2407 1 1931 3 
2207 2 2406 1 1123 3 1877 4 
467 1 58 1 369 1 1193 1 
1099 1 2265 3 
2413 4 650 4 491 3 2414 3 
647 3 2412 4 20 4 490 3 
492 2 2284 2 2412 3 
625 3 1318 2 1290 1 2416 2 
1289 2 2415 2 2539 2 2527 4 
955 3 2206 3 985 2 1881 2 
1494 1 716 2 2419 1 
1342 1 713 3 2418 1 2420 2 
712 3 958 2 2421 2 2419 2 
1491 2 2422 3 715 2 2420 2 
2421 3 2423 3 1490 4 714 3 
723 1 2422 3 957 1 2424 1 
955 3 679 2 2423 1 1881 2 
2406 1 1886 1 2199 1 1546 1 
2149 2 320 2 757 2 2431 3 
1715 4 1713 5 600 3 535 3 
2202 2 2430 2 1514 3 1885 3 
1720 2 542 3 1718 1 603 2 
2428 2 1546 1 1884 2 2201 1 
756 2 319 2 122 3 2426 3 
838 2 1722 1 544 1 607 1 
1721 2 1723 2 1768 3 2002 1 
646 3 1795 4 2436 2 2435 2 
2452 2 1794 1 2434 2 645 2 
2434 2 1796 1 651 1 
1084 2 2438 3 1214 2 
1216 3 2437 3 2439 2 1141 2 
1215 1 2438 2 1834 2 1142 2 
2305 3 2441 1 845 1 400 2 
399 1 2440 1 2442 2 844 1 
396 2 2314 3 2441 2 2443 2 
395 2 2313 1 2444 3 2442 2 
398 3 2445 4 2312 4 2443 3 
2444 4 2311 2 2446 2 397 3 
1550 1 2320 2 2445 2 392 1 
849 1 731 2 425 1 415 1 
394 3 2449 2 1550 1 853 2 
2448 2 393 2 57 2 2316 2 
938 2 662 3 624 2 414 2 
2452 2 2279 1 419 1 855 1 
2435 2 2451 2 854 2 2278 4 
2463 2 568 2 1086 3 2454 3 
1085 3 567 3 2453 3 1920 2 
2318 2 419 2 413 2 2283 2 
2457 2 2321 3 1090 3 574 3 
2456 2 2458 1 1089 1 573 1 
1879 1 753 2 2457 1 1088 1 
1023 2 418 2 942 3 2492 4 
1094 3 570 3 2461 1 1879 1 
569 1 1093 1 2462 2 2460 1 
2463 2 2461 2 572 2 1170 2 
1091 1 2453 2 2462 2 571 1 
2466 4 527 4 1386 4 670 5 
810 2 1159 2 1638 2 1644 3 
528 3 2464 4 420 1 669 1 
2468 3 427 2 664 2 529 3 
663 3 2467 3 530 2 2209 4 
220 1 2470 3 898 2 2476 1 
219 3 2469 3 2471 4 897 3 
222 3 2472 2 2470 4 896 2 
895 1 221 2 2471 2 88 2 
2474 2 216 4 902 2 2478 3 
2473 2 901 2 2475 2 215 2 
2474 2 900 3 2476 2 218 2 
2475 2 899 1 217 2 2469 1 
224 1 2331 3 904 3 2478 2 
903 3 2473 3 223 3 2477 2 
174 2 2480 1 1941 2 1643 1 
1642 1 173 1 2479 1 2482 1 
1641 1 175 1 2483 1 
1640 1 2483 1 177 2 2480 1 
176 2 2481 1 2482 1 1639 2 
2485 1 932 1 1013 1 
2484 1 1012 2 931 2 2486 3 
930 5 1015 4 2485 3 2487 3 
1014 1 2488 2 929 1 2486 3 
928 2 2487 2 2489 3 1009 3 
1008 3 2342 2 927 5 2488 3 
2271 1 105 1 278 2 
99 2 1788 1 2232 2 
2495 3 623 3 2459 4 935 4 
652 3 2186 2 2184 2 943 2 
1143 2 2183 2 2356 2 1072 2 
414 1 936 2 2492 3 1007 1 
1656 1 294 3 1154 1 1042 1 
1896 3 2184 4 1524 3 2498 3 
1525 2 91 2 1976 1 2497 3 
1029 2 2507 4 2500 2 65 2 
1030 1 2501 1 2499 2 64 1 
2502 2 2500 1 1027 2 67 1 
2501 2 1028 2 66 3 2503 3 
2504 4 63 2 1031 4 2502 3 
2503 4 62 4 1032 3 
413 3 1792 4 1805 3 2283 3 
2507 4 1033 2 2387 3 61 2 
2506 4 60 4 2499 4 1034 4 
1186 1 2517 2 300 2 2509 1 
1070 2 2508 1 1187 3 299 1 
1983 2 1180 1 2511 2 1647 2 
293 2 1181 3 2512 2 2510 2 
296 2 1178 1 2511 2 2513 1 
1179 1 295 1 2514 1 2512 1 
1184 1 2515 1 290 1 2513 1 
2516 1 1185 3 2514 1 289 2 
2515 1 1182 1 292 2 2517 2 
291 2 1183 2 2508 2 2516 2 
873 1 1415 2 2525 2 2519 2 
872 3 2520 3 1414 2 2518 2 
2521 2 1417 2 2519 3 871 2 
870 3 2526 1 2520 2 1416 1 
1419 2 869 1 2523 4 142 1 
1418 5 868 4 2522 4 2524 4 
1421 1 867 3 2523 4 2525 2 
1420 3 866 3 2518 2 2524 2 
2521 1 2527 3 1423 2 865 2 
1422 3 2526 3 864 4 2416 4 
2535 2 288 4 2529 1 1483 1 
2528 1 1482 4 287 1 2530 2 
2531 2 286 2 1485 2 2529 2 
2530 2 285 3 1484 1 153 2 
2537 4 284 4 2533 3 1487 4 
1486 4 283 1 2532 3 2534 1 
282 2 1489 1 2535 2 2533 1 
2528 2 2534 2 1488 3 281 2 
167 3 1493 1 280 4 2537 2 
2532 4 279 2 2536 2 1492 2 
1379 1 1211 4 164 1 
817 1 864 2 2416 2 625 3 
2541 1 498 4 1900 2 2547 3 
2540 1 2542 2 1387 1 1899 1 
2541 2 1556 3 2543 2 1902 2 
1555 2 2542 2 190 4 1901 1 
2549 2 1904 1 1554 2 2545 2 
1903 2 2546 3 1553 3 2544 2 
2547 4 1552 2 2545 3 1906 3 
1551 3 2546 4 2540 3 1905 3 
178 4 2549 2 545 2 1908 1 
2544 2 2548 2 1404 2 1907 3 
1407 1 870 3 2170 2 719 3 
