2528 4905 001
2467 3 164 2 2216 3 2 2 
2215 1 2466 1 1 2 
356 3 2201 2 4 2 14 2 
2200 1 959 1 3 2 355 1 
680 3 6 2 370 2 174 2 
11 1 5 2 369 2 518 2 
8 2 2203 3 1513 2 350 3 
7 2 349 1 9 2 2202 2 
2205 2 348 3 10 2 8 2 
347 1 1668 2 2204 2 9 2 
6 1 529 1 12 1 368 2 
528 4 457 1 367 3 11 1 
14 1 2209 1 126 2 352 2 
2208 1 13 1 351 1 3 2 
825 4 22 5 16 3 1761 5 
17 1 826 1 1760 2 15 3 
16 1 827 2 1759 2 18 1 
828 1 189 2 1758 3 17 1 
1765 2 829 2 20 3 204 2 
21 2 830 4 1764 2 19 3 
20 2 1763 1 831 3 22 3 
832 3 1762 3 15 5 21 3 
26 2 2158 1 2141 1 24 1 
2140 2 2157 4 1259 2 23 1 
1756 2 2376 2 204 1 834 1 
23 2 2138 2 2159 3 203 3 
28 3 2154 2 30 2 2137 2 
27 3 203 3 2136 3 2153 3 
179 2 2135 3 2156 2 30 1 
2134 1 2155 1 27 2 29 1 
1203 1 32 2 882 2 38 1 
1202 3 880 2 33 4 31 2 
879 4 1205 3 32 4 34 5 
1204 3 878 4 33 5 2388 3 
1184 3 40 2 894 5 36 2 
893 1 2273 2 37 4 35 2 
38 4 2276 4 36 4 892 4 
2275 1 37 4 886 1 31 1 
2231 2 2272 3 196 3 40 2 
35 2 2230 1 2271 2 39 2 
401 1 2254 3 781 3 44 3 
881 2 2499 2 1979 2 173 2 
584 4 2476 3 280 3 2401 4 
223 3 780 3 2255 3 41 3 
2156 3 280 2 46 2 2478 2 
47 1 2479 3 45 2 2155 1 
48 2 2154 1 46 1 2480 2 
47 2 49 4 2481 2 2153 3 
48 4 50 4 2482 4 2160 4 
49 4 2159 3 51 2 2483 3 
2484 3 2158 1 52 1 50 2 
599 1 51 1 2485 2 2157 4 
2260 2 407 2 1958 3 783 2 
1868 2 406 2 85 1 200 3 
531 1 58 1 56 3 1641 1 
55 3 61 3 1642 4 530 4 
65 3 529 2 1643 3 58 2 
55 1 528 4 57 2 1644 2 
998 2 1561 3 60 2 63 1 
1560 3 59 2 1583 2 2425 3 
525 2 56 3 1639 2 62 2 
1640 3 390 2 524 3 61 2 
1834 1 2262 1 59 1 
680 2 65 2 1645 1 217 1 
64 2 57 3 518 3 1646 2 
67 1 381 1 87 2 230 2 
66 1 380 1 88 3 73 1 
2218 1 456 2 
91 1 375 1 76 1 70 3 
71 3 92 3 374 3 69 3 
70 3 72 2 373 2 89 1 
2427 3 71 2 372 2 90 2 
74 3 95 2 67 1 2446 2 
73 3 378 3 96 3 75 4 
76 2 93 4 377 2 74 4 
75 2 376 1 69 1 94 3 
78 2 399 1 80 1 1066 1 
77 2 398 3 1997 2 1065 2 
1068 2 80 1 413 1 82 1 
1067 3 77 1 412 1 79 1 
82 1 1070 2 411 2 84 2 
1069 2 81 1 410 2 79 1 
86 1 84 2 409 1 1072 2 
83 2 408 2 1071 2 81 2 
240 1 1074 4 54 1 86 1 
83 1 85 1 406 2 1073 1 
88 4 66 2 2272 3 2031 4 
67 3 87 4 2271 4 95 4 
1205 1 90 1 71 1 92 1 
1204 1 2454 2 89 1 72 2 
69 1 94 3 92 1 1203 1 
91 1 70 3 1202 2 89 1 
75 4 96 3 94 5 2276 3 
91 3 76 3 93 5 2275 3 
96 2 1184 3 73 2 88 4 
93 3 95 2 74 3 2273 2 
98 2 100 2 2057 1 2124 1 
103 3 2056 4 97 2 2123 3 
2059 1 100 2 2122 1 106 2 
99 2 2058 4 2121 4 97 2 
2120 4 102 4 104 2 2061 3 
2119 5 101 4 2060 4 2487 4 
104 2 98 3 2118 2 2063 2 
103 2 2062 1 101 2 326 2 
2455 1 2116 2 2065 2 106 2 
2115 2 2064 4 99 2 105 2 
1054 1 2179 1 2189 3 1369 2 
109 3 2170 2 129 3 1250 3 
108 3 2169 3 110 2 1251 4 
114 2 2168 1 1248 1 109 2 
112 2 1147 2 824 1 470 2 
1146 4 111 2 469 2 117 2 
824 2 124 4 1145 2 472 3 
110 2 1249 2 2167 2 
1143 1 118 4 116 1 466 1 
293 2 115 1 465 2 1142 3 
1141 1 118 4 112 2 468 1 
117 4 1140 4 467 4 115 4 
997 2 1005 2 725 2 843 3 
1254 2 1790 3 1914 2 2174 2 
727 2 1003 3 997 1 122 1 
726 2 121 1 1002 1 285 2 
474 3 124 3 1138 1 676 2 
123 3 113 4 1137 5 473 3 
1007 4 841 2 843 3 731 3 
2206 3 1668 3 353 4 13 2 
1401 1 1056 3 140 2 1375 2 
1252 2 1790 3 2172 2 129 3 
1253 4 108 3 2171 2 128 3 
131 3 2517 3 2488 3 693 3 
136 2 2516 2 130 3 692 1 
688 1 2511 1 133 2 139 2 
132 2 134 2 687 2 2510 3 
2509 2 690 2 133 2 135 1 
2508 2 689 2 134 1 299 1 
131 2 2515 3 684 3 137 2 
138 2 2514 2 683 1 136 2 
139 3 137 2 2513 2 686 2 
138 3 685 2 2512 3 132 2 
1374 2 127 2 1055 2 2198 4 
142 1 146 1 704 3 506 4 
703 1 505 2 141 1 2497 1 
150 2 497 3 144 3 707 2 
496 3 706 2 145 2 143 3 
144 2 146 1 495 3 709 2 
708 3 494 2 141 1 145 1 
148 1 501 1 711 1 999 2 
147 1 500 1 710 1 149 1 
713 1 499 2 148 1 150 1 
143 2 712 1 498 3 149 1 
525 2 2066 1 364 1 458 1 
159 4 2491 4 153 3 219 4 
152 3 2490 1 216 1 154 3 
2489 3 221 4 155 3 153 3 
220 1 2488 1 154 3 2517 1 
2495 2 231 2 157 2 161 3 
2494 1 225 2 158 1 156 2 
242 1 1303 1 157 1 159 2 
152 4 2492 2 237 2 158 2 
2487 3 2093 2 161 3 2119 4 
2092 4 2486 2 160 3 156 3 
163 4 1161 2 476 2 206 2 
207 3 162 4 475 4 739 4 
1 2 2341 4 165 3 806 2 
168 3 2131 3 2340 3 164 3 
2176 3 167 3 2339 2 169 4 
172 2 166 3 2175 2 
2338 1 165 3 169 3 253 3 
2337 3 205 3 168 3 166 4 
1979 3 173 3 171 2 
846 2 170 2 
881 2 167 2 173 2 
172 2 170 3 42 2 
202 1 328 2 175 1 5 2 
327 1 174 1 201 2 
1261 3 383 3 1269 2 987 2 
584 2 2133 3 179 2 
1344 2 735 3 1242 5 891 3 
29 2 2163 2 2132 2 177 2 
1320 3 2367 3 183 3 181 3 
188 2 1321 2 180 3 2366 3 
722 2 183 1 2365 1 184 1 
2364 1 723 1 182 1 180 3 
705 2 2362 2 182 1 
187 4 186 4 737 4 716 4 
185 4 736 2 359 1 715 3 
185 4 717 1 
181 2 2369 2 1311 4 189 3 
2368 2 188 3 1312 2 18 2 
239 2 2074 3 191 2 193 2 
199 1 238 1 190 2 2073 2 
2076 3 193 3 1482 3 195 3 
2075 1 192 3 236 1 190 2 
2070 2 197 4 235 2 195 1 
234 2 192 3 2069 1 194 1 
233 4 2072 2 197 5 39 3 
2071 5 194 4 196 5 232 5 
1038 2 871 3 660 2 1157 2 
191 1 241 2 200 3 2068 1 
240 3 199 3 54 3 2067 4 
202 2 737 2 175 2 
370 1 174 1 201 2 736 2 
2139 2 28 3 26 3 2160 3 
1755 3 25 1 835 2 19 2 
253 3 2503 3 2176 2 169 3 
573 1 162 2 215 1 207 1 
163 3 785 3 206 1 572 2 
209 1 386 2 1148 3 
208 1 567 1 210 1 1150 1 
566 3 209 1 211 2 1152 1 
1154 3 210 2 565 3 212 2 
571 1 213 1 211 2 1156 1 
212 1 1159 2 570 2 214 1 
569 2 1160 1 215 1 213 1 
214 1 568 2 206 1 1161 1 
221 2 1694 2 219 2 153 1 
1799 4 218 2 64 1 328 2 
1800 3 327 2 217 2 
152 4 216 2 237 2 1693 5 
155 1 1692 1 2308 1 221 2 
216 2 154 4 1691 2 220 2 
1470 3 945 1 2039 2 223 1 
44 3 222 1 2040 2 944 2 
227 4 954 2 2438 3 1470 4 
231 2 157 2 1690 3 242 2 
229 3 952 3 2035 3 227 5 
2036 4 224 4 226 5 951 5 
229 1 2033 1 950 3 1475 3 
228 1 226 3 949 2 2034 4 
2031 4 948 4 66 2 1475 4 
225 2 2092 3 156 2 1689 1 
235 3 233 4 389 3 197 5 
196 4 2231 3 232 4 388 3 
921 2 195 2 1482 2 235 3 
232 3 920 3 194 2 234 3 
239 1 1482 1 915 1 193 1 
1688 1 159 2 219 2 242 1 
241 2 191 1 917 1 239 1 
190 2 236 1 238 1 916 3 
85 1 200 3 241 2 911 2 
238 2 910 2 199 2 240 2 
158 1 1687 2 225 2 237 1 
1489 4 1132 3 244 3 643 3 
642 1 249 3 243 3 1131 4 
639 1 246 1 252 1 1126 1 
247 3 638 1 1125 3 245 1 
248 4 246 3 641 3 1124 4 
247 4 1123 3 640 2 426 3 
635 5 244 3 250 4 1130 3 
634 2 1129 2 251 2 249 4 
1128 2 637 1 250 2 252 1 
1127 1 245 1 251 1 636 2 
205 3 2502 4 168 3 2131 3 
932 2 651 1 2095 1 935 2 
650 2 256 2 938 3 2102 2 
649 1 1302 2 255 2 937 1 
2251 2 1836 1 436 2 258 1 
259 3 257 1 1835 1 2250 1 
2245 3 258 3 260 3 1310 3 
2244 1 1841 1 259 3 261 1 
260 1 262 2 2243 1 1844 1 
1313 3 2242 2 261 2 263 2 
2249 1 264 2 1307 3 262 2 
1837 3 2248 2 263 2 265 2 
2247 2 266 1 1840 1 264 2 
1839 2 2246 1 265 1 
270 3 268 4 1198 3 2150 3 
2149 3 267 4 1197 3 274 3 
2100 2 1200 3 2148 2 270 1 
267 3 2147 3 1199 2 269 1 
2146 2 1194 1 272 2 276 2 
2145 2 1193 3 271 2 1892 2 
2006 2 433 2 275 3 278 2 
1196 2 2144 4 268 3 276 3 
432 2 1679 3 273 3 2005 4 
2143 2 1195 2 271 2 274 3 
278 2 1672 3 2004 3 435 3 
434 1 277 2 2003 1 273 2 
2002 2 437 2 281 1 1680 1 
43 3 2477 2 2163 1 45 2 
1836 1 279 1 436 2 2001 1 
1674 1 283 2 2012 1 1954 3 
282 2 2011 2 1955 3 1677 2 
835 4 585 5 285 4 297 4 
834 2 284 4 122 2 578 2 
289 3 287 4 309 4 995 3 
994 3 286 4 308 3 292 3 
993 3 289 1 311 1 
286 3 992 1 288 1 310 1 
513 2 681 1 291 1 828 1 
827 2 520 2 1842 2 290 1 
293 3 991 2 287 3 315 2 
292 3 116 2 314 2 990 4 
1845 1 295 1 517 1 832 1 
294 1 296 2 831 3 516 3 
830 4 455 2 297 3 295 2 
829 2 296 3 284 4 677 2 
476 1 301 1 1998 1 299 1 
475 2 587 1 135 1 298 1 
620 1 303 1 515 3 301 1 
512 3 298 1 619 1 300 1 
303 3 491 4 1752 3 305 3 
300 1 490 3 302 3 521 2 
489 3 305 2 307 3 1683 4 
304 2 1682 1 302 3 488 3 
307 4 463 3 487 3 1701 3 
306 4 486 2 504 3 304 3 
309 3 315 2 287 3 1308 2 
308 3 286 4 1306 2 310 2 
311 1 289 1 1304 1 309 2 
310 1 1398 2 288 1 
464 1 1915 1 346 1 313 2 
1701 2 463 2 345 2 312 2 
2311 3 465 2 315 1 293 2 
2310 1 314 1 308 2 292 2 
1906 3 1325 1 317 1 745 1 
324 1 1324 1 744 1 316 1 
321 2 1327 1 319 2 753 2 
752 3 493 2 318 2 1326 3 
1329 1 323 1 321 2 751 2 
318 2 750 3 320 2 1328 4 
323 1 1331 1 749 1 325 3 
322 1 748 1 320 1 1330 3 
1333 2 747 2 317 1 325 3 
746 3 324 3 1332 3 322 3 
2120 4 2118 2 104 2 2330 5 
218 2 328 2 175 1 
680 3 327 2 217 2 174 2 
330 3 514 3 1771 3 335 4 
329 3 681 1 513 2 1769 2 
511 2 332 1 
508 2 333 2 331 1 
334 2 507 3 332 2 682 2 
333 2 743 1 335 2 510 2 
509 3 742 2 334 2 329 4 
339 3 337 5 713 3 786 3 
787 4 336 5 712 3 342 4 
339 3 542 4 2043 3 711 3 
336 3 2045 2 338 3 710 1 
343 3 341 3 2053 4 709 3 
708 4 344 3 791 2 340 3 
707 2 343 3 2049 3 337 4 
789 3 340 3 342 3 706 2 
341 3 704 4 
386 2 313 2 1148 3 346 1 
387 2 312 1 345 1 
354 1 1942 3 10 1 348 2 
1943 3 9 3 347 2 349 2 
8 1 1940 1 348 2 350 2 
1941 2 855 2 349 2 7 3 
356 2 352 2 14 1 1893 1 
353 4 2269 2 351 2 13 2 
352 4 354 3 1936 3 126 4 
1668 2 347 1 353 3 1937 2 
1914 1 1254 1 356 2 4 1 
3 3 351 2 355 2 1916 5 
1831 1 2166 1 1309 2 1670 2 
2282 2 359 2 541 3 506 5 
358 2 540 2 505 2 186 1 
804 1 1978 1 1602 2 1472 1 
362 2 429 2 986 3 533 3 
361 2 424 3 363 1 532 1 
2066 1 535 3 362 1 364 1 
534 1 151 1 363 1 365 3 
537 3 458 3 366 3 364 3 
536 1 457 1 365 3 367 3 
368 4 12 3 539 3 366 3 
367 4 538 3 11 2 369 3 
370 2 541 3 6 2 368 3 
202 1 369 2 540 2 5 2 
912 3 1550 2 1798 3 947 2 
594 2 1433 2 72 2 373 2 
1432 3 71 2 374 2 372 2 
375 1 1435 3 70 3 373 2 
1434 1 374 1 376 1 69 1 
375 1 76 1 377 1 1429 1 
75 2 376 1 378 1 1428 1 
1431 1 2446 2 74 3 377 1 
597 3 2445 3 615 2 1266 2 
2446 2 67 1 1427 2 381 1 
948 3 66 1 1426 1 380 1 
383 2 1269 1 609 1 526 1 
382 2 608 2 176 3 2435 2 
385 3 1789 1 766 2 
384 3 765 3 1788 4 2371 3 
208 2 345 2 387 3 
346 2 386 3 
633 2 389 2 1396 2 233 3 
920 3 388 2 631 3 232 3 
527 2 62 2 1637 1 391 3 
1638 4 526 3 609 3 390 3 
988 2 615 2 597 3 393 1 
394 3 596 2 989 2 392 1 
393 3 395 3 833 4 589 4 
588 1 396 3 394 3 836 2 
395 3 397 3 984 4 977 3 
586 1 396 3 985 2 
78 3 1618 2 399 2 1867 3 
1866 1 77 1 412 1 398 2 
401 3 779 3 2252 3 403 3 
41 1 400 3 2253 2 778 1 
403 1 2258 2 405 1 777 1 
402 1 400 3 2259 2 776 1 
407 2 775 5 405 2 2256 2 
2257 2 402 1 404 2 774 2 
54 2 1869 2 409 2 86 2 
404 2 782 1 53 2 2261 2 
409 1 1871 1 411 2 84 2 
408 1 83 1 406 2 1870 2 
1873 4 411 3 413 2 82 2 
410 3 1872 3 408 2 81 2 
1875 4 413 1 399 1 80 1 
1874 1 412 1 410 2 79 1 
2237 2 421 2 415 3 818 3 
416 2 2238 2 414 3 817 3 
415 2 417 2 2239 1 816 2 
416 2 2240 2 1315 3 815 3 
2233 3 419 2 822 2 423 2 
2234 3 821 2 420 3 418 2 
820 3 421 2 419 3 2235 2 
2236 1 819 1 414 2 420 2 
423 2 813 2 
422 2 812 2 2232 2 418 2 
362 3 527 4 2066 3 429 3 
426 2 989 2 428 2 441 2 
425 2 988 3 440 2 248 3 
428 2 836 2 445 2 
427 2 444 2 833 3 425 2 
1269 1 361 2 424 3 526 1 
431 3 1672 3 435 3 2030 2 
430 3 2029 2 1671 2 2461 2 
275 2 2024 2 433 1 439 1 
434 1 273 2 432 1 2023 2 
433 1 278 1 2022 1 435 2 
2021 4 434 2 430 3 277 3 
257 2 2028 4 281 2 437 3 
438 2 279 2 2027 2 436 3 
1680 1 437 2 2026 1 439 1 
2025 1 1679 2 432 1 438 1 
441 2 1288 3 640 1 426 2 
440 2 444 2 2304 3 425 2 
1481 2 2211 2 2128 4 1935 2 
2214 3 454 3 2127 3 446 3 
428 2 445 2 441 2 2307 2 
2306 2 444 2 427 2 
1481 1 2126 1 443 3 2213 3 
448 1 649 1 1730 2 1302 2 
447 1 451 1 1729 2 1301 2 
452 2 450 2 2317 1 1739 3 
453 3 2316 2 1738 4 449 2 
448 1 1741 2 2315 1 452 2 
2314 2 449 2 1740 3 451 2 
450 3 1737 3 
443 3 2210 1 2125 2 
1231 1 677 1 296 2 516 3 
2217 2 1336 2 68 2 877 4 
531 1 12 1 366 1 458 1 
365 3 530 2 151 1 457 1 
1207 2 2218 1 460 1 
2217 1 671 1 459 1 1206 2 
464 3 462 3 1915 3 2413 4 
461 3 2400 1 
464 1 313 2 306 3 2050 3 
463 1 461 3 312 1 2048 1 
314 2 2106 3 466 2 116 2 
465 2 467 1 2105 3 115 1 
468 1 118 4 466 1 2104 2 
467 1 469 1 117 1 2103 1 
2110 2 112 2 468 1 470 2 
2109 4 469 2 471 2 111 2 
2108 2 824 1 472 2 470 2 
473 2 2107 3 471 2 113 3 
472 2 474 3 124 3 2098 1 
123 3 1029 4 2097 4 473 3 
689 3 299 2 163 4 476 2 
512 3 298 1 162 2 475 2 
1835 1 2051 1 1169 1 1237 1 
1178 3 479 4 556 3 481 3 
555 5 478 4 492 4 1177 3 
483 4 1180 4 481 4 554 3 
480 4 553 3 1179 3 478 3 
552 3 1174 2 483 3 485 2 
480 4 1173 2 482 3 551 2 
550 4 485 3 1176 4 2468 3 
484 3 549 2 482 2 1175 1 
489 2 307 2 664 1 487 1 
306 3 662 2 486 1 2050 3 
305 3 668 4 491 4 489 4 
486 2 304 3 666 2 488 4 
620 3 656 3 303 3 491 4 
655 2 302 4 490 4 488 4 
1172 2 479 4 493 2 558 2 
557 1 1171 2 319 2 492 2 
506 5 146 2 2282 2 495 4 
2281 4 496 4 145 3 494 4 
144 3 497 3 1667 3 495 4 
496 3 143 3 2283 3 498 4 
499 4 150 3 497 4 2295 3 
2292 2 498 4 500 2 149 2 
148 1 499 2 2297 1 501 1 
147 1 2296 1 646 2 500 1 
857 1 1455 2 503 1 1356 1 
625 1 1456 1 856 2 502 1 
1701 2 307 3 1150 2 1683 4 
506 5 715 4 142 2 359 2 
505 5 494 5 141 4 358 5 
333 3 508 3 510 3 723 2 
722 3 332 2 511 3 507 3 
514 2 335 3 510 3 1321 3 
509 3 507 3 1320 2 334 2 
508 3 705 3 331 2 
515 5 476 3 1161 3 301 3 
514 2 1312 2 290 2 330 2 
513 2 509 2 1311 3 329 3 
521 4 512 5 1160 3 300 3 
455 3 517 3 295 3 1234 4 
516 3 294 1 522 2 1233 4 
680 3 529 2 65 3 6 2 
930 3 697 2 904 2 2267 2 
523 3 291 2 1230 4 681 2 
515 4 1159 3 1752 2 303 2 
1845 2 517 2 523 3 1228 2 
1227 2 1842 3 520 3 522 3 
525 3 2066 2 527 3 62 3 
61 2 524 3 530 3 151 2 
527 2 391 3 429 1 382 1 
526 2 424 4 390 2 524 3 
12 4 58 4 531 4 529 4 
57 2 518 2 11 1 528 4 
531 2 525 3 458 2 56 4 
530 2 55 1 457 1 528 4 
2297 1 535 3 533 2 362 1 
2296 2 2527 2 361 3 532 2 
537 1 2295 1 364 1 535 3 
363 3 534 3 532 3 2292 3 
366 1 539 1 537 1 1667 2 
534 1 365 3 2283 2 536 1 
541 3 539 2 368 3 2282 2 
2281 2 536 1 367 3 538 2 
359 2 736 3 370 2 541 3 
538 3 358 3 369 3 540 3 
338 4 942 3 543 2 1299 2 
542 2 941 1 544 1 
545 2 936 3 543 1 
546 3 544 2 935 3 
934 3 545 3 547 3 
548 2 933 2 546 3 
547 2 940 3 
2247 3 552 3 485 2 550 3 
484 4 549 3 2246 2 
554 1 552 2 483 2 2249 1 
482 3 2248 2 549 3 551 2 
556 3 2243 2 481 3 554 2 
551 1 480 3 553 2 2242 1 
479 5 558 3 556 4 2245 3 
553 3 555 4 2244 2 478 3 
493 1 752 2 558 1 2251 2 
555 3 557 1 492 2 2250 1 
560 3 852 3 562 5 602 3 
559 3 851 2 1767 1 603 1 
562 3 850 1 564 2 604 1 
561 3 605 4 849 3 559 5 
848 1 1766 2 564 2 606 1 
607 2 563 2 561 2 847 3 
571 2 566 4 211 3 
210 3 565 4 567 3 
209 1 566 3 
569 3 215 2 1567 3 573 2 
568 3 2263 2 214 2 570 3 
2266 2 213 2 571 2 569 3 
212 1 565 2 570 2 
1559 2 757 3 573 2 207 2 
206 1 572 2 568 2 1558 3 
1237 1 1167 1 1841 1 1813 1 
837 3 576 2 2370 2 2146 2 
577 3 575 2 2143 2 1516 3 
576 3 842 2 1515 2 2144 4 
1224 2 726 2 285 2 585 3 
2374 4 842 3 2150 3 580 3 
2373 2 581 1 579 3 2147 3 
2372 3 580 1 582 2 2148 2 
2151 3 855 2 581 2 1514 4 
2214 2 2164 2 1843 2 2162 3 
43 4 177 2 2163 2 
677 3 2493 3 284 5 578 3 
977 1 397 1 1100 1 
1703 2 2508 2 299 1 1998 1 
977 1 395 1 589 2 1102 1 
1101 2 588 2 596 3 394 4 
1273 3 591 3 2434 3 595 2 
2433 3 1272 2 590 3 592 4 
1274 3 2432 3 593 3 591 4 
592 3 2431 1 
372 2 1271 2 595 2 2427 3 
1270 2 594 2 2426 2 590 2 
393 2 597 4 589 3 1098 2 
379 3 596 4 392 3 1097 3 
867 2 599 2 601 3 610 2 
52 1 794 2 598 2 956 2 
1767 1 603 1 601 2 632 2 
903 2 630 3 598 3 600 2 
603 1 559 3 605 2 
602 1 628 1 600 1 560 1 
607 1 561 1 605 2 
562 4 604 2 602 2 
792 2 563 1 607 1 
604 1 564 2 606 1 
1131 4 383 2 614 2 609 1 
1132 1 382 1 391 3 608 1 
1258 1 956 2 598 2 630 2 
2442 3 618 4 1127 1 612 1 
613 1 611 1 1128 2 2441 1 
612 1 1129 1 614 2 2439 1 
608 2 613 2 1130 2 2435 2 
1123 3 392 2 379 2 616 2 
617 1 2445 3 615 2 1124 2 
616 1 618 4 2444 1 1125 3 
617 4 611 4 1126 4 2443 5 
1998 1 659 2 620 1 301 1 
300 1 657 1 490 3 619 1 
629 3 862 3 1449 2 622 2 
623 2 1450 2 861 3 621 2 
1447 1 860 1 624 2 622 2 
623 2 859 2 1448 4 1636 3 
1453 2 503 1 626 1 866 3 
1454 2 865 2 625 1 627 1 
1451 1 864 1 626 1 629 3 
603 1 632 2 
863 3 1452 3 621 3 627 3 
601 3 632 3 1257 2 610 2 
633 3 669 4 389 3 1439 2 
1256 4 630 3 628 2 600 2 
631 3 388 2 1104 3 1438 3 
635 3 250 2 2089 3 637 1 
249 5 634 3 642 3 2088 4 
2087 2 639 2 637 2 252 2 
2086 1 251 1 634 1 636 2 
246 1 2085 2 639 1 641 1 
245 1 2084 1 638 1 636 2 
440 1 248 2 2083 2 641 1 
247 3 640 1 638 1 2082 1 
643 1 244 1 2091 1 635 3 
642 1 1824 1 243 3 2090 1 
1336 1 813 2 
2241 3 646 4 1001 3 652 4 
999 3 2117 3 501 2 645 4 
1563 3 650 3 648 3 2102 3 
653 3 647 3 1562 2 2101 1 
256 1 1565 1 447 1 650 1 
255 2 647 3 649 1 1564 1 
652 2 654 1 254 1 2265 1 
651 2 1566 2 932 3 645 4 
654 3 648 3 2096 3 1569 4 
653 3 651 1 1568 3 2095 1 
656 1 491 2 1361 1 668 2 
655 1 657 1 490 3 1360 1 
620 1 656 1 659 2 1359 3 
1441 4 976 5 661 4 917 4 
619 2 657 2 1358 2 1702 3 
1387 1 198 2 1189 2 815 2 
916 3 658 4 1440 1 663 1 
1365 2 664 2 487 2 1888 2 
915 1 665 1 1443 2 661 1 
1364 3 662 2 486 1 666 1 
914 1 1442 2 667 1 663 1 
668 2 1363 1 489 2 664 1 
1437 2 669 3 665 1 921 1 
666 2 1362 3 655 2 488 4 
1436 4 667 3 631 4 920 4 
1037 1 671 1 1027 1 675 2 
1026 1 1036 1 460 1 670 1 
1149 2 1033 2 679 4 673 2 
674 2 1032 3 1043 2 672 2 
1035 2 673 2 675 2 1139 2 
1136 2 674 2 1034 2 670 2 
1469 3 1157 2 1029 3 123 2 
1232 1 585 3 455 1 297 2 
1031 4 1153 3 1469 2 679 4 
1030 4 672 4 678 4 1020 4 
64 2 328 3 518 3 5 3 
330 1 290 1 1229 1 520 2 
743 1 333 2 
686 1 694 1 137 1 684 2 
1757 3 136 3 692 2 683 2 
1754 3 688 1 686 1 139 2 
685 1 1753 1 138 2 683 1 
741 1 688 1 690 2 133 2 
132 1 685 1 740 2 687 1 
475 3 690 3 135 2 739 3 
134 2 689 3 738 3 687 2 
2361 2 923 3 902 2 696 1 
693 1 131 1 1768 1 684 2 
692 1 848 1 1766 2 130 3 
1753 1 1757 2 2054 1 683 1 
1613 3 859 3 1636 4 1539 4 
1724 1 901 2 691 1 922 1 
929 3 519 2 701 2 896 2 
699 3 1539 3 1611 3 718 4 
700 2 2465 3 698 3 1610 2 
699 2 1625 2 
2399 3 928 1 895 2 697 2 
1317 1 2008 2 1800 2 
142 1 704 3 
708 5 141 3 703 3 344 4 
511 3 722 3 184 2 
707 1 144 2 343 2 709 2 
342 2 706 1 712 1 143 2 
341 4 146 3 704 5 709 4 
706 2 145 2 340 3 708 4 
711 1 148 1 713 1 339 1 
710 1 942 2 338 3 147 1 
713 1 150 1 707 1 337 3 
149 1 712 1 336 3 710 1 
1653 4 1316 2 2006 1 1318 2 
505 4 2497 3 716 3 186 3 
717 1 185 4 715 3 
187 1 716 1 
719 3 2465 4 698 4 1607 3 
1539 2 718 3 1604 1 1636 2 
1652 2 1999 2 1323 3 721 2 
1651 1 1318 2 2000 2 720 2 
508 3 182 2 705 3 723 2 
183 1 722 2 507 2 1320 1 
1058 1 725 1 997 1 727 2 
724 1 119 2 730 2 1057 3 
1056 4 727 3 122 2 578 2 
726 3 121 2 1055 2 724 2 
1054 1 841 1 729 1 731 2 
1053 2 728 1 1681 1 839 2 
725 2 1052 3 843 3 731 3 
730 3 125 3 728 2 1051 3 
1457 4 2267 4 733 4 762 4 
734 2 1446 4 732 4 761 2 
1468 2 733 2 760 1 
1681 2 1049 2 823 2 178 3 
202 2 186 2 540 3 737 2 
185 4 736 2 201 2 
741 2 690 3 739 3 784 3 
785 4 163 4 689 3 738 3 
741 2 688 2 2046 4 1754 4 
740 2 738 2 687 1 2047 2 
743 1 335 2 1771 1 1895 3 
742 1 1894 1 334 1 682 1 
747 2 2030 1 317 1 745 1 
2029 1 2287 1 744 1 316 1 
747 2 325 3 2022 1 749 1 
744 2 746 2 324 2 2021 4 
749 1 323 1 2024 2 751 2 
748 1 2023 2 322 1 746 1 
753 3 321 3 751 3 2026 2 
750 3 2025 2 748 2 320 2 
2028 4 319 3 557 2 753 3 
750 3 752 3 2027 2 318 2 
1435 4 1363 2 1086 2 1114 3 
2047 3 758 2 756 2 1413 2 
755 2 2046 3 
785 4 1415 2 758 2 572 3 
755 2 757 2 784 2 1414 1 
1365 1 1114 2 1433 2 1903 2 
761 1 734 1 
760 1 762 2 1215 1 733 2 
761 2 1216 2 732 4 931 3 
1431 1 1359 3 764 3 767 4 
1430 3 1720 3 763 3 1358 3 
766 2 1586 1 837 3 385 3 
765 2 384 2 1587 2 
1360 4 814 4 763 4 1428 4 
2315 2 772 3 769 3 
770 2 2314 2 768 3 
769 2 2317 1 
772 3 1302 3 937 2 
771 3 1301 3 768 3 
887 3 885 2 1338 2 1240 3 
777 2 775 5 405 2 1060 3 
1059 4 404 5 782 4 774 5 
779 1 1062 1 777 1 403 1 
774 2 402 1 776 1 1061 2 
1064 2 781 3 401 1 779 1 
1063 1 776 1 778 1 400 3 
944 2 781 3 44 3 1425 1 
1424 4 778 3 41 3 780 3 
407 1 783 1 775 4 1445 2 
2410 3 782 1 1695 2 53 2 
785 4 2047 3 758 2 738 3 
739 4 757 4 207 3 784 4 
2045 2 787 2 336 3 
1075 2 337 4 786 2 2049 3 
1753 2 2052 3 2054 2 
343 3 2049 3 1014 3 2053 4 
1757 2 793 2 2054 1 
341 2 1012 2 2053 3 
1766 3 606 2 793 3 
790 2 1768 2 792 3 
844 2 599 2 2485 3 867 2 
802 2 796 1 1070 2 1585 2 
795 1 1584 2 1069 2 797 1 
798 2 1068 2 805 2 796 1 
2402 2 797 2 1067 4 803 2 
1589 2 1074 4 800 1 975 1 
801 1 1073 1 1588 3 799 1 
802 2 800 1 1591 1 1072 2 
1071 2 795 2 801 2 1590 3 
804 1 798 2 1066 1 1593 3 
360 1 803 1 1592 1 1065 1 
1420 3 1584 3 2402 2 797 2 
2131 2 2506 3 164 2 2216 3 
1734 2 1462 2 1736 2 2424 3 
1461 1 811 1 2419 1 809 3 
2418 5 1731 3 808 3 1460 4 
811 1 1735 3 2421 4 1459 4 
2420 1 810 1 808 1 1458 2 
813 2 423 2 822 2 1183 1 
812 2 422 2 1182 2 644 2 
767 4 1086 1 1429 1 1361 1 
816 3 417 3 660 2 1647 3 
815 3 416 2 1189 3 817 3 
818 3 1192 2 816 3 415 3 
819 2 817 3 1191 2 414 3 
1186 2 421 1 818 2 820 2 
1185 2 420 3 819 2 821 2 
822 2 419 2 1188 3 820 2 
1187 3 821 2 812 2 418 2 
955 2 1344 1 1011 1 735 2 
1144 2 113 2 471 1 111 1 
1845 2 15 4 832 2 826 2 
16 1 827 2 825 2 1842 2 
291 2 17 2 826 2 828 2 
18 1 1312 1 827 2 290 1 
297 2 830 3 835 2 19 2 
296 4 831 5 829 3 20 4 
830 5 21 3 832 3 295 3 
22 3 831 3 825 2 294 1 
428 3 836 3 394 4 989 3 
285 2 835 2 1002 1 25 1 
829 2 284 4 834 2 204 2 
427 2 833 3 984 3 395 2 
575 3 2145 3 765 3 2371 3 
840 2 987 1 2525 2 1261 2 
841 2 955 3 729 2 1009 3 
838 2 1260 3 982 2 2524 4 
839 2 1008 3 728 1 125 2 
2375 2 579 3 577 2 2149 2 
1006 3 730 3 125 3 119 3 
2487 2 2060 2 794 2 845 1 
2486 1 844 1 853 2 867 1 
2501 2 1979 3 171 2 2130 2 
850 2 2489 2 848 2 564 3 
2488 1 563 1 693 1 847 2 
2491 2 852 1 562 3 850 1 
2490 1 847 2 561 1 849 1 
852 2 1303 2 560 2 854 4 
851 2 2492 1 559 3 849 1 
854 4 903 2 2495 2 845 2 
2494 3 853 4 1767 3 851 4 
1513 1 582 2 2152 2 350 2 
857 2 503 2 1467 3 866 4 
1466 3 1705 1 502 1 856 2 
870 3 1345 2 2184 2 1725 3 
695 3 624 2 1463 1 860 1 
623 1 1462 1 861 2 859 1 
862 4 860 2 1465 3 622 3 
861 4 621 3 863 3 1464 3 
629 3 1459 4 864 1 862 3 
1458 2 863 1 627 1 865 2 
626 2 1461 2 866 4 864 2 
1460 4 865 4 625 3 856 4 
598 2 794 2 903 1 845 1 
869 2 871 3 1192 2 1153 4 
868 2 1191 1 874 2 1020 1 
1011 2 858 3 1344 2 2185 3 
198 3 1155 3 868 3 1189 3 
1139 3 873 2 1188 4 875 2 
872 2 1187 2 1136 1 876 2 
1149 3 875 2 1186 3 869 2 
872 2 874 2 1043 1 1185 1 
1027 2 877 4 1183 2 873 2 
1026 3 876 4 1182 3 456 4 
1393 3 34 4 2436 3 879 3 
33 4 1392 3 880 2 878 3 
882 2 32 2 879 2 1395 1 
172 2 42 2 2175 2 2498 4 
880 2 886 2 1394 4 31 2 
1247 2 1347 2 884 4 
1246 3 883 4 885 3 1346 5 
773 2 1241 3 1339 1 884 3 
882 2 38 1 892 1 1389 2 
773 3 1341 3 888 3 1239 3 
1238 2 1340 2 889 2 887 3 
890 3 1343 1 1245 1 888 2 
889 3 1342 4 891 4 1244 3 
1345 2 890 4 178 3 1243 2 
1388 3 886 1 37 4 893 1 
36 1 894 4 1391 1 892 1 
893 4 35 5 2230 4 1390 4 
896 2 1035 3 898 2 701 2 
895 2 1034 1 697 2 904 2 
900 2 2411 3 1033 3 898 2 
1032 2 2399 3 895 2 897 2 
900 2 2361 3 1031 5 902 3 
1030 1 897 2 899 2 1158 1 
1029 3 2097 3 696 2 902 3 
691 2 1028 3 899 3 901 3 
1767 1 601 2 853 2 867 1 
905 3 1037 2 519 2 896 2 
904 3 1036 2 2267 3 1457 3 
1547 2 907 2 913 3 952 2 
951 3 1546 3 906 2 908 2 
1545 4 909 2 954 2 907 2 
953 1 908 2 1544 1 918 2 
241 2 911 2 976 2 917 1 
910 2 1074 5 975 2 240 2 
371 3 950 4 913 3 1549 3 
949 3 1548 4 912 3 906 3 
921 1 665 1 915 1 1482 1 
916 3 663 1 914 1 236 1 
915 3 661 3 917 3 239 3 
238 1 916 3 658 4 910 1 
1543 3 919 2 945 2 909 2 
944 2 1425 1 918 2 1542 3 
389 3 235 3 921 2 669 4 
234 2 914 1 920 2 667 1 
923 3 1455 2 1356 1 696 1 
922 3 691 3 924 3 1357 4 
925 4 923 3 2361 2 1354 1 
924 4 1355 4 926 4 1158 4 
927 2 925 4 1352 3 2411 2 
926 2 2399 4 1353 2 928 2 
1350 1 929 2 701 1 927 2 
697 3 930 4 928 2 1351 2 
519 3 929 4 931 4 1348 3 
930 4 1349 2 2267 3 762 3 
1001 2 652 3 254 2 936 4 
2096 1 934 2 940 3 547 2 
933 2 546 3 935 3 2095 2 
936 4 934 3 545 3 254 2 
935 4 932 4 941 3 544 3 
771 2 938 2 256 1 
939 3 255 3 937 2 
938 3 2102 2 940 4 
933 3 548 3 939 4 2101 3 
1001 1 543 1 936 3 942 2 
711 2 542 3 999 3 941 2 
2346 2 1102 1 1134 2 1833 2 
919 2 945 2 780 2 223 2 
918 2 944 2 222 1 953 1 
1727 1 1338 1 1733 3 2183 2 
948 3 1475 3 950 3 371 2 
947 3 381 3 1798 4 230 4 
952 2 913 3 229 2 950 4 
947 3 912 4 228 3 949 4 
907 3 954 3 227 5 952 3 
949 2 226 3 906 2 951 3 
909 1 945 1 954 1 1470 3 
951 3 908 2 224 2 953 1 
1010 3 823 2 839 3 1681 2 
1259 3 2157 5 610 2 599 2 
1289 1 964 2 
959 1 961 4 1255 1 1291 2 
958 1 1290 1 4 1 1254 1 
961 4 963 1 1293 3 1253 3 
960 4 958 4 1252 4 1292 5 
963 1 1251 3 965 2 1295 2 
962 1 960 1 1250 2 1294 1 
1297 2 965 3 1249 2 957 2 
1296 3 964 3 1248 2 962 2 
1293 3 967 2 1496 2 973 4 
966 2 1495 3 1292 3 968 3 
1498 4 1291 3 969 4 967 3 
968 4 1804 3 1290 3 1497 4 
971 2 974 3 1297 2 1500 3 
1296 2 970 2 1499 1 972 1 
973 4 1502 3 1295 2 971 1 
972 4 1501 5 966 4 1294 4 
1289 2 1493 3 970 3 
976 2 1298 1 911 2 799 1 
975 2 658 5 1444 4 910 2 
588 1 586 1 396 3 1099 2 
981 2 1267 3 979 2 2519 4 
1847 1 1266 2 2518 3 978 2 
981 1 983 1 2521 1 1265 2 
980 1 978 2 2520 2 1264 2 
2523 1 1263 1 840 2 983 1 
980 1 1262 1 982 1 2522 2 
985 3 396 4 836 3 
984 3 397 2 
361 3 1269 2 987 2 2527 2 
838 1 2526 3 176 2 986 2 
392 2 1123 3 426 3 989 3 
425 2 393 2 833 3 988 3 
991 3 1142 5 293 4 1209 3 
1208 2 990 3 292 2 994 2 
1211 1 289 1 993 3 995 1 
288 3 992 3 1210 4 996 3 
287 3 995 2 1213 3 991 2 
994 2 286 3 992 1 1212 1 
1214 2 993 3 
119 2 1004 2 121 1 724 1 
59 2 1583 2 2304 3 1834 2 
646 3 942 3 1001 2 147 2 
2264 2 2340 1 
932 2 941 1 999 2 645 3 
1003 3 2376 2 122 1 834 1 
121 3 1002 3 2377 3 1004 4 
1005 2 997 2 2378 2 1003 4 
119 2 1004 2 2379 2 1006 2 
2380 2 843 3 1007 4 1005 2 
125 4 2381 3 1006 4 1008 5 
841 3 1009 4 1007 5 2382 3 
1008 4 1010 3 2383 2 839 3 
1011 2 955 3 1009 3 2384 3 
1010 2 870 2 823 1 2385 1 
791 2 1013 2 
2053 3 1014 2 1012 2 
789 3 1015 2 1013 2 
1075 1 1014 2 2049 2 
1329 1 1023 1 2319 3 1017 2 
2318 3 1328 4 1016 2 1018 2 
2321 2 1019 1 1327 1 1017 2 
1326 2 2320 1 1018 1 2229 2 
1149 2 1153 3 869 1 679 4 
2322 4 1022 2 1332 2 1151 2 
2325 1 1021 2 1023 1 1331 1 
1330 3 1016 1 2324 1 1022 1 
1864 1 2313 1 1325 1 1025 3 
1324 3 1151 3 1024 3 2312 4 
877 3 671 1 1027 1 2217 1 
876 2 1026 1 1136 1 670 1 
1029 3 1031 5 1469 3 902 3 
1028 3 901 3 474 4 676 3 
900 1 1033 2 679 4 1031 4 
678 4 1028 5 899 5 1030 4 
898 2 1035 3 673 3 1033 3 
1030 2 672 2 897 3 1032 3 
1035 2 896 1 1037 1 675 2 
1032 3 1034 2 674 2 895 3 
1206 2 1037 1 905 2 671 1 
1036 1 904 2 670 1 1034 1 
198 2 1138 1 1387 1 1039 1 
1137 3 1038 1 1040 1 1386 1 
1145 1 1041 3 1039 1 1381 2 
1144 4 1040 3 1042 3 1380 3 
1147 2 1041 3 1275 1 1379 1 
1139 2 1149 2 875 1 673 2 
1045 4 1275 2 1385 3 1141 2 
1046 4 1044 4 1384 3 1140 3 
1047 2 1383 3 1045 4 1143 2 
1046 2 1209 1 1142 3 1382 3 
1774 2 1780 2 2227 2 1511 2 
735 2 1050 1 1541 1 1242 4 
1540 1 1053 2 1049 1 1681 1 
2179 2 1052 3 1054 2 731 3 
1051 3 730 3 1057 4 2177 2 
1054 2 1050 2 729 2 2189 4 
1053 2 107 1 728 1 1051 2 
1056 3 727 2 140 2 1058 1 
726 4 127 3 1055 3 1224 4 
2199 3 1052 4 1058 3 725 3 
724 1 2198 3 1057 3 1055 1 
1445 2 1406 1 775 4 1060 2 
1061 3 1059 2 774 3 1405 2 
1062 2 1404 3 1060 3 777 2 
1061 2 1403 2 776 1 1063 1 
779 1 1410 2 1062 1 1064 2 
778 2 1409 2 1424 3 1063 2 
1602 2 804 1 1066 1 78 2 
1065 1 77 1 803 1 1067 3 
80 3 798 4 1068 4 1066 3 
797 2 79 2 1069 3 1067 4 
82 2 796 2 1070 3 1068 3 
795 2 81 2 1069 3 1071 2 
802 2 84 2 1072 2 1070 2 
1073 2 83 2 1071 2 801 2 
1072 2 800 1 1074 4 86 1 
85 4 799 4 911 5 1073 4 
787 2 1015 1 
1239 4 1502 5 1077 3 1079 4 
1238 1 1076 3 1501 2 1082 2 
1241 4 1079 3 1500 3 1085 2 
1499 2 1078 3 1240 3 1076 4 
1498 3 1081 1 1083 1 1243 1 
1541 1 1080 1 1242 4 1497 2 
1083 2 1245 2 1077 2 1496 3 
1082 2 1495 2 1080 1 1244 1 
1085 2 1247 2 1494 2 
1493 2 1084 2 1078 2 1246 1 
1362 2 754 2 814 1 1434 1 
1282 3 2365 3 1094 4 1088 5 
1089 5 1281 3 2364 3 1087 5 
1088 5 2367 3 1090 4 1280 3 
1095 3 1089 4 2366 4 1279 3 
1286 3 1092 2 1268 2 
1093 1 1285 2 1091 2 
1092 1 1284 3 2363 2 1094 2 
2362 3 1283 2 1087 4 1093 2 
1090 3 1278 2 2369 2 1096 4 
1577 3 1277 3 1095 4 2368 3 
1847 1 1098 1 1266 2 597 3 
1097 1 1101 1 596 2 1846 1 
1100 2 1134 3 1102 2 977 2 
1099 2 586 1 1133 3 
589 2 1833 2 1102 1 1098 1 
1099 2 1101 1 588 1 943 1 
1397 2 1104 2 1110 4 1278 1 
1103 2 1396 3 633 3 1277 2 
1108 4 1284 4 1480 3 1395 2 
1209 2 2528 3 1170 3 1382 4 
1276 2 1108 3 1286 2 1393 2 
1105 4 1392 4 1285 4 1107 3 
1112 1 1280 1 1391 1 1110 4 
1390 4 1103 4 1279 5 1109 4 
1480 2 1112 1 1282 1 1389 2 
1281 1 1109 1 1388 3 1111 1 
1276 2 1268 1 1286 2 
1432 3 1364 4 759 2 754 3 
1402 2 1532 1 1116 1 1232 1 
1531 1 1117 1 1115 1 1231 1 
1530 4 1118 1 1116 1 1234 2 
1119 1 1117 1 1233 4 1529 1 
1118 1 1536 3 1120 3 1228 1 
1121 4 1535 5 1119 3 1227 3 
1120 4 1230 4 1122 3 1534 2 
1533 3 1900 2 1121 3 1229 2 
615 3 988 3 248 3 1124 3 
1123 3 616 2 1125 4 247 4 
1126 3 246 3 617 3 1124 4 
1125 3 618 4 1127 1 245 1 
1128 2 252 1 611 1 1126 1 
251 2 1129 2 1127 2 612 2 
1128 2 250 2 613 1 1130 1 
1131 4 614 2 249 3 1129 1 
608 4 1132 4 1130 4 244 4 
609 1 1131 4 243 3 1638 2 
1134 4 2348 3 1135 4 1100 3 
1133 4 1099 3 943 2 2347 3 
2344 2 1133 4 
675 2 1139 2 1027 1 873 1 
1039 3 1138 3 1145 3 124 5 
1157 1 1038 1 1137 3 123 1 
872 3 1043 2 1136 2 674 2 
1141 1 118 4 1143 1 1045 3 
1140 1 117 1 1044 2 1146 3 
1143 3 990 5 1047 3 116 3 
1142 3 1140 1 115 1 1046 2 
824 2 1147 3 1041 4 1145 2 
1040 1 1144 2 1137 3 113 2 
112 4 1147 4 1141 3 1275 3 
1042 2 1144 3 111 2 1146 4 
345 3 208 3 1701 3 1150 3 
874 3 1020 2 672 2 1043 2 
1152 1 504 2 209 1 1148 3 
1025 3 1333 2 2323 1 1021 2 
1150 1 1683 3 210 1 1154 2 
678 3 868 4 1020 3 1155 4 
1682 2 1156 2 211 3 1152 2 
1157 2 1469 3 871 3 1153 4 
1159 2 1752 1 1154 2 212 1 
1155 2 1138 1 676 2 198 2 
2411 2 2361 2 900 1 925 4 
1160 2 521 3 1156 2 213 2 
1159 2 515 3 214 1 1161 1 
512 3 162 2 1160 1 215 1 
1819 2 1796 2 1163 1 2094 1 
1795 2 1162 1 1820 2 
1794 3 1813 2 2094 2 1167 2 
1169 2 2528 3 1792 3 1170 3 
1167 1 1237 1 1169 1 1792 2 
574 1 1166 1 1791 3 1164 2 
2051 2 1169 2 1170 3 1322 3 
1165 2 1168 2 1166 1 477 1 
1168 3 1650 3 1106 3 1165 3 
1326 3 2229 3 1172 2 493 2 
492 2 1177 1 1171 2 1201 2 
483 2 1174 1 1180 2 1196 1 
1173 1 482 2 1175 1 1195 1 
1176 2 1174 1 1194 1 485 1 
1193 3 1175 2 484 4 1684 3 
1172 1 1178 2 1200 3 479 3 
478 3 1177 2 1199 3 1179 3 
1198 2 481 3 1180 3 1178 3 
480 4 1173 2 1197 3 1179 3 
1797 2 1865 2 2274 2 1907 4 
877 3 813 2 1183 1 1336 1 
876 2 1182 1 1187 2 812 1 
35 3 2271 3 95 3 2273 3 
1186 2 820 2 1188 3 875 1 
1185 2 819 2 874 3 1191 2 
822 3 873 2 1188 4 1183 2 
1187 4 1185 3 872 4 821 3 
1192 2 816 3 660 2 871 3 
1797 2 1863 2 1909 4 2278 2 
1192 1 869 1 818 2 1186 2 
1189 2 1191 1 868 2 817 2 
1194 2 1176 3 272 3 1337 4 
1193 2 271 1 1175 1 1195 1 
276 2 1174 1 1194 1 1196 1 
1197 2 274 2 1173 1 1195 1 
1196 2 1198 2 1180 3 268 3 
1197 2 1179 2 1199 2 267 3 
1198 2 1200 4 270 2 1178 3 
1201 4 269 3 1199 4 1177 3 
1200 4 2229 3 2100 3 1172 2 
32 3 1205 2 92 2 1203 2 
31 1 91 1 2275 1 1202 2 
90 1 34 3 1205 1 2474 1 
33 3 1204 1 1202 2 89 1 
1036 2 1457 3 460 2 1207 3 
459 2 1446 4 1206 3 
991 2 2528 3 1209 2 1213 3 
1047 1 1106 2 1208 2 990 3 
1211 2 1214 3 2496 2 993 4 
1210 2 992 1 1212 1 1223 2 
1222 1 1211 1 1213 2 995 1 
994 3 1208 3 1212 2 1221 4 
996 2 1210 3 1225 5 
761 1 1216 1 1887 1 
1215 1 1886 2 762 2 1349 1 
1218 1 1902 3 1891 2 
1901 1 1217 1 1219 2 1890 3 
1218 2 1889 2 1904 2 1220 4 
1903 4 1888 3 1219 4 1365 3 
1222 3 2528 4 1213 4 1792 4 
1223 2 1212 1 1221 3 1791 3 
1222 2 1211 2 1794 3 2496 2 
2493 2 578 2 1401 2 1056 4 
1796 5 2496 4 1214 5 1226 4 
1795 2 1225 4 
1230 3 523 2 1228 1 1120 3 
1227 1 1233 4 1119 1 522 2 
1230 3 681 1 1769 2 1122 2 
1227 3 1121 4 1229 3 520 4 
455 1 1234 2 1232 1 1116 1 
677 1 1231 1 1115 1 2493 1 
1228 4 1118 4 517 4 1234 5 
1231 2 1117 2 516 4 1233 5 
1236 2 2437 1 
1276 3 1235 2 2436 3 1393 3 
574 1 1166 1 1310 1 477 1 
1245 1 888 2 1077 1 1239 2 
1240 3 1076 4 1238 2 887 3 
1239 3 1241 4 1079 3 773 3 
1078 4 1240 4 1246 3 885 3 
1243 4 1081 4 178 5 1049 4 
1244 1 1242 4 891 2 1080 1 
1243 1 1245 1 890 3 1083 1 
1082 2 1238 1 1244 1 889 1 
1247 1 884 3 1241 3 1085 1 
1246 1 883 2 1084 2 
965 2 110 1 1251 3 1249 1 
114 2 964 2 1248 1 
1251 4 963 2 1253 4 108 3 
962 3 1250 4 1248 3 109 4 
1253 3 1255 1 128 2 961 4 
1252 3 129 4 1250 4 960 3 
355 1 120 2 1255 1 959 1 
1252 1 1254 1 1790 2 958 1 
1257 3 632 4 1522 3 
1521 1 1256 3 1258 1 630 2 
1257 1 1520 2 610 1 1259 2 
956 3 1258 2 1519 4 24 2 
1263 2 840 3 2439 2 1261 3 
176 3 838 2 2435 2 1260 3 
2442 3 1263 1 1265 2 983 1 
982 1 1260 2 2441 1 1262 1 
1265 3 2444 2 981 2 1267 3 
2443 3 1262 2 1264 3 980 2 
979 2 1267 3 1097 2 379 2 
2445 4 978 3 1266 3 1264 3 
1113 1 1091 2 
382 1 429 1 986 2 176 2 
595 2 1273 3 1904 2 1271 2 
594 2 1433 2 1903 2 1270 2 
1274 1 1902 3 591 2 1273 2 
1272 2 590 3 1270 3 1901 2 
1272 1 592 3 
1042 1 1044 2 1378 4 1146 3 
1236 3 1107 2 1113 2 
1438 2 1096 3 1278 1 1104 2 
1277 1 1279 2 1095 2 1103 1 
1278 2 1090 3 1280 2 1110 5 
1089 3 1109 1 1279 2 1281 1 
1088 3 1112 1 1282 1 1280 1 
1087 3 1283 1 1281 1 1111 1 
1094 2 1282 1 1284 3 1480 2 
1093 3 1105 4 1283 3 1285 4 
1108 4 1092 2 1286 3 1284 4 
1107 2 1091 3 1113 2 1285 3 
1963 1 2299 2 2511 1 2305 1 
440 3 2083 4 2304 4 1583 3 
974 2 957 1 1297 1 
2200 1 959 1 969 3 1291 2 
968 3 1292 3 1290 2 958 2 
967 3 1291 3 1293 4 961 5 
966 3 1294 3 960 3 1292 4 
1293 3 1295 2 963 1 973 4 
1294 2 1296 3 962 2 972 2 
971 2 965 3 1295 3 1297 2 
964 2 970 2 1289 1 1296 2 
1444 3 1570 3 1589 2 975 1 
2043 1 542 2 
2417 2 2428 2 2419 2 2089 4 
772 3 1302 3 2315 2 448 2 
256 2 771 3 1301 3 447 2 
851 2 158 1 2492 1 2494 1 
1398 2 1554 2 310 1 1306 1 
2161 1 1838 2 
1557 3 1308 1 1304 1 309 2 
1837 4 1819 4 1313 4 263 3 
1306 1 1556 1 2310 1 308 2 
1832 3 357 2 1319 3 2165 2 
1237 1 1835 1 259 3 1841 1 
514 3 1321 4 188 4 1312 3 
513 2 828 1 1311 3 189 2 
1814 3 1844 2 262 3 1307 4 
2009 1 1315 2 2142 1 1648 2 
2010 3 1314 2 417 3 1647 3 
2003 2 714 2 2142 2 1656 2 
702 1 1799 4 1492 1 2007 1 
721 2 2005 4 1654 2 714 2 
1829 4 1309 3 2164 2 1843 2 
180 3 1321 2 510 2 723 1 
181 2 1311 4 1320 2 509 3 
2001 2 1323 3 1650 3 1168 3 
1649 2 1322 3 720 3 2002 3 
1025 3 1325 1 1333 2 317 1 
1324 1 316 1 2274 1 1024 1 
1171 3 1019 2 1327 2 319 3 
318 1 1326 2 1328 3 1018 1 
1017 4 1327 3 321 4 1329 3 
1016 1 320 1 1330 3 1328 3 
1023 3 323 3 1329 3 1331 3 
1332 1 322 1 1330 3 1022 1 
1331 1 1333 2 325 3 1021 2 
324 2 1324 2 1151 2 1332 2 
2008 3 1335 2 1975 3 
1974 1 2007 1 1512 2 1334 2 
644 1 1182 1 456 2 
1892 3 1684 4 1193 4 
946 1 1341 2 773 2 1339 1 
1338 1 1346 3 1733 3 885 1 
1343 1 1341 2 1728 1 888 2 
1340 2 1727 2 1338 2 887 3 
890 4 1343 2 1725 3 1345 2 
1340 1 1342 2 889 1 1505 1 
178 2 823 1 870 2 1345 1 
891 2 858 2 1344 1 1342 2 
1347 3 1339 3 1742 3 884 5 
883 2 1346 3 
1700 1 1349 1 930 3 1351 1 
931 2 1348 1 1216 1 1699 1 
928 1 1711 1 1351 1 1353 1 
1350 1 1710 4 929 2 1348 1 
1353 3 926 3 1355 3 1709 5 
1352 3 927 2 1350 1 1708 1 
1707 2 1355 1 924 1 1357 2 
925 4 1706 1 1354 1 1352 3 
922 1 1357 2 1705 1 502 1 
1704 3 923 4 1354 2 1356 2 
1367 2 659 2 764 3 1359 3 
763 3 1360 3 657 3 1358 3 
767 4 1359 3 1361 1 656 1 
655 1 1360 1 1362 2 814 1 
1363 2 1086 2 668 3 1361 2 
1362 2 754 2 666 1 1364 3 
1114 4 664 3 1365 3 1363 3 
662 2 759 1 1364 3 1220 3 
1721 3 1523 2 1367 3 1703 3 
1366 3 1702 3 1358 2 1720 2 
1806 1 2189 3 1377 1 1369 2 
1370 2 1805 3 107 2 1368 2 
1369 2 1808 2 2179 1 1371 1 
1807 1 2177 1 1370 1 1372 1 
1373 1 2199 1 1371 1 1810 1 
1372 1 1374 1 2198 3 1809 3 
140 2 1812 1 1373 1 1375 2 
1811 3 1538 2 1374 2 127 2 
1804 1 1377 1 1541 1 1497 2 
1376 1 1803 1 1540 1 1368 1 
1379 4 1654 4 1385 5 1275 4 
1378 4 1653 4 1380 1 1042 1 
1656 1 1379 1 1041 3 1381 2 
1655 4 1386 2 1380 2 1040 2 
1650 4 1383 4 1106 4 1047 3 
1046 3 1384 2 1649 2 1382 4 
1383 2 1385 2 1045 3 1652 1 
1384 2 1378 5 1044 3 1651 2 
1648 2 1387 1 1381 2 1039 1 
660 1 1386 1 1647 2 1038 1 
1389 4 1112 3 892 3 1391 3 
1388 4 1394 4 886 2 1111 2 
1110 4 1391 1 1397 2 894 4 
1390 1 893 1 1388 3 1109 1 
879 3 1393 3 1108 4 1395 2 
878 3 1392 3 1107 2 1236 3 
1389 4 882 4 1395 3 1480 4 
880 1 1392 2 1394 3 1105 2 
1397 3 1104 3 388 2 2231 2 
1103 2 1396 3 1390 2 2230 2 
1304 2 1555 3 311 2 
1406 3 1686 3 1400 5 1445 4 
1685 5 1399 5 2352 4 1695 4 
127 1 1224 2 1402 2 1538 1 
1115 2 1537 3 1401 2 2493 2 
1688 2 1410 3 1062 2 1404 3 
1061 3 1405 2 1687 3 1403 3 
1690 2 1404 2 1406 1 1060 2 
1059 1 1689 1 1405 1 1399 3 
1542 3 1692 1 1425 1 1408 1 
1691 1 1424 2 1409 1 1407 1 
1064 2 1408 1 1694 2 1410 2 
1693 5 1403 3 1063 2 1409 2 
1412 1 1593 3 1421 1 1939 2 
1938 1 1920 1 1411 1 1592 1 
1414 1 755 2 
1415 1 1413 1 758 1 
1414 1 757 2 1559 1 
1591 1 1945 1 1419 2 1417 2 
1944 4 1422 2 1590 3 1416 2 
1570 4 1419 3 1947 3 1589 3 
1418 3 1946 3 1416 2 1588 4 
1421 2 805 3 1423 2 1949 3 
1420 2 2402 1 1411 1 1948 1 
1423 1 1585 2 1951 2 1417 2 
1422 1 1584 2 1420 2 1950 1 
1425 2 1408 2 781 4 1064 3 
1424 2 919 1 1407 1 780 1 
1427 2 1798 2 381 1 1721 2 
1426 2 380 2 1720 2 1430 2 
1431 1 1429 1 767 4 377 1 
1428 1 1434 1 814 1 376 1 
1431 1 764 3 2446 2 1427 2 
378 1 1430 1 763 1 1428 1 
373 3 1114 3 1433 3 1435 4 
372 2 1271 2 1432 3 759 2 
375 1 1435 3 1086 1 1429 1 
754 4 1434 3 1432 4 374 3 
669 4 1437 3 1439 2 1579 2 
667 2 1578 2 1436 3 1442 3 
1439 2 1277 2 1577 2 633 3 
1438 2 1576 3 631 2 1436 2 
1443 2 1441 1 661 1 1575 2 
658 4 1574 4 1444 3 1440 1 
665 2 1573 2 1437 3 1443 3 
1442 3 663 2 1572 3 1440 2 
1298 3 1441 3 976 4 1571 3 
1059 2 782 2 1695 3 1399 4 
733 4 1468 4 1207 4 1457 4 
623 1 1450 1 1448 3 1719 2 
1718 3 1605 3 624 4 1447 3 
1450 2 621 2 1452 2 1717 4 
1447 1 1449 2 1716 1 622 2 
1454 2 627 1 1715 1 1452 1 
1714 1 629 3 1449 2 1451 1 
625 2 1713 3 1456 2 1454 3 
626 2 1451 2 1453 3 1712 3 
1724 2 502 2 922 2 1456 2 
503 1 1453 2 1723 1 1455 2 
732 4 1206 3 1446 4 905 3 
1461 2 1459 5 864 2 811 2 
863 4 1464 4 1458 5 810 4 
866 4 1461 2 1467 3 809 4 
1458 2 865 2 808 1 1460 2 
860 1 807 2 1463 1 1465 2 
1613 1 859 1 1736 1 1462 1 
1465 2 1459 4 1735 3 862 3 
1464 2 861 3 1734 2 1462 2 
857 3 1467 4 1970 5 1732 3 
1731 2 1466 4 1460 3 856 3 
734 2 1446 4 
1155 3 676 3 678 2 1028 3 
2038 4 222 3 224 4 953 3 
1925 3 1479 3 1977 3 
1920 1 1473 2 360 1 1592 1 
1472 2 1919 2 1474 2 1978 2 
1981 1 1918 1 1473 2 1580 3 
947 3 2032 3 228 3 230 4 
1698 2 1789 1 1477 2 
1658 2 1697 4 1788 3 1476 2 
1985 3 1922 3 1582 2 1479 3 
1478 3 1471 3 1984 4 1921 3 
1111 2 1283 2 1105 3 1394 4 
2129 2 442 2 446 1 2212 1 
234 2 192 3 236 1 914 1 
1486 1 1644 2 1484 2 1826 1 
1491 4 1825 3 1483 2 1643 3 
1486 1 1642 2 1828 1 1488 1 
1485 1 1483 1 1641 1 1827 2 
1822 1 1488 1 1640 2 1490 1 
1821 1 1487 1 1639 2 1485 1 
1638 3 243 4 1824 2 1490 2 
1637 1 1489 2 1823 2 1487 1 
1484 4 1492 3 1646 3 1816 3 
1317 1 1815 3 1645 1 1491 3 
1085 2 974 3 1494 2 1500 3 
1493 2 1084 2 
1083 2 1498 4 967 3 1496 3 
966 2 1495 3 1082 3 1501 3 
1498 4 969 4 1081 2 1376 2 
1080 3 1495 4 968 4 1497 4 
1079 2 971 1 1500 2 1502 3 
1078 3 1493 3 1499 2 970 3 
1502 4 1077 2 973 5 1496 3 
1076 5 1501 4 972 3 1499 3 
2090 1 1824 1 1504 1 1783 1 
1722 1 1823 2 1503 1 1782 3 
1725 2 2186 1 1343 1 1728 1 
1821 1 1784 1 1507 1 1722 1 
1508 2 1506 1 1779 3 1828 1 
1827 3 1507 2 1509 2 1778 2 
1508 2 1826 1 1510 1 1781 2 
1511 2 1509 1 1825 2 1780 2 
1510 2 1512 3 1816 2 1048 2 
1335 2 1511 3 1815 4 1774 3 
1514 3 855 1 2398 1 7 2 
1513 3 2372 5 2397 3 582 4 
1516 2 2375 2 2394 2 577 2 
2393 4 1515 2 2370 3 576 3 
2309 2 1543 2 1526 1 1518 2 
1692 2 2308 2 1542 4 1517 2 
1520 4 2140 4 1897 4 1259 4 
1521 2 1519 4 1896 2 1258 2 
1520 2 1257 1 1522 1 1898 1 
1521 1 1256 3 
1551 1 1366 2 1524 1 2303 2 
1962 1 2302 1 1550 1 1523 1 
1545 5 2301 3 1526 3 1528 3 
2300 1 1544 1 1525 3 1517 1 
2299 4 1963 3 1547 3 1528 3 
2298 1 1525 3 1546 3 1527 3 
1662 4 1536 3 1118 1 1530 4 
1117 4 1531 4 1529 4 1661 5 
1116 1 1664 1 1532 1 1530 4 
1537 2 1663 2 1115 1 1531 1 
1122 3 1534 2 1658 2 1697 4 
1533 2 1657 2 1121 2 1535 3 
1120 5 1660 3 1534 3 1536 5 
1119 3 1659 3 1529 3 1535 5 
1532 2 1538 2 1666 4 1402 3 
1537 2 1375 2 1401 1 1665 1 
698 3 719 2 695 4 1612 2 
2189 3 1050 1 1541 1 1377 1 
1081 1 1540 1 1049 1 1376 1 
1543 4 1407 3 919 3 1518 4 
1542 4 918 3 1544 2 1517 2 
909 1 1545 3 1526 1 1543 2 
908 4 1525 5 1544 3 1546 5 
907 3 1547 3 1528 3 1545 5 
906 2 1546 3 1527 3 1548 3 
1963 3 913 4 1549 4 1547 3 
1962 2 1550 2 1548 4 912 3 
1551 1 1549 2 371 2 1524 1 
1798 2 1550 1 1523 1 1721 2 
2311 3 1553 4 1605 1 1718 1 
1552 4 2310 4 1556 4 1604 4 
1555 3 1609 2 1557 4 1304 2 
1554 3 1608 3 1398 3 
1308 1 1553 4 1557 3 1607 1 
1306 3 1554 4 1606 4 1556 3 
1567 4 1559 3 573 3 
572 2 1558 3 1415 1 
60 3 1561 4 1613 2 1736 2 
1612 3 59 3 1560 4 2262 3 
1569 3 2521 2 648 2 1563 2 
647 3 2520 2 1562 2 1564 1 
1565 1 650 1 1563 1 2519 3 
649 1 1730 2 2518 3 1564 1 
652 2 2265 1 2241 1 2525 2 
1558 4 2263 2 568 3 
654 3 2523 3 1569 4 2265 3 
653 4 1562 3 2522 3 1568 4 
1571 3 1418 4 1298 3 1756 4 
1570 3 1574 4 1755 3 1444 3 
1763 2 1575 3 1443 3 1573 2 
1442 2 1762 1 1572 2 1578 1 
1765 4 1441 4 1575 5 1571 4 
1764 2 1574 5 1572 3 1440 2 
1759 4 1439 3 1579 3 1577 3 
1096 3 1758 3 1438 2 1576 3 
1761 3 1437 2 1579 1 1573 1 
1760 2 1576 3 1578 1 1436 2 
1581 3 1917 3 1474 3 1980 3 
1580 3 1983 2 1582 1 1924 1 
1478 2 1581 1 1923 2 1982 2 
2429 2 60 2 998 2 1288 3 
1423 2 805 3 796 2 1585 3 
1590 3 1422 2 1584 3 795 2 
765 1 1587 1 2145 1 1892 1 
1586 1 766 2 
800 3 1591 3 1419 4 1589 4 
799 2 1298 2 1588 4 1418 3 
1585 3 802 3 1591 2 1417 3 
1416 1 1590 2 801 1 1588 3 
804 1 1593 3 1412 1 1472 1 
1592 3 1411 3 2402 3 803 3 
1989 2 1595 3 1977 3 1597 2 
1770 3 1988 3 1594 3 1976 2 
1599 2 1985 3 1991 2 1597 2 
1984 3 1990 1 1596 2 1594 2 
1599 1 1993 1 1983 2 1601 1 
1598 1 1596 2 1982 2 1992 1 
1995 1 1603 2 1601 1 1981 1 
1994 2 1600 1 1598 1 1980 1 
1065 2 360 2 1603 3 1997 2 
1600 2 1996 3 1978 2 1602 3 
1607 1 1605 1 719 1 1553 4 
1552 1 1448 3 1636 2 1604 1 
1607 2 1609 2 1557 4 2465 3 
1606 2 1604 1 718 3 1556 1 
1555 3 1609 2 1622 2 
1625 2 1554 2 1606 2 1608 2 
1611 2 699 2 
1612 2 2262 2 698 3 1610 2 
1613 1 1561 3 1611 2 1539 2 
695 3 1612 1 1560 2 1463 1 
2012 3 1615 4 1621 4 1993 3 
1614 4 2011 2 1992 2 1616 2 
2014 3 1991 1 1617 1 1615 2 
1623 1 1990 1 1616 1 2013 1 
1997 1 2016 1 1619 2 398 2 
2015 2 1618 2 1996 3 1620 2 
1621 2 2018 3 1995 1 1619 2 
1994 3 1620 2 1614 4 2017 3 
1625 2 1608 2 
1624 1 1617 1 1989 1 2020 3 
1623 1 1777 1 1988 2 2019 1 
1622 2 700 2 2465 3 1609 2 
1627 1 2224 1 1969 1 1635 2 
2223 2 1626 1 1628 2 1968 2 
1967 3 1627 2 2226 2 1629 2 
2225 3 1966 2 1628 2 1630 1 
1973 1 2220 1 1631 3 1629 1 
1972 4 1632 4 2219 4 1630 3 
2222 2 1633 2 1971 2 1631 4 
1970 3 1732 1 1632 2 2221 2 
1965 2 1786 1 2228 1 1635 2 
1634 2 1964 3 2227 3 1626 2 
695 4 624 3 1605 2 719 2 
1490 1 390 1 1640 2 1638 2 
391 4 1489 3 1637 2 1132 2 
1640 3 61 2 1488 2 1642 3 
62 3 1639 3 1637 2 1487 2 
1642 2 1486 1 55 1 1644 2 
1641 2 1485 2 1639 3 56 4 
1644 3 1646 2 57 3 1484 3 
1643 3 1483 2 1641 2 58 2 
64 1 1492 1 1799 4 1646 1 
1643 2 1491 3 1645 1 65 2 
1387 2 1648 3 1315 3 815 3 
1386 2 1655 4 1647 3 1314 2 
1323 2 1650 2 1383 2 1652 1 
1170 3 1322 3 1382 4 1649 2 
721 1 1652 1 1654 1 1385 2 
720 2 1651 1 1649 1 1384 1 
714 4 1656 4 1379 4 1654 4 
1378 4 1653 4 1651 1 1318 2 
1381 4 1648 4 1656 3 2142 3 
1653 4 1380 1 1655 3 1316 2 
1658 2 1660 2 1534 2 2396 3 
1657 2 2395 1 1477 2 1533 2 
2394 2 1536 3 1660 1 1662 4 
1657 2 1535 3 2393 3 1659 1 
1664 2 2392 3 1662 5 1530 5 
2391 5 1529 4 1661 5 1659 4 
1664 2 1532 2 1666 4 2390 2 
1663 2 1661 2 1531 1 2389 1 
2398 1 1666 3 1811 2 1538 1 
1537 4 1663 4 2397 3 1665 3 
496 3 536 2 2281 3 2283 3 
354 2 2207 2 10 2 126 3 
1952 2 1670 2 1678 3 2020 3 
2019 2 1953 3 1669 2 357 2 
1852 1 1672 2 431 2 2010 2 
1671 2 430 3 2009 2 277 3 
2018 4 1674 2 1676 3 1960 2 
1961 1 282 1 2017 2 1673 2 
1676 2 2260 1 2016 1 1958 2 
1675 2 1959 3 2015 2 1673 3 
2014 3 1678 3 283 2 1956 1 
1957 4 2013 3 1669 3 1677 3 
2000 3 275 3 439 2 1680 2 
438 1 1999 1 1679 2 279 1 
735 2 955 2 729 1 1050 1 
1154 2 1752 1 1683 3 305 1 
1152 3 1682 3 304 4 504 4 
1176 3 1337 4 2468 2 
1400 5 1876 3 2093 3 1686 3 
1689 1 1399 3 1685 3 2092 3 
1690 3 242 2 1404 3 1688 2 
1403 2 237 1 1687 2 1693 4 
1406 1 1686 1 231 1 1690 2 
1687 3 1405 2 225 3 1689 2 
1408 1 1694 2 1692 1 221 2 
1407 1 220 1 1518 2 1691 1 
1694 5 1410 5 219 5 1688 4 
1693 5 216 2 1691 2 1409 2 
783 2 1932 2 1445 3 1400 4 
1895 4 1698 3 
1477 4 1533 4 1698 4 1900 3 
1476 2 1696 3 1899 2 1697 4 
1700 1 1886 2 1965 2 1349 1 
1964 2 1699 1 1710 4 1348 1 
504 2 313 2 1148 3 306 3 
1998 2 1367 3 1703 3 659 3 
587 2 1366 3 1702 3 2303 3 
1707 3 1357 3 1705 2 1971 2 
857 1 1970 3 1704 2 1356 1 
1707 2 1355 1 1709 3 1973 1 
1706 2 1354 2 1704 3 1972 3 
1711 1 1709 3 1967 2 1353 1 
1706 3 1708 3 1352 5 1966 4 
1711 4 1351 4 1700 4 1969 4 
1968 2 1350 1 1710 4 1708 1 
2108 3 1715 2 1454 3 1713 3 
1723 2 1453 3 2107 3 1712 3 
1452 1 1717 3 2110 2 1715 1 
1712 2 1451 1 2109 3 1714 1 
1717 3 2104 2 1450 1 1719 2 
1716 3 1714 3 2103 3 1449 4 
1448 3 2106 2 1552 1 1719 2 
2105 4 1447 2 1716 2 1718 2 
1721 2 1427 2 764 3 1367 2 
1366 3 1426 2 1720 2 1551 2 
1504 1 1822 1 1785 3 1506 1 
1713 2 2098 1 1456 1 1724 1 
1455 2 696 1 2097 2 1723 1 
1505 2 2187 3 1342 3 858 3 
1953 3 1935 2 2412 3 2211 2 
946 1 2180 1 1341 2 1728 1 
2181 1 1340 1 1505 1 1727 1 
1741 3 1730 3 2350 3 448 2 
2349 2 1565 2 1729 3 447 2 
1467 2 1732 1 1801 1 809 3 
1731 1 2416 1 1633 1 1466 3 
946 3 2182 3 1742 3 1339 3 
807 2 2423 2 1735 3 1465 2 
1734 3 1464 3 810 3 2422 4 
2425 2 1560 2 807 2 1463 1 
1738 4 2344 2 453 3 
1737 4 450 4 1739 5 2348 3 
1738 5 1740 4 2347 4 449 3 
1741 3 1739 4 452 3 2346 3 
451 2 1740 3 1729 3 2345 3 
2178 1 1733 3 1346 3 
2187 2 1746 1 1744 1 1918 1 
1743 1 1917 1 2186 1 1749 2 
1920 1 1938 1 1746 1 2185 2 
1745 1 1743 1 2184 1 1919 1 
1750 2 2183 2 1922 2 1748 2 
1921 3 1751 2 1747 2 2182 2 
1750 3 1924 2 2181 2 1744 2 
1747 2 1749 3 1923 3 2180 2 
1925 2 2178 1 1748 2 
1156 1 1682 1 521 2 302 3 
694 1 686 1 1754 3 788 2 
685 3 2052 4 1753 3 740 4 
1756 4 1571 3 204 3 1765 3 
25 2 1947 3 1755 4 1570 4 
694 2 684 3 790 2 1768 2 
1759 4 1577 3 18 3 2368 3 
1576 4 1758 4 17 2 1760 3 
1579 2 1761 4 16 2 1759 3 
1578 3 1760 4 15 5 1762 3 
22 3 1763 1 1573 1 1761 3 
1572 2 21 1 1764 1 1762 1 
1575 2 1765 1 1763 1 20 2 
1764 1 1574 4 19 2 1755 3 
792 3 563 2 1768 2 693 2 
903 1 600 1 560 1 854 3 
793 2 1766 2 1757 2 692 1 
1229 2 1900 2 330 2 1771 2 
1595 3 1802 2 
742 1 1899 1 1769 2 329 3 
1773 1 1787 1 1887 1 
1772 1 1886 2 1786 1 1965 2 
1974 2 1048 2 2228 2 1512 3 
1829 3 1776 1 
1832 2 1777 1 1775 1 
1802 1 1624 1 1776 1 1831 1 
1779 3 2226 1 1781 2 1508 2 
2225 5 1778 3 1784 3 1507 3 
2224 2 1048 2 1510 2 1781 3 
1509 2 2223 3 1778 2 1780 3 
1783 3 2222 3 1504 3 1785 5 
2221 2 2042 1 1782 3 1503 1 
1785 3 2220 1 1779 3 1506 1 
2219 4 1784 3 1722 3 1782 5 
1987 4 1634 1 1787 1 1773 1 
1786 1 1986 2 1772 1 
1789 2 1477 3 2395 2 385 4 
1788 2 384 1 1476 1 
120 3 128 3 1255 2 2173 2 
1794 4 1167 3 1792 4 1222 3 
1791 4 1165 3 1166 2 1221 4 
1794 2 1796 2 2496 1 2094 1 
1791 4 1793 2 1164 3 1223 3 
1226 2 1163 2 1796 3 
1225 5 1793 2 1162 2 1795 3 
1190 2 1181 2 1862 2 1908 1 
1551 2 1426 2 948 4 371 3 
217 4 1800 5 1317 4 1645 4 
218 3 1799 5 702 2 
2041 3 2418 3 2416 1 1731 1 
1777 1 1770 2 1988 2 
1377 1 2201 1 1806 1 1804 1 
1376 1 969 3 1803 1 2200 1 
1806 2 1369 3 1808 3 2209 2 
1368 1 1805 2 1803 1 2208 1 
1371 1 2207 1 1808 2 1810 1 
1807 2 1370 2 1805 3 2206 3 
1812 3 1810 3 1373 3 2205 3 
2204 2 1809 3 1372 1 1807 1 
1375 3 2203 3 1812 2 1665 2 
1809 3 1374 1 2202 2 1811 2 
1814 2 574 1 1164 2 1844 1 
1313 3 2094 2 1813 2 1819 3 
1816 3 1512 4 1492 3 2007 3 
1815 3 1511 2 1491 3 1825 2 
1820 3 1818 2 1840 2 
1817 2 1839 2 
1162 2 1307 4 1814 3 1820 3 
1817 3 1837 3 1163 2 1819 3 
1488 1 1506 1 1822 1 1828 1 
1821 1 1487 1 1722 1 1823 2 
1504 2 1822 2 1490 2 1824 2 
1503 1 1489 2 643 1 1823 2 
1826 2 1484 3 1510 2 1816 2 
1827 2 1825 2 1509 1 1483 1 
1508 3 1826 2 1828 2 1486 2 
1827 2 1821 1 1485 1 1507 1 
1319 4 1775 3 1830 3 1832 4 
1843 1 1829 3 
357 1 2019 1 1832 2 1777 1 
1309 3 1776 2 1831 2 1829 4 
1101 2 1846 2 943 2 2345 3 
63 1 2307 2 998 2 
477 1 1310 1 1836 1 258 1 
257 1 281 1 1835 1 2051 1 
1307 4 1840 2 264 3 1820 3 
1843 2 1305 2 2162 3 
266 2 1840 2 1818 2 
1837 2 265 1 1839 2 1817 2 
574 1 260 1 1844 1 1310 1 
1845 2 523 3 291 2 826 2 
1838 2 1830 1 1319 2 583 2 
1313 2 1841 1 1813 1 261 1 
1842 2 294 1 825 2 522 2 
2350 2 1847 1 1833 2 1098 1 
1097 1 979 1 1846 1 2349 1 
2236 2 1849 2 1855 2 2457 3 
2235 1 1848 2 2456 1 1850 4 
1851 4 2459 4 2234 5 1849 4 
1850 4 2458 1 1856 1 2233 3 
2461 1 1853 4 1671 1 2240 1 
1852 4 1854 5 2239 4 2460 5 
2463 3 1855 2 1853 5 2238 2 
2462 1 1854 2 2237 1 1848 2 
2464 2 1851 1 2232 1 
2055 1 2264 2 
2280 1 2168 1 1861 1 1859 1 
2167 1 1858 1 2279 2 
2278 3 2170 3 1863 3 1861 3 
2169 2 2277 2 1858 1 1860 3 
1863 2 1797 2 1865 2 2172 2 
1862 2 1190 2 2171 1 1860 3 
2174 1 1024 1 1865 1 2274 1 
2173 1 1181 2 1862 2 1864 1 
399 1 1875 4 1867 2 2261 2 
2016 2 2260 2 398 3 1866 2 
54 2 2067 3 1869 2 2255 2 
1870 2 406 2 2254 3 1868 2 
1871 2 2253 3 1869 2 409 2 
408 1 1870 2 2252 1 1872 2 
411 3 1871 2 2259 3 1873 4 
1874 3 410 4 1872 4 2258 4 
1873 3 413 1 1875 4 2257 2 
412 4 1874 4 2256 4 1866 4 
2352 2 1877 1 2332 2 1685 3 
1876 1 1878 1 2331 2 2351 2 
1877 1 2354 3 2330 4 1879 2 
2353 2 2329 2 1878 2 1880 3 
2336 2 2356 3 1881 2 1879 3 
1882 1 2355 2 2335 2 1880 2 
1881 1 2358 1 1883 3 2334 2 
2333 3 1884 3 1882 3 2357 4 
1883 3 1885 1 2328 2 2360 2 
2080 2 2327 3 2359 2 1884 1 
1887 2 1699 2 1773 2 1216 2 
1886 2 1772 1 1215 1 
2050 3 1889 1 1220 3 662 2 
1890 3 1888 1 1219 2 2048 1 
1889 3 1891 4 1218 3 2413 4 
2400 2 1890 4 1217 2 
1337 3 1586 1 272 2 
2323 1 1916 4 2269 1 351 1 
1895 3 743 1 
1894 3 1696 4 742 3 1899 3 
1898 1 1520 2 1897 2 
2501 2 1519 4 2130 2 1896 2 
1896 1 1521 1 
1900 1 1895 3 1698 2 1771 1 
1899 1 1122 2 1769 2 1697 3 
1218 1 1902 3 1273 2 1904 1 
1272 3 1217 3 1901 3 
1904 2 1220 4 1271 2 759 2 
1903 2 1219 2 1270 2 1901 1 
2293 5 2270 4 1913 4 
1907 5 316 3 2274 3 2287 3 
1906 5 1908 3 1181 4 2286 4 
1909 3 1907 3 1797 1 2285 1 
1910 4 1908 3 1190 4 2284 3 
1909 4 1911 4 2278 2 2291 2 
1910 4 1912 3 2277 4 2290 4 
2280 1 1911 3 2289 1 1913 1 
2288 1 2279 2 1905 4 1912 1 
355 1 2313 1 120 2 1916 4 
312 1 461 3 
1893 4 356 5 2312 5 1914 4 
1918 1 1580 3 1924 1 1744 1 
1919 1 1917 1 1474 1 1743 1 
1918 1 1473 2 1920 1 1746 1 
1412 1 1745 1 1472 1 1919 1 
1748 3 1925 3 1922 3 1479 3 
1478 3 1923 3 1747 2 1921 3 
1922 3 1750 3 1582 2 1924 2 
1749 2 1917 1 1923 2 1581 1 
1751 2 1471 3 1921 3 
2358 1 2404 2 1927 2 1929 2 
2357 3 1926 2 2403 2 1934 3 
2406 2 2356 2 1931 2 1929 2 
2405 3 2355 3 1926 2 1928 2 
2408 3 2354 3 1933 1 1931 2 
2407 2 2353 2 1930 2 1928 2 
1933 1 2352 2 2410 3 1695 2 
2351 2 2409 2 1930 1 1932 1 
1935 2 2412 3 2360 3 1927 3 
1934 2 1726 2 2359 2 442 2 
2325 1 1937 2 353 3 2269 1 
1942 4 2324 2 1936 2 354 2 
1412 1 1939 2 1745 1 2385 1 
2384 3 1938 2 1948 2 1411 2 
1943 2 2321 2 349 1 1941 1 
2320 1 350 2 1940 1 2152 2 
347 3 2319 5 1937 4 1943 4 
348 3 2318 3 1940 2 1942 4 
1945 3 1951 4 2379 4 1417 4 
1944 3 1416 1 1946 2 2378 1 
2377 2 1947 3 1419 3 1945 2 
1756 3 1418 3 1946 3 2376 3 
2383 1 1421 1 1939 2 1949 2 
2382 2 1950 2 1420 3 1948 2 
1951 2 1949 2 1423 1 2381 1 
1950 2 1944 4 1422 2 2380 2 
1669 2 1957 3 2412 3 1953 3 
1670 3 1726 3 2166 2 1952 3 
1955 4 2406 4 1961 3 282 3 
283 3 1954 4 2405 3 1956 2 
1955 2 2404 2 1957 2 1677 1 
1678 4 2403 2 1952 3 1956 2 
1675 2 1959 3 2410 4 53 3 
1676 3 2409 3 1958 3 1960 2 
1961 1 2408 3 1959 2 1673 2 
1674 1 1960 1 2407 1 1954 3 
1524 1 1963 1 1549 2 2305 1 
1548 3 1287 1 1962 1 1527 3 
1700 2 1969 2 1965 3 1635 3 
1634 2 1699 2 1964 3 1773 2 
1709 4 1967 3 1973 2 1629 2 
1628 3 1708 2 1966 3 1968 3 
1711 2 1627 2 1969 2 1967 3 
1710 4 1968 2 1964 2 1626 1 
1633 3 1466 5 1705 3 1971 3 
1972 2 1704 2 1632 2 1970 3 
1707 3 1971 2 1973 2 1631 4 
1630 1 1706 1 1972 2 1966 2 
1774 2 1987 4 1335 1 1975 2 
1986 3 1974 2 1334 3 
1595 2 1977 2 
1984 4 1594 3 1471 3 1976 2 
1981 1 360 1 1603 2 1473 2 
170 3 846 3 42 2 2500 3 
1981 1 1983 2 1601 1 1580 3 
1978 1 1980 1 1474 1 1600 1 
1983 3 1599 2 1985 3 1582 2 
1982 3 1581 2 1980 2 1598 2 
1597 3 1985 4 1977 4 1479 4 
1478 3 1984 4 1596 3 1982 3 
1975 3 1787 2 1987 5 
1786 4 1974 4 2228 4 1986 5 
1989 2 1595 3 1624 2 1802 2 
1988 2 1594 2 1623 1 1990 1 
1991 1 1597 1 1617 1 1989 1 
1990 1 1992 1 1616 1 1596 2 
1991 1 1993 1 1615 2 1599 1 
1992 1 1994 2 1614 3 1598 1 
1995 2 1621 3 1601 2 1993 2 
1994 2 1600 1 1620 1 1996 2 
1603 3 1619 3 1997 2 1995 2 
1618 1 78 2 1602 2 1996 2 
619 1 1702 2 298 1 587 1 
2002 2 2000 2 1680 1 720 2 
1679 3 2005 4 1999 2 721 2 
1322 2 2002 2 2051 1 281 1 
279 2 1999 2 2001 2 1323 3 
1316 2 2004 2 2006 1 278 1 
2009 2 2003 2 2142 2 277 3 
2000 4 1318 4 2006 3 275 4 
273 2 714 1 2003 1 2005 3 
1335 1 1317 1 2008 2 1815 3 
1334 3 2007 2 702 2 
2010 2 2004 2 1314 1 1672 2 
2009 2 1315 3 2240 2 1671 2 
1615 2 283 2 2014 3 2012 1 
1614 3 2017 2 2011 1 282 1 
2014 3 1678 3 2020 3 1617 1 
1677 3 1616 3 2013 3 2011 3 
1619 2 2018 3 1676 2 2016 1 
1675 1 1867 2 1618 1 2015 1 
1674 2 2018 4 2012 2 1621 3 
2017 4 2015 3 1673 4 1620 3 
1670 2 2020 3 1831 1 1624 1 
2019 3 2013 3 1669 3 1623 3 
435 4 2030 3 747 4 2022 3 
2023 2 434 1 746 1 2021 3 
2022 2 749 2 2024 3 433 2 
2025 2 432 2 748 2 2023 3 
2024 2 439 1 751 2 2026 1 
2027 1 438 1 750 2 2025 1 
2028 3 753 2 2026 1 437 2 
752 4 2027 3 436 4 2251 4 
431 2 2192 4 745 1 2030 1 
744 1 2021 3 2029 1 430 2 
230 4 2032 3 87 4 2072 3 
2033 1 1475 3 2031 3 2071 2 
2032 1 2034 4 228 1 2070 2 
2069 4 2033 4 2035 4 229 4 
2036 2 2076 1 226 3 2034 4 
2438 3 227 4 2035 2 2075 2 
2423 2 2440 3 2414 1 2085 2 
2039 3 2438 3 1470 4 2073 3 
2038 3 2068 2 2040 3 222 2 
2067 3 2255 2 2039 3 223 2 
2091 3 2428 3 1801 3 2042 3 
2090 1 1783 1 2041 3 2416 1 
338 3 1299 1 2045 2 
2467 2 2264 2 2055 1 
786 2 339 2 2043 2 
2047 4 2052 4 740 4 756 3 
755 3 2046 4 784 3 741 2 
2050 3 2413 2 464 1 1889 1 
789 3 1015 2 342 3 787 3 
1888 3 2048 3 463 3 487 3 
1168 2 477 1 2001 1 1836 1 
1754 4 2046 4 788 3 
1013 3 340 4 791 3 789 4 
694 1 790 1 788 2 
1857 1 2044 1 
98 4 2057 3 2481 3 2063 3 
2058 3 2056 3 97 1 2480 2 
2057 3 2479 5 100 4 2059 3 
99 1 2064 3 2478 1 2058 3 
844 2 2061 3 102 4 2485 3 
2062 2 2060 3 101 3 2484 4 
104 1 2061 2 2483 2 2063 1 
2482 2 103 2 2062 1 2056 3 
2059 3 106 4 2477 4 2065 4 
2268 3 2476 2 105 2 2064 4 
363 1 524 2 424 3 151 1 
2040 3 1868 3 2068 2 200 4 
2073 2 2039 2 2067 2 199 1 
2034 4 2070 2 195 1 2076 1 
194 2 2069 2 2071 3 2033 2 
2072 2 197 5 2070 3 2032 2 
2071 2 196 2 2272 2 2031 3 
2068 2 2038 3 2074 3 191 2 
2075 2 190 3 2438 3 2073 3 
2074 2 193 1 2036 2 2076 1 
192 3 2035 1 2075 1 2069 1 
2127 3 2081 3 2078 4 2114 3 
2113 2 2126 2 2079 3 2077 4 
2080 3 2078 3 2129 3 2112 3 
2079 3 1885 2 2128 4 2111 3 
2125 2 2077 3 
2085 2 2414 1 2083 2 641 1 
2429 3 640 2 1288 4 2082 2 
2440 3 2085 2 2087 1 639 1 
2084 2 2082 2 638 2 2037 2 
2087 1 2417 1 637 1 2089 3 
2084 1 2086 1 2415 1 636 2 
2091 2 2428 2 635 4 2089 4 
2086 3 1300 4 634 3 2088 4 
1503 1 2042 1 2091 1 643 1 
2041 3 2088 2 2090 1 642 1 
161 4 231 3 1686 3 2093 3 
2332 2 160 2 1685 3 2092 3 
1814 2 1162 1 1164 2 1793 1 
2096 1 254 1 934 2 654 1 
933 1 2095 1 2101 1 653 3 
901 3 474 4 1724 2 2098 2 
2107 2 1723 1 473 1 2097 2 
2229 2 2320 1 2152 2 2100 2 
269 2 2151 3 1201 3 2099 2 
2096 1 648 1 940 3 2102 1 
939 2 255 2 2101 1 647 3 
2104 2 1717 3 2110 2 468 1 
2105 4 2103 2 1716 2 467 2 
2104 4 2106 4 1719 4 466 3 
2311 4 2105 4 465 3 1718 2 
2098 2 472 3 2108 3 1713 3 
1712 3 471 2 2109 4 2107 3 
2108 4 470 4 2110 4 1715 3 
469 2 1714 2 2109 4 2103 2 
2327 4 2112 3 2343 3 2080 3 
2342 2 2113 2 2111 3 2079 3 
2078 2 2112 2 2114 1 
2077 3 2113 1 
106 2 2328 2 2122 1 2116 2 
2343 3 2115 2 105 2 2327 4 
646 3 2296 2 2527 2 2241 2 
2329 1 103 2 326 2 2123 2 
102 5 2120 5 2332 4 160 4 
101 4 326 4 2331 4 2119 5 
2334 4 100 4 2122 3 2124 3 
99 1 2115 1 2333 1 2121 3 
2336 2 2124 2 2118 2 98 3 
2123 2 97 1 2335 2 2121 3 
2081 2 454 2 2127 2 
2078 2 2129 2 446 1 2127 1 
2077 3 443 3 2126 1 2125 2 
2129 4 2080 4 2359 4 442 4 
1481 2 2126 2 2079 3 2128 4 
846 2 1897 2 
806 2 165 3 2507 2 253 3 
179 2 2507 2 2135 3 2133 3 
2506 4 177 3 2132 3 
2135 3 30 1 2503 3 2137 1 
2134 3 29 3 2502 4 2132 3 
2139 2 2505 3 2137 2 28 3 
2136 2 2134 1 2504 2 27 2 
26 2 2139 1 2499 2 2141 1 
2136 2 203 2 2138 1 2498 3 
24 2 1519 4 2141 2 2501 2 
23 1 2140 2 2138 1 2500 2 
1314 1 1316 2 2004 2 1655 3 
576 2 276 2 2144 3 2146 2 
2149 4 274 4 2143 3 577 4 
2146 2 272 2 837 3 1586 1 
271 2 2145 2 575 2 2143 2 
2150 3 270 3 2148 4 580 3 
269 2 2151 3 2147 4 581 2 
268 3 2144 4 2150 2 842 2 
2147 3 579 3 267 3 2149 2 
582 3 2100 3 2152 3 2148 3 
855 2 2151 3 2099 2 1941 2 
2154 2 2160 3 48 3 28 3 
2153 2 47 1 2155 1 27 2 
2154 1 30 1 2156 2 46 1 
45 3 2163 2 29 2 2155 2 
24 4 2158 4 956 5 52 4 
23 1 2157 4 51 1 2159 2 
26 3 2160 3 50 3 2158 2 
2153 3 2159 3 49 4 203 3 
1305 1 2162 2 
2210 2 1838 3 583 3 2161 2 
2156 2 179 2 280 1 584 2 
1319 2 2165 1 583 2 2213 3 
2212 1 2166 1 2164 1 1309 2 
2211 1 357 1 2165 1 1953 2 
2168 1 114 2 1859 1 
2167 1 110 1 2169 2 1858 1 
1861 2 2168 2 109 3 2170 2 
108 2 1860 3 2169 2 2171 1 
2172 1 1863 1 129 2 2170 1 
2173 1 2171 1 128 2 1862 2 
2172 1 1865 1 2174 1 1790 2 
1864 1 2173 1 120 2 2313 1 
881 2 2176 2 2505 2 167 2 
166 3 2504 3 2175 2 205 2 
2179 1 2199 1 1371 1 1052 2 
2182 1 1751 1 1742 1 
2177 1 1051 2 107 1 1370 1 
1727 1 2181 1 2183 2 1750 2 
1728 1 2180 1 1749 2 2186 1 
2178 1 2183 2 1733 3 1748 2 
1747 2 2182 2 2180 2 946 2 
858 2 2187 2 2185 2 1746 1 
2385 2 2184 2 1745 2 870 3 
2187 2 1505 1 1744 1 2181 1 
2186 2 1725 3 1743 2 2184 2 
2293 2 2464 2 2195 3 
1540 3 107 3 1053 4 1368 3 
2463 2 2285 1 2193 1 2191 1 
2284 1 2462 1 2190 1 2196 2 
2029 4 2193 4 2461 4 2287 4 
2286 2 2192 4 2190 1 2460 2 
2197 1 2195 3 2289 1 2459 1 
2194 3 2458 3 2188 3 2288 3 
2457 3 2197 2 2291 2 2191 2 
2196 2 2194 1 2290 2 2456 1 
1058 3 1373 3 140 4 2199 3 
1057 3 1372 1 2177 1 2198 3 
1290 1 4 1 2201 1 1804 1 
3 2 1803 1 2200 1 2208 1 
2203 3 1812 2 2205 2 8 2 
2398 2 1811 3 7 3 2202 3 
2207 2 1810 2 10 2 2205 2 
9 2 2204 2 2202 2 1809 3 
126 3 2209 2 2207 2 1808 3 
2204 2 1668 2 1807 1 2206 2 
14 1 2201 1 2209 1 1806 1 
1805 2 13 1 2208 1 2206 2 
2214 1 454 1 2162 2 
2166 1 442 2 2212 1 1726 2 
2165 1 2213 3 1481 1 2211 1 
2212 3 2214 3 446 3 2164 3 
443 3 583 2 2210 1 2213 3 
2216 2 2 1 
2326 2 2215 2 1 3 806 3 
2218 1 460 1 456 2 1026 1 
2217 1 459 1 68 1 
2222 2 1785 4 1631 4 2220 2 
1784 1 2225 3 1630 1 2219 2 
2416 2 1783 2 2222 2 1633 2 
2219 2 1632 2 2221 2 1782 3 
2224 2 1627 2 2226 2 1781 3 
2223 2 1780 2 2227 2 1626 1 
1779 5 2226 3 1629 3 2220 3 
2225 3 2223 2 1628 2 1778 1 
2228 2 2224 2 1048 2 1635 3 
2227 2 1987 4 1634 1 1774 2 
2099 2 1201 3 1171 3 1019 2 
40 1 894 4 1397 2 2231 1 
39 2 233 3 2230 1 1396 2 
423 2 1856 1 2233 3 
2234 4 418 3 1851 3 2232 3 
419 3 2233 4 2235 2 1850 5 
1849 1 2234 2 420 2 2236 1 
1848 2 421 1 2237 1 2235 1 
414 2 1855 1 2238 1 2236 1 
415 2 2237 1 2239 1 1854 2 
416 1 1853 4 2240 1 2238 1 
417 2 2010 2 1852 1 2239 1 
645 3 2526 3 1566 1 2117 2 
2249 1 262 2 554 1 2243 1 
553 2 2244 1 261 1 2242 1 
260 1 2245 1 556 2 2243 1 
2244 1 259 3 2250 1 555 3 
266 1 2247 2 550 2 
265 2 549 3 2248 2 2246 2 
264 2 2247 2 2249 1 552 2 
2242 1 263 1 2248 1 551 1 
2251 2 2245 1 558 1 258 1 
257 2 2250 2 2028 4 557 2 
1871 1 400 3 2259 2 2253 2 
1870 3 401 2 2254 4 2252 2 
2255 3 41 3 1869 3 2253 4 
2040 2 2254 3 44 3 1868 2 
2257 2 2261 2 1875 4 404 2 
2256 2 405 2 2258 3 1874 2 
402 2 2257 3 1873 4 2259 3 
2252 2 1872 3 403 2 2258 3 
2261 2 1675 1 53 2 1867 2 
2260 2 2256 2 407 2 1866 2 
63 1 1611 2 1561 3 
569 2 1567 2 2266 1 
1000 2 2341 5 2044 2 1857 2 
1566 1 2524 3 651 1 1568 3 
570 2 2263 1 
905 3 732 4 519 2 931 3 
2065 3 2294 2 2455 2 
352 2 2322 3 1893 1 1936 1 
2279 2 1905 4 
1184 3 40 2 2272 3 88 4 
39 3 87 3 2271 3 2072 2 
36 2 1184 3 96 2 2276 2 
1906 3 1181 2 1325 1 1864 1 
38 1 2276 1 94 3 1203 1 
37 4 93 3 2275 1 2273 2 
2280 2 1861 2 2278 2 1911 4 
1860 3 1910 2 1190 2 2277 2 
2270 2 2280 2 1913 2 1859 2 
2279 2 1912 1 2277 2 1858 1 
539 2 495 4 2282 2 1667 3 
358 2 2281 2 494 2 538 2 
537 2 2295 2 497 3 1667 3 
2191 1 2285 1 2291 1 1909 3 
2286 2 2190 1 2284 1 1908 1 
2285 2 2287 2 2193 2 1907 4 
2286 2 1906 3 2192 4 745 1 
1913 1 2195 3 2289 1 2293 2 
2290 2 2288 1 2194 1 1912 1 
2291 2 2289 2 2197 2 1911 4 
2290 2 2196 2 1910 2 2284 1 
499 2 2297 1 2295 1 535 3 
2188 2 1905 5 2288 2 
2401 2 2268 2 2476 1 
534 1 2283 2 2292 1 498 3 
2297 1 533 2 501 1 2117 2 
2296 1 532 1 2292 1 500 1 
1528 1 2301 1 2513 1 2299 2 
1287 2 1527 4 2512 3 2298 2 
2309 2 1526 1 2301 1 2515 2 
2300 1 1525 3 2298 1 2514 2 
2303 2 1524 1 2509 2 2305 1 
2508 3 2302 2 1703 3 1523 2 
998 3 441 3 2307 3 1288 4 
2302 1 2510 2 1287 1 1962 1 
445 2 2307 2 
1834 2 2306 2 2304 3 444 2 
2309 2 2517 1 1518 2 220 1 
2300 2 2308 2 2516 3 1517 2 
315 1 2311 3 1553 4 1308 1 
1552 3 314 3 2106 4 2310 3 
2323 2 1916 5 2313 2 1025 4 
1914 1 1024 1 2312 2 2174 1 
452 2 769 2 2315 1 2317 1 
768 2 2314 1 1301 2 451 1 
450 2 2317 1 
2314 1 770 1 2316 1 449 1 
1943 3 2321 3 1017 3 2319 4 
1942 5 2324 3 1016 3 2318 4 
1941 1 1019 1 2321 2 2099 1 
1018 2 2318 3 2320 2 1940 2 
1021 4 2325 3 2269 3 2323 3 
2312 2 1893 1 2322 3 1151 1 
2325 1 1937 2 2319 3 1023 1 
2324 1 2322 3 1022 1 1936 1 
2216 2 2506 2 
2111 4 2328 4 1885 3 2116 4 
2115 2 2327 4 1884 2 2333 2 
2118 1 1879 2 2330 4 2336 1 
2331 5 2329 4 326 5 1878 4 
2332 3 2330 5 2120 4 1877 2 
2331 3 2093 2 1876 2 2119 4 
1883 3 2334 2 2122 1 2328 2 
2121 4 2335 3 1882 2 2333 2 
2334 3 1881 2 2336 2 2124 2 
1880 2 2123 2 2335 2 2329 1 
2339 1 169 3 2338 1 
168 1 2337 1 2340 1 
2337 1 166 2 
2341 4 165 3 1000 1 2338 1 
164 4 2340 4 2264 5 2467 5 
2112 2 2343 2 
2116 3 2111 3 2455 2 2342 2 
2348 1 1737 2 1135 2 
2350 3 1741 3 1833 3 2346 3 
943 2 2347 3 1740 3 2345 3 
2348 2 1739 4 2346 3 1134 3 
2347 2 2344 1 1133 3 1738 3 
1730 2 2518 3 1847 1 2350 2 
1846 2 2345 3 1729 3 2349 2 
1933 2 2352 3 2354 4 1877 2 
1876 2 2351 3 1932 2 1400 4 
2354 3 1879 2 2356 2 1931 2 
2353 3 1930 3 2351 4 1878 3 
1881 2 2356 3 2358 2 1929 3 
2353 2 2355 3 1928 2 1880 3 
2358 2 1927 3 2360 3 1883 4 
1926 1 1882 1 2357 2 2355 2 
2360 3 1885 2 1935 2 2128 4 
2359 3 2357 3 1934 3 1884 2 
1158 2 691 2 924 2 899 3 
1094 3 184 2 2363 3 2365 2 
2362 3 1093 2 
2365 1 183 1 1088 3 2367 1 
2364 1 1087 3 182 1 2362 2 
2367 3 1090 4 2369 3 181 3 
1089 3 180 3 2366 3 2364 1 
2369 1 189 2 1096 3 1758 3 
2368 1 188 2 1095 2 2366 3 
2396 3 2371 2 575 2 1516 3 
2370 2 2395 1 837 3 385 3 
2390 3 581 3 1514 5 2373 4 
2389 2 580 2 2374 3 2372 4 
579 4 2375 3 2392 3 2373 3 
2374 3 2391 3 842 2 1515 2 
25 2 1002 2 1947 3 2377 2 
2378 1 1946 2 1003 3 2376 2 
2377 1 1004 2 2379 2 1945 1 
2380 2 1944 4 1005 2 2378 2 
2379 2 1006 2 1951 2 2381 1 
1007 3 1950 1 2380 1 2382 1 
2383 1 1949 2 1008 3 2381 1 
1948 1 2382 1 2384 2 1009 2 
1939 3 2383 2 1010 3 2385 2 
2185 2 1938 1 1011 1 2384 2 
2472 2 2387 3 
2475 4 2437 3 2388 3 2386 3 
2387 3 2436 2 2474 1 34 3 
2390 1 2392 2 2373 2 1664 1 
2389 1 2372 3 2397 1 1663 2 
2394 3 2392 3 1662 5 2375 3 
2391 3 2389 2 2374 3 1661 3 
1516 4 2394 4 2396 4 1660 3 
2391 3 1659 2 2393 4 1515 2 
1658 1 2371 1 2396 2 1788 2 
2370 3 2395 2 2393 4 1657 3 
2390 1 1666 3 2398 1 1514 3 
1665 1 2203 2 1513 1 2397 1 
2411 4 701 3 927 4 898 3 
2413 2 1891 2 462 1 
43 4 2294 2 
798 2 1421 1 1593 3 805 2 
1957 2 2412 2 1927 2 2404 2 
1926 2 2405 3 1956 2 2403 2 
2406 3 1929 3 1955 3 2404 3 
1928 2 2405 3 2407 2 1954 4 
1931 2 2406 2 1961 1 2408 3 
2409 4 1930 3 1960 3 2407 3 
2408 4 2410 4 1933 2 1959 3 
783 3 2409 4 1932 3 1958 4 
2399 4 1158 2 897 3 926 2 
1934 3 2403 2 1952 3 1726 3 
2400 2 2048 2 461 4 1890 4 
2082 1 2037 1 2424 2 2429 2 
2440 3 2087 1 2421 4 2417 1 
2221 2 1732 1 2042 1 1801 1 
1300 2 2086 1 2420 1 2415 1 
2419 3 1801 3 809 5 2428 3 
2420 1 2418 3 1300 2 808 1 
811 1 2419 1 2421 4 2417 1 
2422 5 2420 4 810 4 2415 4 
2440 4 2421 5 2423 3 1735 4 
1734 2 2037 2 2424 3 2422 3 
2423 3 2425 3 2414 2 807 3 
1736 2 2429 3 2424 3 60 3 
595 2 2434 3 2453 3 2427 3 
72 3 2454 3 594 3 2426 3 
2041 3 1300 2 2088 2 2418 3 
1583 2 2425 3 2083 3 2414 2 
2431 1 2452 4 
2430 1 2449 1 2432 1 593 1 
2431 1 2433 2 592 3 2450 1 
591 3 2447 4 2434 3 2432 2 
2433 3 2426 3 590 3 2448 4 
2439 1 383 2 1261 2 614 2 
1236 3 2388 2 878 3 2437 2 
2387 3 2436 2 1235 1 
2038 3 2036 3 2074 3 224 3 
2441 1 2435 1 1260 2 613 1 
2084 3 2422 4 2037 3 2415 3 
2439 1 2442 3 1263 1 612 1 
1262 3 611 3 2441 3 2443 4 
1265 3 2444 2 2442 4 618 5 
2445 3 1264 2 2443 2 617 1 
1267 4 2444 3 616 3 379 3 
380 2 378 2 1430 2 73 2 
2448 5 2450 3 2473 3 2433 4 
2447 5 2453 4 2434 4 2472 4 
2431 1 2452 4 2450 1 2471 3 
2447 3 2470 1 2449 1 2432 1 
2452 4 
2430 4 2449 4 2469 5 2451 4 
2448 4 2475 3 2454 3 2426 3 
90 2 2453 3 2427 3 2474 2 
105 1 2343 2 2268 2 
1849 1 2459 1 2197 1 2457 2 
2196 3 2462 2 1848 3 2456 2 
2459 1 2195 3 1851 1 2464 2 
2458 1 1850 4 2456 1 2194 1 
2461 2 2463 3 2193 2 1853 5 
1852 1 2460 2 2192 4 431 2 
2457 2 1855 1 2191 1 2463 2 
2190 2 1854 3 2460 3 2462 2 
1856 2 2188 2 2458 2 
699 3 1625 3 718 4 1606 3 
2467 2 2 1 
1 3 2044 2 2466 2 2341 5 
1684 2 484 3 
2471 4 2452 5 
2471 3 2473 1 2450 1 
2470 3 2469 4 2449 3 
2473 2 2475 3 2386 2 2448 4 
2472 2 2447 3 2470 1 
2475 2 2454 2 1204 1 2388 1 
2387 4 2474 2 2472 3 2453 3 
43 3 2477 2 2065 2 2294 1 
280 2 2476 2 2064 4 2478 2 
2479 3 2059 1 2477 2 45 2 
2058 5 2478 3 46 3 2480 4 
47 2 2481 2 2479 4 2057 2 
48 2 2056 3 2482 2 2480 2 
2063 2 2483 3 2481 2 49 4 
2482 3 2484 4 2062 2 50 3 
51 3 2483 4 2485 4 2061 4 
52 2 2484 4 794 3 2060 3 
2487 2 2495 1 161 2 845 1 
844 2 2486 2 160 3 102 4 
2489 1 848 1 155 1 130 3 
2488 1 2490 1 154 3 847 2 
850 1 2489 1 2491 2 153 1 
849 2 2490 2 152 4 2492 2 
852 1 159 2 2491 2 1303 1 
585 3 1224 2 1402 2 1232 1 
157 1 854 3 2495 1 1303 1 
156 2 2486 1 2494 1 853 2 
1793 1 1210 2 1223 2 1225 4 
715 3 142 1 
2139 3 881 4 2505 4 2499 4 
2138 2 42 2 2498 4 2500 3 
2501 2 1979 3 2499 3 2141 2 
2500 2 1897 2 846 2 2140 2 
253 4 2135 4 2507 3 2503 4 
2134 3 205 3 2504 4 2502 4 
2176 3 2137 2 2503 4 2505 3 
2136 3 2498 4 2504 3 2175 2 
806 3 2133 4 2507 3 2326 2 
2132 2 2506 3 2502 3 2131 2 
135 2 2303 3 2509 3 587 2 
134 2 2508 3 2302 2 2510 3 
2511 2 2305 2 2509 3 133 3 
2512 2 2510 2 132 1 1287 1 
2511 2 139 3 2513 2 2299 3 
138 2 2298 1 2514 2 2512 2 
137 2 2515 3 2513 2 2301 2 
2514 3 2300 2 2516 3 136 3 
131 2 2515 3 2309 3 2517 2 
2308 1 130 3 2516 2 155 1 
2349 3 2519 5 979 3 1565 3 
2518 5 978 4 2520 4 1564 3 
981 2 1563 2 2521 2 2519 4 
2522 2 1562 2 2520 2 980 1 
2521 2 2523 2 1569 3 983 2 
982 1 2524 3 2522 2 1568 3 
2523 3 2265 3 840 4 2525 4 
2526 4 838 2 1566 2 2524 4 
2525 4 2241 3 987 3 2527 3 
533 2 2117 2 2526 3 986 2 
1165 3 1208 3 1106 3 1221 4 
