23
23
20
20
20
20
19
20
20
19
9
30
30
30
30
28
30
45
28
28
28
28
28
28
28
49
40
40
17
17
40
40
17
17
17
17
47
33
33
46
46
48
2
48
48
35
35
1
1
35
35
35
35
3
14
10
9
9
9
9
9
9
9
9
44
3
3
4
4
4
4
3
3
4
4
11
38
38
38
38
38
38
27
41
27
25
25
25
25
41
25
25
37
41
41
41
29
28
28
28
28
28
43
43
46
46
46
46
48
48
46
46
2
2
2
21
21
21
21
6
12
12
12
12
15
15
12
12
40
40
40
40
40
40
40
40
37
37
45
45
45
45
45
45
45
45
45
45
27
26
26
26
26
26
6
6
6
6
29
0
0
1
1
1
1
1
1
0
0
29
2
2
36
2
2
2
2
0
1
27
27
25
27
25
25
25
25
25
25
22
23
32
30
30
30
30
32
32
32
30
48
48
36
12
17
17
17
17
17
48
48
1
1
10
1
1
1
1
1
10
10
1
1
1
1
1
44
44
44
44
43
44
44
44
43
43
7
7
8
7
8
8
8
8
3
8
26
33
32
33
7
3
5
7
3
48
48
48
32
48
48
24
24
24
24
0
2
2
2
0
0
0
0
0
0
24
24
21
21
22
22
22
22
24
22
4
46
46
46
17
17
17
17
40
40
17
17
40
40
35
35
46
4
1
2
2
2
4
18
18
18
18
18
18
29
29
29
29
43
43
18
18
21
21
21
22
22
22
22
22
22
22
38
38
38
37
38
12
12
12
12
16
16
15
15
16
16
27
27
27
27
25
25
25
25
43
43
37
43
43
25
30
25
25
25
25
25
25
25
25
29
29
19
19
44
19
19
6
6
6
6
26
6
26
20
10
14
14
14
14
33
14
13
14
14
24
24
24
24
24
24
8
11
8
8
8
8
0
8
25
11
11
16
28
25
28
19
42
33
33
35
35
29
35
33
33
35
21
3
3
3
3
4
4
4
4
4
4
13
13
13
13
13
13
14
14
17
17
22
0
4
0
45
4
4
4
4
27
8
0
29
29
28
29
28
28
43
43
29
29
27
27
45
45
45
45
45
45
11
45
12
26
43
43
47
47
49
49
47
47
47
47
33
33
33
33
33
35
35
35
35
29
21
21
18
18
21
21
42
42
42
16
16
16
16
16
42
42
15
15
42
15
42
42
42
42
42
42
30
30
30
30
5
30
5
5
5
5
37
10
20
24
24
6
24
24
24
24
21
6
22
22
21
14
14
17
17
13
13
14
14
16
13
13
13
45
45
45
45
21
0
45
14
14
45
27
26
21
21
45
27
6
11
6
6
26
26
26
26
45
25
45
29
29
29
29
29
29
43
43
43
43
8
8
3
8
8
8
8
8
8
6
19
19
19
19
20
20
20
20
20
23
7
7
27
27
27
27
45
9
9
10
10
10
10
10
10
45
9
25
45
10
10
10
10
10
10
9
9
11
11
27
27
27
46
46
15
15
12
15
12
12
12
12
12
12
14
14
9
14
14
45
10
49
49
10
23
23
49
49
23
23
23
23
32
32
47
47
49
47
49
49
29
29
33
33
32
33
32
32
18
18
18
18
18
18
18
18
18
18
37
37
42
42
41
41
41
41
41
37
0
10
10
11
11
11
11
11
11
11
41
41
42
42
41
41
41
46
5
5
37
37
37
37
21
21
21
21
3
46
34
3
3
3
3
3
5
5
5
5
5
46
46
40
40
40
40
17
17
17
48
48
47
24
24
13
13
13
14
14
14
24
24
28
39
30
2
49
9
49
47
47
47
47
10
47
47
39
9
26
6
26
6
6
6
6
10
10
10
10
18
19
19
19
19
19
19
6
6
6
7
9
0
8
2
4
4
4
0
0
0
0
10
10
40
36
36
35
36
35
35
34
34
34
34
37
37
15
15
15
42
15
15
29
35
35
35
33
33
33
33
33
33
49
49
24
24
24
24
49
49
49
49
28
28
24
22
22
43
22
21
21
28
22
22
22
22
22
24
21
29
26
21
21
11
26
26
26
26
27
27
21
21
29
12
24
46
46
48
48
46
46
46
46
46
46
49
36
36
34
34
34
34
35
35
35
36
7
7
34
3
7
7
7
7
49
34
40
40
40
40
40
40
48
48
48
48
48
48
24
24
24
24
36
36
36
36
48
48
17
17
24
17
48
48
48
48
15
15
17
17
40
40
17
17
17
17
40
40
23
23
23
23
49
49
23
23
28
49
49
15
12
38
38
37
38
38
43
44
43
44
44
44
44
44
44
43
43
40
41
16
16
17
17
17
17
40
40
2
38
30
38
30
1
1
39
32
34
34
1
32
37
3
5
3
7
7
7
5
5
5
43
43
5
44
44
44
44
44
44
44
43
11
5
42
42
41
30
32
43
43
43
43
29
29
29
29
32
29
19
19
32
1
19
49
49
49
49
23
23
23
23
23
21
20
20
42
22
22
22
22
22
22
21
21
24
22
32
48
48
48
48
24
24
24
24
48
48
34
34
39
38
38
38
39
39
39
39
11
15
15
29
12
12
12
12
15
15
15
15
22
22
21
21
22
22
22
22
24
24
3
3
29
14
4
4
4
4
4
4
3
3
46
46
46
46
46
46
48
48
46
48
46
46
46
46
46
40
40
40
37
37
48
22
22
22
22
21
22
21
21
22
22
44
9
23
23
23
23
9
9
9
9
4
4
3
3
4
4
4
4
3
3
37
37
41
41
41
41
37
40
41
41
26
26
26
26
26
26
6
6
6
6
28
28
28
28
43
43
28
28
30
28
42
20
44
9
20
9
9
9
23
9
20
9
9
20
20
20
28
28
28
28
43
43
28
28
20
29
29
19
19
41
44
49
49
47
47
47
47
47
47
47
47
30
38
32
38
0
0
49
49
20
10
1
20
20
20
19
1
1
0
32
33
33
33
31
31
31
31
31
23
49
49
49
23
23
23
23
49
49
3
33
31
33
33
31
31
31
31
31
31
31
31
31
36
36
36
36
31
31
31
31
31
33
33
33
33
29
29
49
49
21
21
23
23
23
23
23
23
9
49
16
16
16
16
13
13
13
13
13
14
38
38
38
38
38
39
39
39
39
34
14
26
27
14
14
11
6
6
26
26
26
26
26
31
31
36
36
36
36
17
8
8
8
8
8
8
8
3
6
8
14
14
14
14
21
8
8
8
8
8
8
8
8
6
8
21
18
18
18
18
18
18
18
18
18
20
20
20
20
20
20
19
19
19
19
32
32
32
32
30
30
30
29
12
12
12
12
12
32
32
12
12
12
15
12
12
12
42
15
15
42
30
39
18
47
46
19
19
47
47
46
47
49
49
47
49
18
34
34
35
35
34
34
34
34
36
36
47
47
47
47
47
49
49
49
29
39
47
29
33
33
33
33
29
29
33
35
33
33
43
43
44
44
44
49
47
47
47
44
16
16
16
16
17
42
16
17
42
42
7
6
34
27
34
34
7
35
34
34
36
36
11
11
17
17
11
11
10
0
11
11
13
13
6
26
39
26
26
3
3
26
36
36
36
36
4
35
34
34
4
34
37
37
37
37
13
14
13
13
13
13
16
16
16
16
37
37
41
42
41
41
41
41
37
41
5
5
30
0
0
30
30
2
2
0
0
2
2
2
2
7
7
25
19
19
19
19
25
7
25
7
36
23
27
27
3
27
7
7
7
49
47
3
38
38
38
47
47
39
39
39
39
39
34
43
43
37
32
32
21
21
38
38
38
37
30
18
18
30
18
21
18
18
19
34
2
2
39
14
13
13
13
32
32
32
13
14
14
11
11
7
7
7
7
7
7
27
2
39
18
18
18
18
18
18
18
18
3
3
7
7
7
7
7
41
7
7
37
37
49
32
0
0
0
0
0
0
2
0
2
2
37
12
41
41
42
42
41
41
38
38
39
39
39
39
39
39
39
39
37
40
37
11
40
30
28
42
42
16
16
16
25
42
42
16
28
2
2
2
2
40
32
48
21
27
27
27
26
26
26
27
11
45
45
45
14
14
15
15
15
15
15
15
12
12
12
12
46
1
35
35
35
35
36
36
35
35
36
36
45
1
30
28
22
22
22
22
28
1
28
28
28
28
4
4
35
4
3
3
34
4
48
3
3
5
5
5
5
3
3
5
3
20
20
20
20
20
20
20
20
23
23
2
2
2
48
42
42
42
42
15
42
15
15
42
42
2
2
2
2
16
16
16
16
16
13
13
12
12
12
27
47
11
6
27
27
27
27
27
27
39
34
39
39
38
38
39
39
39
39
46
20
19
19
19
19
19
30
30
15
15
15
32
5
47
5
47
5
5
11
11
11
5
11
11
11
10
10
5
5
5
12
9
9
9
9
23
23
23
23
9
44
46
20
5
13
13
13
16
14
13
13
13
16
17
37
37
37
37
41
41
41
37
41
41
41
41
37
37
39
39
38
38
38
38
37
38
39
34
22
21
0
0
2
2
2
1
1
2
0
0
21
12
32
11
11
11
11
10
0
11
10
11
11
15
15
36
36
35
35
36
35
34
34
34
34
7
6
6
6
6
26
25
27
27
27
25
25
25
25
19
19
19
19
20
20
20
20
23
20
8
1
1
1
1
0
0
1
0
8
0
0
8
19
1
19
19
8
41
41
42
42
41
41
41
37
35
35
35
36
35
35
35
35
46
36
36
43
44
44
32
44
44
44
44
43
43
8
31
31
8
15
15
14
14
14
14
14
14
14
13
13
13
13
13
17
17
9
9
10
10
10
10
42
42
17
16
16
16
16
16
28
28
43
43
28
28
41
42
24
6
26
26
26
6
6
6
6
11
11
5
5
10
11
0
10
5
11
5
11
36
36
34
34
34
34
34
34
35
35
3
3
24
24
24
24
48
12
48
48
48
48
40
7
7
7
3
7
7
7
7
7
7
45
9
9
9
9
23
23
23
23
44
44
9
43
44
44
2
2
34
34
34
1
2
34
43
10
10
1
1
1
1
1
1
1
1
8
45
42
46
42
42
15
15
15
46
30
30
46
30
30
39
39
19
46
47
47
47
47
18
48
19
19
18
17
17
37
37
17
5
21
29
29
39
29
39
39
39
39
38
29
29
38
5
18
30
30
5
18
30
32
15
12
12
37
32
40
40
40
32
40
40
15
15
14
14
25
45
45
45
45
45
45
45
45
45
5
5
5
5
5
5
5
16
16
13
13
14
13
16
16
13
13
32
32
32
32
32
32
30
30
30
30
4
8
9
10
10
27
27
27
26
26
27
26
6
11
26
6
33
32
32
31
29
30
30
33
31
36
36
36
32
32
31
31
31
31
31
31
31
36
36
31
36
31
31
31
31
33
33
33
33
33
33
31
33
31
31
31
31
38
46
43
43
4
4
4
4
4
4
44
44
44
44
44
44
43
3
6
31
38
38
39
39
38
37
38
38
10
31
10
10
9
9
10
31
9
45
31
31
36
31
8
36
30
25
25
25
25
25
25
25
25
27
