2478 4816 001
492 1 350 1 641 1 348 2 
362 2 798 2 57 2 828 2 
10 1 660 3 896 2 4 1 
895 1 659 2 3 1 5 1 
898 4 6 1 658 1 4 1 
11 1 5 1 897 1 
892 4 462 3 8 1 664 3 
663 3 7 1 9 1 891 2 
662 1 10 1 894 3 8 1 
3 1 893 1 9 1 661 2 
6 1 900 2 12 2 
11 2 899 4 
1435 1 1258 1 2220 2 
995 4 2171 1 
16 3 17 3 2168 4 
15 3 2167 3 
2166 1 15 3 
19 4 770 3 2015 2 1724 2 
18 4 769 3 20 4 2016 4 
19 4 2017 2 768 2 
2210 3 2170 2 22 3 28 3 
23 2 2169 3 21 3 2209 3 
2172 2 22 2 2208 2 24 3 
783 3 23 3 2171 3 2207 3 
26 1 2214 3 
2166 1 27 2 25 1 2213 1 
26 2 28 3 2212 2 2168 3 
2167 4 2211 2 27 3 21 3 
315 4 173 2 30 3 922 2 
314 3 31 2 29 3 
313 1 32 4 30 2 
31 4 312 5 33 5 
316 2 32 5 
35 1 1648 2 545 2 2049 1 
34 1 546 1 1647 2 42 4 
1656 4 543 2 37 2 39 2 
1872 3 1655 1 1994 1 36 2 
39 3 541 3 1654 4 41 5 
38 3 542 1 1653 2 36 2 
41 4 1652 2 43 3 539 4 
40 4 1651 3 38 5 540 3 
537 4 1650 4 43 5 35 4 
40 3 42 5 1443 3 1649 3 
2457 3 47 3 45 4 2352 3 
324 2 44 4 1694 5 2456 2 
47 2 2350 4 
46 2 44 3 321 1 
1451 3 772 2 762 1 589 3 
1239 1 1864 2 50 1 
49 1 1863 3 235 3 1238 1 
659 3 52 2 
660 3 53 2 51 2 
2098 2 661 3 54 3 52 2 
662 2 2097 3 53 3 55 2 
56 1 663 3 54 2 2096 1 
55 1 664 3 2095 1 568 1 
1893 2 58 3 2 2 
57 3 599 3 798 3 1892 4 
2419 2 2430 2 433 2 1337 3 
1065 1 590 1 767 1 1448 2 
2329 2 1341 2 532 2 442 2 
1922 2 65 3 63 3 2077 2 
2076 2 62 3 1921 4 70 2 
2075 1 67 1 65 2 1924 3 
62 3 1923 2 64 2 2074 3 
67 1 69 1 1926 2 2073 2 
66 1 1925 1 2072 2 64 1 
2403 5 1928 3 2071 3 69 3 
66 1 2070 1 1927 1 68 3 
1920 1 2079 3 71 3 63 2 
240 3 2078 3 1919 4 70 3 
387 3 1220 4 73 3 1213 3 
1212 3 386 2 74 1 72 3 
1215 2 75 1 98 2 73 1 
74 1 384 2 1214 1 742 1 
1904 2 391 1 1217 3 77 1 
1216 3 732 2 76 1 390 1 
245 3 79 3 1648 3 1668 2 
1647 3 1667 3 80 2 78 3 
1662 1 79 2 81 3 1650 1 
1649 4 80 3 82 4 1661 3 
1652 2 1660 2 83 2 81 4 
1651 1 84 1 1659 2 82 2 
1666 2 83 1 85 1 1654 2 
86 1 1653 2 1665 2 84 1 
85 1 1656 3 1664 2 87 3 
1663 3 86 3 1655 3 1984 4 
427 4 89 3 91 4 127 3 
88 3 426 1 94 2 126 2 
1363 3 91 4 425 3 129 4 
128 2 90 4 88 4 424 2 
95 3 423 1 93 1 123 2 
96 4 422 2 122 2 92 1 
125 4 89 2 95 4 421 2 
92 3 420 3 94 4 124 3 
419 4 93 4 97 4 121 4 
96 4 418 3 
386 3 1207 2 74 2 384 3 
2475 3 975 4 100 3 758 4 
2130 1 2474 2 757 2 99 3 
2459 5 112 3 2432 5 102 3 
2458 1 2431 1 101 3 
754 2 106 2 104 2 2471 2 
2470 4 973 1 103 2 753 1 
2473 1 997 5 106 1 752 1 
751 3 105 1 103 2 2472 2 
2465 2 2444 1 108 2 110 2 
2426 3 2464 2 107 2 113 2 
2081 3 110 2 2467 1 2425 1 
2466 2 2424 2 109 2 107 2 
114 3 2461 3 112 3 2423 4 
2422 1 2460 2 101 3 111 3 
2463 3 114 1 2421 1 108 2 
111 3 2420 2 113 1 2462 1 
1018 3 2092 1 116 2 1658 2 
1646 2 115 2 347 3 1017 3 
1372 4 1410 4 118 3 120 3 
117 3 1409 2 
1363 4 1420 5 120 4 425 4 
119 4 1362 1 117 3 1419 1 
122 2 96 4 
121 2 93 2 2344 3 123 3 
124 2 2343 3 122 3 92 2 
2342 1 125 3 123 2 95 3 
94 4 124 3 126 4 2341 4 
125 4 2348 2 127 2 89 2 
2347 3 126 2 128 1 88 3 
91 2 127 1 129 2 2346 1 
1329 2 2345 2 90 4 128 2 
2231 3 139 3 131 3 863 4 
307 4 862 3 1708 2 130 3 
857 2 133 2 1701 3 648 3 
134 1 856 2 132 2 1700 1 
133 1 855 1 1703 2 135 2 
136 3 854 3 134 2 1702 3 
135 3 861 3 137 2 1697 3 
860 2 138 1 136 2 1696 1 
1699 1 859 1 137 1 139 2 
1698 3 858 3 130 3 138 2 
1026 4 1865 2 141 3 178 3 
177 2 140 3 1025 3 142 3 
143 2 1028 2 176 3 141 3 
142 2 144 1 1027 2 175 3 
145 1 182 1 2108 2 143 1 
146 2 144 1 181 4 2090 4 
147 2 145 2 180 3 1024 2 
146 2 148 5 1023 1 179 2 
174 5 719 5 147 5 149 5 
2069 1 315 3 173 1 148 5 
2315 3 1420 3 550 2 151 3 
2316 2 152 3 150 3 1419 2 
151 3 1410 3 153 2 1552 2 
1409 2 2313 1 152 2 
324 1 1694 4 155 1 1248 1 
156 1 213 1 1247 1 154 1 
2205 2 155 1 157 1 1373 2 
211 1 158 2 156 1 1249 1 
1361 2 157 2 2195 2 159 3 
1243 3 158 3 209 2 160 2 
208 2 161 2 1246 3 159 2 
1245 2 207 3 160 2 162 4 
1256 5 206 4 163 3 161 4 
1012 2 2217 1 162 3 205 2 
2329 3 902 4 444 3 165 3 
901 1 885 1 1346 4 164 3 
534 2 1349 3 1347 1 890 1 
343 2 1553 3 168 2 399 3 
169 1 167 2 2312 2 398 2 
168 1 325 2 170 2 1572 2 
1571 3 322 3 169 2 171 3 
172 2 2318 3 320 3 170 3 
171 2 2317 3 319 1 
701 1 29 2 149 1 174 1 
148 5 179 2 700 2 173 1 
176 4 697 4 182 3 143 3 
175 4 177 2 142 3 696 2 
176 2 178 2 699 1 141 2 
177 2 348 3 698 2 140 3 
180 3 174 2 693 4 147 2 
179 3 692 2 146 3 181 5 
145 4 695 4 182 4 180 5 
694 1 144 1 175 3 181 4 
1193 2 1758 2 184 4 2224 4 
2223 4 183 4 1757 4 185 4 
1750 2 186 2 184 4 1711 2 
185 2 1749 1 187 2 1710 1 
188 2 1752 2 186 2 1709 3 
189 2 187 2 1751 3 2230 1 
1754 3 188 2 1707 2 190 2 
1753 1 2228 2 189 2 191 1 
1756 1 2227 2 192 2 190 1 
1934 3 2225 3 191 2 1554 2 
285 2 2227 2 196 2 194 2 
193 2 2349 2 284 3 2225 3 
196 3 283 2 1707 2 198 2 
193 2 2228 3 195 3 282 3 
1709 4 198 3 289 4 200 4 
197 3 2230 1 288 2 195 2 
1711 1 287 1 202 1 200 2 
1710 2 197 4 286 4 199 2 
202 1 1177 2 281 1 2224 3 
201 1 199 1 2223 2 280 1 
582 2 210 2 204 2 255 2 
1904 3 203 2 391 2 583 4 
206 3 2082 2 2261 2 163 2 
205 3 2260 3 207 3 162 4 
161 3 206 3 208 3 2271 3 
209 2 160 2 207 3 2270 2 
208 2 2272 1 1361 1 159 2 
203 2 1813 2 936 2 243 3 
157 1 1373 2 1361 1 
1689 3 615 4 1890 3 1693 2 
155 1 1694 4 1373 2 
605 5 1807 4 864 5 1693 4 
397 1 216 2 2017 1 
2016 3 215 2 217 3 259 3 
2390 2 2015 2 216 3 395 3 
1349 3 1732 1 1747 4 219 2 
224 4 1746 2 218 2 1731 2 
221 1 227 2 1723 1 1744 2 
220 1 222 2 1743 2 1722 5 
1725 2 223 3 1742 3 221 2 
222 3 770 3 1741 3 1724 2 
225 4 219 4 1740 4 1727 4 
224 4 226 2 1726 2 1739 3 
227 2 225 2 1738 2 1729 3 
226 2 1728 2 1737 2 220 2 
229 2 1290 3 1747 4 1758 1 
1746 2 228 2 1757 3 232 3 
1752 1 233 1 231 2 1738 2 
1751 4 1737 2 230 2 236 2 
1750 2 1740 3 233 2 229 3 
230 1 232 2 1749 1 1739 2 
1742 3 1756 2 237 4 235 4 
1741 4 1554 3 50 3 234 4 
237 3 231 2 1744 2 1754 2 
236 3 1753 3 234 4 1743 4 
1431 3 1442 4 1155 3 341 3 
240 2 1931 3 1790 3 241 2 
239 2 71 3 1789 1 1930 2 
1791 1 1929 1 239 2 
805 2 977 3 1326 2 449 3 
244 3 255 3 639 3 210 3 
243 3 832 2 638 2 1813 2 
78 3 1474 2 2146 4 246 2 
2376 1 2145 1 245 2 1473 2 
2144 2 248 3 250 3 1476 2 
1475 4 252 3 247 3 2143 3 
2142 4 1876 3 250 4 1478 4 
2141 4 1477 3 249 4 247 3 
262 5 1320 5 1583 5 455 5 
253 1 2140 1 248 3 1470 3 
2139 2 252 1 1469 2 411 2 
2293 2 1149 1 1906 1 338 2 
243 3 656 2 203 2 1904 3 
453 2 1583 1 1322 1 1588 1 
1518 1 1130 1 862 2 1670 1 
260 2 859 2 1680 3 815 2 
216 3 460 2 397 2 395 3 
1679 1 258 2 858 2 1518 1 
262 1 447 1 1811 1 
446 3 251 5 261 1 
854 2 1675 1 816 1 814 1 
265 2 413 2 293 4 1618 2 
266 1 264 2 292 2 412 2 
265 1 415 3 267 3 291 1 
290 4 414 3 266 3 268 3 
269 5 417 2 297 3 267 3 
268 5 270 5 296 5 416 5 
269 5 295 3 
710 1 380 3 2165 1 400 1 
417 4 275 5 273 5 1937 3 
1936 4 272 5 416 3 
1939 2 415 3 275 3 277 3 
1938 3 274 3 272 5 414 3 
1941 1 785 2 413 1 277 3 
412 4 1940 4 276 3 274 3 
1722 5 1365 2 2388 3 279 1 
1368 1 2387 2 278 1 1723 1 
287 1 1566 2 281 1 202 1 
280 1 1127 2 1565 2 201 1 
196 3 1556 3 285 3 283 2 
288 2 195 2 1555 1 282 2 
285 3 1558 2 194 3 
193 2 284 3 1557 2 282 3 
289 4 287 3 200 4 1560 3 
280 1 199 1 286 3 1559 1 
283 2 289 3 198 2 1562 2 
197 4 288 3 286 4 1561 3 
267 4 339 2 297 4 291 2 
292 2 290 2 2446 3 266 1 
293 4 291 2 265 2 2452 3 
292 4 2455 3 1304 3 264 4 
295 4 1730 2 
296 3 270 3 1755 3 294 4 
2468 4 269 5 295 3 297 3 
2469 4 290 4 296 3 268 3 
299 2 1819 4 1720 2 2455 2 
1818 2 298 2 2218 2 2452 2 
1344 2 2221 2 674 2 1273 2 
302 3 339 2 2218 3 
301 3 2469 3 303 2 
2468 4 302 2 
668 3 305 4 311 3 1250 4 
304 4 1244 2 306 4 667 2 
305 4 307 5 666 4 1522 3 
306 5 131 4 665 3 1521 3 
2221 2 672 2 309 3 1524 1 
310 3 308 3 671 4 1523 3 
309 3 311 1 670 1 1526 1 
310 1 669 1 304 3 1525 2 
744 2 32 5 316 2 313 2 
31 1 743 2 312 2 314 2 
746 3 30 3 315 4 313 2 
149 3 29 4 314 4 745 3 
33 2 312 2 748 2 
345 1 1458 3 1151 4 1479 3 
831 3 398 4 834 3 1240 4 
320 2 172 1 
833 2 322 3 319 2 171 3 
2350 3 1233 2 2352 1 47 1 
320 3 170 3 835 2 325 3 
2350 3 1076 2 
45 2 154 1 2352 1 1237 1 
398 3 834 2 169 2 322 3 
327 1 463 1 335 2 492 1 
462 3 326 1 491 3 892 4 
329 1 2310 2 1159 2 470 2 
328 1 469 1 330 3 1156 2 
472 4 331 4 329 3 1150 3 
330 4 332 2 471 2 1147 2 
1163 1 333 1 331 2 466 1 
332 1 1162 1 334 1 465 3 
468 3 1161 4 333 1 335 2 
467 4 326 2 1160 2 334 2 
2030 3 1635 3 1692 2 360 3 
2150 2 342 4 338 3 1906 2 
2149 3 337 3 874 2 254 2 
290 2 2469 2 2446 3 301 2 
341 1 2161 4 2443 1 1442 2 
342 3 340 1 2164 1 238 3 
341 3 2163 3 337 4 1431 3 
167 2 2158 2 344 1 1891 2 
343 1 345 1 2157 1 1479 3 
2160 1 317 1 344 1 346 1 
2159 3 1458 3 345 1 2443 1 
365 2 1020 2 803 2 116 3 
178 3 491 4 1 2 1865 2 
350 2 655 3 1161 5 352 3 
1 1 349 2 1160 1 654 1 
653 1 352 2 354 1 1163 1 
351 2 652 2 1162 2 349 3 
354 2 356 4 1150 2 651 3 
353 2 1147 1 351 1 650 4 
1881 2 356 3 2299 2 1159 2 
1156 4 355 3 353 4 1695 4 
828 2 362 2 1633 2 
2156 2 2463 3 359 1 2237 2 
2236 2 2462 1 358 1 2151 1 
2033 3 1785 2 1875 2 336 3 
917 4 362 2 798 2 1880 3 
2 2 361 2 357 2 1877 2 
364 2 2445 3 2128 2 371 2 
363 2 2127 1 2330 1 2226 1 
347 2 802 2 1019 3 2099 3 
2451 1 367 1 2126 1 
2125 1 368 2 366 1 1935 2 
2449 2 367 2 369 3 2122 3 
2121 3 2450 2 370 2 368 3 
2447 1 369 2 2124 3 371 1 
2123 3 363 2 370 1 2448 2 
713 4 373 3 379 2 653 2 
374 3 652 2 712 2 372 3 
655 3 373 3 2173 3 375 2 
654 1 380 3 710 1 374 2 
2184 2 377 3 1881 3 2284 3 
376 3 2183 2 378 2 1695 3 
651 2 2182 1 377 2 379 1 
714 3 378 1 650 4 372 2 
641 3 381 4 271 3 375 3 
380 4 2165 2 1865 2 1026 4 
2362 2 1202 2 383 2 
742 2 384 3 382 2 1203 2 
75 2 383 3 98 3 1206 2 
2241 3 2459 3 1759 2 2152 2 
98 3 73 2 1204 2 387 2 
388 2 72 3 386 2 1205 1 
1220 3 387 2 389 2 1210 3 
388 2 390 1 732 2 1211 1 
391 1 389 1 1208 1 77 1 
76 1 390 1 1209 2 204 2 
472 2 563 1 839 2 841 1 
1287 3 1508 1 838 1 1198 2 
567 2 463 1 396 1 843 1 
1421 2 461 2 217 3 259 3 
664 3 568 1 394 1 462 3 
215 1 464 1 259 2 
325 3 318 4 168 2 399 3 
831 2 1891 3 167 3 398 3 
407 2 729 1 271 1 401 1 
728 1 2165 1 1971 2 400 1 
727 2 405 4 403 2 2182 2 
402 2 714 3 408 2 726 1 
2267 3 725 2 2184 2 405 4 
402 4 724 4 2183 3 404 4 
723 3 2173 4 407 4 409 3 
400 2 710 2 406 4 722 2 
403 2 409 2 713 4 721 3 
712 1 406 3 408 2 720 1 
1970 1 1270 1 411 2 
1969 2 1269 3 410 2 253 2 
277 4 415 4 413 2 265 2 
580 1 276 1 412 2 264 2 
415 3 267 3 275 3 417 2 
414 3 274 3 266 3 412 4 
417 2 273 3 269 5 
416 2 268 2 272 4 414 2 
419 3 2130 3 2474 4 97 3 
96 4 418 3 2129 2 422 2 
423 1 95 3 2136 1 421 1 
426 1 94 2 2135 1 420 1 
423 2 2138 3 93 2 419 2 
420 1 422 2 92 1 2137 3 
427 2 425 1 2132 1 91 2 
424 1 119 4 90 3 2131 1 
89 1 2134 2 421 1 427 2 
424 2 88 4 2133 2 426 2 
429 4 435 5 1590 4 2411 5 
1589 3 428 4 2407 1 430 2 
2406 2 1592 4 429 2 431 3 
2405 2 436 2 1591 2 430 3 
2430 2 433 2 1594 3 1168 2 
432 2 434 1 59 2 1593 1 
433 1 2419 1 435 2 1596 1 
2416 2 428 5 434 2 1595 2 
1602 2 431 2 1306 2 437 3 
1305 5 1601 3 619 3 436 3 
439 1 2302 1 884 1 2251 1 
438 1 2250 2 2301 2 879 2 
444 2 442 2 1296 4 2329 2 
812 3 2378 3 2440 2 443 2 
440 2 881 3 1295 1 61 2 
1417 2 441 2 2377 2 2439 3 
440 2 1293 1 885 1 164 3 
1139 3 1128 2 1201 2 542 1 
447 3 262 3 1721 3 455 3 
446 3 1819 3 1720 1 261 1 
449 3 1717 2 675 2 977 3 
1716 3 448 3 450 2 242 3 
1719 1 805 1 451 1 449 2 
1718 1 450 1 452 3 804 1 
453 4 1713 4 1588 3 451 3 
454 3 452 4 256 2 1712 2 
453 3 1715 3 455 2 1583 2 
1714 3 454 2 251 5 446 3 
1343 2 457 3 
2359 3 1342 4 458 3 456 3 
2358 2 457 3 459 1 1345 1 
2357 2 1344 2 458 1 1273 2 
813 1 259 2 461 1 464 1 
2378 2 395 2 460 1 812 2 
327 3 7 3 463 3 396 3 
462 3 326 1 394 1 467 3 
810 1 397 1 460 1 
845 3 468 5 466 3 333 3 
332 1 471 1 465 3 844 1 
335 4 843 3 468 5 463 3 
334 3 465 5 842 4 467 5 
329 1 841 1 472 2 470 2 
840 4 883 2 328 2 469 2 
331 2 466 1 472 2 839 2 
330 4 392 2 471 2 469 2 
1943 3 474 1 482 2 1961 1 
473 1 2061 2 1960 1 1942 1 
476 4 1327 5 1953 4 1951 4 
475 4 1950 1 477 1 1952 1 
478 2 1955 2 476 1 1949 1 
479 3 477 2 1954 2 1948 2 
478 3 480 4 1947 2 1957 2 
479 4 481 3 1946 4 1956 3 
1945 1 480 3 482 2 1959 3 
481 2 1944 2 1958 2 473 2 
484 2 1804 2 486 5 1246 4 
1245 1 483 2 1803 2 493 2 
1806 3 488 2 486 5 2195 2 
1805 4 1243 5 485 5 483 5 
490 3 2205 3 1800 2 488 2 
1249 1 485 2 487 2 1799 2 
1248 2 686 2 490 3 1802 4 
487 3 489 3 1801 3 1247 2 
327 3 492 3 348 4 698 3 
1 1 1160 1 491 3 326 1 
494 4 484 2 1798 3 1256 4 
1797 3 493 4 2217 3 961 3 
496 3 498 4 1955 4 1987 3 
495 3 501 1 1954 1 1986 3 
1953 2 1871 3 1989 2 498 3 
1988 3 495 4 1952 2 497 3 
500 1 502 1 1959 3 1991 2 
499 1 1990 2 1958 1 503 2 
496 1 1957 1 502 1 1993 2 
1956 1 499 1 501 1 1992 3 
1961 2 1985 3 504 3 500 2 
1663 2 1984 3 503 3 1960 2 
506 1 1993 2 1997 1 512 1 
507 1 1996 1 505 1 1992 3 
1991 2 508 2 506 1 1999 1 
507 2 513 4 1990 3 1998 2 
2001 1 1989 1 510 2 
511 4 2000 2 509 2 1988 3 
512 3 510 4 2003 4 1987 3 
1986 3 511 3 2002 2 505 1 
508 4 1995 4 1985 4 514 3 
1655 1 1984 2 1994 1 513 3 
516 2 597 3 518 2 1945 2 
596 3 515 2 523 1 1944 1 
518 2 520 3 1947 2 595 2 
517 2 1946 2 594 2 515 2 
520 4 601 3 1949 3 522 3 
517 3 1948 2 519 4 600 2 
599 1 1951 1 1892 2 522 1 
1950 1 521 1 598 1 519 3 
1943 3 516 1 603 1 524 2 
1942 2 1614 3 602 2 523 2 
526 4 904 3 2282 4 1043 3 
525 4 1042 4 2281 3 907 2 
1315 4 730 3 1549 3 528 5 
1316 3 529 3 1548 3 527 5 
528 3 1547 2 1317 1 530 4 
1318 5 1546 4 529 4 
904 1 1126 2 1234 2 1041 1 
823 2 911 1 903 2 61 2 
906 3 1125 3 908 2 2286 2 
166 2 535 4 825 3 905 2 
534 4 826 3 1347 3 536 3 
901 1 1346 4 827 3 535 3 
1039 1 42 4 1443 2 546 1 
1440 1 544 1 1000 2 
40 4 540 3 1443 4 1120 3 
1114 2 539 3 541 1 41 3 
542 1 540 1 38 3 1139 3 
541 1 543 1 39 1 445 1 
1872 3 1128 2 542 1 36 2 
538 1 1001 3 
1035 2 34 2 546 2 777 2 
35 1 545 2 1111 1 537 1 
2134 2 554 2 548 1 1638 1 
2133 1 547 1 1639 3 549 1 
2132 1 1636 1 550 1 548 1 
1637 3 549 1 150 2 2131 1 
2138 4 1642 4 552 3 556 3 
553 2 2137 3 1643 2 551 3 
552 2 1640 2 554 3 2136 2 
1641 3 547 2 2135 2 553 3 
1644 1 556 1 2130 1 757 2 
2129 2 555 1 1645 1 551 3 
558 2 725 1 2267 2 2417 1 
557 2 927 3 2266 3 2418 4 
842 2 562 2 560 1 2239 2 
843 1 2238 3 567 2 559 1 
562 2 564 3 844 1 2237 2 
561 2 845 2 2236 3 559 2 
566 2 2235 1 392 1 564 3 
2234 3 561 3 563 3 839 4 
566 3 1075 2 840 4 2233 2 
565 3 563 2 2232 2 841 2 
394 2 568 2 560 2 2241 4 
396 1 2240 2 567 2 56 1 
2258 2 921 2 2330 1 2226 1 
790 3 571 3 1607 3 577 3 
789 2 570 3 572 1 1606 2 
573 3 1609 1 788 1 571 1 
787 3 1608 3 572 3 579 5 
1611 5 575 3 771 4 794 4 
574 3 793 1 576 3 1610 1 
577 3 575 3 1613 3 792 4 
576 3 791 1 1612 2 570 3 
581 3 928 2 2414 3 1782 2 
1619 4 580 3 786 4 573 5 
579 3 413 1 785 2 1618 1 
578 3 2415 3 923 2 2262 3 
936 2 203 2 2231 3 583 4 
582 4 1209 4 204 4 1708 3 
1671 1 585 3 772 2 589 3 
1670 3 794 4 771 4 584 3 
587 2 593 3 1678 2 764 2 
586 2 763 1 1677 3 588 1 
589 3 762 1 1680 2 587 1 
588 3 1679 3 584 3 48 3 
591 1 60 1 1271 2 1674 2 
590 1 767 1 1673 1 592 1 
593 2 766 1 591 1 1676 2 
592 2 1675 2 765 3 586 3 
597 3 595 2 518 2 976 3 
594 2 974 2 517 2 600 1 
516 3 597 4 603 3 1855 4 
596 4 594 3 515 3 1854 2 
599 1 1857 1 601 1 522 1 
598 1 521 1 58 3 1856 2 
601 1 1859 1 520 2 595 1 
600 1 598 1 1858 1 519 3 
603 1 970 2 1973 2 524 2 
596 3 602 1 523 1 964 2 
1703 2 605 2 1693 1 615 3 
627 2 214 5 604 2 1702 3 
608 3 2346 1 
610 2 2348 1 608 3 
606 3 2347 5 607 3 
612 1 610 2 2342 1 
2341 3 607 2 609 2 
2344 2 612 1 
2343 2 609 1 611 1 
614 2 1142 3 
613 2 1794 4 1141 3 1437 2 
1700 3 212 4 604 3 1783 3 
1433 2 1794 4 617 3 1146 2 
1432 2 618 3 1145 4 616 3 
1435 2 617 3 619 2 1144 3 
437 3 618 2 1143 1 1434 4 
1932 3 936 1 1699 1 1813 1 
935 3 2264 3 2277 2 937 3 
1508 2 680 2 623 3 1287 4 
679 3 1507 2 622 3 624 2 
678 2 1510 2 1809 1 623 2 
1808 2 1178 2 1103 1 634 1 
1512 4 1810 3 1809 3 684 4 
605 2 1932 3 1697 2 1807 1 
1810 2 682 2 629 2 1514 2 
630 1 681 1 628 2 1513 2 
629 1 631 3 676 3 1516 1 
675 3 630 3 977 4 1515 3 
1171 2 1815 3 633 3 1096 3 
1095 3 2441 2 1170 2 632 3 
1102 2 635 1 1165 1 625 1 
1101 1 1164 1 636 3 634 1 
1100 4 1167 5 635 3 637 3 
1166 2 1814 2 636 3 1099 3 
1024 1 639 2 244 2 946 1 
1023 2 656 2 638 2 243 3 
643 5 1171 3 1867 3 1187 3 
380 3 1865 1 1 1 654 1 
1169 2 645 3 1189 1 643 3 
640 5 1603 4 1188 3 642 3 
645 4 647 3 1167 4 1183 2 
644 4 642 3 1166 4 1182 3 
649 4 1165 4 1185 5 647 5 
1164 2 644 3 1184 2 646 5 
1181 3 649 2 1179 3 132 3 
646 4 648 2 1180 2 1178 2 
651 5 354 4 653 4 379 4 
1695 3 650 5 378 2 353 3 
373 2 653 1 352 2 655 2 
351 1 652 1 650 4 372 2 
375 1 655 2 350 1 641 1 
374 3 349 3 654 2 652 2 
657 2 719 1 639 2 255 2 
1904 3 656 2 2069 2 1217 4 
5 1 659 2 
51 3 4 2 658 2 660 4 
3 3 661 4 52 3 659 4 
53 3 660 4 10 2 662 2 
9 1 54 2 663 3 661 2 
8 3 662 3 664 5 55 3 
396 3 56 3 663 5 7 3 
1130 1 862 2 666 2 307 3 
306 4 665 2 1129 2 667 2 
1132 1 305 2 666 2 668 1 
304 3 1131 2 669 1 667 1 
311 1 1134 2 670 1 668 1 
1133 1 310 1 671 2 669 1 
670 2 309 4 1136 3 672 3 
673 2 308 2 1135 2 671 3 
672 2 674 2 2221 2 1138 1 
1965 2 1137 3 673 2 300 2 
631 3 448 2 1545 4 676 3 
1544 3 630 3 675 3 681 3 
1809 1 1537 3 678 2 684 2 
1536 3 624 2 677 2 679 3 
623 3 1539 2 680 2 678 3 
622 2 679 2 882 1 1538 5 
629 1 1541 1 682 1 676 3 
628 2 683 1 681 1 1540 2 
682 1 684 2 1810 1 1543 1 
1542 2 683 2 677 2 626 4 
899 3 922 1 
489 2 687 4 1237 1 1831 2 
1236 5 686 4 690 5 1875 4 
1902 3 1076 3 689 2 691 2 
1632 1 688 2 
1233 3 687 5 1635 3 691 2 
1232 1 1634 2 690 2 688 2 
180 2 693 3 695 1 898 4 
700 4 692 3 179 4 897 3 
182 1 697 2 695 1 896 2 
895 1 181 4 692 1 694 1 
699 1 697 2 894 3 176 2 
175 4 893 2 694 2 696 2 
892 4 178 2 699 1 491 3 
891 2 696 1 177 1 698 1 
693 4 701 2 900 3 174 2 
899 3 173 1 700 2 922 1 
722 1 717 2 1185 2 703 2 
723 2 1184 2 702 2 704 4 
720 3 705 3 1183 3 703 4 
706 1 721 2 704 3 1182 1 
705 1 726 1 707 1 1189 1 
706 1 708 1 1188 1 727 1 
709 1 724 2 707 1 1187 1 
2417 1 708 1 1186 1 725 1 
407 2 271 1 2173 2 375 1 
1045 2 969 4 966 3 2316 2 
409 1 2173 2 713 3 373 2 
372 4 712 3 408 4 714 5 
379 3 403 3 713 5 2182 3 
1549 2 817 4 2354 2 718 2 
1783 2 728 2 717 3 1181 3 
702 2 716 3 1180 3 729 2 
1454 3 1548 1 2353 3 715 2 
656 1 148 5 2069 1 1023 1 
704 3 721 2 723 1 409 1 
705 2 720 2 726 2 408 3 
702 1 723 1 407 2 729 1 
406 3 720 1 722 1 703 2 
727 2 725 2 405 4 708 2 
724 2 709 1 557 1 404 2 
727 1 721 2 706 1 403 1 
402 2 724 2 726 1 707 1 
401 1 716 2 1689 2 729 1 
400 1 728 1 722 1 717 2 
731 1 1505 3 527 3 1359 2 
737 1 730 1 1358 1 1506 1 
389 2 1219 3 77 2 1220 3 
734 1 1497 2 1353 3 740 1 
733 1 735 2 1352 2 1498 2 
736 3 734 2 1351 2 1499 3 
735 3 1500 2 1350 3 985 3 
731 1 1357 2 1501 2 738 2 
1356 4 1502 3 737 2 739 3 
1355 2 740 2 1503 2 738 3 
739 2 1354 1 733 1 1504 2 
1862 3 2204 2 1836 2 2200 2 
383 2 75 1 
744 2 746 3 313 2 1219 3 
743 2 312 2 748 2 1218 1 
1217 3 746 2 315 3 2069 1 
314 3 743 3 745 2 1216 4 
1215 2 749 2 
749 3 316 2 744 2 1213 2 
748 3 747 2 1212 4 
2354 1 817 3 1834 1 2204 1 
106 3 752 3 1109 4 754 3 
1110 2 105 1 751 3 759 1 
1107 1 754 1 756 1 104 1 
103 2 753 1 1108 1 751 3 
758 2 975 2 756 1 1105 1 
973 1 1106 1 753 1 755 1 
761 2 758 3 100 2 555 2 
757 3 755 2 99 4 2314 2 
997 5 760 1 1259 3 752 1 
994 1 759 1 1260 1 
757 2 2314 1 1644 1 1116 1 
1450 2 588 1 48 1 763 1 
764 1 587 1 1453 1 762 1 
1452 1 763 1 765 2 586 2 
593 3 764 2 766 2 1447 2 
592 1 1446 1 767 1 765 2 
591 1 766 1 1449 2 60 1 
769 1 20 2 
19 3 1864 2 768 1 770 2 
18 3 223 3 1863 4 769 2 
574 4 585 4 1457 2 772 3 
1456 3 48 2 584 2 771 3 
774 2 1602 3 2057 2 780 2 
773 2 1601 1 2058 4 1258 1 
1596 2 776 3 2051 4 778 3 
2052 3 775 3 781 2 1595 2 
2049 1 778 2 545 2 1594 2 
1593 2 2050 2 777 2 775 3 
780 2 2055 2 1592 4 782 3 
779 2 2056 2 1591 1 773 2 
2053 2 782 2 1590 1 776 2 
781 2 2054 3 1589 4 779 3 
2110 1 24 3 784 1 2100 2 
783 1 2109 1 802 2 2099 3 
276 2 786 3 580 2 1468 2 
787 2 785 3 579 4 1467 2 
1460 2 786 2 573 3 788 1 
789 2 1459 2 572 1 787 1 
788 2 790 2 571 2 1462 2 
1461 1 789 2 570 3 791 1 
577 1 792 2 1464 1 790 1 
791 2 793 2 576 4 1463 2 
575 1 792 2 1466 1 794 2 
585 4 1465 2 574 4 793 2 
796 2 987 2 2328 1 2332 1 
795 2 982 2 2327 2 2331 3 
989 1 1889 2 799 2 1681 1 
361 2 2 2 58 3 1856 2 
1888 3 797 2 1682 3 984 4 
2105 2 801 2 2094 4 1585 2 
800 2 2093 1 
2104 3 365 2 803 2 784 2 
1646 1 2103 1 802 2 347 2 
1588 1 1324 2 805 1 451 1 
1323 1 450 1 242 2 804 1 
1899 3 807 3 809 2 
1898 3 806 3 
811 1 809 1 1895 3 
808 1 1894 2 806 2 
464 1 811 1 813 1 1897 2 
808 1 810 1 1896 1 
1901 3 813 2 441 3 461 2 
1900 1 812 2 460 1 810 1 
815 1 1678 1 861 2 263 1 
1677 3 814 1 860 2 258 2 
263 1 1676 2 855 1 819 3 
1359 4 715 4 750 3 1843 3 
1674 2 857 1 819 3 1808 2 
1673 3 856 4 818 3 816 3 
821 2 901 1 1254 2 827 3 
820 2 902 3 822 2 1253 2 
1252 1 903 2 823 2 821 2 
532 2 829 2 822 2 1251 3 
2222 4 1762 4 905 3 825 4 
1257 3 534 3 824 4 826 2 
2219 2 535 3 827 3 825 2 
826 3 536 3 820 3 1255 4 
357 2 2 2 
830 1 823 2 911 1 836 3 
912 1 829 1 2201 1 1493 1 
318 3 399 2 1153 1 1241 1 
837 2 946 1 244 2 1672 2 
320 2 835 1 
1242 1 835 1 325 2 318 3 
834 1 833 1 322 2 
1064 3 1251 4 829 3 2201 3 
1807 2 864 3 945 3 832 2 
853 1 393 1 1288 1 1199 1 
564 4 844 2 392 2 471 2 
565 4 2243 4 470 4 841 3 
469 1 840 3 392 1 566 2 
559 2 843 2 468 4 845 2 
560 1 842 2 394 1 467 3 
561 1 845 1 839 2 466 1 
465 3 562 2 844 1 842 2 
1193 1 847 1 1758 1 1290 3 
846 1 1289 1 1192 1 848 2 
1292 5 849 2 847 2 1191 2 
850 2 848 2 1291 1 1190 1 
1294 2 849 2 1197 4 851 3 
1293 2 852 2 850 3 1196 2 
1195 2 851 2 853 1 1296 3 
852 1 1295 1 838 1 1194 2 
263 2 855 2 135 3 861 3 
854 2 134 1 856 2 816 1 
133 2 857 2 855 2 819 4 
132 2 856 2 818 1 1179 2 
139 3 260 2 863 4 859 2 
138 1 860 2 258 2 858 2 
815 2 859 2 137 2 861 3 
854 3 136 3 814 2 860 3 
665 2 863 4 257 2 131 3 
1518 3 862 4 858 4 130 4 
940 3 837 3 214 5 886 3 
1159 4 2310 4 2299 4 866 4 
2298 4 2309 4 865 4 867 3 
868 3 2292 3 866 3 2302 2 
867 3 869 3 2301 3 2291 3 
870 2 868 3 2304 2 2290 3 
2289 3 871 2 869 2 2303 1 
870 2 2306 2 872 3 2296 2 
873 2 2305 3 871 3 2295 3 
872 2 2308 2 874 1 2294 3 
2293 2 2307 2 873 1 338 2 
878 3 2245 1 2308 2 876 1 
2244 4 2307 2 875 1 2194 3 
880 3 2306 2 2247 2 878 4 
875 3 2305 4 2246 4 877 4 
2304 2 2249 2 880 3 439 2 
2248 2 877 3 2303 2 879 3 
882 3 1341 3 442 3 1288 3 
881 3 1287 3 680 1 1340 1 
470 2 884 1 2243 2 2310 2 
438 1 2309 3 2242 1 883 1 
1294 1 444 1 165 1 888 1 
939 3 1693 2 1890 3 864 3 
890 1 1292 4 888 1 1347 1 
1346 4 887 1 885 1 1291 1 
1349 4 1290 4 890 2 1747 5 
1289 1 887 1 889 2 166 1 
699 2 894 4 892 5 8 2 
7 4 698 4 327 4 891 5 
697 2 10 1 896 2 894 3 
9 3 891 4 696 3 893 3 
898 4 695 1 896 2 4 1 
895 2 3 2 893 2 694 2 
6 1 900 2 898 4 693 3 
895 4 5 4 692 4 897 4 
685 3 701 3 900 4 12 4 
11 2 700 3 899 4 897 2 
820 1 902 2 165 1 536 1 
903 3 901 2 164 4 821 3 
902 3 2329 2 532 2 822 2 
1040 1 531 1 525 3 1817 2 
1732 1 824 3 1349 3 534 2 
533 3 909 3 1038 3 2285 3 
2288 1 1037 1 908 1 526 2 
2287 1 907 1 533 2 1036 1 
910 2 906 3 1441 3 1112 3 
909 2 1438 2 1089 1 1034 1 
532 1 829 1 912 1 1341 1 
1580 1 830 1 1340 1 911 1 
920 1 974 2 914 1 1037 1 
1036 1 915 2 913 1 976 2 
914 2 1125 3 916 4 1854 2 
925 4 1855 4 915 4 1038 4 
1041 3 361 4 918 3 1856 4 
1857 1 919 1 1040 1 917 3 
920 1 1858 1 918 1 1043 1 
919 1 913 1 1859 1 1042 3 
2259 3 569 2 924 3 2410 3 
685 1 701 1 29 2 
2408 1 581 2 1398 1 924 2 
1748 3 921 3 2409 3 923 2 
916 4 1112 3 964 3 926 3 
1034 2 992 2 925 3 970 3 
558 3 928 2 2412 2 2265 3 
2264 2 578 2 927 2 2413 1 
2184 1 2284 2 930 2 2267 2 
2283 3 2266 3 929 2 935 3 
938 2 932 2 2274 2 1398 2 
931 2 2273 2 1748 2 933 1 
2276 1 934 1 2259 2 932 1 
1853 1 933 1 2258 2 2275 1 
621 3 2278 3 930 3 2265 3 
582 2 620 1 210 2 1698 2 
938 2 2280 2 621 3 1782 2 
931 2 937 2 2262 2 2279 2 
942 2 886 3 940 3 1028 2 
864 3 939 3 1027 3 945 3 
2165 2 942 2 1026 4 1971 3 
941 2 1025 2 939 2 1890 2 
2284 2 2299 2 944 1 1881 2 
949 1 2298 3 2283 2 943 1 
837 3 946 2 2108 3 940 3 
2090 4 945 2 832 1 638 1 
2280 1 948 2 950 2 2290 2 
2289 4 953 2 947 2 2279 3 
944 1 2278 2 2292 2 950 2 
2291 3 2277 2 949 2 947 2 
2294 3 954 3 2276 1 952 2 
2275 2 1149 2 951 2 2293 3 
2296 1 2274 1 954 3 948 2 
953 3 951 3 2273 4 2295 4 
1351 1 972 3 1873 2 2199 1 
2114 1 957 2 959 1 1078 1 
956 2 1077 2 2113 2 962 2 
1080 3 959 3 968 3 2112 4 
956 1 958 3 1079 2 2111 2 
961 2 2118 3 963 2 1082 2 
960 2 2117 1 1081 1 494 3 
2116 2 1084 3 957 2 963 1 
960 2 1083 2 2115 2 962 1 
1855 3 970 3 925 3 603 2 
966 2 1047 1 2313 1 
1552 2 1046 3 965 2 711 3 
2233 1 968 1 2120 1 1075 1 
1074 1 958 3 967 1 2119 1 
711 4 2315 4 1282 3 1044 3 
964 3 602 2 1687 4 926 3 
1444 1 1029 2 1326 1 1144 2 
2198 4 955 3 1094 3 1350 4 
756 1 104 1 2477 1 975 2 
913 2 1859 2 976 3 595 2 
2476 2 755 2 973 2 99 4 
594 3 974 3 1854 2 914 2 
242 3 631 4 448 3 1325 4 
2338 2 2322 2 979 2 981 1 
2321 3 978 2 2337 3 1669 2 
2324 1 981 1 2336 4 983 1 
2323 1 980 1 2335 2 978 1 
2326 1 983 1 2334 1 796 2 
2333 1 982 1 2325 1 980 1 
1690 3 1879 4 985 4 799 4 
984 4 1878 3 1691 2 736 3 
1778 1 2320 1 2340 2 987 2 
2319 3 795 2 2339 4 986 2 
1683 1 989 1 1887 2 991 2 
988 1 797 1 1684 1 1886 3 
993 4 1685 3 1885 4 991 4 
988 2 1884 4 990 4 1686 3 
926 2 1687 3 993 2 1883 2 
990 4 992 2 1688 4 1882 3 
760 1 997 5 
996 5 2110 4 14 4 1439 4 
1000 3 995 5 2109 2 1440 2 
105 5 759 5 994 5 2478 5 
999 1 2102 2 1001 3 
998 1 2101 3 
996 3 2104 3 538 2 1001 4 
2103 3 544 3 998 3 1000 4 
1498 3 1530 2 1528 3 2073 3 
2467 3 2120 3 2081 5 1004 3 
2080 2 1005 2 2119 1 1003 3 
2112 3 1004 2 2089 4 1006 2 
2111 2 2088 2 1005 2 1007 1 
2087 1 2114 1 1008 1 1006 1 
1007 1 2086 2 1009 1 2113 1 
1010 2 1008 1 2085 1 2116 2 
1011 2 1009 2 2115 3 2084 2 
1010 2 2083 2 2118 2 1012 2 
163 2 2082 2 2117 2 1011 2 
1014 1 2083 2 2094 3 1016 1 
1013 1 2093 1 2261 1 2082 1 
2085 1 1018 3 1016 1 2092 1 
2091 1 1015 1 1013 1 2084 1 
1018 4 1020 2 2087 2 116 3 
1017 4 115 3 1015 3 2086 4 
2089 5 1022 4 365 3 1020 3 
2088 2 1017 2 347 2 1019 3 
2425 1 2100 2 1022 2 2081 3 
2080 3 1019 4 2099 4 1021 2 
639 2 1024 1 147 1 719 1 
638 1 1023 1 2090 4 146 2 
942 2 1028 2 141 3 1026 4 
140 4 941 4 381 4 1025 4 
2108 3 940 3 143 2 1028 2 
142 2 1025 2 939 2 1027 2 
1496 2 1323 2 1145 4 971 2 
1487 4 1175 4 1032 4 1195 5 
2225 3 2349 2 1033 4 1934 3 
1194 2 1030 4 1174 2 2351 2 
1933 3 1031 4 
926 2 1112 2 1883 2 910 1 
545 2 1594 2 1168 1 1111 1 
914 1 1037 1 1125 2 908 1 
1042 3 1036 1 907 1 913 1 
1112 3 906 3 1125 3 916 4 
537 1 1123 1 1174 2 1111 1 
904 1 918 1 1041 1 1043 1 
917 3 1880 2 1040 1 531 1 
1037 3 526 4 920 3 1043 3 
919 1 525 3 1042 3 1040 1 
2340 2 1045 1 1824 3 969 3 
711 2 2339 3 1044 1 1046 2 
2332 2 966 3 1047 2 1045 2 
2331 2 1048 2 965 1 1046 2 
1049 2 1047 2 2334 2 
1050 2 1048 2 2333 1 
1049 2 1051 2 2336 5 
1052 1 2335 2 1050 2 
2338 2 1051 1 
2351 3 1168 2 2430 2 1198 3 
1853 2 1149 2 1055 2 2275 2 
1148 2 1058 1 1852 4 1054 2 
1158 3 1057 2 1059 3 1849 3 
1062 1 1157 1 1056 2 1848 1 
1059 2 1550 2 1055 1 1851 1 
1850 3 1058 2 1056 3 1155 2 
1845 1 1063 1 1154 1 1061 1 
1153 1 1241 1 1844 2 1060 1 
1152 1 1057 1 1063 1 1847 2 
1060 1 1151 4 1062 1 1846 1 
1272 3 836 3 1065 1 1071 2 
1064 1 60 1 1271 2 2201 1 
1067 1 2219 2 1069 2 1268 2 
1066 1 1267 3 1072 1 1255 2 
1069 2 1430 2 2222 2 1266 2 
1068 2 1265 3 1066 2 1257 3 
1073 4 1264 3 1071 3 1252 2 
1263 2 1070 3 1251 3 1064 2 
1067 1 1254 2 1073 3 1262 1 
1070 4 1261 3 1253 3 1072 3 
1075 1 968 1 1080 1 2242 1 
565 2 1074 1 967 1 2243 2 
1232 2 688 3 323 2 
1084 3 957 2 1078 1 2248 1 
2249 1 1079 2 1077 1 956 1 
1078 2 959 2 2250 3 1080 2 
958 3 2251 1 1074 1 1079 2 
961 1 1082 1 2244 4 1797 1 
2245 1 1083 2 1081 1 960 2 
1082 2 963 2 2246 3 1084 4 
2247 3 1077 3 962 3 1083 4 
2039 2 1092 1 1887 2 1086 1 
1886 3 1087 2 2038 4 1085 1 
1088 4 1086 2 2037 2 1889 3 
1087 4 1888 4 2036 4 1093 3 
2043 2 1090 2 1883 2 910 1 
2042 5 1882 3 1089 2 1091 3 
2041 3 1885 3 1092 2 1090 3 
1884 3 1085 1 1091 2 2040 1 
1879 2 2035 1 1094 1 1088 3 
972 3 1878 2 1093 1 2034 1 
633 3 1096 3 1412 3 1266 3 
1097 2 1095 3 1265 3 632 3 
1098 1 1096 2 1268 2 1815 2 
1267 3 1097 1 1814 2 1099 3 
1262 3 1098 3 637 3 1100 4 
1261 2 636 4 1101 2 1099 4 
1264 2 635 1 1100 2 1102 2 
634 2 1101 2 1103 2 1263 2 
1104 2 1102 2 625 1 1272 3 
1674 3 1103 2 1808 3 1271 3 
1106 1 1360 1 2314 1 755 1 
1107 1 756 1 1113 1 1105 1 
1106 1 753 1 1108 1 1371 1 
1109 2 1107 1 754 1 1119 1 
1110 3 751 4 1108 2 1118 3 
752 2 1109 3 1117 2 1259 4 
1604 1 546 1 1039 1 1035 1 
1038 3 925 3 909 3 1034 2 
1371 1 1977 1 1360 1 1106 1 
540 2 1139 4 1173 3 1120 2 
1116 2 1979 2 2314 2 1360 2 
1978 1 1115 2 1286 2 761 1 
1118 2 1122 1 2048 2 1110 2 
1117 2 1119 2 2044 4 1109 3 
1975 1 1371 1 1118 2 1108 1 
539 3 1123 1 1114 2 1172 3 
1260 1 1983 1 1122 1 
1982 2 1259 3 1121 1 1117 1 
1039 1 1120 1 1175 1 1443 2 
1766 3 2360 2 
915 3 1036 2 533 3 1038 3 
1817 3 2321 3 531 2 1605 2 
1128 3 1872 4 281 2 1177 3 
1127 3 543 2 1176 3 445 2 
1130 1 666 2 1132 1 1466 1 
665 1 257 1 1129 1 1465 1 
1134 3 1132 2 1464 2 668 2 
667 1 1463 1 1131 2 1129 1 
670 1 1136 2 1462 1 1134 2 
1131 3 1133 2 669 2 1461 2 
1138 1 1136 2 672 2 1460 2 
1133 2 1135 2 671 3 1459 3 
1468 2 674 3 1138 2 1299 2 
1135 1 1467 1 1137 2 673 1 
1114 4 445 3 1200 3 541 3 
1146 3 1794 5 1141 4 1275 3 
1274 2 1142 4 1140 4 614 3 
1284 3 1141 4 613 3 
1305 3 619 1 1144 2 1444 1 
1143 2 618 3 971 2 1145 4 
1146 3 1029 4 617 4 1144 4 
1140 3 1145 3 1496 1 616 2 
354 1 1150 1 331 2 1163 1 
1906 2 1055 2 1149 2 1550 3 
952 2 254 1 1054 2 1148 2 
1147 1 1156 2 353 2 330 3 
1152 4 1063 4 317 4 1154 4 
1151 4 1157 1 1062 1 1458 3 
1891 2 1061 1 831 1 1154 1 
1060 1 1479 3 1151 4 1153 1 
238 3 1059 2 1550 2 1158 2 
356 4 1159 3 329 2 1150 2 
1445 2 1152 1 1158 2 1057 1 
1157 2 1056 3 1442 3 1155 2 
1156 3 865 4 328 2 355 2 
492 1 1161 4 350 1 335 2 
334 4 1162 4 1160 4 349 5 
333 1 1161 4 1163 1 352 2 
332 1 1162 1 351 1 1147 1 
1167 3 647 2 635 1 1165 1 
646 4 1164 1 634 1 1178 2 
637 2 1169 3 645 4 1167 4 
1164 3 636 5 644 4 1166 4 
1053 2 1035 1 1604 1 432 2 
642 2 1166 3 1814 3 1603 3 
633 2 1171 1 1400 2 1867 1 
632 2 640 3 1603 2 1170 1 
1487 3 1173 4 1175 3 1120 3 
1486 3 1200 2 1172 4 1114 3 
1039 2 1175 2 1604 2 1032 2 
1030 4 1174 2 1172 3 1123 1 
1128 3 1201 3 1177 3 1483 2 
1176 3 201 2 1127 3 1482 2 
1179 3 625 2 1165 2 649 2 
1178 3 648 3 1808 3 857 2 
1185 3 1181 3 717 3 649 2 
1180 3 648 3 1701 3 716 3 
1189 1 1183 1 645 3 705 1 
1182 1 1184 1 704 3 644 2 
1185 2 1183 1 703 2 647 2 
1180 3 1184 2 702 2 646 5 
1389 2 709 1 1867 1 1187 1 
1188 1 708 1 1186 1 640 3 
1189 1 1187 1 643 3 707 1 
1188 1 1182 1 642 1 706 1 
1481 2 1191 1 849 1 1197 3 
1192 1 1190 1 1480 2 848 2 
1191 1 1483 1 847 1 1193 1 
183 2 846 1 1482 1 1192 1 
1195 3 1032 2 853 2 1199 2 
1196 2 1194 3 852 2 1030 5 
1195 2 1197 3 851 2 1487 1 
1196 3 1486 4 850 4 1190 3 
1336 4 393 2 1053 3 1199 2 
2351 2 1198 2 1194 2 838 1 
1173 2 1481 2 1201 2 1139 3 
1176 3 1480 3 1200 2 445 2 
2357 3 1203 2 1273 3 382 2 
1529 2 1202 2 1206 1 383 2 
1526 1 1207 1 1205 1 386 2 
1525 2 1204 1 1210 2 387 1 
1524 1 1203 1 1207 1 384 2 
1523 1 98 2 1204 1 1206 1 
390 1 1522 1 1209 2 1211 1 
1521 2 391 2 583 4 1208 2 
388 3 1250 3 1205 2 1211 2 
389 1 1210 2 1244 1 1208 1 
73 3 1213 3 1215 4 749 4 
1218 1 1212 3 72 3 748 2 
1215 2 75 1 
74 2 747 2 1214 2 1212 4 
77 3 746 4 1217 5 1219 4 
745 3 76 3 1216 5 657 4 
1220 2 1219 2 1213 1 744 1 
1218 2 732 3 1216 4 743 3 
1218 2 388 3 72 4 732 3 
1871 2 1989 1 
2023 1 1229 1 1223 1 1839 3 
1222 1 2022 1 1224 1 1838 2 
2025 2 1837 3 1225 3 1223 1 
2024 3 1836 3 1230 3 1224 3 
1227 4 2019 3 1786 4 1771 4 
1226 4 1842 2 2018 3 1228 2 
1841 4 1229 1 1227 2 2021 1 
1222 1 1228 1 2020 2 1840 1 
1835 1 1231 1 2027 1 1225 3 
1230 1 1379 1 2026 4 1834 1 
1233 2 691 1 2350 3 1076 2 
690 3 1232 2 321 2 1236 3 
1880 3 531 2 1605 2 1235 2 
1877 2 1234 2 
687 5 2352 2 1237 2 1233 3 
686 1 1236 2 324 1 1248 1 
1239 1 1554 1 50 1 1934 2 
49 1 1933 1 1238 1 
1242 2 1241 2 2361 2 318 4 
1061 1 2360 2 1240 2 831 1 
834 1 1240 2 1745 1 
159 3 2195 2 486 5 1246 4 
305 2 1522 1 1250 2 1211 1 
1256 3 161 2 484 1 1246 3 
1243 4 160 3 483 4 1245 3 
2205 2 155 1 490 2 1248 1 
489 2 154 1 1247 1 1237 1 
488 1 2195 1 157 1 2205 2 
1525 3 304 4 1210 3 1244 2 
1252 2 836 4 1071 3 823 3 
822 1 1251 2 1253 1 1070 2 
1254 2 1073 3 1252 1 821 2 
1253 2 1255 3 1072 2 820 2 
2219 3 1254 3 1067 2 827 4 
162 5 1245 3 2217 3 493 4 
825 3 2219 3 1069 3 2222 3 
13 1 1657 1 1434 4 774 1 
1122 3 759 3 1110 4 1260 3 
1121 1 1259 3 760 1 
1100 2 1264 2 1073 3 1262 1 
1267 3 1099 3 1261 1 1072 1 
1264 2 1071 2 1272 3 1102 2 
1101 2 1070 3 1261 2 1263 2 
1069 3 1266 3 1268 3 1096 3 
1265 3 1068 2 1095 3 2374 2 
1067 3 1098 3 1262 3 1268 4 
1097 2 1267 4 1265 3 1066 2 
1657 2 1469 3 411 3 1270 2 
2220 2 410 1 1269 2 
1272 4 590 2 1104 3 1065 2 
1064 3 1271 4 1263 3 1103 3 
1202 3 300 2 1529 3 459 2 
1284 1 1141 2 1322 1 1275 1 
1321 1 1274 1 1496 1 1140 3 
1643 2 1826 1 1279 2 1277 1 
1285 4 1642 2 1276 1 1825 1 
1279 2 1828 1 1281 2 1641 2 
1278 2 1640 2 1276 2 1827 4 
1822 2 1281 2 1283 1 1639 3 
1638 2 1821 4 1280 2 1278 2 
1283 1 1637 3 1824 3 969 3 
1282 1 1636 1 1823 1 1280 1 
1142 3 1274 1 1319 1 
1830 4 1277 4 1645 4 1286 5 
1116 2 1829 2 1644 2 1285 5 
393 3 882 3 1288 3 622 4 
1287 3 1295 1 838 1 881 3 
890 1 1292 4 847 1 1290 3 
889 4 228 3 846 3 1289 3 
1294 1 1292 4 849 1 888 1 
848 5 1289 4 887 4 1291 4 
851 2 1294 1 444 1 1296 3 
1293 1 1291 1 885 1 850 2 
1296 3 853 1 442 1 1288 1 
1295 3 852 3 1293 3 440 4 
1937 1 1963 4 1298 1 1302 1 
1962 1 1297 1 1936 2 
1965 1 1300 2 1137 2 1941 1 
1299 2 1940 3 1964 2 1301 2 
1939 2 1302 1 1967 3 1300 2 
1938 1 1301 1 1966 2 1297 1 
1312 4 1374 3 1304 1 1619 2 
1375 1 1303 1 1618 1 293 3 
437 5 1306 4 1143 3 1339 4 
1305 4 1338 3 436 2 2405 2 
1380 3 1310 1 1613 1 1308 2 
1313 5 1381 2 1307 2 1612 3 
1484 1 1310 1 1611 3 1382 1 
1610 1 1307 1 1309 1 1383 2 
1609 2 1314 2 1384 2 1312 5 
1303 4 1608 4 1385 4 1311 5 
1308 5 1386 4 1314 4 1607 4 
1606 2 1387 3 1313 4 1311 2 
527 4 2229 2 1505 4 1316 2 
528 3 1706 2 1317 1 1315 2 
1705 2 1318 2 1316 1 529 1 
530 5 1317 2 1704 2 
1583 1 1322 1 1284 1 1320 1 
251 5 1319 1 
1588 1 1322 1 1275 1 1324 2 
1319 1 1321 1 1274 1 256 1 
1326 1 805 1 1029 2 1324 2 
1323 2 804 2 1496 2 1321 2 
1444 3 1326 3 1515 3 977 4 
1323 1 242 2 1325 3 971 1 
1328 2 475 5 1587 4 2216 2 
2215 1 1327 2 1586 1 
129 2 1363 1 
1333 2 1331 2 2406 1 1514 1 
2405 2 1513 3 1330 2 1338 3 
1512 2 2411 2 1335 3 1333 2 
1330 2 1511 4 1332 2 2407 2 
1335 4 1337 3 2419 2 1510 3 
1334 4 2416 3 1509 3 1332 3 
1198 4 1508 3 2430 3 1337 4 
1507 2 1334 3 1336 4 59 3 
1306 3 1339 3 1516 2 1331 3 
1515 2 1305 4 1444 2 1338 3 
912 1 1341 1 1538 5 882 1 
881 3 61 2 1340 1 911 1 
1967 4 457 4 1343 3 1345 2 
456 2 1342 3 1348 2 1966 3 
459 2 300 2 1345 2 1965 2 
458 1 1964 1 1344 2 1342 2 
1347 4 888 4 165 4 536 4 
1346 4 166 1 887 1 535 3 
1343 2 1963 4 
889 4 218 3 166 3 905 3 
1878 3 1351 2 736 3 972 4 
1350 2 955 1 1352 2 735 2 
1873 3 1353 4 1351 2 734 2 
1354 3 1352 4 1870 3 733 3 
1353 3 1861 1 1355 1 740 1 
739 2 1356 3 1860 2 1354 1 
1355 3 1357 4 1617 3 738 4 
1356 4 1358 2 737 2 1862 3 
1357 2 1843 1 731 1 1359 2 
817 4 1549 2 730 2 1358 2 
1976 1 1113 1 1115 2 1105 1 
158 2 209 1 211 1 
1372 2 1363 1 120 1 
119 4 90 3 1362 1 1329 1 
1365 2 2390 1 1724 1 2015 1 
2389 2 1364 2 1725 2 278 2 
1726 2 2392 2 1369 4 1367 3 
2391 2 1727 3 1370 2 1366 3 
1369 3 279 1 1728 1 2394 2 
1368 3 1729 5 2393 4 1366 4 
1762 2 1731 1 1367 2 2386 2 
1119 1 1113 1 1107 1 1974 1 
1362 2 117 4 
211 2 213 2 156 2 
1721 3 1385 3 1375 3 1303 3 
1374 3 1304 1 1720 1 2455 1 
1377 2 1736 1 
1376 2 1378 3 1735 3 
1734 2 1379 2 1377 3 
1378 2 1231 1 1733 3 1874 2 
1307 3 1719 3 1383 4 1381 3 
1718 1 1386 1 1308 2 1380 3 
1573 1 1309 1 1383 2 1717 1 
1716 3 1380 4 1382 2 1310 2 
1385 1 1715 2 1311 2 1387 3 
1374 3 1312 4 1384 1 1714 3 
1713 2 1313 4 1381 1 1387 3 
1314 3 1386 3 1712 3 1384 3 
1395 2 2300 2 1389 3 2418 4 
1186 2 1388 3 2417 2 2297 4 
1391 2 2409 3 1393 3 2427 2 
2408 1 1390 2 1396 1 2263 1 
2127 3 2257 3 1393 4 2226 3 
1390 3 1392 4 2410 3 2256 2 
2413 1 2255 2 1397 3 1395 1 
1388 2 2254 3 2412 1 1394 1 
2253 1 1397 3 2415 2 1391 1 
1396 3 2414 4 1394 3 2252 3 
1748 2 923 1 2262 2 931 2 
2300 1 1404 2 2442 1 1400 2 
1399 2 2441 2 2297 4 1170 2 
1402 3 1408 4 2253 2 2436 3 
1403 2 1401 3 2435 3 2252 2 
1402 2 1404 2 2255 2 2434 1 
2254 4 1403 2 1399 2 2433 3 
2440 1 2257 1 1406 1 1787 2 
2256 1 1405 1 2439 3 1407 1 
2427 1 2438 2 1408 3 1406 1 
1401 4 1407 3 2263 3 2437 3 
153 2 118 2 1410 3 
117 4 1419 2 152 3 1409 3 
1414 2 1412 3 2442 2 2375 2 
1411 3 2374 2 2441 2 1095 3 
2434 1 2384 2 1416 2 1414 1 
2433 2 1411 2 2383 1 1413 1 
2436 2 2382 2 1416 2 1418 1 
1413 2 1415 2 2435 3 2381 2 
1418 2 2438 3 443 2 2380 4 
1417 2 2437 1 1415 1 2379 1 
1410 2 1420 2 120 1 151 2 
119 5 150 3 2131 2 1419 2 
395 2 1422 1 2378 2 2390 1 
1423 1 2377 2 1421 1 2389 1 
2388 3 1422 1 2380 3 1424 2 
2387 3 2379 2 1423 2 1425 2 
2382 2 2394 2 1426 1 1424 2 
2381 1 1425 1 1427 2 2393 2 
1428 2 2392 2 2384 3 1426 2 
1427 2 1429 1 2383 1 2391 1 
1428 1 2386 2 1430 2 2375 1 
2374 2 1068 2 1429 2 2385 2 
238 3 1906 1 1550 2 342 3 
1433 1 617 2 1435 1 
1432 1 1436 2 616 2 
1601 4 1435 4 1258 4 619 4 
13 1 618 2 1432 1 1434 4 
1433 2 1794 4 1437 2 
1436 2 614 2 
2320 2 910 2 1441 3 2043 3 
1440 1 995 4 
1439 1 538 1 996 2 
2285 3 909 3 1438 3 2319 3 
238 4 1158 3 340 2 1445 3 
537 2 539 4 43 3 1123 2 
1339 2 1325 3 971 1 1143 1 
1157 2 1458 4 2443 2 1442 3 
1449 2 766 1 1495 3 1447 1 
1494 1 1452 1 1446 1 765 2 
2201 2 1493 2 60 2 1449 3 
1446 2 1492 3 767 2 1448 3 
1453 2 762 2 1491 2 1451 4 
48 3 1490 3 1450 4 1456 4 
764 1 1489 1 1447 1 1453 1 
1450 2 1488 2 763 1 1452 1 
718 3 1455 3 2356 3 1547 4 
1454 3 1546 1 2355 1 
772 3 1457 2 1485 4 1451 4 
1456 2 1484 1 771 2 1611 3 
1445 4 317 3 1152 3 346 3 
1462 2 1460 3 788 2 1136 3 
1467 2 787 2 1459 3 1135 2 
790 1 1462 1 1464 1 1134 2 
1459 2 1461 1 1133 1 789 2 
1466 1 1132 1 1464 1 792 2 
1461 1 1463 1 1131 2 791 1 
1130 1 794 2 1670 1 1466 1 
1463 1 1129 1 793 1 1465 1 
1460 2 1468 1 1138 1 786 2 
1137 2 1941 1 1467 1 785 2 
1269 3 2058 5 253 2 1470 4 
1475 4 1469 4 252 3 2057 3 
2052 2 1876 2 1478 3 1472 2 
2376 2 1473 3 1471 2 2051 4 
2050 2 1472 3 1474 2 246 2 
245 2 2049 1 1648 2 1473 2 
1476 3 248 4 1470 4 2056 3 
1475 3 1477 2 2055 2 247 2 
2054 2 1478 3 250 3 1476 2 
1477 3 2053 4 1471 3 249 4 
344 3 1891 4 317 3 1154 3 
1481 3 1201 3 1483 2 1191 2 
1190 2 1480 3 1200 2 1486 3 
2224 3 1483 1 1177 2 1193 1 
1482 1 1176 2 1192 1 1480 2 
1573 1 1485 3 1457 1 1309 1 
1484 3 1490 3 1456 4 1574 4 
1173 3 1197 4 1481 3 1487 2 
1030 4 1172 3 1486 2 1196 1 
1489 2 1575 3 1453 2 1491 2 
1488 2 1452 1 1494 1 1576 3 
1491 1 1485 3 1451 3 1577 1 
1490 1 1578 2 1450 2 1488 2 
1579 2 1449 3 1493 2 1495 4 
1580 1 1448 2 830 1 1492 2 
1447 1 1489 1 1581 2 1495 3 
1582 3 1446 3 1494 3 1492 4 
1029 2 1146 1 1275 1 1324 2 
1530 2 1498 3 733 2 1504 3 
1002 3 1497 3 1499 3 734 2 
1528 3 1500 2 1498 3 735 3 
1527 2 1499 2 1691 1 736 2 
1534 2 1506 2 737 2 1502 3 
1533 3 1503 2 738 3 1501 3 
1532 1 1502 2 1504 2 739 2 
1531 2 1503 2 1497 3 740 2 
730 3 1315 4 1520 4 1506 3 
1501 2 1519 2 1505 3 731 1 
1337 2 1508 1 623 2 1510 2 
1336 3 393 1 1507 1 622 2 
1512 2 1809 1 1510 2 1335 3 
1509 2 624 2 1507 2 1334 3 
1512 4 1810 3 1333 4 1514 3 
1332 2 1509 2 626 4 1511 4 
1516 2 1331 3 1514 2 629 2 
1513 2 1330 1 628 2 1511 3 
1516 1 1339 2 1325 3 631 3 
1515 1 1513 2 1338 2 630 1 
1686 2 1907 3 1903 1 1866 1 
863 3 257 1 1671 1 260 1 
1534 2 1506 2 1520 3 2079 4 
2078 2 1519 3 1505 4 2229 2 
1209 2 307 3 1708 1 1522 1 
1208 1 1244 1 306 3 1521 1 
1207 1 1524 1 309 3 1526 1 
1206 1 1529 2 308 1 1523 1 
1250 3 1205 2 1526 2 311 2 
1204 1 310 1 1525 2 1523 1 
1500 2 1980 2 1528 3 2071 2 
1499 3 2070 2 1527 3 1002 3 
1203 2 1524 2 2221 3 1273 3 
2072 2 1497 2 1002 2 1531 1 
1532 1 1504 2 2075 1 1530 1 
1503 1 1531 1 1533 2 2074 2 
1502 3 1534 2 1532 2 2077 2 
1501 2 1519 2 1533 2 2076 1 
1816 2 1821 4 1567 4 1779 3 
1537 4 678 3 1539 2 1582 2 
1536 4 677 3 1542 3 1581 4 
1580 5 1539 5 1340 5 680 5 
679 2 1536 2 1538 5 1579 1 
1543 2 1541 2 1578 3 682 2 
1577 1 1544 1 1540 2 681 1 
1576 3 684 2 1537 3 1543 1 
1540 2 1542 1 1575 2 683 1 
1574 2 1541 1 676 3 1545 4 
1573 4 1717 4 1544 4 675 4 
530 4 1455 1 1547 2 
1548 2 529 2 1546 2 1454 4 
1547 2 528 3 718 1 1549 1 
715 2 1359 2 527 3 1548 1 
1058 2 1155 2 1431 2 1148 3 
1621 3 1981 3 1682 3 1916 4 
2313 1 966 2 2316 1 152 2 
167 3 2158 3 2312 3 2032 2 
1238 1 1756 1 235 3 192 2 
2002 2 1562 1 1556 2 283 1 
2003 3 1557 2 1555 2 282 3 
285 2 2000 1 1556 2 1558 1 
284 2 2001 1 1557 1 
1566 2 287 1 1560 1 1998 1 
1561 2 1999 1 1559 1 286 3 
1560 2 1996 2 289 3 1562 2 
1997 1 1555 1 288 2 1561 2 
1564 2 1824 4 1778 2 2340 3 
1823 1 1816 1 1563 2 1777 1 
1566 3 1994 2 281 2 1872 4 
1559 2 1565 3 280 2 1995 3 
1828 3 1774 3 1535 4 1568 3 
1569 3 1773 2 1567 3 1827 3 
1568 3 1776 4 1826 3 1570 4 
1775 2 1781 2 1825 2 1569 4 
170 3 1572 3 2318 3 2031 2 
2030 3 1571 3 2312 3 169 2 
1545 4 1484 1 1382 1 1574 2 
1544 2 1577 2 1573 2 1485 4 
1488 3 1576 4 1578 3 1543 2 
1542 3 1489 3 1575 4 1581 4 
1541 1 1574 2 1578 2 1490 1 
1491 2 1540 3 1577 2 1575 3 
1492 2 1580 1 1582 1 1539 1 
912 1 1538 5 1579 1 1493 1 
1582 2 1494 2 1576 4 1537 4 
1581 2 1495 3 1579 1 1536 2 
1319 1 251 5 256 1 454 2 
2107 3 2092 2 1585 2 1658 3 
2091 1 2106 1 1584 2 800 2 
1328 1 1587 3 
1327 4 1953 3 1586 3 1871 4 
1321 1 804 1 452 3 256 1 
1592 5 429 3 1590 3 782 4 
781 1 1589 3 1595 1 428 4 
1602 2 431 2 1592 3 780 1 
1589 5 430 4 1591 3 779 4 
778 2 1594 2 1596 1 433 1 
1593 2 1035 2 432 3 777 2 
1590 1 776 2 1596 1 435 2 
775 2 1593 1 1595 1 434 1 
2177 3 1598 3 1788 3 1897 3 
1599 2 1597 3 1896 2 2176 2 
1598 2 2179 1 1895 3 1600 2 
2178 3 1792 3 1894 3 1599 2 
1434 4 1602 2 437 3 774 1 
1601 2 436 2 1591 2 773 3 
643 4 1169 3 1171 2 1815 3 
2351 2 1111 1 1168 1 1174 2 
2014 1 1126 2 1234 2 
1314 2 1609 2 1607 2 571 2 
1606 2 1313 4 1612 2 570 3 
1312 4 1609 1 573 3 1619 2 
1606 2 1608 1 572 1 1311 2 
1310 1 1611 3 1613 1 575 1 
574 5 1309 3 1610 3 1457 3 
1613 2 577 2 1607 2 1308 3 
1612 2 576 3 1307 1 1610 1 
2398 2 524 3 1615 3 1973 3 
1616 2 2397 2 1614 3 1972 2 
2396 3 1903 1 1615 2 1866 1 
2200 1 1860 2 1356 3 1862 2 
1619 2 1304 1 580 1 264 2 
579 4 1608 2 1618 2 1303 2 
2400 1 1869 1 1916 3 1621 2 
1832 3 2399 2 1551 3 1620 2 
1623 2 1629 2 1799 2 2190 2 
1624 2 1622 2 2189 2 1800 2 
1801 2 1625 1 2192 1 1623 2 
1802 3 1624 1 1785 1 2191 4 
2186 3 1803 4 1627 4 1631 3 
1626 4 1628 2 1804 2 2185 2 
2188 2 1629 2 1805 1 1627 2 
1628 2 2187 2 1622 2 1806 3 
1797 2 1631 2 2194 4 2244 5 
1798 2 1630 2 2193 2 1626 3 
1902 2 689 1 1795 1 
1877 2 357 2 
1635 3 691 2 1692 2 1902 3 
1634 3 690 3 1875 2 336 3 
1639 3 549 1 1283 1 1637 3 
550 3 1282 3 2315 4 1636 3 
1281 2 1639 3 1641 2 547 1 
1636 3 1638 3 548 3 1280 3 
1279 2 553 2 1641 2 1643 2 
554 3 1638 2 1640 2 1278 2 
1645 2 1277 2 1643 3 551 4 
1276 2 1642 3 552 2 1640 2 
555 1 1645 1 1286 2 761 1 
1644 1 1642 2 1285 4 556 1 
803 1 116 2 1658 2 2102 2 
1650 2 79 3 1648 3 35 2 
1647 3 34 2 1474 2 78 3 
81 4 1652 2 1650 2 43 3 
1647 2 42 4 1649 2 80 1 
41 3 1654 2 83 1 1652 1 
82 2 40 2 1649 2 1651 1 
1654 3 1656 4 85 2 39 2 
1653 3 1651 2 38 4 84 2 
514 1 1656 3 37 1 87 3 
36 4 86 3 1655 3 1653 4 
2220 2 1269 2 2058 4 1258 1 
1646 2 2101 4 115 2 1584 3 
1666 3 1660 2 83 2 2367 3 
2366 1 1661 1 1659 2 82 2 
1662 1 1660 1 2369 1 81 3 
1661 1 2368 2 80 1 1667 2 
1664 2 87 3 504 2 2371 1 
1663 2 1665 3 86 2 2370 2 
1664 3 85 2 2373 2 1666 3 
84 2 1659 3 2372 2 1665 3 
79 3 1668 2 1662 2 2365 2 
2364 1 2146 3 1667 2 78 2 
2014 1 979 2 
585 3 1671 1 257 1 1465 1 
584 1 1679 1 1670 1 1518 1 
1807 2 1932 4 1813 2 832 2 
1676 2 819 3 591 1 1674 2 
1104 3 818 2 1673 2 590 2 
1678 1 263 1 593 2 1676 2 
1673 2 1675 2 816 2 592 2 
815 3 1680 4 587 3 1678 3 
1675 1 1677 3 814 1 586 2 
260 1 1671 1 589 3 1680 2 
1677 4 588 2 258 3 1679 2 
1684 1 1682 2 797 1 1916 3 
1690 2 1681 2 1551 3 799 3 
1686 2 1907 3 988 1 1684 1 
1681 1 1905 1 989 1 1683 1 
990 3 1903 1 1688 3 1686 2 
1683 2 1517 2 991 3 1685 2 
1973 4 970 4 992 3 1688 5 
1685 3 1972 3 1687 5 993 4 
212 3 1971 3 728 2 1783 2 
1691 1 1682 2 984 3 1981 2 
1690 1 1980 1 1500 1 985 2 
2031 1 1634 2 1796 1 336 2 
604 1 886 2 214 4 212 2 
2268 4 213 4 154 4 45 5 
651 3 1881 3 377 3 356 4 
1697 2 1699 1 1932 3 137 1 
1702 3 1696 2 627 2 136 3 
139 3 936 2 1699 2 2231 3 
138 1 1696 1 620 1 1698 2 
615 3 1703 2 1701 2 133 1 
1783 2 1181 3 132 3 1700 2 
1697 3 605 3 1703 3 135 3 
604 2 134 2 1700 2 1702 3 
1705 2 1318 2 
1704 2 1929 2 1317 2 1706 3 
1705 3 1931 3 1316 2 2229 2 
189 2 2230 1 2228 2 195 2 
2231 2 131 2 1521 1 583 3 
197 4 1710 2 2230 2 187 3 
200 2 1709 2 1711 1 186 1 
199 1 2223 2 1710 1 185 2 
1713 2 453 2 1387 3 1715 2 
1386 2 1712 2 452 4 1718 2 
1715 4 455 3 1385 3 1721 3 
1714 4 454 3 1384 2 1712 2 
1717 2 449 3 1383 3 1719 2 
1716 2 448 2 1545 4 1382 1 
1719 1 1381 1 451 1 1713 2 
1718 1 450 1 1380 3 1716 2 
1721 1 298 2 1375 1 447 1 
1374 3 1720 1 446 3 1714 3 
278 5 1723 5 1725 5 221 5 
1728 1 1722 5 220 1 279 1 
1364 1 223 2 18 2 1725 1 
222 2 1365 2 1722 5 1724 1 
1729 3 225 2 1366 2 1727 2 
224 4 1367 3 1731 2 1726 2 
1723 1 227 2 1368 1 1729 3 
1726 3 1369 5 1728 3 226 3 
294 2 1755 1 
1370 1 1732 1 1727 2 219 2 
218 1 905 1 1731 1 1762 2 
1834 3 1379 3 2354 3 1734 3 
1378 2 2353 3 1733 3 1735 2 
2356 2 1736 2 1734 2 1377 3 
1735 2 1376 1 2355 1 
231 2 227 2 1738 2 1744 2 
1739 3 1737 2 226 2 230 2 
1738 3 1740 3 233 2 225 3 
1746 2 224 4 232 3 1739 3 
1742 3 223 3 235 4 1863 4 
222 3 1741 3 234 3 1743 3 
1744 3 221 2 237 4 1742 3 
220 2 236 2 1743 3 1737 2 
2361 1 1242 1 
1740 2 229 2 219 2 1747 4 
218 4 889 5 1746 4 228 4 
1398 2 924 3 2259 3 932 2 
1750 1 186 1 233 1 1752 1 
185 2 1757 2 232 2 1749 1 
231 4 188 3 1754 4 1752 3 
230 1 187 2 1751 3 1749 1 
1756 1 190 1 237 3 1754 2 
189 3 1751 4 1753 2 236 2 
295 3 2468 4 1730 1 
1753 1 191 1 234 2 1554 1 
1758 2 1750 2 184 4 229 3 
183 2 1757 2 846 1 228 1 
2458 2 2311 2 385 2 2240 3 
1761 1 2330 1 2258 2 1853 1 
1760 1 1852 4 1767 2 2445 2 
1370 2 2385 2 824 4 1732 2 
1764 3 1935 3 1847 3 1770 3 
1846 2 1763 3 2451 2 1765 3 
1766 4 1845 2 2454 2 1764 3 
1765 4 1844 4 2453 3 1124 3 
2448 3 1761 2 1768 4 1851 2 
1769 4 1767 4 2447 3 1850 4 
1770 3 1768 4 1849 3 2450 2 
1769 3 1848 2 2449 2 1763 3 
1772 2 1784 4 1226 4 2013 2 
2012 1 1771 2 1775 1 1781 1 
1568 2 1774 2 1776 3 2011 2 
1773 2 1567 3 1779 2 2010 1 
1570 2 2009 1 1772 1 1776 2 
1569 4 1773 3 1775 2 2008 3 
1780 2 1564 1 1778 1 2007 1 
986 1 2006 3 1777 1 1563 2 
2005 3 1774 2 1780 3 1535 3 
1816 2 1777 2 1779 3 2004 2 
1570 2 1772 1 1830 1 1784 3 
2264 2 2262 2 578 2 937 2 
1701 2 716 2 615 3 1689 2 
1829 3 2019 3 1771 4 1781 3 
1625 1 1831 2 360 2 2032 1 
2013 2 2198 3 1842 2 1226 4 
1788 3 2181 2 1901 3 1405 2 
1787 3 1900 2 1597 3 2180 2 
2047 1 1919 2 240 1 1790 2 
239 3 1791 2 1789 2 2046 3 
241 1 1790 2 2045 1 
1600 3 1899 3 2175 3 1793 2 
2174 1 1898 2 1792 2 
1140 5 616 4 1436 4 614 4 
2029 1 1796 1 1632 1 
1902 2 1795 1 2028 2 1692 1 
494 3 1630 2 1798 2 1081 1 
1631 2 493 3 1797 2 1803 3 
1806 3 1800 2 1622 2 488 2 
1801 2 1799 2 487 2 1623 2 
1800 2 1802 4 1624 2 490 3 
1801 4 1625 3 1831 4 489 4 
484 2 1626 4 1804 2 1798 3 
483 2 1627 2 1803 2 1805 1 
1806 2 486 4 1628 1 1804 1 
1805 2 485 3 1799 3 1629 3 
1672 2 837 2 214 4 627 1 
625 2 1104 3 818 2 1179 3 
677 1 1509 1 624 1 626 3 
628 2 683 1 1511 3 626 3 
1819 3 1812 1 261 1 
1811 1 1818 2 
210 2 1672 2 620 1 244 2 
637 2 1169 3 1098 2 1815 3 
1097 2 632 3 1603 3 1814 3 
1564 1 1780 2 1535 2 1822 2 
1126 3 2322 3 2282 3 904 2 
299 2 1820 3 1819 4 1812 2 
298 4 447 3 1811 3 1818 4 
2218 3 1818 3 
1822 4 1535 4 1281 4 1828 3 
1821 4 1280 2 1823 2 1816 2 
1564 1 1824 3 1822 2 1283 1 
1823 3 1282 3 1044 3 1563 4 
1826 1 1570 2 1830 1 1277 1 
1276 1 1825 1 1569 3 1827 3 
1279 4 1826 3 1568 3 1828 3 
1567 3 1278 1 1827 3 1821 3 
1784 3 1978 1 1830 1 1286 2 
1285 4 1829 1 1825 1 1781 1 
1785 2 1802 4 1875 2 686 2 
1981 3 1621 3 2404 2 1833 3 
2071 2 1980 2 1832 3 2403 4 
1835 1 1733 3 750 1 1231 1 
1834 1 1230 1 1836 1 2204 1 
741 2 1835 1 1225 3 1837 3 
2200 3 1224 3 1838 4 1836 3 
1839 4 2203 2 1837 4 1223 2 
2202 3 1838 4 1840 3 1222 3 
2197 2 1841 4 1839 3 1229 1 
1228 4 1840 4 1842 4 2196 5 
1227 2 1786 2 2199 1 1841 4 
1862 2 1358 1 817 3 2204 1 
1766 4 1061 2 2360 3 1845 2 
1060 1 1765 2 1846 1 1844 2 
1764 2 1845 1 1063 1 1847 2 
1848 2 1062 2 1846 2 1763 3 
1847 2 1770 2 1849 2 1057 1 
1769 3 1056 3 1848 2 1850 3 
1059 3 1851 2 1849 3 1768 4 
1850 2 1852 4 1058 1 1767 2 
1761 4 1853 4 1055 4 1851 4 
934 1 1054 2 1760 1 1852 4 
597 2 1855 2 976 2 915 2 
964 3 916 4 596 4 1854 2 
1857 2 599 2 917 4 798 2 
918 1 598 1 1858 1 1856 2 
919 1 601 1 1857 1 1859 1 
974 2 1858 1 600 1 920 1 
1355 2 1617 2 2203 2 1861 2 
2202 1 1860 2 1354 1 1870 1 
741 3 1843 2 1357 3 1617 2 
1741 4 1864 4 50 3 770 4 
769 2 49 2 1863 4 
140 2 641 1 381 2 348 2 
1868 1 2395 3 1616 1 1517 1 
1186 1 2297 3 640 3 1170 1 
1869 1 1866 1 2402 1 1907 3 
1620 1 1905 1 1868 1 2401 3 
1873 2 1353 3 1861 1 2197 2 
1221 2 497 3 1587 4 
543 3 37 3 1127 4 1565 4 
1870 2 1352 3 955 2 2196 3 
1379 2 2026 5 
687 4 360 2 1635 2 1831 2 
2376 2 1471 2 249 3 2147 2 
1880 3 1633 2 362 2 1235 2 
1350 3 1879 3 1094 2 985 3 
1888 3 1093 2 1878 3 984 4 
1041 2 1234 3 1877 3 361 3 
355 2 376 3 1695 3 943 2 
1885 3 1090 3 1883 3 993 3 
1034 2 1089 2 1882 3 992 2 
1885 4 1092 3 991 4 1887 4 
1882 3 1884 4 1091 3 990 4 
1086 3 989 3 1889 4 1887 4 
988 2 1085 2 1884 4 1886 4 
1879 3 799 3 1088 4 1889 3 
797 2 1888 3 1886 4 1087 3 
942 2 886 3 212 3 1971 3 
1153 2 343 2 1479 4 399 3 
2216 2 521 2 1893 3 58 4 
57 2 2215 2 1892 3 
809 2 1600 3 1899 3 1895 4 
1896 3 1599 3 808 3 1894 4 
1895 3 1598 2 811 1 1897 2 
1900 2 1896 2 810 2 1597 3 
807 3 1899 3 1793 2 
806 3 1792 3 1898 3 1894 3 
813 1 1901 2 1788 2 1897 2 
812 3 1900 2 1787 3 2440 2 
1796 2 688 3 1632 2 1634 3 
1616 1 1685 1 1517 1 1972 1 
76 2 657 3 204 3 255 3 
1916 3 1869 1 1684 1 1907 3 
1148 2 1431 1 254 1 337 2 
1683 3 1517 3 1905 3 1868 3 
2142 4 1924 4 1909 2 1915 2 
1923 1 1910 2 1908 2 2141 2 
1911 2 1909 2 1922 2 2144 3 
1910 2 1921 3 1917 2 2143 1 
2146 3 1928 1 2364 1 1913 1 
1927 1 1912 1 2145 1 1914 2 
2148 3 1926 3 1915 2 1913 2 
1914 2 1925 1 2147 1 1908 2 
1905 3 1620 3 1681 3 1551 4 
2140 2 1920 2 1911 2 1918 4 
2139 4 2047 3 1919 4 1917 4 
1920 2 1789 2 71 4 1918 4 
70 1 1921 3 1919 2 1917 2 
1920 3 1911 3 1922 3 63 4 
1923 1 62 2 1921 3 1910 2 
1922 1 1909 1 65 2 1924 3 
1908 4 64 3 1925 3 1923 3 
67 1 1915 1 1926 2 1924 3 
1914 3 1927 2 66 2 1925 2 
1928 1 1926 2 1913 1 69 1 
2068 1 1912 1 1927 1 68 3 
1705 2 241 1 1931 2 
2078 2 1931 3 240 2 2229 2 
239 3 1706 3 1930 3 1929 2 
1672 4 620 3 1696 3 627 3 
1934 2 1239 1 1033 3 
1933 2 192 3 1031 3 1238 2 
2449 2 2451 2 1763 3 367 2 
273 4 1937 2 1298 2 
1297 1 1936 2 1938 1 272 3 
1302 1 275 3 1939 2 1937 1 
1301 2 274 2 1938 2 1940 3 
1300 3 1941 2 277 4 1939 3 
1468 1 276 1 1940 2 1299 1 
1943 3 2398 1 524 2 474 1 
1942 3 473 3 523 3 1944 3 
516 1 482 2 1943 3 1945 1 
481 1 1946 2 515 2 1944 1 
518 2 1947 2 480 4 1945 2 
479 2 1946 2 1948 1 517 2 
520 2 1947 1 1949 1 478 2 
1948 1 1950 1 519 3 477 1 
1951 1 476 1 522 1 1949 1 
1950 1 521 1 2216 1 475 4 
1953 1 498 2 476 1 1955 2 
1952 1 475 4 497 2 1587 3 
478 2 1957 1 1955 2 496 1 
477 2 1954 2 495 4 1952 2 
1959 3 1957 1 502 1 480 3 
501 1 1954 1 1956 1 479 2 
1961 1 1959 3 500 1 482 2 
1956 3 1958 3 499 3 481 3 
2371 1 474 1 1961 1 504 2 
1958 1 503 2 1960 1 473 1 
1298 1 1963 4 
1297 4 1966 5 1962 4 1348 4 
1300 2 1345 1 1967 3 1965 1 
1299 1 674 2 1344 2 1964 1 
1963 5 1302 2 1967 4 1343 3 
1342 4 1301 3 1966 4 1964 3 
2045 1 1970 1 
2047 1 2139 2 411 2 1970 1 
410 1 2046 2 1969 1 1968 1 
1689 3 1890 3 401 2 941 3 
1688 3 1903 1 1615 2 1973 2 
1687 4 602 2 1614 3 1972 2 
2023 1 1975 1 1977 1 1371 1 
1119 1 2044 3 2022 1 1974 1 
2021 1 1360 1 1977 1 1979 1 
1113 1 2020 2 1976 1 1974 1 
1116 1 1979 1 2019 1 1829 1 
1115 2 2018 2 1978 1 1976 1 
1981 2 1527 2 1833 2 1691 1 
1832 3 1980 2 1690 2 1551 3 
1122 2 2048 3 1983 2 2027 2 
1121 1 1982 2 2026 4 
1985 3 514 2 504 3 87 4 
1984 3 1990 3 503 3 513 4 
512 3 1987 3 496 3 1993 4 
1986 3 495 3 1988 2 511 3 
498 3 1989 2 1987 2 510 3 
1988 2 1221 1 497 2 509 1 
508 3 1991 3 500 2 1985 3 
507 2 1992 4 1990 3 499 2 
1991 4 502 3 506 3 1993 4 
501 2 1986 4 505 2 1992 4 
1565 2 1995 2 37 1 514 1 
1994 2 1566 3 513 4 1998 2 
1561 2 1997 1 506 1 1999 1 
2002 2 1996 1 1562 1 505 1 
508 2 1999 1 1995 2 1559 1 
1560 1 1996 1 1998 1 507 1 
2003 2 1557 1 510 2 2001 1 
509 1 1558 1 2000 1 
1997 2 1555 2 2003 3 512 2 
2000 2 1556 3 2002 3 511 4 
2007 1 1780 2 2005 2 2041 2 
1779 3 2040 2 2010 2 2004 2 
2043 4 2007 3 1778 3 2320 3 
2006 3 2004 1 2042 4 1777 1 
2037 2 2011 2 2009 2 1776 3 
2012 1 1775 1 2008 2 2036 2 
2039 2 1774 1 2005 2 2011 1 
2038 4 2008 2 1773 2 2010 1 
1772 1 2009 1 2035 1 2013 1 
1786 2 2034 1 2012 1 1771 2 
2321 2 1605 1 1669 1 
2016 2 217 2 18 2 1364 1 
216 3 2015 2 19 4 2017 2 
215 1 20 2 2016 2 
1979 2 1227 3 2019 2 2021 2 
1978 1 1784 3 2018 2 1226 3 
2023 2 1977 2 1229 2 2021 2 
1976 1 2020 2 1228 1 2018 2 
2025 2 1975 1 1223 1 2023 1 
1222 1 2020 2 1974 1 2022 1 
2048 2 1225 3 2027 1 2025 2 
1224 2 2022 2 2044 4 2024 2 
1231 4 1874 5 1983 4 2027 4 
2024 1 1230 1 1982 2 2026 4 
2029 2 1796 2 2031 2 2318 3 
1795 1 2028 2 2317 3 
2033 3 1572 3 336 3 2031 2 
1692 1 2028 2 2030 2 1571 2 
2191 4 1785 1 2033 2 1553 2 
2030 3 360 3 2312 3 2032 2 
2035 1 2198 2 2013 1 1094 1 
2034 1 2012 1 1093 1 2036 2 
2037 2 2009 2 1088 4 2035 2 
2008 2 2036 2 2038 4 1087 2 
2011 4 2037 4 1086 4 2039 5 
1085 2 2010 2 2040 2 2038 5 
2005 2 2039 2 1092 1 2041 2 
2042 5 1091 3 2040 2 2004 2 
1090 5 2041 5 2007 4 2043 5 
2006 4 1089 2 1438 3 2042 5 
1975 3 2048 4 1118 4 2025 4 
2046 2 1968 1 1791 1 
2045 2 1970 2 2047 2 1790 3 
1969 1 1789 1 1918 3 2046 2 
2024 2 2044 4 1982 3 1117 2 
777 1 1474 1 34 1 2050 1 
1473 2 778 2 2049 1 2051 3 
2052 4 1472 4 775 4 2050 3 
2053 3 2051 4 1471 2 776 3 
781 2 1478 4 2052 3 2054 3 
1477 2 782 3 2053 3 2055 2 
779 2 2056 2 2054 2 1476 2 
780 2 2055 2 2057 2 1475 3 
2058 4 2056 2 773 2 1470 3 
2057 4 1657 4 1469 5 774 4 
2396 3 2062 1 2060 2 2373 1 
2065 2 2059 2 2395 4 2372 2 
474 2 2398 2 2371 2 2062 2 
2397 1 2059 1 2370 1 2061 2 
2064 3 2066 3 2369 2 2400 2 
2067 3 2063 3 2399 2 2368 3 
2367 2 2402 1 2060 2 2066 2 
2401 4 2366 2 2065 2 2063 3 
2404 2 2068 2 2365 2 2064 3 
1928 1 2067 2 2403 3 2364 1 
149 1 657 2 719 1 745 1 
2071 1 1528 2 69 1 2073 2 
2070 1 1833 2 68 3 1527 2 
1530 2 67 2 2073 3 2075 2 
2072 3 66 2 2070 2 1002 3 
1532 2 65 3 2077 2 2075 2 
64 1 2072 2 1531 1 2074 2 
1534 1 63 2 2077 1 2079 3 
2076 1 62 2 1533 2 2074 2 
1930 2 1520 2 2079 3 71 3 
70 3 2078 3 1519 4 2076 3 
1004 2 1022 3 2081 4 2089 4 
2080 4 109 3 1003 5 1021 3 
1012 2 205 2 2083 2 1014 1 
2084 2 1011 2 1013 2 2082 2 
2083 2 2085 1 1010 2 1016 1 
1015 1 2086 2 2084 1 1009 1 
2087 2 2085 2 1008 2 1018 4 
1007 1 2086 2 1017 2 2088 2 
1020 2 1006 2 2089 4 2087 2 
1019 5 2080 4 1005 4 2088 4 
946 4 2108 5 1024 4 145 4 
1016 1 2094 3 1585 1 2092 1 
115 1 1584 2 2091 1 1015 1 
801 1 2094 3 1014 1 
2091 3 1013 3 2093 3 800 4 
2096 1 2240 2 2311 1 56 1 
2095 1 55 1 2097 2 
54 3 2098 2 2096 2 
53 2 2097 2 
1022 4 784 3 365 3 2100 4 
1021 2 783 2 2207 2 2099 4 
999 3 2102 4 1658 4 2107 4 
998 2 2101 4 2103 2 1646 2 
803 1 1001 3 2104 2 2102 2 
802 3 2103 2 1000 3 2109 2 
2106 1 800 2 
2105 1 1585 1 2107 2 
1584 3 2101 4 2106 2 
2090 5 945 3 144 2 1027 3 
2110 1 784 1 996 2 2104 2 
783 1 2171 1 2109 1 995 4 
1006 2 2114 2 959 2 2112 3 
1005 3 958 4 2111 3 2119 2 
2114 1 2116 2 957 2 1008 1 
1007 1 956 1 2113 1 2111 2 
1010 3 2116 3 963 2 2118 3 
2113 2 962 2 2115 3 1009 2 
961 1 2118 2 2217 1 1012 2 
960 3 2117 2 1011 2 2115 3 
2120 1 1004 1 968 1 2112 2 
2153 2 2119 1 1003 3 967 1 
369 3 2124 4 2179 2 2122 3 
2178 3 368 3 2121 3 2125 2 
371 3 2177 4 2128 3 2124 5 
2123 5 2176 3 2121 4 370 3 
367 1 2126 1 2175 2 2122 2 
2174 1 2125 1 366 1 
1392 3 2128 1 364 1 2181 1 
2123 3 363 2 2127 1 2180 1 
556 2 419 2 2138 3 2130 2 
100 1 418 3 555 1 2129 2 
2132 1 1420 2 550 1 425 1 
549 1 2131 1 2133 1 424 1 
548 1 2134 2 427 2 2132 1 
547 2 2133 2 2135 2 426 2 
2134 2 554 2 2136 1 421 1 
420 1 2135 1 553 2 2137 3 
2138 4 552 3 423 3 2136 3 
551 4 422 3 2137 4 2129 3 
1969 2 2140 2 1918 4 253 2 
2139 2 252 1 1917 2 2143 1 
250 4 2142 4 2144 3 1909 2 
2141 4 1908 4 249 4 2147 3 
2144 2 1911 1 2140 1 248 3 
2141 3 247 2 2143 2 1910 3 
246 1 2148 2 2146 3 1913 1 
1912 3 2145 3 1668 3 245 4 
2148 2 1915 1 1876 2 2142 3 
1914 3 2145 2 2147 2 2376 2 
2194 4 2307 3 2150 2 338 3 
2149 2 2193 2 337 2 2163 1 
2152 2 2461 1 2239 2 359 1 
2151 2 2238 4 2460 3 385 2 
2120 2 2154 4 2233 2 2467 2 
2466 3 2232 3 2153 4 2155 5 
2156 4 2465 4 2154 5 2235 3 
2155 4 358 2 2464 2 2234 2 
2158 2 2160 1 2192 1 344 1 
343 2 2157 2 2191 5 1553 3 
2162 3 346 3 2160 3 2190 4 
345 1 2157 1 2159 3 2189 1 
2162 4 2164 4 2188 5 340 4 
2159 3 2161 4 2443 1 2187 1 
342 3 2150 1 2164 1 2186 1 
2185 1 2161 4 341 1 2163 1 
941 2 381 2 401 1 271 1 
26 1 17 1 2168 2 
28 4 2168 4 2170 3 16 3 
2167 4 2166 2 15 4 27 3 
2170 2 22 3 2172 3 
21 2 2169 2 2167 3 
2172 2 2110 1 14 1 24 3 
2171 2 23 2 2169 3 
406 4 710 2 712 2 374 3 
2126 1 1793 1 2175 2 
2178 3 2125 2 2174 2 1792 3 
2177 2 2124 3 2179 1 1598 2 
2123 4 1597 3 2180 2 2176 2 
1600 3 2179 2 2175 3 2122 3 
2178 2 1599 1 2176 1 2121 2 
2177 2 1788 2 2181 1 2128 1 
2257 1 1787 2 2180 1 2127 1 
2183 1 402 2 378 1 714 3 
2182 1 2184 1 377 2 405 3 
929 1 376 2 2183 1 404 2 
2186 1 2164 1 2188 2 1627 2 
2185 1 2193 2 1626 3 2163 1 
1629 2 2162 1 2190 2 2188 2 
1628 2 2161 5 2185 2 2187 2 
2190 2 1623 2 2160 1 2192 1 
2189 2 2187 2 2159 4 1622 2 
2032 4 2192 4 2158 5 1625 4 
2191 4 2157 1 1624 1 2189 1 
2150 2 2194 4 2186 2 1631 2 
2149 4 2193 4 1630 4 876 3 
1243 2 1249 1 485 2 158 2 
2199 2 1873 3 2197 3 1841 5 
1840 2 2202 2 1870 2 2196 3 
2199 2 972 4 2034 2 1786 3 
2198 2 2196 2 1842 1 955 1 
1617 1 2203 1 741 2 1837 3 
1448 2 830 1 836 3 1065 1 
1839 3 1861 1 2197 2 2203 1 
1860 2 2200 1 2202 1 1838 2 
741 2 1835 1 1843 1 750 1 
156 2 1247 2 487 3 1249 2 
2214 4 2432 4 
2100 2 2208 2 2425 1 24 3 
23 2 2209 3 2424 2 2207 2 
2444 2 2208 3 2210 3 22 3 
21 3 2211 2 2426 3 2209 3 
2421 1 28 2 2210 2 2212 1 
2213 1 27 2 2211 1 2420 2 
2212 1 2214 3 2423 2 26 1 
2206 4 2213 3 2422 3 25 3 
1328 1 1893 2 2216 1 
1892 2 2215 1 1951 1 1327 2 
163 1 1256 3 494 3 2117 1 
2446 4 1820 3 301 3 299 2 
1255 3 1066 2 826 2 1257 3 
1657 2 13 2 1270 2 
308 2 300 2 1529 3 673 2 
824 4 1068 2 1257 3 2385 2 
184 4 2224 4 1711 2 202 2 
1482 3 2223 4 183 4 201 3 
1031 3 2227 3 192 3 194 3 
2410 2 1392 3 569 1 364 1 
193 2 2225 3 191 2 2228 3 
190 2 1707 2 2227 3 196 3 
1315 2 1706 2 1520 2 1930 2 
1707 1 198 1 188 1 1709 2 
1708 2 582 3 130 3 1698 3 
2233 1 566 2 2154 3 2235 1 
2232 1 565 2 967 1 2153 2 
564 3 2235 1 2237 2 2156 2 
563 1 2234 1 2232 1 2155 3 
2237 3 359 2 562 3 2239 3 
2236 3 2234 2 561 2 358 2 
560 3 2152 4 2241 5 2239 4 
2151 2 2236 3 559 2 2238 4 
568 2 2095 2 1759 3 2241 4 
385 3 2240 4 2238 5 567 4 
2243 2 884 1 2251 1 1074 1 
840 4 2242 2 883 2 1075 2 
876 4 1630 5 1081 4 2245 4 
1082 1 875 1 2246 2 2244 4 
1083 3 2245 2 2247 2 878 4 
1084 3 2248 1 2246 2 877 2 
880 2 2247 1 1077 1 2249 1 
1078 1 879 2 2250 2 2248 1 
439 2 2251 2 1079 3 2249 2 
438 1 1080 1 2250 2 2242 1 
2255 2 2253 1 1402 2 1397 3 
2263 1 1396 1 2252 1 1401 2 
2255 4 1395 3 1404 4 2300 3 
2254 4 2252 2 1394 2 1403 2 
2427 1 1406 1 2257 1 1393 2 
2181 1 1405 1 1392 3 2256 1 
569 2 1760 2 934 2 2259 3 
921 3 933 2 1748 3 2258 3 
2271 3 206 3 2261 2 
2260 2 1014 1 205 2 
938 2 581 3 1782 2 1398 2 
2253 1 2427 1 1391 1 1408 3 
928 2 1782 2 621 3 2265 3 
2266 3 2264 3 935 3 927 3 
2265 3 930 3 558 3 2267 3 
404 3 929 2 557 2 2266 3 
1694 4 2456 1 
2428 3 2478 2 
2272 1 2271 2 208 2 
2260 3 207 3 2270 2 
209 1 2270 1 
2276 2 2274 2 932 2 954 4 
2279 2 953 1 2273 2 931 2 
952 2 2276 1 1054 2 934 1 
2273 2 933 1 2275 1 951 1 
2278 2 621 2 950 2 2280 1 
2283 3 935 3 2277 2 949 2 
2274 2 2280 2 938 2 948 3 
937 2 947 1 2279 2 2277 1 
2324 2 2282 3 2288 2 526 3 
2281 3 2323 2 525 4 1817 3 
2278 3 930 3 944 2 2284 3 
943 2 929 2 2283 3 376 3 
1441 3 2328 2 2286 2 906 3 
2287 1 2285 2 2327 1 533 2 
2288 1 2326 1 2286 1 908 1 
2287 1 907 1 2281 2 2325 1 
948 4 870 3 2290 4 2296 3 
2289 4 2291 3 869 3 947 2 
950 3 2292 3 2290 3 868 3 
2298 4 2291 3 867 3 949 2 
874 2 254 2 2294 4 952 3 
951 3 2295 4 873 3 2293 4 
2294 4 2296 2 872 3 954 4 
953 1 2295 2 2289 3 871 2 
2300 3 1867 3 1400 4 1389 4 
2292 4 944 3 866 4 2299 4 
355 2 865 4 2298 4 943 2 
2297 3 2254 3 1399 1 1388 2 
439 2 2302 2 868 3 2304 2 
438 1 2301 2 2309 3 867 2 
2306 1 2304 1 870 1 880 2 
879 2 2303 1 869 2 2301 2 
2306 2 878 4 2308 3 872 3 
2303 1 2305 2 877 2 871 2 
2149 3 876 2 874 2 2308 3 
873 2 2307 3 875 2 2305 3 
2310 4 884 3 866 4 2302 3 
2309 4 328 2 865 4 883 2 
1759 2 2095 1 
1553 3 2033 3 1572 3 168 2 
1552 1 153 1 965 1 
1115 2 761 1 1105 1 758 2 
2316 2 969 4 150 3 1637 4 
2315 2 151 2 1552 1 711 2 
2318 4 2029 3 172 3 
171 3 2317 4 1571 3 2028 3 
2328 2 987 3 1441 3 2320 2 
1438 2 986 1 2006 3 2319 2 
979 3 2014 2 1126 3 2322 3 
1817 3 978 2 2323 2 2321 3 
981 1 2282 2 2324 1 2322 2 
2281 2 2325 1 980 1 2323 1 
2324 1 2326 1 2288 1 983 1 
982 1 2325 1 2287 1 2327 1 
2328 1 796 2 2326 1 2286 1 
2319 2 2327 1 795 1 2285 2 
61 2 164 3 903 2 440 2 
1760 1 2445 2 569 1 364 1 
2334 2 1047 2 796 3 2332 2 
1046 2 795 1 2339 3 2331 2 
983 1 2336 4 1049 1 2334 1 
2331 2 982 1 1048 2 2333 1 
2336 5 1051 2 981 2 2338 3 
2335 5 2333 4 980 4 1050 5 
2338 3 979 3 
1052 2 978 2 2337 3 2335 3 
2340 4 1045 3 987 4 2332 3 
2339 4 1044 2 986 2 1563 3 
2342 2 2348 2 610 3 125 4 
2341 2 124 1 2343 2 609 1 
612 2 123 3 2344 3 2342 2 
2343 3 611 2 122 3 
2346 1 129 2 
606 1 2347 3 2345 1 128 1 
127 3 608 5 2346 3 2348 3 
2341 2 126 2 607 1 2347 3 
1031 2 194 2 
46 4 321 3 323 3 1232 3 
1053 3 1199 2 1604 2 1032 2 
1236 2 44 3 324 1 321 1 
2356 3 2354 3 1734 3 718 3 
750 1 2353 3 715 2 1733 3 
2356 1 1736 1 1455 1 
2353 3 1735 2 2355 1 1454 3 
1202 3 459 2 2358 3 2362 3 
2357 3 458 2 2359 2 2363 2 
457 3 2358 2 
1241 2 1844 3 1124 2 2361 2 
1745 1 1240 2 2360 2 
382 2 2363 2 2357 3 
2362 2 2358 2 
1668 1 2068 1 1912 1 2365 1 
2067 2 2368 2 2364 1 1667 2 
1660 1 2066 2 2367 2 2369 1 
2065 2 2372 2 2366 2 1659 3 
1662 2 2369 2 2365 2 2064 3 
2368 2 1661 1 2063 2 2366 1 
2062 1 2373 1 1664 2 2371 1 
1960 1 2061 2 1663 1 2370 1 
2367 2 1666 2 2373 1 2060 2 
2059 1 2370 1 2372 1 1665 2 
1430 2 2375 1 1412 2 1266 2 
2374 1 2383 1 1429 1 1411 2 
246 1 1472 2 1876 2 2148 2 
2380 4 443 2 1422 2 2378 3 
461 2 441 3 2377 3 1421 2 
2382 2 2380 3 1424 2 1418 1 
2379 3 2377 4 1417 4 1423 3 
1426 1 2382 2 2384 2 1416 2 
2379 2 1425 2 2381 2 1415 2 
1428 1 1414 1 2375 1 2384 2 
2381 2 1413 2 1427 3 2383 2 
1762 2 2386 2 1430 2 2222 2 
1429 2 2385 2 2391 2 1370 2 
1424 3 2388 4 2394 3 279 2 
1423 3 2389 3 278 3 2387 4 
1365 2 2388 3 2390 1 1422 1 
1364 1 217 2 2389 1 1421 1 
2392 1 1367 2 2386 2 1428 1 
2393 2 2391 1 1366 2 1427 2 
2392 2 2394 3 1369 4 1426 2 
1425 2 2393 3 1368 2 2387 3 
2396 5 1866 3 2402 3 2060 4 
2059 3 1616 3 2395 5 2397 3 
2062 1 2398 1 1615 2 2396 3 
1942 1 1614 2 2061 2 2397 1 
2400 1 2404 1 1621 2 2064 2 
2399 1 1620 1 2401 3 2063 2 
2066 4 1869 3 2402 3 2400 3 
2395 3 2065 1 1868 1 2401 3 
68 5 2068 3 2404 3 1833 4 
2067 2 2399 1 1832 2 2403 3 
1331 2 2406 1 431 2 1306 2 
430 2 2405 1 2407 1 1330 1 
2406 1 2411 2 429 1 1333 2 
923 1 1391 1 2409 2 2415 2 
1390 3 2408 2 924 3 2410 3 
2226 2 1393 3 921 3 2409 3 
2407 2 1332 2 2416 2 428 5 
1395 1 2418 3 2413 1 927 2 
1394 1 2414 2 2412 1 928 1 
2415 3 1397 4 578 3 2413 2 
581 3 2414 3 1396 2 2408 2 
435 2 1335 3 2419 1 2411 2 
709 1 2418 3 1389 2 557 1 
2417 3 2412 3 558 4 1388 4 
59 2 434 1 1334 2 2416 1 
2423 3 114 2 2212 2 2421 2 
2211 1 2426 2 113 1 2420 2 
112 1 2432 3 2214 3 2423 2 
2420 3 2213 2 2422 2 111 4 
2425 1 110 2 2444 1 2208 2 
1021 1 2424 1 109 1 2207 1 
2421 2 108 3 2444 2 2210 3 
2263 1 2256 1 1407 1 1390 2 
2269 3 2473 2 2429 2 
2472 2 2428 2 
432 2 59 2 1336 3 1053 2 
2432 3 102 1 
2422 3 101 5 2431 3 2206 4 
1414 2 2442 2 2434 2 1404 3 
1403 1 1413 1 2433 2 2435 2 
2434 2 2436 3 1402 3 1416 3 
1415 2 2437 2 2435 3 1401 3 
1418 1 2436 2 2438 2 1408 3 
2439 4 1417 3 2437 2 1407 2 
2438 4 2440 3 443 3 1406 3 
441 2 2439 3 1405 1 1901 2 
633 2 1400 2 1412 2 2442 1 
1399 1 2433 2 1411 2 2441 1 
2162 1 1445 2 340 1 346 1 
2209 2 107 1 2426 2 2424 1 
2448 3 363 3 1761 2 2330 2 
2218 4 339 3 2452 4 291 3 
2450 1 370 1 1768 3 2448 2 
1767 3 2445 3 371 2 2447 2 
2450 1 368 2 1935 2 1770 2 
2449 1 2447 1 369 2 1769 2 
366 1 1764 2 1935 2 2454 1 
292 3 2446 4 299 2 2455 2 
1766 3 2454 1 
1765 2 2451 1 2453 1 
293 3 1375 1 2452 2 298 2 
2457 1 2268 1 45 2 
44 3 2456 1 
1759 2 102 1 2459 3 
101 5 385 3 2458 3 2460 4 
112 2 2459 4 2461 2 2152 3 
111 3 2151 1 2460 2 2462 1 
2463 3 114 1 359 1 2461 1 
2462 3 113 3 358 3 2464 3 
108 2 2156 2 2463 3 2465 2 
2466 2 107 2 2155 4 2464 2 
110 2 2154 3 2465 2 2467 1 
1003 3 2466 1 109 1 2153 2 
2469 5 296 4 303 4 1755 4 
2468 5 297 4 339 2 302 3 
2471 4 104 4 2477 4 
2470 4 2472 2 103 2 
2429 2 2471 2 2473 2 106 2 
2478 1 105 1 2428 2 2472 2 
2475 2 100 2 418 4 
2474 2 99 3 2476 1 
975 2 2477 1 2475 1 
2476 1 973 1 2470 4 
2473 1 2269 2 997 5 
