2571 5004 001
45 6 2540 3 3 4 
44 7 3 6 5 5 2542 5 
2541 6 1 4 43 5 2 6 
5 3 7 5 42 4 2544 5 
2543 7 41 3 4 3 2 5 
2456 2 7 5 40 7 2386 5 
39 5 6 5 2453 8 4 5 
903 7 1925 9 874 8 766 6 
1450 6 1501 3 12 7 10 6 
659 8 1500 7 9 6 619 7 
12 8 1503 10 14 6 1448 6 
1502 9 11 8 9 7 1447 7 
16 5 1505 6 1454 4 14 7 
11 6 1453 8 1504 8 13 7 
1507 8 18 4 16 4 1452 8 
13 5 1506 4 1451 6 15 4 
1805 4 18 2 1498 2 1446 3 
15 4 17 2 1445 4 1497 6 
26 9 1448 8 20 6 1061 7 
21 4 19 6 1447 3 1062 3 
1059 4 20 4 1450 7 22 6 
597 7 1060 7 619 6 21 6 
28 7 24 7 1065 7 1452 9 
887 7 25 6 23 7 1451 8 
24 6 26 7 1063 7 1454 3 
19 9 25 7 1064 7 1453 9 
1446 8 28 9 1057 6 1796 8 
1058 8 23 7 27 9 1445 6 
397 6 30 5 189 5 519 5 
29 5 396 5 35 3 518 7 
521 4 391 5 38 5 32 4 
2442 2 33 4 520 4 31 4 
34 3 2441 4 32 4 523 5 
199 4 33 3 522 3 2440 3 
36 2 525 2 2447 2 30 3 
2446 6 37 6 35 2 524 5 
527 7 36 6 38 7 2445 6 
37 7 392 8 31 5 526 5 
40 7 7 5 42 4 108 3 
39 7 107 7 206 7 6 7 
5 3 42 4 44 5 110 2 
41 4 109 11 4 4 39 4 
3 5 44 6 45 7 112 7 
2 7 43 6 41 5 111 7 
1 6 113 6 43 7 
49 7 2235 6 47 8 63 6 
54 5 2234 9 62 11 46 8 
2237 7 61 4 49 6 51 4 
2236 6 46 7 48 6 60 5 
59 5 53 4 51 5 2239 4 
2238 4 58 5 48 4 50 5 
2128 8 53 2 2241 2 57 6 
50 4 52 2 56 4 2240 5 
47 5 2233 4 55 3 65 3 
64 5 2232 6 54 3 2433 6 
59 5 53 4 621 7 57 8 
2458 7 56 8 620 5 52 6 
623 5 61 5 51 5 59 5 
50 5 56 5 58 5 622 4 
625 2 49 5 63 4 61 3 
48 4 58 5 624 7 60 3 
65 9 173 7 47 11 63 9 
626 5 60 4 62 9 46 6 
872 6 55 5 65 5 245 7 
861 4 62 9 64 5 54 3 
1789 6 519 4 233 3 67 4 
1790 4 413 8 518 7 66 4 
1796 4 69 4 1446 4 1805 5 
68 4 70 5 1795 6 
143 3 71 7 69 5 
70 7 72 6 1793 8 
164 7 71 6 73 2 
72 2 74 3 1799 3 
75 4 1798 4 73 3 
74 4 1797 4 
1036 8 1175 7 893 5 2243 6 
903 7 230 5 1474 5 1919 6 
79 5 267 3 925 5 
78 5 101 4 80 7 
81 8 79 7 100 9 
82 5 80 8 919 6 
81 5 186 2 83 1 
932 4 82 1 84 5 
1145 7 104 6 85 8 83 5 
926 5 86 5 84 8 1144 7 
1143 5 87 2 98 3 85 5 
2477 3 1142 3 86 2 97 5 
1356 5 366 7 
312 4 1730 3 1787 6 
413 9 1641 5 1790 5 91 5 
1640 3 1785 4 414 6 90 5 
96 3 2304 6 2116 5 93 3 
2115 2 94 2 92 3 2303 2 
93 2 2302 3 2117 4 
1650 3 2125 3 2301 4 96 1 
92 3 2300 6 95 1 2124 1 
98 6 1081 5 87 5 283 10 
97 6 926 3 86 3 1082 6 
924 4 2566 9 2398 7 102 6 
101 6 1088 7 919 7 80 9 
100 6 925 4 79 4 1089 4 
2567 6 922 4 99 6 
106 8 921 5 2569 9 927 9 
1084 5 84 6 932 5 926 3 
106 6 2388 6 924 3 2571 3 
103 8 2570 8 105 6 918 9 
108 3 40 7 2506 5 169 7 
107 3 168 5 109 10 39 3 
42 11 167 13 110 9 108 10 
111 4 109 9 166 6 41 2 
110 4 172 6 112 8 44 7 
113 6 43 7 111 8 171 9 
45 6 112 6 170 4 
369 9 115 7 1229 6 
116 8 114 7 367 3 1228 4 
115 8 117 8 372 10 1227 7 
118 7 116 8 370 7 1226 7 
117 7 1233 8 2246 11 119 7 
120 7 1232 3 2245 5 118 7 
1231 8 121 8 119 7 2248 7 
1230 4 120 8 2014 4 2247 7 
2354 3 123 4 2302 3 125 4 
2353 4 122 4 
962 6 2304 7 125 6 2352 6 
2303 4 2351 9 124 6 122 4 
133 4 1346 8 127 9 2063 5 
2525 9 126 9 2062 8 1345 9 
2057 3 1349 4 131 1 129 7 
134 10 1348 10 128 7 2056 9 
131 2 2206 7 1351 4 1907 5 
130 2 128 1 1350 1 1906 5 
1353 6 133 2 135 4 2053 4 
126 4 132 2 2052 5 1352 3 
129 10 1197 9 135 6 1355 6 
1899 4 132 4 1354 5 134 6 
463 5 139 5 1003 5 2317 7 
1794 5 307 5 1717 3 1800 5 
139 6 2538 4 461 6 1307 6 
460 5 136 5 138 6 2318 5 
459 8 385 5 2321 7 141 8 
458 9 144 10 2320 8 140 8 
385 4 1003 4 1315 3 457 6 
70 3 1793 4 1795 4 2158 2 
141 10 2325 7 455 11 145 5 
324 3 2324 5 454 4 144 5 
1794 6 1718 7 
150 8 2404 9 2131 8 148 9 
161 8 2196 6 2403 5 147 9 
2133 9 363 9 150 9 2402 10 
147 8 2401 8 149 9 2132 3 
2518 5 2390 8 2374 9 152 9 
2373 7 2389 12 153 6 151 9 
2372 2 154 4 2392 4 152 6 
2371 6 153 4 2391 7 1037 5 
162 6 509 5 748 3 156 5 
508 7 747 6 155 5 157 5 
158 3 750 5 507 6 156 5 
157 3 749 4 349 2 506 8 
2227 3 160 5 513 3 752 5 
1067 8 751 5 159 5 512 5 
148 8 2406 7 1069 5 2129 7 
155 6 1067 8 753 6 510 8 
1800 5 309 8 1722 4 229 4 
1793 9 72 7 1684 8 1799 8 
1745 8 1268 8 
167 10 110 6 172 8 993 7 
168 8 109 13 992 9 166 10 
167 8 169 9 108 5 995 6 
994 10 168 9 2161 8 107 7 
996 4 171 7 113 4 
998 8 170 7 112 9 172 7 
111 6 166 8 997 3 171 7 
62 7 626 3 2169 3 861 2 
1075 2 404 6 175 3 1339 3 
1074 4 1334 6 174 3 403 3 
1124 5 177 6 179 5 975 4 
176 6 182 6 596 6 974 5 
179 4 593 8 185 7 973 6 
178 4 594 5 176 5 972 5 
183 8 181 5 591 5 971 4 
362 5 970 6 180 5 592 6 
198 6 177 6 589 7 183 10 
180 8 197 9 590 10 182 10 
965 4 1060 5 597 5 185 6 
178 7 964 7 598 8 184 6 
932 5 82 2 1086 4 919 3 
196 4 188 2 342 4 225 2 
567 3 187 2 341 7 224 4 
219 6 190 3 29 5 348 9 
1663 7 189 3 191 5 347 5 
190 5 1403 9 350 8 192 7 
216 6 193 4 2231 7 191 7 
223 6 194 5 192 4 344 3 
195 6 343 7 193 5 222 6 
194 6 196 5 346 5 221 6 
195 5 187 4 345 6 2397 7 
198 5 971 5 183 9 2552 4 
197 5 182 6 974 5 2551 6 
34 4 409 6 1078 6 1343 6 
540 7 1364 7 201 5 969 6 
539 9 1188 5 200 5 202 5 
1366 4 544 5 201 5 
1312 6 784 3 204 3 765 4 
783 4 213 6 203 3 764 5 
2507 5 208 3 206 4 2387 7 
40 7 2386 5 205 4 2506 5 
210 8 760 9 792 5 1332 6 
1331 1 2502 4 205 3 2395 9 
790 5 210 6 212 5 762 6 
761 5 207 8 209 6 789 7 
756 8 214 6 788 6 212 7 
787 3 755 5 209 5 211 7 
204 6 214 6 786 10 758 8 
785 4 211 6 213 6 757 8 
1805 4 1498 2 
1403 8 192 6 223 8 790 6 
997 5 1192 9 1398 7 1427 8 
227 5 1415 8 1189 3 
397 7 189 6 791 10 1663 10 
1195 5 1155 6 995 6 1428 8 
785 6 2397 8 222 6 195 6 
788 4 223 7 194 6 221 6 
193 6 216 8 787 5 222 7 
2309 7 784 5 225 4 188 4 
783 3 2397 5 224 4 187 2 
1198 4 227 6 
218 5 226 6 1199 8 
2203 8 1902 4 1837 5 
292 9 310 5 1719 6 163 4 
743 5 77 5 907 5 1316 5 
1978 8 232 9 350 7 234 8 
2231 10 231 9 1979 7 1585 9 
234 6 1252 6 348 8 66 3 
233 6 347 9 231 8 1981 9 
236 9 1974 11 346 7 1586 8 
1587 8 235 9 345 8 1975 7 
2431 8 240 8 238 5 430 8 
237 5 2430 3 1911 3 429 7 
2439 5 426 6 240 7 242 5 
237 8 2438 6 425 6 239 7 
428 4 242 4 2437 4 244 4 
241 4 239 5 2436 6 427 7 
244 6 2435 9 422 8 246 5 
243 6 421 6 2434 4 241 4 
424 10 246 6 2433 8 64 7 
423 3 243 5 245 6 2432 4 
1068 6 1848 7 1577 5 986 3 
249 7 1702 8 1722 7 251 10 
248 7 1721 3 253 6 1701 2 
773 8 251 7 1720 5 2292 9 
2288 7 250 7 1719 9 248 10 
254 5 1718 4 1705 2 
1707 9 254 9 249 6 1717 5 
1706 6 252 5 1716 7 253 9 
1735 2 1401 4 1731 3 
257 5 1219 4 655 6 1646 4 
256 5 1746 5 654 6 1218 8 
1004 4 2225 4 2219 4 683 5 
266 5 651 9 260 5 1213 8 
261 5 650 3 1212 5 259 5 
260 5 1211 8 653 10 262 9 
652 5 1210 10 434 7 261 9 
1729 6 264 3 
1728 5 2229 3 263 3 
649 7 1748 8 1215 8 266 5 
259 5 648 4 265 5 1214 2 
704 3 78 3 268 3 
703 4 267 3 271 2 
272 11 700 9 270 9 990 9 
989 8 269 9 699 7 
698 7 272 6 268 2 
269 11 697 10 271 6 991 9 
274 5 1873 8 2110 3 
273 5 275 4 1872 7 2112 7 
2111 3 274 4 1638 4 963 3 
277 5 278 5 1804 6 1743 5 
1803 5 276 5 1742 6 1779 7 
276 5 1801 7 1744 4 
1364 7 969 6 1362 3 1036 6 
2366 9 645 9 281 9 1983 6 
644 5 927 8 280 9 2365 7 
1361 2 870 6 1418 4 1367 3 
2477 8 1230 6 284 10 97 10 
2476 8 1231 8 285 5 283 10 
2475 3 284 5 1232 1 286 4 
287 6 2474 7 1233 7 285 4 
1226 7 286 6 288 7 2480 5 
1227 6 2479 5 289 8 287 7 
288 8 1228 5 290 5 2478 5 
289 5 1229 3 
1363 3 1416 4 1361 3 868 6 
311 10 229 9 1720 10 1274 10 
1357 9 1365 8 1414 10 866 9 
1197 10 301 6 295 6 1086 7 
1085 3 1899 3 294 6 296 3 
297 4 1084 5 2053 4 295 3 
1083 8 296 4 303 10 2052 7 
299 7 1090 8 1907 9 484 9 
298 7 1906 6 300 6 1089 5 
1088 6 2057 7 301 6 299 6 
1087 3 2056 4 300 6 294 6 
679 4 2337 7 305 4 1890 10 
2063 9 1082 12 297 10 2014 8 
1901 4 542 3 1651 6 725 4 
1336 5 1889 3 2336 2 302 4 
307 5 1794 5 
137 5 308 7 306 5 
307 7 309 10 1802 7 1800 7 
163 8 308 10 1801 10 310 9 
1804 7 229 5 311 6 309 9 
292 10 431 5 1803 5 310 6 
89 4 2528 9 314 7 
2530 6 314 7 1788 9 618 9 
1787 9 313 7 312 7 2531 8 
812 5 492 6 1624 5 316 5 
811 4 726 7 317 5 315 5 
2470 5 720 6 316 5 318 7 
719 9 319 8 2464 11 317 7 
320 7 318 8 2482 7 718 5 
319 7 717 6 321 8 815 7 
818 7 724 9 320 8 322 9 
723 7 817 9 323 8 321 9 
2529 5 324 6 722 11 322 8 
323 6 2276 7 145 3 721 4 
445 3 1897 4 2332 7 1336 7 
327 10 812 7 502 7 952 5 
326 10 811 7 951 13 334 7 
954 5 329 11 2529 6 331 7 
953 9 2051 9 328 11 2276 11 
818 5 956 6 331 5 333 7 
817 7 330 5 955 5 328 7 
958 4 333 5 2482 4 335 5 
332 5 815 8 330 7 957 7 
335 6 960 3 2470 4 327 7 
334 6 2464 11 959 8 332 5 
339 5 2114 3 337 5 
2113 4 1543 3 336 5 
2112 5 339 4 340 6 
336 5 2111 5 338 4 
2110 6 338 6 
2360 7 188 7 342 9 1818 10 
1587 6 345 6 187 4 341 9 
194 7 346 6 344 5 1586 7 
343 5 2231 6 1585 5 193 3 
342 6 196 6 236 8 346 6 
343 6 195 5 235 7 345 6 
348 11 234 9 350 8 190 5 
347 11 519 9 233 8 189 9 
1045 5 158 2 516 6 745 3 
347 8 231 7 191 8 2231 8 
352 9 977 7 1091 5 1322 8 
351 9 386 8 1321 8 1016 9 
356 5 754 6 877 7 354 9 
359 8 878 6 753 6 353 9 
356 4 875 5 543 9 752 8 
353 5 751 1 355 4 876 3 
358 10 360 8 750 8 881 7 
357 10 749 8 882 7 361 7 
354 8 748 5 879 6 360 7 
747 6 357 8 880 6 359 7 
358 7 362 3 745 4 883 3 
181 5 884 5 744 7 361 3 
1042 8 2205 5 2399 6 149 9 
1329 9 1426 6 365 7 2250 7 
1328 6 364 7 
2460 11 2497 7 88 7 368 6 
372 5 115 3 2523 4 369 5 
2459 5 366 6 
2522 7 114 9 2253 6 367 5 
372 9 2246 11 2521 7 117 7 
373 5 2493 4 1381 6 2484 4 
370 9 2520 8 367 5 116 10 
561 4 371 5 2483 6 2492 5 
377 8 507 8 535 5 375 5 
506 8 382 8 374 5 534 4 
377 8 509 7 379 5 533 5 
376 8 374 8 532 12 508 8 
381 4 531 7 511 6 379 4 
530 3 378 4 510 5 376 5 
381 2 1703 3 529 2 513 3 
512 2 378 4 380 2 528 3 
383 9 375 8 537 11 516 12 
1332 4 515 7 382 9 536 8 
2495 8 1498 6 387 7 
142 4 140 5 1313 6 456 3 
1093 5 352 8 1323 6 
1390 5 2494 5 1497 7 384 7 
389 4 1375 3 2443 5 830 6 
1376 5 388 4 829 6 394 5 
828 3 572 6 1373 5 2443 4 
392 8 530 4 2442 3 31 5 
2445 7 533 7 391 8 38 8 
398 8 1372 10 2444 10 825 11 
824 9 395 5 1369 4 389 5 
394 5 2444 5 1370 5 823 7 
397 6 537 7 2447 4 30 5 
29 6 219 7 396 6 536 9 
1378 3 393 8 822 5 399 7 
1155 8 821 8 398 7 1379 13 
1391 7 1393 8 1505 7 2489 9 
1335 3 402 2 410 6 614 6 
403 2 613 5 401 2 1334 5 
402 2 404 6 612 4 175 3 
403 6 174 6 405 8 611 5 
406 5 1339 5 404 8 1156 9 
405 5 1338 4 407 4 617 4 
616 7 406 4 408 4 1341 4 
587 8 407 4 615 5 1340 4 
199 6 610 4 522 5 410 7 
609 9 409 7 401 6 1343 7 
412 6 1785 6 414 8 527 6 
411 6 526 5 417 5 1786 6 
67 8 90 9 525 7 414 10 
524 8 91 6 413 10 411 8 
416 5 419 4 523 4 1781 3 
415 5 522 6 610 5 1782 5 
521 4 412 5 1783 7 419 5 
1080 6 615 7 587 10 
415 4 1784 6 417 5 520 5 
1745 7 1749 7 1495 5 1264 7 
428 6 936 6 244 6 422 8 
423 6 2463 6 243 8 421 8 
424 7 246 3 422 6 2462 5 
423 7 245 10 872 9 2461 8 
426 5 240 6 940 10 430 6 
425 5 2468 8 239 6 427 8 
428 7 2467 7 426 8 242 7 
241 4 427 7 421 6 2466 11 
430 10 929 8 238 7 768 8 
928 7 429 10 237 8 425 6 
432 4 1274 5 311 5 1270 6 
431 4 1269 6 472 4 1273 5 
1365 4 2268 3 1412 6 1414 6 
1080 5 262 7 
1282 6 477 5 
1915 10 1474 5 766 6 903 7 
956 7 1679 6 444 9 438 6 
955 5 439 6 1680 7 437 6 
954 4 1681 8 440 7 438 6 
953 6 1682 8 439 7 1519 7 
448 10 1675 10 960 6 442 6 
443 4 959 5 1676 4 441 6 
444 8 958 6 442 4 1677 5 
443 8 957 8 437 9 1678 9 
325 3 446 3 1896 6 1439 2 
2334 6 445 3 1895 7 451 6 
1689 7 952 5 669 10 448 10 
441 10 1690 8 951 13 447 10 
2331 2 1892 4 452 4 450 4 
2330 4 1854 3 1891 3 449 4 
452 6 446 6 2329 8 1894 7 
2328 4 1893 8 451 6 449 4 
1516 5 2034 5 1876 5 799 5 
721 5 455 10 145 4 1751 10 
454 10 1750 8 458 10 144 11 
1753 6 459 6 385 3 457 5 
462 8 1752 6 456 5 142 6 
1755 6 141 9 459 9 455 10 
458 9 140 8 1754 8 456 6 
139 5 1757 8 461 5 463 5 
460 5 696 6 1756 6 138 6 
1759 8 457 8 463 6 1003 6 
136 5 460 5 462 6 1758 5 
1387 7 491 7 479 5 465 3 
466 8 490 4 1386 6 464 3 
465 8 489 10 1389 8 467 13 
466 13 1388 10 468 8 488 11 
1383 6 495 4 469 5 467 8 
1382 7 494 5 468 5 470 8 
1385 9 493 8 471 7 469 8 
1624 5 470 7 492 6 1384 5 
473 4 432 4 1276 5 1266 6 
1265 4 472 4 1275 5 474 7 
1264 9 473 7 475 6 1278 6 
1263 4 474 6 476 3 1277 3 
1268 6 477 5 1280 6 475 3 
476 5 1267 4 2355 6 435 5 
860 11 479 10 487 9 1397 10 
464 5 1392 6 478 10 486 8 
481 10 1622 8 1838 10 483 9 
1837 5 480 10 1621 8 
1840 7 483 8 1620 6 485 7 
1839 9 1619 8 480 9 482 8 
485 5 1662 6 1834 8 298 9 
1833 4 1623 5 484 5 482 7 
487 7 562 11 479 8 491 10 
2492 4 561 3 478 9 486 7 
558 5 489 8 495 7 467 11 
466 10 488 8 490 6 557 4 
560 5 465 4 489 6 491 8 
559 8 464 7 490 8 486 10 
315 6 554 5 493 7 471 6 
492 7 470 8 553 5 494 5 
556 6 469 5 493 5 495 4 
468 4 488 7 555 7 494 4 
736 9 560 7 497 5 499 6 
559 3 496 5 735 1 504 5 
501 5 738 5 499 5 558 4 
737 4 557 2 498 5 496 6 
732 5 556 8 501 5 503 7 
555 6 498 5 731 8 500 5 
554 4 734 7 326 7 503 6 
553 5 502 6 733 8 500 7 
730 10 562 11 505 6 497 5 
561 2 2483 4 504 6 729 4 
375 8 507 11 516 12 158 8 
508 8 374 8 506 11 157 6 
507 8 156 7 509 7 377 8 
510 7 155 5 376 7 508 7 
509 7 511 7 162 8 379 5 
510 7 378 6 512 4 1067 7 
381 2 513 3 160 5 511 4 
672 6 159 3 512 3 380 3 
901 9 866 10 1357 10 862 13 
383 7 516 10 759 10 1045 9 
515 10 349 6 506 12 382 12 
1519 8 1682 9 1823 6 1563 11 
525 6 67 7 519 7 30 7 
66 4 348 9 29 5 518 7 
521 4 32 4 523 5 419 5 
417 4 520 4 526 4 31 4 
34 3 416 6 409 5 523 5 
415 4 33 5 522 5 520 5 
414 8 525 5 36 5 527 6 
518 6 413 7 524 5 35 2 
527 5 412 5 521 4 38 5 
37 7 526 5 524 6 411 6 
531 6 2441 3 529 3 381 3 
2556 2 2440 4 528 3 380 2 
379 3 531 6 533 3 391 4 
528 6 2442 5 530 6 378 7 
535 9 2445 9 533 9 377 12 
392 7 532 9 530 3 376 5 
537 7 535 4 2447 4 375 4 
532 9 2446 6 374 5 534 4 
537 10 397 9 383 8 791 12 
536 10 396 7 534 7 382 11 
2539 4 1568 7 2515 5 2419 6 
540 11 201 9 1817 10 544 9 
539 11 200 7 541 9 656 11 
725 7 542 6 969 8 540 9 
549 6 304 3 541 6 968 5 
355 9 842 9 1013 9 1437 8 
202 5 539 9 
546 8 1007 7 842 7 1435 7 
545 8 1006 7 547 8 1436 8 
1433 6 548 8 1005 8 546 8 
1434 9 547 8 856 7 1004 6 
1651 9 542 6 967 5 550 8 
966 7 2230 8 549 8 794 7 
1429 9 552 8 858 8 1009 11 
798 4 551 8 1430 5 1008 3 
503 5 493 5 554 3 556 6 
502 4 492 5 812 4 553 3 
501 6 556 9 495 7 558 5 
494 6 500 8 555 9 553 6 
499 2 558 1 489 4 560 3 
488 5 498 4 557 1 555 5 
491 8 497 3 562 9 560 5 
490 5 559 5 496 7 557 3 
373 4 562 7 487 3 505 2 
561 7 559 9 504 11 486 11 
891 8 865 8 2220 8 1508 11 
565 6 991 6 
564 6 566 5 990 7 
989 6 565 5 
188 3 1032 5 2360 3 2309 6 
1036 7 569 8 1364 8 2243 5 
568 8 1031 5 1188 7 2244 6 
1026 8 1362 4 1036 7 893 4 
1035 5 1033 5 2363 3 2312 5 
390 6 573 9 1177 5 1055 6 
1178 7 1054 8 572 9 574 9 
575 7 1049 6 573 9 1182 7 
574 7 1048 8 576 9 1183 4 
577 8 1047 10 1180 10 575 9 
1181 5 1046 5 576 8 578 5 
1186 5 579 5 577 5 1053 6 
1187 5 1052 4 578 5 580 3 
1184 3 579 3 1051 4 581 6 
1050 8 862 11 1185 9 580 6 
1163 5 583 7 
582 7 584 7 1166 9 
1165 6 586 5 583 7 
674 3 1841 7 1883 6 1843 4 
584 5 1159 5 587 9 
418 10 408 8 1158 10 586 9 
1347 5 1342 9 2389 9 2500 4 
590 7 2242 6 596 7 182 7 
1257 7 589 7 183 10 591 7 
180 5 592 6 590 7 1318 8 
884 6 1255 11 181 6 591 6 
178 8 594 9 598 9 1262 11 
1261 7 593 9 179 5 1124 5 
1123 6 1125 5 2041 7 640 5 
1259 6 589 7 1124 5 177 6 
22 7 598 7 2204 6 184 5 
2199 5 593 9 597 7 185 8 
702 7 2041 8 602 5 600 7 
605 8 2040 8 701 6 599 7 
1566 2 602 2 2039 4 608 3 
2038 5 601 2 1564 3 599 5 
706 7 2037 7 606 6 604 4 
1466 3 2036 3 603 4 705 3 
600 8 606 7 708 7 2035 7 
707 6 605 7 603 6 1842 5 
2472 6 608 3 1553 5 1824 6 
607 3 2028 4 1551 7 601 3 
410 9 610 6 614 9 1218 10 
409 4 609 6 416 5 1219 3 
1214 2 1156 6 612 3 404 5 
613 7 1215 6 403 4 611 3 
612 7 402 5 1216 7 614 9 
1217 8 609 9 401 6 613 9 
418 7 616 8 408 5 1210 9 
407 7 615 8 617 7 1211 8 
1156 8 616 7 406 4 1212 7 
1879 9 1499 11 1849 8 313 9 
2204 5 1450 7 10 7 22 6 
905 3 1463 3 57 5 621 4 
663 6 622 6 56 7 620 4 
1461 7 621 6 623 4 59 4 
58 5 622 4 1456 5 624 7 
668 6 61 7 625 6 623 7 
60 2 626 3 624 6 1468 5 
625 3 63 5 173 3 2305 4 
665 4 628 3 
629 8 658 4 627 3 2459 5 
1734 8 2460 13 628 8 657 6 
1245 5 2068 1 1705 2 
634 8 2288 8 2070 8 632 10 
2069 7 2292 11 1301 8 631 10 
1701 9 634 11 1246 15 2072 12 
631 8 2071 5 1702 5 633 11 
2127 5 1121 8 1154 5 636 3 
1146 2 635 3 637 6 1120 3 
638 6 1119 7 636 6 2095 7 
637 6 1118 6 639 6 2094 3 
640 7 1125 7 2097 6 638 6 
639 7 641 7 2096 4 595 5 
1123 8 642 8 640 7 2099 9 
1122 6 2098 6 641 8 643 8 
1127 10 642 8 2025 6 
281 5 920 3 645 5 
644 5 280 9 
2215 10 649 5 1748 6 647 7 
2214 8 654 8 1746 7 646 7 
2213 5 651 8 266 4 649 6 
265 7 646 5 648 6 2212 3 
653 8 260 3 2211 6 651 7 
259 9 648 8 650 7 2210 6 
262 5 653 6 
650 8 2209 6 261 10 652 6 
257 6 655 7 2217 5 647 8 
1991 5 2216 5 654 7 256 6 
1903 10 725 9 1817 10 540 11 
629 6 1733 2 1483 4 658 2 
843 2 628 4 665 5 657 2 
10 8 2204 6 660 5 860 8 
1462 5 2199 3 1392 4 659 5 
664 8 662 7 1260 6 1389 6 
1259 5 661 7 667 5 1388 6 
621 6 1694 9 1461 7 1463 5 
661 8 1386 8 1462 7 1261 7 
666 8 627 4 1493 4 658 5 
665 8 1492 13 
2242 5 1383 7 1141 5 662 5 
1468 5 624 6 1697 2 1456 4 
1845 6 734 10 447 10 670 7 
733 6 1479 4 669 7 1846 6 
2228 8 672 8 682 8 1704 5 
1703 6 513 6 671 8 2227 6 
2481 7 1841 8 674 4 738 5 
675 5 585 3 673 4 737 3 
1843 6 674 5 736 9 676 7 
735 3 1844 3 2536 7 675 7 
678 3 1709 5 2226 7 680 4 
677 3 683 3 2225 2 1708 3 
680 2 302 4 1711 3 2224 3 
679 2 1710 5 677 4 2223 5 
1713 4 684 2 2222 3 682 5 
2221 7 671 8 681 5 1712 5 
1715 7 684 3 258 5 678 3 
1714 5 2219 2 683 3 681 2 
1755 5 686 4 694 5 2290 4 
2289 3 687 9 685 4 1754 4 
1753 13 688 11 686 9 988 15 
689 6 2291 6 687 11 1752 5 
688 6 690 5 2294 8 1759 7 
2293 5 689 5 1758 5 691 4 
692 2 2296 6 1757 7 690 4 
950 2 691 2 1756 4 2295 4 
1751 13 694 9 935 9 2298 9 
1750 4 693 9 2297 6 685 5 
1590 2 696 5 2539 3 1568 6 
695 5 461 6 1589 9 2538 4 
272 10 698 11 700 8 1619 10 
697 11 271 7 703 9 1620 7 
1621 8 700 7 270 7 
699 7 269 9 697 8 1622 5 
708 5 600 6 702 6 1021 5 
599 7 1564 5 1022 7 701 6 
268 4 704 4 1623 6 698 9 
267 3 703 4 925 5 1662 4 
1017 6 706 6 604 3 1244 5 
705 6 707 7 603 7 1018 8 
606 6 706 7 1019 6 708 6 
701 5 1020 4 605 7 707 6 
710 5 2099 8 712 8 2139 7 
2138 5 2098 4 709 5 
714 11 2141 8 712 8 2097 5 
2096 6 711 8 709 8 2140 6 
716 8 714 12 2143 6 2095 7 
711 11 2142 12 713 12 2094 9 
1955 5 2145 5 1154 7 716 7 
713 8 715 7 1146 4 2144 5 
724 7 718 4 320 6 1201 6 
717 4 719 6 319 5 1200 3 
1203 8 318 9 720 8 718 6 
1202 7 317 6 726 8 719 8 
454 5 722 9 1205 6 324 4 
723 10 721 9 1204 10 323 11 
722 10 322 7 724 7 1207 3 
723 7 717 7 1206 9 321 9 
541 7 656 9 1900 7 304 4 
1209 5 720 8 1624 7 316 7 
728 3 775 7 1002 6 
727 3 1001 9 742 5 
1444 6 730 8 505 4 1499 7 
504 10 2536 10 729 8 735 6 
738 8 2481 10 501 8 732 8 
733 6 1479 4 500 5 731 8 
732 6 670 6 503 8 734 9 
952 5 502 7 669 10 733 9 
736 5 676 3 497 1 730 6 
735 5 496 9 737 7 675 9 
499 4 736 7 738 4 674 3 
731 8 498 5 737 4 673 5 
1460 5 741 4 
1458 4 741 6 
739 4 1457 7 740 6 
1000 10 728 5 
230 5 746 6 1913 8 1474 5 
970 8 745 8 1045 10 362 7 
744 8 749 5 349 3 361 4 
1469 2 1912 3 743 6 907 6 
750 6 360 6 156 6 748 4 
359 5 753 3 155 3 747 4 
750 6 358 8 158 4 745 5 
747 6 749 6 357 8 157 5 
356 1 752 5 160 5 754 2 
751 5 1013 8 159 5 355 8 
162 6 354 6 748 3 754 3 
1067 5 353 6 753 3 751 2 
2550 5 212 5 762 6 756 6 
2549 6 211 8 757 10 755 6 
758 10 756 10 214 8 2548 11 
764 7 757 10 213 8 2547 8 
760 10 515 10 1332 7 2554 8 
759 10 207 9 2553 7 761 6 
210 5 2552 3 762 5 760 6 
761 5 755 6 209 6 2551 7 
874 4 770 2 1909 5 766 2 
765 6 758 7 2546 8 204 5 
764 6 2545 4 2428 9 203 4 
1908 4 436 6 8 6 763 2 
1638 6 1550 6 963 5 1319 6 
770 4 1911 4 429 8 854 4 
771 3 1870 5 1584 3 981 4 
763 2 1910 5 768 4 841 4 
774 6 980 7 769 3 1583 5 
810 3 840 5 782 6 773 7 
250 8 839 8 809 9 772 7 
1582 6 771 6 1106 5 983 7 
727 7 814 7 834 7 776 6 
777 3 813 5 775 6 833 2 
778 5 776 3 832 3 816 5 
831 7 777 5 779 7 1920 4 
778 7 1636 6 780 7 838 9 
781 8 779 7 837 4 1625 6 
782 9 780 8 820 9 836 9 
781 9 835 7 772 6 819 10 
225 3 786 8 204 4 784 4 
2415 3 224 5 203 3 783 4 
221 6 786 8 214 4 788 4 
785 8 2397 10 783 8 213 10 
788 2 212 3 790 3 223 5 
787 2 222 4 785 4 211 6 
1403 8 790 6 210 7 792 4 
787 3 209 5 789 6 216 6 
1332 8 219 10 792 7 536 12 
207 5 789 4 1663 7 791 7 
2027 5 1515 6 794 6 796 6 
2026 6 793 6 1514 6 550 7 
796 7 2029 8 1513 5 1874 5 
795 7 1512 4 1822 8 793 6 
1626 6 804 7 853 7 798 5 
552 4 797 5 852 6 1627 5 
800 7 453 5 2033 6 1509 3 
1508 11 2032 13 799 7 1868 9 
847 7 802 7 808 6 1630 6 
1631 6 803 5 801 7 846 5 
1628 4 802 5 845 4 804 6 
844 10 803 6 797 7 1629 7 
976 3 1634 7 806 5 851 8 
807 6 1635 6 805 5 850 6 
1632 6 806 6 808 6 849 5 
1633 5 801 6 807 6 848 5 
1720 6 810 5 773 9 1274 6 
1273 5 772 3 809 5 819 7 
327 7 316 4 812 4 2470 4 
315 5 326 7 811 4 554 4 
1282 7 814 6 776 5 816 7 
813 6 775 7 
333 8 2482 7 320 7 818 6 
1920 4 813 7 2355 7 777 5 
331 7 818 7 2529 6 322 9 
817 7 330 5 321 7 815 6 
820 10 782 10 810 7 1276 8 
1275 8 819 10 1625 7 781 9 
994 7 399 8 2161 5 822 6 
2160 6 398 5 825 8 821 6 
2185 11 395 7 826 8 824 11 
394 9 829 10 2184 11 823 11 
2187 8 822 8 393 11 826 7 
2444 6 823 8 2186 4 825 7 
830 7 2443 6 2181 4 828 5 
390 3 2180 4 1055 3 827 5 
830 8 824 10 389 6 2183 8 
2182 5 827 7 829 8 388 6 
778 7 1295 5 838 9 832 5 
1296 4 777 3 833 2 831 5 
834 3 832 2 1293 2 776 2 
1294 3 833 3 1002 6 775 7 
782 7 836 7 1299 3 840 6 
1300 6 835 7 837 5 781 9 
1297 3 836 5 838 6 780 4 
1298 7 831 9 837 6 779 9 
840 6 773 8 2292 9 1301 6 
839 6 772 5 835 6 1302 4 
854 4 874 6 770 4 1984 6 
1012 6 545 7 543 9 1438 4 
1780 2 658 2 1493 1 1483 4 
853 10 804 10 2333 8 845 8 
846 4 803 4 2332 7 844 8 
845 4 847 5 1439 3 802 5 
2334 7 801 7 846 5 848 6 
2329 7 849 4 847 6 808 5 
2328 3 850 5 807 5 848 4 
851 9 2331 4 849 5 806 6 
850 9 2330 7 1320 11 805 8 
853 8 2337 7 798 6 1008 5 
2336 6 844 10 852 8 797 7 
929 4 1449 5 841 4 768 4 
2137 5 857 7 1485 6 2167 8 
858 4 548 7 1431 8 1011 6 
1480 8 855 7 2166 5 2136 7 
551 8 856 4 1432 2 1010 3 
1220 6 1540 2 1169 3 1895 6 
1392 7 478 11 1500 7 659 8 
65 4 1441 4 173 2 872 5 
1358 9 581 11 900 9 514 13 
870 8 892 5 864 5 1367 5 
891 5 863 5 1368 7 865 5 
866 6 563 8 1365 5 864 5 
514 10 865 6 293 9 2220 6 
868 6 1363 3 896 2 1025 5 
867 6 869 6 895 13 291 6 
868 6 870 7 1361 3 894 7 
869 7 282 6 2255 8 863 8 
2126 7 2159 8 1490 9 1484 8 
64 6 1440 8 424 9 861 5 
897 6 2010 4 1877 5 2516 7 
763 4 1924 7 8 8 841 6 
876 4 1113 6 355 5 1437 4 
877 5 875 4 1112 5 356 3 
1111 3 876 5 878 4 353 7 
877 4 1110 4 879 4 354 6 
359 6 878 4 880 5 1117 4 
879 5 1116 5 360 6 881 5 
882 4 1115 3 357 7 880 5 
881 4 358 7 883 3 1114 3 
1109 4 882 3 884 5 361 3 
1108 8 362 5 883 5 592 6 
1107 6 886 6 904 6 2511 6 
885 6 2005 8 888 4 2510 4 
2381 8 24 7 1065 7 1063 8 
2008 6 2509 6 2049 6 886 4 
890 5 2244 5 1172 8 1031 4 
1171 5 889 5 
1511 4 563 8 864 5 892 5 
2255 5 863 5 1510 5 891 5 
76 5 1176 5 899 4 570 4 
895 14 2255 8 869 7 1512 6 
894 14 868 13 896 9 1515 12 
1360 2 895 9 867 2 1514 3 
2515 6 873 6 2002 8 2073 6 
1025 6 1168 7 899 6 1363 4 
1167 5 898 6 1026 8 893 4 
1517 3 901 5 1050 6 862 9 
514 9 900 5 2220 5 1516 4 
904 4 2004 4 2513 5 2073 5 
77 7 8 7 436 7 1918 7 
902 4 2512 3 885 6 2003 5 
1241 4 906 8 620 3 2458 5 
2457 8 910 8 905 8 1240 7 
1921 9 230 5 1792 6 746 6 
2450 10 1239 9 909 11 911 8 
2449 5 1238 4 908 11 912 5 
1237 7 906 8 2452 5 911 3 
1236 2 908 8 910 3 2451 8 
2455 4 909 5 913 5 1235 4 
1234 5 912 5 2454 6 
915 6 1736 7 917 9 2473 5 
914 6 1737 6 
1553 8 2472 9 1738 6 917 9 
2471 9 914 9 916 9 1739 7 
921 6 1459 8 2388 9 106 9 
1087 3 100 7 186 3 81 6 
921 2 644 3 927 6 
918 6 103 5 920 2 
1455 5 2398 5 102 4 
924 4 2398 7 1457 7 2388 7 
923 4 2555 4 99 4 105 3 
101 4 704 5 78 5 1090 6 
85 5 98 3 1083 7 104 3 
2568 6 281 8 920 6 103 9 
1242 5 430 7 940 11 929 5 
1563 9 854 4 429 8 928 5 
931 4 938 4 1209 3 1109 5 
930 4 1465 4 1208 6 1108 6 
186 5 83 4 104 5 1085 5 
1111 3 2465 7 934 5 1207 3 
1110 5 1206 7 933 5 939 5 
2465 7 1113 7 693 9 1205 7 
421 6 2466 11 1561 8 2463 4 
938 5 2469 10 1203 7 1115 4 
937 5 930 4 1202 5 1114 3 
2469 9 1201 6 1117 4 934 5 
1557 11 2468 13 928 11 425 10 
942 2 2177 4 1594 4 948 4 
941 2 1593 4 943 3 2176 3 
2179 2 1592 4 944 4 942 3 
943 4 2178 4 949 5 1591 4 
1104 4 946 6 1598 4 2173 5 
2172 6 945 6 947 6 1597 5 
2175 9 948 6 946 6 1596 5 
947 6 2174 4 1595 7 941 4 
950 4 1590 3 944 5 2171 4 
692 2 949 4 1589 7 2170 6 
952 8 448 13 327 13 960 9 
951 8 734 5 447 5 326 5 
1807 7 440 6 329 9 954 3 
328 5 439 4 953 3 955 3 
438 5 331 5 954 3 956 6 
437 7 957 6 330 6 955 6 
956 6 444 8 958 6 333 7 
332 4 443 6 957 6 959 7 
958 7 335 8 442 5 960 5 
334 3 959 5 441 6 951 9 
2301 6 2357 5 2508 4 962 5 
124 6 2356 6 2300 8 961 5 
2114 3 767 5 1854 3 275 3 
973 6 2546 7 965 5 185 7 
184 4 2375 5 964 5 2545 4 
550 7 1360 5 967 4 1514 6 
1359 4 966 4 549 5 968 4 
1362 4 969 7 967 4 542 5 
968 7 279 6 200 6 541 8 
744 8 2554 5 181 6 971 5 
197 5 970 5 2553 5 180 4 
973 7 975 4 2548 8 179 5 
972 7 964 6 2547 8 178 6 
198 5 2550 5 975 3 177 5 
972 4 2549 3 974 3 176 4 
805 3 1320 6 977 3 1099 4 
1319 6 351 7 976 3 1100 5 
981 7 979 6 1870 8 1272 7 
978 6 2501 4 1271 6 1869 4 
1741 7 771 7 981 8 983 8 
978 7 980 8 1281 6 769 4 
985 5 2358 4 983 6 1106 4 
1279 5 982 6 980 8 774 7 
2350 7 1056 5 987 8 985 5 
982 5 1044 7 2347 5 984 5 
987 6 2341 5 1876 2 247 3 
1068 9 2338 6 986 6 984 8 
2291 10 2289 9 1433 10 687 15 
566 6 270 8 990 8 
991 7 989 8 269 9 565 7 
990 7 564 6 272 9 
995 7 167 9 1428 9 993 6 
997 2 1427 5 992 6 166 7 
1155 7 169 10 821 7 995 7 
992 7 168 6 994 7 220 6 
170 4 998 5 1415 8 
217 5 993 2 998 4 172 3 
171 8 997 4 996 5 1398 6 
1000 6 1536 2 
742 10 1537 9 999 6 1001 14 
1002 12 728 9 1000 14 1534 9 
1001 12 1535 6 727 6 834 6 
2316 6 142 4 136 5 462 6 
258 4 1011 5 1005 6 548 6 
1006 7 547 8 1004 6 2219 6 
1005 7 1007 6 546 7 2222 4 
1012 6 2221 7 545 7 1006 6 
2224 4 1009 6 852 5 552 3 
1008 6 551 11 2223 8 1010 6 
1011 5 2226 6 858 3 1009 6 
1010 5 1004 5 2225 5 856 6 
1007 6 842 6 2228 6 1013 6 
752 8 2227 6 543 9 1012 6 
1551 7 1015 3 2368 7 1024 5 
1738 3 1014 3 1553 5 2367 2 
1999 9 1093 6 352 9 1091 5 
705 6 1018 8 1818 7 2360 4 
1017 8 1019 7 706 8 2359 8 
2362 6 707 6 1020 4 1018 7 
708 4 1021 4 1019 4 2361 7 
1020 4 1022 6 2364 3 701 5 
2363 4 1021 6 702 7 1023 5 
1564 3 1024 4 1547 5 1022 5 
1566 4 1014 5 1546 7 1023 4 
898 6 1360 5 1026 8 867 5 
570 8 1359 8 899 8 1025 8 
2315 5 2368 7 1028 5 1034 7 
2314 7 1027 5 1723 7 2367 4 
1032 4 2362 5 1030 4 2307 6 
1035 5 2361 8 2306 3 1029 4 
569 5 1366 2 889 4 
567 5 1029 4 2359 6 2308 6 
2311 8 1034 7 1547 6 571 5 
1033 7 2310 12 1546 9 1027 7 
571 5 1030 5 2364 3 2313 9 
568 7 76 8 570 7 279 6 
2394 6 1038 2 1554 4 154 5 
1037 2 1039 4 1552 6 2393 3 
1040 8 2396 4 1549 5 1038 4 
1039 8 1565 6 2395 13 1548 5 
1043 9 2384 11 2421 8 1153 7 
363 8 2208 8 2400 8 
1041 9 2420 10 2383 8 1157 8 
1106 6 1056 7 985 7 1580 9 
744 10 349 5 2554 7 515 9 
577 5 2358 5 1047 7 1053 6 
1048 9 1279 5 576 10 1046 7 
1047 9 1741 8 1049 7 575 8 
1281 4 1048 7 574 6 1054 5 
2341 8 581 8 900 6 1051 6 
1050 6 2338 3 580 4 1052 5 
1053 5 579 4 2350 7 1051 5 
1052 5 2347 5 578 6 1046 6 
573 8 1272 7 1049 5 1055 5 
1271 5 828 3 572 6 1054 5 
1579 5 1044 7 1068 6 984 5 
2384 7 1058 5 27 6 1688 3 
28 8 1057 5 1065 8 2383 8 
21 4 1062 3 2376 5 1060 5 
22 7 184 5 2375 6 1059 5 
2378 7 1064 5 1062 4 19 7 
2377 5 1059 3 1061 4 20 3 
2380 8 1064 7 25 7 887 8 
1061 5 26 7 2379 6 1063 7 
2382 6 23 7 1058 8 887 7 
2365 7 2456 4 2386 7 1565 5 
754 5 160 8 162 8 511 7 
1578 7 987 9 247 6 1056 6 
2128 7 2241 1 2405 2 161 5 
1341 3 1071 5 2558 10 1073 4 
2557 7 1070 5 2009 8 1340 6 
1339 3 1075 2 2560 5 1073 4 
2559 5 1338 5 1070 4 1072 4 
1075 3 175 4 2562 3 1077 5 
1074 3 1072 2 174 2 2561 2 
2564 14 1079 12 1077 12 1335 11 
2563 6 1076 12 1074 5 1334 7 
1079 5 199 6 2440 5 2556 3 
2565 8 1078 5 1076 12 1343 5 
418 6 434 5 1210 8 
1082 5 97 5 1230 1 2014 1 
1081 5 1083 10 303 12 98 6 
297 8 1082 10 926 7 1084 9 
296 5 104 5 1085 5 1083 9 
295 3 1084 5 932 5 1086 4 
186 4 1087 4 294 7 1085 4 
1088 3 301 3 919 3 1086 4 
300 6 100 7 1087 3 1089 5 
101 4 1088 5 1090 6 299 5 
1662 5 298 8 1089 6 925 6 
1100 3 351 5 2000 1 1016 5 
1604 7 2471 7 
386 5 1016 6 1998 4 
1179 7 2379 6 2424 6 1095 6 
1096 7 2427 4 1094 6 2378 8 
1097 7 1095 7 2377 7 2426 7 
1096 7 1098 7 2376 7 2429 5 
1097 7 2375 6 2545 5 2428 10 
1100 6 976 4 1997 8 1634 8 
1996 10 1091 3 1099 6 977 5 
1103 6 2117 6 1998 6 
1105 6 2116 6 2000 4 1103 6 
2115 4 1999 7 1101 6 1102 6 
945 4 1105 4 1997 6 2125 4 
1104 4 1102 6 2124 3 1996 10 
1044 6 1581 7 982 4 774 5 
885 6 1285 5 2005 8 2003 5 
884 8 931 6 1255 13 1109 7 
1114 4 883 4 930 5 1108 7 
934 5 878 4 1111 3 1117 4 
877 3 1112 3 933 3 1110 3 
1111 3 2465 7 876 5 1113 7 
875 6 935 7 1112 7 2298 7 
1109 4 882 3 1115 2 938 3 
881 3 1114 2 1116 3 937 4 
880 5 1117 4 1115 3 2469 9 
879 4 1116 4 939 4 1110 4 
2035 7 1119 7 638 6 1125 7 
1118 7 1842 5 1120 4 637 7 
2037 5 1119 4 1121 8 636 3 
2036 9 635 8 1490 12 1120 8 
1123 6 1127 8 642 6 2039 6 
1122 6 641 8 595 6 2038 7 
1260 3 176 5 594 5 596 5 
639 7 595 5 2040 7 1118 7 
2537 3 1127 7 1824 7 
643 10 1126 7 1122 8 2028 7 
1528 2 1491 2 1129 4 
1130 5 1494 11 1529 6 1128 4 
1129 5 1530 7 1131 4 1489 5 
1488 4 1531 2 1130 4 1132 5 
1487 7 1532 9 1131 5 1133 5 
1533 5 1132 5 1486 3 1284 6 
1135 7 1241 6 1533 8 1693 7 
1240 4 1134 7 1532 8 1137 6 
1140 6 1235 4 
1531 4 1135 6 1138 7 1237 8 
1530 8 1236 5 1139 7 1137 7 
1140 8 1239 5 1529 7 1138 7 
1136 6 1139 8 1238 5 1528 5 
1257 6 1382 6 667 5 1464 4 
87 3 1310 6 1143 6 
86 5 1142 6 1144 7 
85 7 1143 7 1145 6 
84 7 1144 6 
1154 4 636 2 2095 3 716 4 
2190 7 2046 6 1148 6 
1875 6 2189 7 1149 3 1147 6 
1148 3 2048 4 1150 3 2188 6 
2195 7 1151 3 2043 5 1149 3 
1150 3 1152 7 2042 3 2194 6 
1153 9 1151 7 2193 9 2045 10 
2044 4 1152 9 2192 3 1041 7 
1146 4 635 5 2155 8 715 7 
399 8 994 7 220 6 1196 5 
617 8 611 6 405 9 1213 9 
2423 6 1170 6 1043 8 2382 6 
1340 6 2009 8 1159 6 587 10 
1165 6 586 5 2006 4 1158 6 
1225 3 1162 6 
1162 5 1164 4 1223 4 
1161 5 1222 6 1160 6 
1221 4 1164 6 582 5 1166 7 
1220 8 1161 4 1163 6 
584 6 1159 6 2013 7 1166 8 
1165 8 1163 7 2012 8 583 9 
899 5 1176 6 1168 6 2406 4 
1417 7 2405 6 898 7 1167 6 
1896 7 1545 4 1221 3 859 3 
2381 7 1157 6 2422 8 1179 7 
890 5 2400 6 1172 8 
2399 8 1171 8 1173 8 889 8 
1172 8 2402 7 1174 5 2244 5 
2243 3 1175 4 2401 7 1173 5 
1174 4 1176 7 76 7 2404 6 
1175 7 1167 6 893 5 2403 6 
1178 3 572 5 1618 2 1373 4 
573 7 1177 3 1617 6 1182 5 
1094 7 2425 7 2380 8 1170 7 
1181 7 1183 5 1616 9 576 10 
1186 5 577 5 1615 7 1180 7 
1183 4 1178 5 1614 5 574 7 
1182 4 1180 5 1613 4 575 4 
1187 5 580 3 1185 6 1612 9 
1611 7 1184 6 1358 7 581 9 
578 5 1181 5 1187 5 1610 3 
579 5 1186 5 1184 5 1609 6 
1364 7 201 5 569 7 1366 4 
1961 5 1190 5 218 3 1199 6 
1189 5 1191 7 1960 5 1415 10 
1192 8 1959 7 1190 7 1398 6 
1191 8 217 9 1958 6 1193 6 
1194 7 1965 4 1427 5 1192 6 
1193 7 1964 14 1428 10 1195 7 
220 5 1196 4 1194 7 1963 5 
1155 5 1962 5 1195 4 1379 10 
294 10 2056 8 1899 7 134 9 
1957 3 226 4 1199 6 
1956 10 227 8 1198 6 1189 6 
2469 8 718 3 1201 5 1203 5 
939 6 717 6 1206 8 1200 5 
1203 7 720 7 1209 4 938 5 
1202 7 719 8 937 7 1200 5 
1207 3 1205 7 722 10 2465 7 
1751 11 1204 7 721 6 935 7 
1207 5 724 9 934 7 1201 8 
1204 3 1206 5 723 3 933 3 
1209 5 931 6 1384 7 1624 7 
1208 5 1202 4 726 5 930 3 
1080 8 262 10 615 9 1211 9 
1212 8 261 8 1210 9 616 8 
1211 8 260 5 1213 8 617 7 
1214 5 1212 8 259 8 1156 9 
611 2 1215 5 1213 5 266 2 
612 6 1214 5 265 8 1216 6 
1217 6 1748 6 613 7 1215 6 
1746 6 1216 6 614 8 1218 9 
1219 7 1217 9 257 8 609 10 
1218 7 256 4 1782 3 610 3 
1164 8 859 6 1223 8 1221 6 
1163 4 1169 3 2012 5 1220 6 
1223 5 1541 3 1162 6 1225 3 
1222 5 1220 8 1161 4 1540 4 
1543 3 1225 4 
1160 3 1224 4 1222 3 1542 3 
1227 6 287 7 1233 8 117 7 
1226 6 288 6 1228 3 116 7 
1229 3 115 4 289 5 1227 3 
1228 3 290 3 114 6 
121 4 283 6 1231 4 1081 1 
120 8 284 8 1232 4 1230 4 
1233 4 1231 4 119 3 285 1 
1232 4 118 8 286 7 1226 8 
913 5 1235 4 
1238 3 1234 4 912 4 1136 4 
911 2 1239 3 1237 6 1138 5 
910 7 1236 6 1240 6 1137 8 
909 4 1235 3 1239 2 1140 5 
908 9 1236 3 1139 5 1238 2 
1135 4 1237 6 1241 3 906 7 
1134 6 905 4 1463 4 1240 3 
928 5 1557 5 1563 9 1823 4 
1587 8 1467 6 1244 7 1975 7 
1466 5 1818 6 1243 7 705 5 
630 5 2067 5 1246 11 1706 6 
2066 9 1245 11 1707 11 633 15 
1973 5 2085 7 1248 6 1250 5 
2084 10 1972 4 1470 5 1247 6 
1971 6 2218 4 2087 3 1250 4 
2086 6 1970 3 1247 5 1249 4 
2089 8 2218 6 1254 8 1969 6 
233 6 1472 11 1789 9 1981 9 
1254 7 1256 9 1967 5 2091 5 
1253 7 2090 6 1251 8 1966 5 
1318 13 1465 11 1108 13 592 11 
2092 11 1253 9 2229 8 1980 8 
590 7 1141 6 2242 6 1318 8 
2229 6 1879 6 1980 6 1728 8 
1260 4 596 6 662 5 2242 5 
1259 4 1124 3 661 6 1261 5 
594 7 1260 5 1262 9 664 7 
1462 9 2199 7 593 11 1261 9 
475 4 1745 7 1264 7 1268 7 
474 9 1263 7 1265 6 420 7 
1749 6 473 4 1264 6 1266 6 
1269 8 1265 6 1747 7 472 6 
477 4 1268 5 
476 6 1263 7 1267 5 165 8 
1270 8 432 6 1780 6 1266 8 
1269 8 1779 8 431 6 1803 6 
1272 7 1055 5 2180 6 979 6 
1281 6 1271 7 1054 7 978 7 
1276 6 810 5 1274 6 432 5 
431 5 1273 6 809 6 292 10 
820 8 1276 6 473 5 1278 4 
1273 6 1275 6 472 5 819 8 
1278 3 1280 6 475 3 1636 5 
1277 3 474 6 1625 3 1275 4 
1741 4 983 5 2358 3 1047 5 
1277 6 1920 4 2355 7 476 6 
1049 4 1272 6 1741 5 981 6 
813 7 435 6 2355 7 
1284 8 1286 8 1671 5 2008 7 
2007 7 1283 8 1672 7 1133 6 
1288 6 1286 8 1107 5 1673 6 
1674 6 2005 11 1285 8 1283 8 
1667 3 2004 4 1288 5 1290 6 
1285 6 2003 6 1668 3 1287 5 
1290 5 1669 3 2002 6 1292 7 
1289 5 1287 6 1670 7 2001 10 
1526 7 2011 5 1665 5 1292 7 
1666 6 1291 7 1289 7 2010 7 
1296 4 1294 2 2022 6 833 2 
1293 2 2021 5 834 3 1535 3 
831 5 2020 6 1296 4 1298 3 
1293 4 832 4 2019 8 1295 4 
837 3 1298 4 1300 4 2018 5 
1297 4 838 7 2017 5 1295 3 
2016 9 835 3 1302 1 1300 2 
2015 3 1297 4 836 6 1299 2 
1302 4 632 8 2024 7 839 6 
2023 3 1301 4 1299 1 840 4 
2425 6 2412 4 1304 6 2319 6 
2424 6 2411 4 1303 6 2322 5 
1314 6 2081 7 1871 6 1407 8 
2319 5 2327 3 2423 5 2414 5 
2318 5 2058 7 2517 4 138 6 
2475 4 1311 6 
2323 8 2416 6 1312 10 2429 7 
1311 8 2477 6 1142 6 
1310 8 2476 8 1308 6 
2415 6 203 6 2428 11 1309 10 
1315 5 2321 8 385 6 1923 6 
1305 6 2080 5 1820 3 1406 3 
1313 5 1922 3 142 3 2316 5 
1676 7 1919 6 1921 9 230 5 
1836 5 1409 7 2079 7 1819 6 
1255 13 1464 6 1257 8 591 8 
1322 7 977 6 1320 9 767 6 
976 6 1550 9 1319 9 851 11 
1872 7 1323 6 352 8 1322 7 
1638 7 1319 7 1321 7 351 8 
1321 6 1873 9 386 6 
1325 9 2193 6 2252 5 1327 6 
1324 9 2326 7 2251 8 2192 6 
2250 5 1329 7 2195 8 1327 6 
2194 8 2249 5 1324 6 1326 6 
1330 8 2189 9 365 6 1329 8 
364 9 1326 7 1328 8 2188 9 
1328 8 2190 7 
208 1 2396 1 2503 4 1337 5 
383 4 791 8 207 6 759 7 
1337 9 2505 7 1344 6 2394 9 
175 6 1335 6 1077 7 402 5 
401 3 1076 11 1334 6 1343 4 
305 5 2333 7 1898 9 325 7 
1333 9 2393 7 2504 9 1331 5 
1073 5 406 4 1341 4 1339 4 
1072 3 405 5 1338 4 174 3 
1158 6 1071 6 1341 4 408 4 
1070 3 1338 4 1340 4 407 4 
1344 8 2499 10 588 9 2392 10 
1335 4 199 6 410 7 1079 5 
1342 8 2391 5 1333 6 2498 2 
1848 8 1346 8 1577 6 127 9 
126 8 2034 6 1352 7 1345 8 
588 5 2501 4 2390 7 1869 4 
129 10 1349 7 1355 6 2029 8 
1822 8 128 4 1348 7 1350 4 
1351 3 2027 3 131 1 1349 4 
1350 3 1905 10 130 4 2026 5 
1346 7 1353 7 2033 7 133 3 
132 6 2032 12 1352 7 1354 7 
135 5 2031 4 1355 5 1353 7 
1348 6 1354 5 2030 3 134 6 
2497 5 88 5 
1425 7 1358 6 293 9 514 10 
862 9 1357 6 1185 7 1424 4 
967 4 1026 8 1362 4 1360 5 
966 5 896 2 1025 5 1359 5 
1419 3 282 2 869 3 291 3 
968 4 570 4 1359 4 279 3 
291 3 867 3 898 4 1417 4 
1188 7 200 7 279 7 568 8 
433 4 293 8 1368 7 865 5 
202 4 1031 2 1188 4 
1413 8 1368 7 863 5 282 3 
1367 7 1365 7 1412 9 864 7 
1774 4 1376 4 1370 4 394 4 
395 5 1369 4 1773 6 1371 8 
2444 8 1772 9 1370 8 1372 8 
393 10 1378 5 1771 6 1371 8 
390 5 1374 6 1177 4 1778 7 
1777 3 1373 6 2443 5 1375 3 
388 3 1776 4 1374 3 1376 4 
389 5 1369 4 1775 5 1375 4 
1380 5 2488 4 
398 3 1770 5 1372 5 1379 9 
1769 10 1196 10 399 13 1378 9 
1377 5 1381 7 2491 6 
2490 6 2485 7 1380 7 371 6 
1385 8 469 7 1383 8 1141 6 
667 7 1382 8 468 6 1388 8 
1465 5 1208 7 471 5 1385 7 
1382 8 470 9 1384 7 1464 6 
465 6 664 8 1387 10 1389 6 
1392 8 464 7 1462 9 1386 10 
467 10 1383 8 1389 5 662 6 
466 8 661 6 1388 5 1386 6 
387 5 1391 5 2487 8 1507 8 
400 7 2486 6 1506 5 1390 5 
860 7 1387 8 479 6 660 4 
2488 5 1394 5 1504 8 400 8 
2491 5 1393 5 1503 9 1395 3 
1502 5 1396 4 2490 3 1394 3 
2493 5 1395 4 1501 4 1397 6 
1500 6 2492 5 1396 6 478 10 
217 7 1415 9 998 6 1191 6 
1851 5 2093 5 1400 7 
2092 11 1850 9 1399 7 1408 11 
2448 8 255 4 
2448 7 2497 5 2460 9 1734 4 
216 8 789 8 1663 11 191 9 
1821 3 1411 4 1405 3 2087 2 
1406 3 2086 6 1820 3 1404 3 
1405 3 2085 5 1314 3 1407 5 
2084 11 1305 8 1406 5 1600 4 
2091 7 1819 8 1409 9 1400 11 
1317 7 1410 6 2090 6 1408 9 
1409 6 1836 4 1411 5 2089 6 
2088 3 1410 5 1404 4 1835 4 
1413 10 2267 7 433 6 1368 9 
1412 10 1367 8 2266 7 1418 9 
1425 8 293 10 433 6 2269 8 
218 8 1190 10 1398 9 996 8 
291 4 2271 8 1419 4 1417 5 
1168 7 2270 5 1416 5 1363 4 
2273 7 282 4 1419 5 1413 9 
1361 3 2272 5 1416 4 1418 5 
1726 5 1426 3 1421 4 2250 4 
1725 2 2249 4 1420 4 1422 4 
1724 6 1423 6 2252 4 1421 4 
2251 6 1422 6 1723 8 2314 8 
2275 5 1611 4 1358 4 1425 5 
1357 7 1414 8 2274 5 1424 5 
364 6 1727 2 1420 3 
1193 5 993 5 1428 8 217 8 
992 9 1194 10 1427 8 220 8 
551 9 2296 7 1430 6 1432 3 
552 5 1627 6 1429 6 2295 7 
1434 10 2294 11 856 8 1432 6 
2293 3 858 2 1431 6 1429 3 
547 6 1434 7 1436 6 988 10 
1431 10 548 9 1433 7 2291 7 
1438 4 2290 5 1436 7 545 7 
546 8 1433 6 2289 5 1435 7 
2298 5 1438 3 543 8 875 4 
2297 4 1435 4 1437 3 842 4 
2334 5 846 3 2332 6 445 2 
1441 7 1700 6 2461 7 872 8 
1440 7 1699 5 861 4 2169 5 
1443 9 2528 10 2485 6 
1444 9 2531 9 1442 9 2484 8 
1443 9 2530 7 2483 6 729 6 
1446 5 1452 8 18 4 28 6 
1445 5 27 8 68 4 17 3 
1448 5 12 7 20 3 1450 6 
19 8 11 6 1447 5 1453 8 
1984 7 854 5 1563 10 1682 8 
9 6 619 7 21 7 1447 6 
1452 10 16 6 1454 5 24 8 
1445 8 1451 10 15 8 23 9 
14 8 1454 5 26 9 1448 8 
1453 5 13 4 1451 5 25 3 
1458 5 922 5 
1692 4 668 4 1461 8 623 5 
741 7 1458 5 923 7 1460 8 
740 4 1455 5 1457 5 2398 5 
918 8 1460 7 
739 5 1459 7 2388 8 1457 8 
1691 6 622 7 663 7 1456 8 
660 5 1262 9 1387 9 664 7 
663 5 1241 4 620 3 1693 5 
1141 4 1465 4 1318 6 1385 6 
1384 5 1255 11 931 4 1464 4 
1244 5 1467 4 604 3 2335 5 
1466 4 1243 6 1477 4 2159 6 
668 5 2305 6 625 5 1698 6 
746 2 1470 3 1917 5 1792 2 
1469 3 1791 3 1248 5 1916 5 
2146 7 1981 8 2163 8 1472 10 
2162 9 1649 7 1252 11 1471 10 
2146 7 1476 7 1979 5 2165 7 
436 5 77 5 1914 5 743 5 
2167 10 1476 9 1478 10 1977 7 
1475 9 2166 5 1976 7 1473 7 
2385 6 1467 4 1975 5 1478 7 
2168 6 1475 10 1974 11 1477 7 
670 4 732 4 2481 6 1847 4 
857 8 2197 10 2165 8 1481 7 
2130 6 1482 6 2164 8 1480 7 
1481 6 2200 6 2299 7 2163 8 
1779 8 1742 7 657 4 843 4 
1485 7 2135 8 2385 8 871 8 
2134 6 2168 4 1484 7 855 6 
2357 4 2007 4 1487 5 1133 3 
1132 7 1488 6 1486 5 2356 7 
2352 5 1487 6 1131 4 1489 5 
2351 9 1494 11 1488 5 1130 5 
1121 12 2335 8 2127 9 871 9 
1128 2 1494 9 2353 2 
1493 9 1749 12 666 13 1495 10 
1492 9 665 4 1747 4 843 1 
1491 9 1489 11 1129 11 2354 10 
420 5 1492 10 
2432 8 2348 12 2106 8 2346 7 
387 7 1498 6 18 6 1507 10 
384 6 1497 6 215 2 17 2 
2536 9 618 11 2530 8 729 7 
1397 6 10 7 1501 4 860 7 
9 3 1500 4 1396 4 1502 5 
12 9 1503 11 1395 5 1501 5 
11 10 1502 11 1504 12 1394 9 
14 8 1503 12 1505 7 1393 8 
1506 5 13 6 1504 7 400 7 
1505 5 16 4 1391 5 1507 8 
15 8 1506 8 1497 10 1390 8 
1511 7 1509 7 800 11 563 11 
2220 4 1508 7 1516 3 799 3 
1513 4 1511 4 1874 4 892 5 
1508 7 891 4 1510 4 1868 5 
796 4 1515 4 894 6 1513 2 
2255 4 1510 4 795 5 1512 2 
1515 6 966 6 896 3 794 6 
793 6 1514 6 1512 4 895 12 
901 4 453 5 1517 2 1509 3 
900 3 1876 2 1516 2 2341 5 
1823 3 1521 4 1808 7 1519 5 
1807 8 517 8 1518 5 440 7 
1816 5 1521 4 1523 4 1829 8 
1518 4 1815 7 1830 6 1520 4 
1814 5 1525 7 1523 6 1831 7 
1813 3 1522 6 1832 4 1520 4 
1812 8 1525 9 1527 7 1825 8 
1524 9 1522 7 1811 5 1826 7 
1291 7 1827 10 1527 7 1810 7 
1809 4 1524 7 1526 7 1828 4 
1529 4 1128 2 1140 5 
1528 4 1530 8 1139 7 1129 6 
1529 8 1138 8 1531 5 1130 7 
1137 4 1530 5 1131 2 1532 6 
1132 9 1533 9 1135 8 1531 6 
1672 6 1133 5 1532 9 1134 8 
1535 3 1537 4 1853 2 1001 9 
1002 6 1534 3 1294 3 1852 3 
1537 5 1539 2 1859 4 999 2 
1536 5 1000 9 1858 9 1534 4 
1857 9 1539 5 
1536 2 1856 5 1538 5 
1541 2 1894 4 859 2 1223 4 
1222 3 1893 7 1540 2 1542 3 
1543 2 1892 4 1225 3 1541 3 
1891 1 1224 3 337 3 1542 2 
1545 5 1898 7 2370 9 2013 6 
1544 5 1169 4 2012 6 1897 4 
2368 9 1024 7 1547 8 1034 9 
1033 6 2363 4 1546 8 1023 5 
1549 2 2366 4 1040 5 1983 1 
1548 2 1552 7 1982 4 1039 5 
2330 5 1320 9 1854 4 767 6 
1553 9 1014 7 1566 6 608 7 
1549 7 1985 7 1554 8 1038 6 
1551 9 916 8 607 5 1015 5 
1037 4 1552 8 2371 5 
1558 7 1832 4 2467 5 1556 4 
1561 7 1831 5 2466 10 1555 4 
940 11 1242 5 1830 6 1558 7 
1555 7 2468 9 1557 7 1829 11 
1828 4 1560 5 1562 5 2462 5 
1827 8 1559 5 2461 6 1700 5 
1556 7 1562 9 936 8 1826 9 
1561 9 1825 6 1559 5 2463 5 
929 9 517 11 1242 9 1449 10 
602 3 702 5 1023 3 1566 3 
1040 6 2366 5 2387 6 1066 5 
601 2 1024 4 1551 6 1564 3 
1592 6 1568 8 1574 7 2419 7 
538 7 1567 8 1591 6 695 6 
1727 8 1740 10 1572 11 
1573 7 1571 11 1739 5 1724 7 
1738 10 1723 12 1570 11 2367 9 
1737 8 1726 7 1569 11 1573 8 
1736 7 1725 4 1570 7 1572 8 
1593 6 1567 7 1664 6 2407 5 
1576 9 1584 7 1870 9 2519 9 
2390 9 1575 9 2518 6 1869 6 
2525 6 247 5 1345 6 1578 6 
1068 7 1579 6 2524 8 1577 6 
1056 5 1578 6 1580 7 2527 7 
1581 10 1579 7 2526 8 1044 9 
1580 10 2521 8 1582 8 1106 7 
774 6 1581 8 1583 5 2520 6 
1584 5 771 5 1582 5 2523 6 
1583 5 1575 7 2522 5 769 3 
1586 7 344 5 232 9 1976 7 
1585 7 343 7 235 8 1977 5 
342 6 236 8 1818 7 1243 8 
1605 4 1866 4 1603 3 1908 5 
1590 6 950 7 696 9 1756 9 
1589 6 1591 2 695 2 949 3 
1590 2 1568 6 1592 4 944 4 
1567 6 943 4 1593 5 1591 4 
942 4 1594 6 1574 6 1592 5 
1593 6 1664 6 1595 7 941 4 
1639 7 1596 6 1594 7 948 7 
1595 6 1637 7 1597 4 947 5 
1655 6 1596 4 946 5 1598 3 
2125 4 945 4 1650 4 1597 3 
1917 7 1608 6 1600 3 1642 7 
1916 3 1871 2 1599 3 1407 4 
1911 6 1865 7 2430 6 1602 7 
1603 3 1864 8 1910 6 1601 7 
1602 3 1909 5 1588 3 1867 3 
1824 9 1092 7 2472 9 2537 5 
1588 4 1861 4 1915 7 1606 4 
1914 7 1860 5 1607 8 1605 4 
1863 8 1608 9 1913 9 1606 8 
1607 9 1912 5 1862 8 1599 6 
1610 4 2105 6 1187 6 1612 10 
1609 4 1615 5 2104 4 1186 3 
1612 10 1185 7 1424 4 2107 6 
1611 10 1184 9 2106 10 1609 10 
2101 7 1616 8 1614 5 1183 4 
1617 6 2100 3 1182 5 1613 5 
2103 6 1616 9 1610 5 1181 7 
2102 7 1615 9 1613 8 1180 9 
2109 5 1614 6 1178 6 1618 5 
1778 5 1177 2 1617 5 2108 4 
1620 6 1622 7 483 8 697 10 
1619 6 1623 4 482 6 698 7 
699 8 481 8 1622 6 
1619 7 480 8 700 5 1621 6 
485 5 703 6 1620 4 1662 6 
315 5 471 5 726 7 1208 7 
820 7 1636 5 1278 3 780 6 
1629 6 1627 6 797 6 2171 5 
1626 6 2170 7 1430 6 798 5 
803 4 1631 5 1629 5 2179 3 
1626 6 1628 5 804 7 2178 4 
1633 5 1631 5 2177 6 801 6 
802 6 1630 5 2176 4 1628 5 
1635 6 2175 9 807 6 1633 5 
808 5 1630 5 1632 5 2174 3 
1635 8 805 7 2173 7 1099 8 
1632 6 806 6 1634 8 2172 6 
779 6 1625 5 1277 5 1920 3 
1655 9 1639 8 1596 7 2535 6 
1322 7 1872 7 767 6 275 4 
1595 7 1637 8 2534 5 1664 6 
1643 2 1641 3 91 3 1993 3 
1640 3 1992 5 90 5 1648 5 
1862 9 1871 6 1599 7 2256 6 
1785 3 1640 2 1806 2 1994 5 
1784 9 1645 7 1989 6 1647 7 
1644 7 1783 6 1988 4 1806 3 
1991 3 1782 3 256 4 1647 3 
1644 7 1781 3 1990 6 1646 3 
1790 5 1987 6 1649 4 1641 5 
1472 7 1986 4 1648 4 1789 5 
95 3 1655 7 1598 4 2533 7 
2230 9 549 9 1904 6 304 6 
1991 3 1653 4 2216 3 1943 4 
1990 7 1942 6 1654 6 1652 4 
1878 7 1989 4 1653 6 1945 7 
1637 9 1650 7 2532 10 1597 6 
1939 7 1995 6 1878 6 1657 5 
1658 3 1938 3 1994 7 1656 5 
1993 2 1941 2 1659 2 1657 3 
1658 2 1992 5 1660 4 1940 7 
1937 6 1987 5 1659 4 1661 6 
1936 6 1986 7 2299 7 1660 6 
1090 5 484 6 1623 6 704 4 
190 7 1403 11 219 10 792 7 
2410 6 1594 6 1574 6 1639 6 
1827 8 1666 4 1291 5 1700 5 
1292 6 1665 4 1669 2 1699 3 
1287 3 1698 2 1668 1 1670 4 
1288 3 1673 3 1697 2 1667 1 
1289 3 1670 5 1666 2 1696 2 
1669 5 1290 7 1695 8 1667 4 
1674 3 1694 8 1283 5 1672 4 
1533 6 1693 5 1284 7 1671 4 
1674 4 1692 3 1668 3 1285 6 
1286 6 1671 3 1673 4 1691 3 
1676 8 1921 10 441 10 1690 8 
1316 7 1675 8 1677 5 442 4 
1919 4 1678 6 1676 5 443 5 
1677 6 1918 8 1679 6 444 9 
1680 7 1925 7 437 6 1678 6 
1679 7 1924 8 1681 9 438 7 
1680 9 439 8 1984 8 1682 9 
440 8 517 9 1681 9 1449 8 
1799 6 1684 6 1686 4 1875 7 
2157 6 164 8 1683 6 2048 6 
1797 7 2047 6 1686 5 
1798 2 1683 4 2046 3 1685 5 
2158 5 2045 7 1688 6 1795 7 
1687 6 2044 4 1796 5 1057 3 
2055 6 447 7 1690 5 1845 3 
1689 5 448 8 2054 4 1675 8 
1461 6 1692 2 1674 3 1694 8 
1456 4 1697 2 1673 3 1691 2 
1694 9 1672 5 1134 7 1463 5 
663 9 1693 9 1671 8 1691 8 
1696 5 1698 6 1670 8 2305 6 
1695 5 2169 3 1669 2 1699 3 
1692 2 1698 3 668 2 1668 2 
1697 3 1695 6 1667 2 1468 6 
1441 5 1666 3 1696 3 1700 4 
1440 6 1560 5 1665 5 1699 4 
1707 5 633 9 1702 3 249 2 
634 5 248 8 2288 5 1701 3 
672 6 380 3 2556 3 1704 3 
1712 2 2565 6 1703 3 671 5 
630 2 1706 3 252 2 
1707 6 254 6 1705 3 1245 6 
1706 6 1701 5 253 9 1246 11 
1715 7 1709 5 2560 6 678 3 
1708 5 677 5 1710 6 2559 5 
680 5 1709 6 1711 6 2558 12 
2557 6 1890 9 679 3 1710 6 
1704 2 1713 4 2564 6 682 5 
681 4 2563 6 1714 7 1712 4 
684 5 1713 7 2562 5 1715 9 
683 7 1708 7 2561 6 1714 9 
254 7 1717 3 1794 5 1718 6 
137 3 1721 2 1716 3 253 5 
252 4 146 7 1716 6 
1722 6 229 6 251 9 1720 7 
809 6 292 10 1719 7 250 5 
249 3 1717 2 1800 4 1722 3 
1719 6 163 4 1721 3 248 7 
1571 12 1028 7 1423 8 1724 8 
1422 6 1725 4 1723 8 1570 7 
1573 4 1726 3 1724 4 1421 2 
1727 4 1725 3 1572 7 1420 5 
1569 8 1726 4 1426 2 
1788 11 264 5 1258 8 1729 8 
263 6 1730 5 1787 8 1728 8 
89 3 1729 5 
1732 3 255 3 1744 3 
1735 2 1743 4 1733 3 1731 3 
1734 4 1732 3 657 2 1742 5 
1733 4 629 8 1735 3 1402 4 
1732 2 1734 3 255 2 2448 6 
1573 7 1737 7 1739 5 914 7 
1736 7 1740 7 1572 8 915 6 
1015 3 1739 4 1571 10 916 6 
1736 5 1738 4 1570 5 917 7 
1737 7 1569 10 
1279 4 980 7 1281 5 1048 8 
277 6 1483 7 1733 5 1743 6 
1732 4 1744 4 1742 6 276 5 
1743 4 278 4 1731 3 
420 7 1263 7 165 8 
1217 6 257 5 1748 6 647 7 
1780 5 1493 4 1749 7 1266 7 
646 6 265 8 1216 6 1746 6 
1265 6 1492 12 420 7 1747 7 
694 4 1751 8 1755 4 455 8 
1205 11 693 13 1750 8 454 10 
457 6 1759 6 1753 7 688 5 
687 13 1754 8 456 6 1752 7 
1753 8 459 8 1755 5 686 4 
458 6 685 5 1750 4 1754 5 
692 4 461 6 1757 9 1589 9 
460 8 691 7 1756 9 1758 8 
1759 7 690 5 1757 8 463 5 
462 8 1758 7 1752 6 689 7 
1761 4 2123 5 1768 7 2282 6 
2281 3 1760 4 2122 7 1762 5 
2121 8 2284 4 1763 5 1761 5 
2283 6 2120 3 1762 5 1764 3 
2191 3 1765 4 1763 3 2278 5 
1766 5 1764 4 2277 5 
2280 6 1765 5 
2119 3 2286 3 1950 3 1768 5 
2118 6 1767 5 1760 7 2285 12 
1770 6 1962 5 2257 6 1379 10 
1769 6 1378 5 1771 6 2256 5 
2263 5 1772 7 1770 6 1372 6 
1771 7 1371 9 2262 5 1773 7 
1774 6 1370 6 1772 7 2265 6 
1369 4 1773 6 2264 9 1775 5 
1776 5 2259 8 1376 5 1774 5 
1775 5 1375 4 2258 8 1777 4 
2261 3 1374 3 1778 4 1776 4 
1618 5 2260 8 1777 4 1373 7 
1483 8 1780 6 1270 8 277 7 
1779 6 843 2 1269 6 1747 5 
1782 3 415 3 1647 3 1784 5 
1781 3 416 5 1646 3 1219 3 
1784 8 417 7 1645 6 1786 8 
1644 9 419 6 1783 8 1781 5 
411 6 1643 3 91 4 1786 6 
412 6 1785 6 1783 8 1806 5 
314 9 89 6 1788 11 1729 8 
1728 11 313 9 1787 11 1879 9 
1790 6 66 6 1649 5 1252 9 
67 4 1648 5 1789 6 90 5 
2055 4 1470 3 1972 2 1792 2 
2054 3 907 6 1469 2 1791 2 
164 9 143 4 2157 7 71 8 
137 5 1716 5 146 6 306 5 
1796 6 143 4 69 6 1687 7 
68 4 1795 6 1688 5 27 8 
1685 7 75 4 1798 4 
1686 2 1799 4 74 4 1797 4 
1683 6 1798 4 164 8 73 3 
163 5 1721 4 308 7 137 5 
1804 8 1802 7 278 7 309 10 
1801 7 308 7 
277 5 1804 6 311 5 1270 6 
1801 8 1803 6 310 7 276 6 
17 4 215 4 68 5 
1995 5 1643 2 1645 3 1786 5 
953 7 2051 7 1519 8 1808 10 
1518 7 1807 10 2050 10 1815 10 
1527 4 1810 4 2059 7 1812 5 
2011 5 1809 4 2058 6 1526 7 
1525 5 1812 4 1814 3 2061 5 
1524 8 1811 4 2060 4 1809 5 
1523 3 1814 2 1816 4 1923 3 
1522 5 1813 2 1811 3 1922 3 
1521 7 1808 10 2065 6 1816 8 
2064 5 1520 5 1813 4 1815 8 
1902 4 539 10 656 10 
1587 7 1244 6 1017 7 341 10 
2078 5 1850 6 1408 8 1317 6 
1821 3 1314 3 2083 5 1405 3 
1404 3 1820 3 1835 3 2082 3 
1349 8 796 8 2029 9 2027 7 
1518 3 1830 5 517 6 1242 4 
1604 9 1126 7 2028 7 607 6 
1562 6 1524 8 1828 5 1826 6 
1831 7 1525 7 1561 9 1825 6 
1526 10 1828 7 1560 8 1665 8 
1827 7 1559 4 1825 5 1527 4 
1830 10 1832 8 1520 8 1558 11 
1829 10 1823 5 1521 6 1557 6 
1832 5 1556 5 1826 7 1522 7 
1831 5 1555 4 1829 8 1523 4 
1834 7 485 4 2207 6 1840 4 
1833 7 2206 10 1907 8 484 8 
1411 4 1821 3 2077 3 1836 3 
2076 4 1317 5 1410 4 1835 3 
1838 5 481 5 228 5 
1837 5 2203 8 480 10 1839 10 
483 9 2202 10 1840 8 1838 10 
2201 6 482 7 1833 4 1839 8 
673 8 1884 6 2287 9 585 7 
1119 5 2035 5 2037 6 606 5 
675 6 1844 2 1882 4 585 4 
1881 6 1849 2 1843 2 676 3 
669 6 1888 1 1689 3 1846 5 
1847 6 1887 8 1845 5 670 6 
1846 6 1886 4 2287 6 1479 4 
1876 6 1345 8 247 7 2034 6 
2536 6 1880 4 1844 2 618 8 
2075 8 1851 7 1819 6 1400 9 
1850 7 1399 5 2074 6 
1853 2 2021 5 2119 3 1535 3 
1852 2 1858 7 1534 2 2118 3 
2113 2 1550 4 450 3 963 3 
2191 3 1857 6 
1857 9 1859 7 1539 5 2121 9 
2120 6 1856 9 1538 9 1855 6 
1853 7 1537 9 2123 8 1859 8 
2122 8 1856 7 1858 8 1536 4 
1863 5 1606 5 1861 5 2265 6 
1866 4 2264 8 1860 5 1605 4 
1642 9 1608 8 2263 7 1863 7 
1607 8 1860 5 2262 3 1862 7 
1602 8 2261 8 1865 8 1867 8 
2260 7 1864 8 1601 7 2340 3 
1588 4 2259 8 1861 4 1867 4 
1603 3 2258 7 1866 4 1864 8 
2031 5 1874 5 1511 5 800 9 
1870 6 979 4 1347 4 1576 6 
1869 6 769 5 978 8 1575 9 
1600 2 1642 6 1305 6 2257 5 
1873 10 1321 7 1638 7 274 7 
1872 10 1323 9 273 8 
1868 5 1510 4 795 5 2030 2 
2048 7 1148 6 1683 7 2046 6 
1848 6 1517 2 986 2 453 5 
2058 7 2011 6 873 5 2517 4 
1654 7 1988 6 1656 6 1944 5 
618 9 1258 6 1880 5 1788 9 
1980 5 1849 4 1881 8 1879 5 
1844 6 1880 8 1882 8 1967 7 
1883 6 1966 4 1843 4 1881 8 
1969 5 1882 6 1884 5 585 6 
1885 3 1968 4 1883 5 1841 6 
1884 3 2287 6 1886 4 1971 5 
1847 4 1885 4 1970 4 1887 6 
1846 8 1886 6 1888 4 1973 5 
2055 4 1845 1 1887 4 1972 2 
305 3 2370 9 1898 7 1890 9 
2369 9 1889 9 1711 9 302 10 
1543 1 1892 3 2113 2 450 3 
449 4 1893 8 1891 3 1542 4 
1541 7 452 8 1894 9 1892 8 
1893 9 1540 4 1895 8 451 7 
1896 10 446 7 1894 8 859 6 
1169 7 1895 10 1897 7 445 6 
1898 6 325 4 1896 7 1545 4 
1897 6 1336 9 1889 7 1544 7 
135 4 1197 7 2053 4 295 3 
1901 7 2202 8 725 7 1903 8 
304 4 1900 7 2201 7 1904 4 
1817 4 228 4 1903 4 
656 10 2203 8 1900 8 1902 4 
1651 6 1905 9 2207 5 1901 4 
2206 13 2230 12 1351 10 1904 9 
2057 7 131 5 299 6 1907 8 
1834 8 130 5 1906 8 298 9 
766 4 1588 5 1909 7 1915 8 
1603 5 763 5 1910 8 1908 7 
1911 5 1602 6 770 5 1909 8 
1910 5 1601 6 238 3 768 4 
746 3 1608 5 1913 5 1917 6 
1607 9 1914 8 1912 5 743 8 
1606 7 1915 10 1913 8 1474 5 
436 10 1914 10 1605 7 1908 8 
1600 3 1917 7 1470 5 2084 10 
1599 7 1469 5 1916 7 1912 6 
1925 9 903 7 1919 6 1678 8 
1677 4 1316 6 77 6 1918 6 
816 4 1280 4 778 4 1636 3 
907 9 2054 6 1675 10 1316 9 
1923 4 1315 3 1814 3 2061 5 
1922 4 2064 4 1313 6 1813 3 
1680 8 1984 7 874 7 1925 8 
1918 9 1679 7 8 9 1924 8 
2145 3 1955 3 1927 3 2024 5 
1926 3 1928 6 2023 4 1954 2 
1949 5 2016 13 1927 6 1929 8 
2015 5 1928 8 1948 8 1930 6 
1931 6 1947 4 2018 5 1929 6 
1930 6 1932 6 2017 7 1946 10 
2020 7 1953 4 1933 5 1931 6 
1934 4 1952 7 1932 5 2019 8 
1933 4 2022 6 1951 5 1935 4 
2021 7 2119 5 1934 4 1950 5 
2286 5 1937 6 1661 6 2198 5 
1660 6 1940 9 1936 6 2285 11 
1939 5 2284 1 1941 2 1657 3 
1938 5 1656 7 1944 6 2283 9 
1937 9 1941 7 2282 9 1659 7 
1658 2 1940 7 1938 2 2281 3 
2280 7 1653 6 1945 7 1943 6 
2279 6 1942 6 1652 4 
2278 5 1939 6 1878 5 1945 5 
2277 6 1942 7 1654 7 1944 5 
1947 8 1953 8 1931 10 2148 9 
1946 8 1930 4 1948 6 2147 4 
1949 5 2150 11 1929 8 1947 6 
1928 5 1948 5 1954 1 2149 5 
2152 6 1767 3 1951 6 1935 5 
2151 6 1950 6 1952 8 1934 5 
1951 8 1933 7 2154 6 1953 6 
1932 4 2153 3 1946 8 1952 6 
1955 2 1949 1 1927 2 2156 5 
715 5 2155 6 1926 3 1954 2 
2075 10 1199 10 1961 9 1957 7 
1198 3 1956 7 2074 4 
1959 5 1192 6 1965 4 2077 3 
1960 5 1191 7 1958 5 2076 6 
1959 5 1961 5 1190 5 2079 5 
2078 6 1956 9 1189 5 1960 5 
1769 5 1196 5 2081 5 1963 6 
1964 12 2080 7 1962 6 1195 5 
1963 12 1194 14 2083 12 1965 11 
1193 4 2082 4 1964 11 1958 4 
1969 3 1967 3 1254 5 1882 4 
1980 4 1253 5 1966 3 1881 7 
1971 6 1884 4 2218 4 1969 4 
1883 5 1966 3 1968 4 1251 6 
1886 4 1250 3 1971 5 1973 3 
1249 6 1968 6 1970 5 1885 5 
1248 4 1973 3 1791 2 1888 2 
1247 5 1972 3 1970 3 1887 5 
1975 9 235 11 1977 8 1478 11 
1974 9 236 7 1477 5 1243 7 
1979 5 1977 5 1476 7 1585 7 
1974 8 1976 5 1475 7 1586 5 
1979 6 1981 9 231 8 2146 8 
1978 6 1976 5 232 7 1473 5 
1880 5 1967 4 1258 6 1256 8 
1978 9 1471 8 1252 9 234 9 
1549 4 1985 4 1983 3 
280 6 1548 1 1982 3 
1924 7 1449 7 1681 8 841 6 
1982 4 1552 7 
2162 6 1661 7 1649 4 1987 6 
1648 6 1992 6 1660 5 1986 6 
1878 6 1989 3 1995 6 1645 4 
1654 4 1644 6 1988 3 1990 5 
1653 7 1991 6 1647 6 1989 5 
1646 3 655 5 1652 3 1990 6 
1987 6 1659 5 1641 5 1993 5 
1658 2 1992 5 1994 6 1640 3 
1993 6 1995 8 1657 7 1643 5 
1806 5 1656 6 1988 6 1994 8 
1100 10 1997 12 2000 8 1105 10 
1996 12 1104 6 2173 7 1099 8 
1999 7 1101 6 1093 4 
1016 9 1103 7 1998 7 2000 5 
1102 4 1091 1 1999 5 1996 8 
2073 9 2004 8 2002 11 1290 10 
897 8 2001 11 1289 6 2010 6 
2004 5 1288 6 1107 5 904 5 
2003 5 1287 4 2001 8 902 4 
1286 11 2008 10 886 8 1107 8 
2013 5 1159 4 2370 8 2009 6 
1284 7 2049 6 1486 4 2008 6 
888 6 2005 10 1283 7 2007 6 
1158 8 2369 7 2006 6 1071 8 
873 4 2002 6 2011 5 1292 7 
1291 5 1877 6 1810 5 2010 5 
1545 6 1166 8 1221 5 2013 7 
2006 5 1165 7 2012 7 1544 6 
121 4 2062 3 303 8 1081 1 
1300 3 2018 4 1929 5 2016 10 
1299 9 1928 13 2023 11 2015 10 
2018 6 2020 8 1931 7 1298 5 
2017 6 2015 4 1297 5 1930 5 
1296 8 2020 10 1933 8 2022 10 
1932 7 1295 6 2019 10 2017 8 
1294 5 1935 7 2022 9 1852 5 
1934 6 2021 9 1293 6 2019 10 
1302 3 2024 6 2016 11 1927 4 
2069 6 2023 6 1301 7 1926 5 
2098 4 643 6 
794 6 2230 7 1351 5 2027 5 
793 5 1350 3 1822 7 2026 5 
608 4 1127 7 2039 5 1824 7 
2030 5 795 8 1822 9 1348 8 
2029 5 2031 2 1355 3 1874 2 
1868 5 2030 2 2032 9 1354 4 
1353 12 2033 12 800 13 2031 9 
2032 12 2034 6 1352 7 799 6 
1346 6 453 5 1848 6 2033 6 
1118 7 2040 7 605 7 1842 5 
1121 9 2335 5 2037 6 604 3 
1120 5 2036 6 603 7 1842 6 
602 5 2041 8 2039 7 1123 7 
2038 7 1122 6 601 4 2028 5 
2041 9 600 8 2035 7 1125 7 
2040 9 2038 8 595 7 599 8 
2043 5 1151 3 2045 6 2158 4 
2048 6 2157 6 1150 5 2042 5 
1153 4 2045 5 2384 8 1688 4 
2044 5 1152 10 1687 7 2042 6 
1147 6 2047 4 1686 3 1875 6 
2046 4 1685 6 
1875 7 2043 6 1149 4 1684 6 
2007 6 888 6 2508 5 2357 6 
2051 7 2325 7 1808 10 2065 6 
1807 7 2050 7 329 9 2324 7 
2063 6 133 5 297 7 2053 7 
132 4 1899 4 296 4 2052 7 
2055 5 1921 6 1690 4 1792 3 
1689 6 1791 4 1888 4 2054 5 
1197 8 301 4 2057 5 129 9 
1906 7 128 3 300 7 2056 5 
2059 9 1877 7 1810 6 1307 7 
2058 9 2318 7 1809 7 2060 6 
1812 4 2061 5 2317 6 2059 6 
2316 7 1811 5 2060 5 1922 5 
2014 3 127 8 2247 6 2063 4 
2052 6 303 9 2062 4 126 5 
2321 6 1816 5 2065 3 1923 4 
2064 3 2320 4 2050 6 1815 6 
1246 9 2067 3 2072 6 2141 7 
1245 5 2140 2 2066 3 2068 1 
630 1 2139 4 2067 1 
632 7 2145 4 2024 6 2070 5 
2144 4 631 8 2071 5 2069 5 
634 5 2143 4 2072 6 2070 5 
2071 6 2142 8 2066 6 633 12 
2001 9 2514 5 897 6 902 5 
2075 7 1851 6 1957 4 
1850 8 1956 10 2074 7 2078 7 
1836 4 2077 4 2079 6 1959 6 
2076 4 2082 3 1958 3 1835 3 
1819 5 1961 6 2079 6 2075 7 
1317 7 2076 6 1960 5 2078 6 
2083 7 1314 5 1963 7 2081 6 
1305 7 2257 6 2080 6 1962 5 
2077 3 1965 4 2083 5 1821 3 
2080 7 1964 12 1820 5 2082 5 
1248 10 1407 11 1916 10 2085 11 
2086 8 1406 5 1247 7 2084 11 
1250 6 2085 8 1405 6 2087 5 
2088 1 2086 5 1249 3 1404 2 
2089 4 1411 3 2218 2 2087 1 
1251 8 2088 4 2090 6 1410 6 
1254 6 2089 6 2091 4 1409 6 
1408 7 2092 7 2090 4 1253 5 
1256 11 1400 11 2091 7 2093 9 
2229 6 1399 5 2092 9 
2097 3 2095 4 714 9 638 3 
2094 4 713 7 1146 3 637 7 
712 6 2099 6 2097 3 640 4 
2094 3 2096 3 639 6 711 5 
2099 7 710 4 642 6 2025 4 
2098 7 709 8 2096 6 641 9 
2345 6 1614 3 2109 2 2101 5 
1613 7 2344 7 2102 6 2100 5 
1616 7 2343 5 2101 6 2103 4 
1615 6 2342 5 2102 4 2104 5 
1610 4 2349 8 2103 5 2105 6 
1609 6 2348 10 2106 6 2104 6 
1612 10 1496 8 2107 6 2105 6 
2275 7 2346 5 2106 6 1611 6 
2260 7 2109 4 1618 4 2340 3 
2339 6 1617 5 2100 2 2108 4 
340 6 2112 5 273 3 
275 3 339 5 2114 3 2112 6 
338 5 2110 5 2111 6 274 7 
337 4 1854 2 2114 2 1891 2 
963 3 2111 3 2113 2 336 3 
93 2 1103 4 2116 4 2117 4 
2115 4 1102 6 92 5 2124 3 
2115 4 1101 6 94 4 
1768 6 2119 4 1853 3 2123 4 
1767 3 2118 4 1935 5 1852 3 
1857 6 1763 3 2191 3 2121 6 
1762 8 1856 9 2120 6 2122 10 
1859 8 1761 7 2121 10 2123 8 
1760 5 1858 8 2122 8 2118 4 
2125 3 1105 3 2116 3 96 1 
2124 3 1598 4 95 3 1104 4 
871 7 2156 8 2135 7 2127 7 
635 5 2155 8 1490 9 2126 7 
1069 7 52 8 2129 9 2458 9 
2128 9 2196 5 2457 5 161 7 
2154 5 1481 6 2197 9 2200 6 
2451 10 2196 5 2132 3 147 8 
2450 3 150 3 2131 3 2133 3 
149 9 2205 5 2449 4 2132 3 
1485 6 2137 5 2150 10 2135 7 
2149 8 2126 7 1484 8 2134 7 
2197 9 2148 6 2137 5 857 7 
2134 5 855 5 2147 4 2136 5 
710 5 2139 7 
2138 7 2068 4 2140 5 709 7 
2141 6 2067 2 2139 5 712 6 
2140 6 2142 9 711 8 2066 7 
2141 9 2143 6 714 12 2072 8 
2071 4 2142 6 2144 3 713 6 
2070 4 2143 3 2145 3 716 5 
1926 3 2069 4 715 5 2144 3 
1473 7 1471 7 1978 8 2164 9 
2150 9 2137 4 2148 5 1947 4 
2136 6 2153 4 2147 5 1946 9 
2135 8 2156 9 2150 11 1949 5 
2147 9 1948 11 2134 10 2149 11 
1951 6 2200 5 2152 6 2154 4 
1950 6 2286 6 2198 6 2151 6 
2197 7 2148 4 1953 3 2154 3 
2130 5 2151 4 2153 3 1952 6 
1955 6 2156 9 2127 8 1154 8 
2126 8 2149 9 2155 9 1954 5 
1684 6 2158 5 2043 6 1793 7 
2157 5 1687 5 143 2 2042 4 
2335 7 2385 8 1467 6 871 8 
822 6 2507 5 2161 5 2187 6 
821 5 169 8 2160 5 2506 6 
2163 7 1472 9 1986 6 2299 6 
2162 7 1471 8 1482 8 2164 10 
2165 9 1481 8 2163 10 2146 9 
2166 5 2164 9 1480 8 1473 7 
2165 5 2167 6 1476 5 857 5 
1475 10 2166 6 2168 6 855 8 
1478 6 1485 4 2167 6 2385 5 
1696 3 2305 4 173 3 1441 5 
2171 6 2295 8 1627 7 950 6 
2178 3 2170 6 949 4 1626 5 
946 6 2175 9 2173 5 1635 6 
2172 5 1997 7 945 5 1634 7 
2177 4 2175 7 1633 3 948 4 
1632 9 947 9 2172 9 2174 7 
2179 2 942 3 1631 4 2177 5 
2174 4 941 4 2176 5 1630 6 
2171 3 944 4 2179 2 1629 4 
943 2 2176 2 2178 2 1628 3 
828 4 2501 4 1271 6 2181 3 
827 4 2500 2 2180 3 2182 2 
830 5 2183 5 2181 2 2499 5 
2184 9 2498 4 2182 5 829 8 
2185 11 2505 8 824 11 2183 9 
2184 11 823 11 2186 7 2504 10 
2503 5 2187 5 2185 7 826 4 
825 8 2160 6 2186 5 2502 7 
2195 10 1149 6 2189 10 1329 9 
1148 7 1328 9 2190 8 2188 10 
1147 7 2189 8 1330 7 
1855 3 1764 3 2120 3 
2421 4 1153 3 2193 3 1325 6 
1152 9 2192 3 1324 6 2194 8 
1327 8 1151 6 2195 10 2193 8 
2188 10 1150 7 1326 8 2194 10 
2452 5 148 6 2129 5 2131 5 
2136 9 2153 7 1480 10 2130 9 
2299 6 1936 5 2152 6 2200 5 
2204 4 598 5 660 3 1262 7 
2151 5 1482 6 2198 5 2130 6 
1840 6 2207 8 2202 8 1901 7 
1839 10 1900 8 2201 8 2203 8 
1838 8 1903 8 228 8 2202 8 
2199 4 619 5 659 6 597 6 
2208 5 363 5 2133 5 2455 5 
130 7 1834 10 2207 9 1905 13 
2206 9 1833 6 2201 8 1904 5 
2205 5 1042 8 2454 5 
2211 4 653 6 
2211 5 651 6 2213 3 
2209 4 2210 5 650 6 
2215 8 2213 2 649 3 
648 5 2210 3 2212 2 
647 8 2215 11 2217 5 
646 10 2212 8 2214 11 
655 5 1652 3 2217 3 
654 5 2214 5 2216 3 
1251 6 2088 2 1968 4 1249 4 
684 2 258 4 2222 3 1005 6 
1509 4 901 5 563 8 866 6 
1007 7 682 7 2222 5 2228 7 
2221 5 2219 3 681 3 1006 4 
1009 8 2224 6 680 5 2226 8 
1008 4 2223 6 679 3 2337 6 
2226 6 258 4 678 2 1011 5 
2225 6 677 7 1010 6 2223 8 
159 3 1013 6 672 6 2228 6 
671 8 1012 6 2221 7 2227 6 
1258 6 1256 8 2093 6 264 3 
2026 7 1651 9 550 8 1905 12 
232 10 192 7 344 6 350 8 
2275 7 55 6 2233 7 2346 5 
54 4 2274 5 2232 7 2234 8 
2269 8 47 9 2233 8 2235 7 
2268 4 2236 5 46 6 2234 7 
49 6 2235 5 2237 7 2267 5 
48 7 2266 6 2236 7 2238 7 
2239 3 51 4 2273 6 2237 7 
2272 4 2238 3 2240 5 50 4 
2239 5 53 5 2271 10 2241 5 
1069 1 2270 3 52 2 2240 5 
667 5 589 6 1257 6 1259 5 
1174 3 2244 3 76 6 568 5 
2243 3 889 5 569 6 1173 5 
2527 7 2248 5 119 5 2246 9 
2526 10 370 11 118 11 2245 9 
2248 6 121 7 2062 6 2525 7 
2247 6 2245 5 120 7 2524 7 
2250 4 1327 5 1421 4 2252 4 
1326 5 2249 4 364 7 1420 4 
2252 4 1423 6 2409 4 1325 8 
2251 4 1422 4 1324 5 2249 4 
2254 4 2519 6 369 6 
2253 4 2374 8 2518 4 
1513 4 894 8 870 8 892 5 
2257 5 2263 4 1642 6 1770 5 
2256 5 1769 6 2081 6 1871 5 
1776 8 2261 7 2259 11 1867 7 
2264 12 1775 8 1866 8 2258 11 
1778 8 1865 7 2261 7 2108 7 
1777 3 1864 8 2258 7 2260 7 
2265 4 1863 3 1772 5 2263 3 
1771 5 1862 7 2262 3 2256 4 
2259 12 2265 9 1861 8 1774 9 
2264 9 2262 4 1773 6 1860 6 
2267 4 2237 6 1413 7 2273 5 
1412 7 2266 4 2236 5 2268 4 
2235 4 433 3 2269 5 2267 4 
2234 8 2274 5 1414 8 2268 5 
1417 5 2241 3 2271 8 2405 4 
1416 8 2272 9 2270 8 2240 10 
2273 7 2239 4 1419 5 2271 9 
2272 7 1418 7 2238 6 2266 5 
2275 5 2233 5 1425 5 2269 5 
2274 5 2232 7 2107 7 1424 5 
2529 6 324 7 2324 9 329 11 
1945 6 2278 6 2280 6 1765 5 
2283 8 1944 5 2277 6 1764 5 
2280 7 1943 6 
1942 7 1766 6 2279 7 2277 6 
1761 3 2284 2 2282 5 1941 3 
2281 5 2285 11 1940 9 1760 6 
1763 6 2284 5 2278 8 1939 9 
2283 5 2281 2 1762 4 1938 1 
2286 10 2282 11 1937 11 1768 12 
2285 10 1936 5 1767 3 2152 6 
2481 8 1885 6 1847 6 1841 9 
251 7 631 8 2292 9 1702 5 
686 3 988 9 2290 3 1436 5 
2297 5 2289 3 1435 5 685 4 
988 10 688 6 2294 8 1434 7 
632 11 2288 9 839 9 250 9 
2296 7 690 5 1432 3 2294 8 
2291 8 1431 11 2293 8 689 8 
2170 8 2296 8 1430 7 692 4 
2293 7 691 6 1429 7 2295 8 
1438 4 2290 5 2298 6 694 6 
1437 5 2297 6 693 9 1113 7 
2198 6 2162 6 1661 7 1482 7 
96 6 962 8 2301 9 2304 9 
961 6 2533 8 95 4 2300 9 
2303 3 94 3 122 3 
2302 3 125 4 2304 5 93 2 
124 7 92 6 2303 5 2300 9 
2169 4 1468 6 626 4 1695 6 
2307 5 1030 3 2313 7 2418 2 
2306 5 2417 6 2308 8 1029 6 
2309 7 2307 8 1032 6 2416 4 
224 7 2308 7 2415 5 567 6 
2311 13 1034 12 2315 10 2414 10 
2312 8 1033 8 2310 13 2413 11 
2311 8 2313 9 2412 3 571 5 
2312 9 2306 7 2411 8 1035 9 
1028 7 2315 7 1423 8 2409 6 
1027 5 2408 4 2310 10 2314 7 
2061 7 1003 6 2317 8 1315 5 
2316 8 136 7 2060 6 2318 7 
1307 5 139 5 2059 7 2317 7 
1306 5 2422 8 2413 8 1303 6 
2321 7 2325 5 2065 4 141 8 
2064 6 2320 7 1313 8 140 7 
2323 5 2418 4 1304 5 2427 3 
2417 4 2322 5 1309 8 2426 6 
2051 7 2325 7 145 5 2276 9 
2050 7 2320 5 144 7 2324 7 
1325 7 2421 5 2409 3 2327 2 
1306 3 2420 6 2408 2 2326 2 
849 3 452 4 2331 2 2329 6 
848 7 2334 8 451 8 2328 6 
851 7 1550 5 450 4 2331 2 
850 4 449 2 2328 2 2330 2 
325 7 2333 7 1439 6 845 7 
1336 7 2336 4 2332 7 844 8 
1439 5 446 6 847 7 2329 8 
2159 7 2036 5 1466 5 1490 8 
853 6 2333 4 305 2 2337 5 
302 7 852 7 2336 5 2224 6 
987 6 1051 3 2350 5 2341 5 
2345 10 2109 6 2340 5 2431 9 
2339 5 1865 3 2430 2 2108 3 
1050 8 986 5 1517 5 2338 5 
2103 5 2349 8 2343 6 2437 5 
2102 5 2436 7 2344 6 2342 6 
2101 7 2439 5 2343 6 2345 8 
2339 10 2100 6 2344 8 2438 7 
2107 5 2232 5 2433 5 1496 7 
2358 4 2350 7 1053 5 985 5 
2435 12 1496 12 2105 10 2349 12 
2434 7 2342 8 2104 8 2348 12 
984 7 2338 5 2347 7 1052 7 
1489 9 125 9 2352 9 2354 8 
1488 5 2356 6 124 6 2351 9 
123 4 1491 2 2354 3 
122 3 2353 3 2351 8 1494 10 
1280 7 816 7 1282 7 477 6 
2357 6 962 6 2352 6 1487 7 
2356 6 1486 4 961 5 2049 6 
982 4 2347 4 1279 3 1046 5 
2362 7 1032 6 1018 8 2360 4 
567 3 341 7 2359 4 1017 4 
1030 8 2364 6 1020 7 2362 9 
1019 6 2359 7 1029 5 2361 9 
2364 1 1022 4 1547 4 571 3 
2363 1 2361 6 1035 3 1021 3 
1066 7 2366 7 2568 5 281 7 
280 9 2365 7 1548 4 1565 5 
2368 6 1571 9 1028 4 1015 2 
1546 9 1027 7 1014 7 2367 6 
1890 9 2009 7 2557 6 2370 9 
1889 9 2006 8 1544 9 2369 9 
154 6 1554 5 2372 4 
153 2 2373 3 2371 4 
2374 7 152 7 2372 3 
2373 7 2254 8 151 9 
1098 6 965 5 1060 6 2376 6 
1097 7 1059 5 2377 7 2375 6 
1062 5 1096 7 2376 7 2378 8 
1061 7 2379 8 1095 8 2377 8 
1094 6 2380 7 1064 6 2378 8 
1179 8 2379 7 2381 8 1063 8 
887 8 1170 7 2382 7 2380 8 
2381 7 2383 6 1065 6 1157 6 
2384 10 2382 6 1043 8 1058 8 
1057 7 2383 10 1041 11 2044 8 
2159 8 1477 6 2168 5 1484 8 
2387 8 6 5 206 5 1066 7 
2395 13 2386 8 205 7 1565 6 
105 6 918 9 1460 8 923 7 
2390 11 152 12 588 9 2392 10 
2389 11 1576 9 1347 7 151 8 
1344 5 154 7 2392 7 2394 8 
2391 7 2389 10 153 4 1342 10 
1337 7 2394 7 1038 3 2396 3 
1037 6 2393 7 2391 8 1333 9 
2387 13 1040 13 2396 9 208 9 
1331 1 1039 4 2395 9 2393 3 
786 10 225 5 221 8 196 7 
923 7 922 5 99 7 1458 5 
1172 8 363 6 2402 7 2400 6 
1171 6 2399 6 1042 8 
2402 9 150 8 2404 9 1174 7 
2401 9 1173 7 2399 7 149 10 
2404 5 2406 4 148 5 1176 6 
147 9 2403 5 2401 9 1175 6 
1168 6 1069 2 2270 4 2406 4 
161 7 2403 4 1167 4 2405 4 
2410 5 2419 5 2513 4 1574 5 
2315 4 2409 3 2414 4 2327 2 
2408 3 2251 4 2326 3 2314 6 
2512 5 2407 5 2534 5 1664 6 
2418 3 2412 2 1304 4 2313 8 
2411 2 1303 4 2312 3 2413 6 
2311 11 2319 8 2412 6 2414 8 
2408 4 2310 10 1306 5 2413 8 
1312 6 2416 2 784 3 2309 5 
2415 2 2417 2 1309 6 2308 4 
2418 3 2323 4 2307 6 2416 2 
2417 3 2411 3 2322 4 2306 2 
2407 5 2514 6 1567 7 538 6 
1043 10 2327 6 2423 8 2421 9 
2192 4 1041 8 2420 9 2326 5 
2423 8 1170 8 2425 8 2319 8 
1157 6 1306 5 2420 8 2422 8 
2427 4 1304 6 2425 6 1094 6 
1179 7 2424 6 1303 6 2422 8 
2429 5 2427 4 2323 6 1096 7 
2424 4 2426 4 1095 4 2322 3 
765 9 2429 8 1312 11 1098 10 
2426 5 2428 8 1097 5 1309 7 
238 3 1601 6 2340 2 2431 6 
237 8 2339 9 2438 6 2430 6 
1496 8 2435 8 246 4 2433 6 
245 8 2346 5 55 6 2432 6 
2435 7 2437 4 2349 7 244 4 
2434 7 243 9 2348 12 2432 8 
2439 6 2343 7 2437 6 242 6 
2434 4 2436 6 241 4 2342 5 
240 6 2439 4 2431 6 2345 7 
2344 5 2436 6 239 5 2438 4 
2441 4 529 4 34 3 1078 5 
2440 4 528 3 33 4 2442 2 
531 5 32 2 2441 2 391 3 
388 5 827 6 1374 5 390 4 
826 6 1371 8 395 5 393 10 
392 7 532 9 2446 6 37 6 
36 6 535 6 2447 6 2445 6 
396 4 2446 6 534 4 35 2 
1402 7 1401 8 2496 9 1735 6 
909 5 2450 4 2455 4 2133 4 
908 10 2132 3 2451 10 2449 4 
2131 10 2450 10 2452 10 911 8 
2196 5 2451 10 910 5 2457 5 
2544 8 2569 9 7 8 2456 5 
2455 5 2208 5 913 6 
912 4 2454 5 2449 4 2205 5 
6 2 2568 2 2453 5 1066 4 
906 8 2458 5 2129 5 2452 5 
2457 5 57 7 905 5 2128 9 
368 5 628 5 2460 10 
366 11 629 13 1402 9 2459 10 
1440 7 2462 6 1560 6 424 8 
2463 5 2461 6 423 5 1559 5 
2462 5 422 6 1562 5 936 4 
335 11 2470 9 2482 10 318 11 
935 7 1112 7 933 7 1204 7 
428 11 936 11 1556 10 2467 11 
2468 7 427 7 1555 5 2466 11 
2467 7 426 8 1558 9 940 13 
939 9 937 10 1200 8 1116 9 
317 5 2464 9 334 4 811 4 
2473 5 917 9 1092 7 2472 9 
607 6 916 9 1604 9 2471 9 
2471 5 914 5 
286 7 2475 6 2480 6 
2476 6 285 3 1308 4 2474 6 
2475 6 1311 8 284 8 2477 6 
87 3 1310 6 283 8 2476 6 
2479 2 289 5 
2478 2 288 5 2480 3 
2474 6 287 5 2479 3 
2287 8 673 7 1479 6 731 10 
2464 10 319 7 332 4 815 7 
1444 6 2484 5 373 6 505 4 
2485 5 2483 5 371 4 1443 8 
1381 7 2484 5 1442 6 
2487 9 1391 6 2489 8 
2486 9 2494 8 1390 8 
1393 5 2489 6 1377 4 2491 5 
2486 8 2488 6 400 9 
1381 6 1395 3 2491 5 2493 4 
1394 5 1380 6 2490 5 2488 5 
487 4 1397 5 2493 4 373 5 
1396 5 371 4 2492 4 2490 4 
2495 6 387 5 2487 8 
2494 6 384 8 
2497 7 2448 9 
2496 7 1402 5 366 7 1356 5 
2499 4 1344 2 2505 3 2183 4 
1342 10 2500 5 2498 4 2182 5 
2499 5 2501 3 588 4 2181 2 
1347 4 979 4 2500 3 2180 4 
208 4 2503 7 2507 6 2187 7 
2504 8 2502 7 2186 5 1331 4 
2503 8 1337 9 2505 7 2185 10 
2184 8 1333 7 2498 3 2504 7 
107 5 2161 6 2507 6 206 5 
205 5 2160 5 2502 6 2506 6 
2509 5 2049 5 961 4 2533 6 
2532 9 2508 5 888 6 2510 6 
2509 6 886 4 2535 4 2511 4 
2512 3 2534 3 885 6 2510 4 
2410 5 2511 3 2513 4 904 3 
2512 4 2514 5 2407 4 902 5 
2073 5 2419 6 2513 5 2515 5 
897 6 2516 7 538 5 2514 5 
2515 7 2517 6 873 7 2539 6 
2538 2 2516 6 1877 4 1307 4 
2519 6 151 5 1576 6 2254 4 
2522 7 2518 6 2253 6 1575 9 
372 8 2521 6 2523 7 1582 6 
2520 6 370 7 2526 6 1581 8 
2523 6 369 7 2519 7 1584 5 
2522 6 367 4 2520 7 1583 6 
2527 9 1578 8 2248 7 2525 8 
127 9 1577 6 2247 7 2524 8 
2246 10 2521 6 1580 8 2527 8 
2245 7 2524 9 1579 7 2526 8 
2531 10 312 9 1442 10 
323 5 2276 6 817 6 328 6 
2531 7 313 6 1444 7 1499 8 
1443 9 2530 7 2528 10 314 8 
2509 9 2533 10 1655 10 2535 7 
2532 10 2301 8 2508 6 1650 7 
2410 5 1639 5 2511 3 2535 3 
2532 7 1637 6 2510 4 2534 3 
1499 9 1849 6 730 10 676 7 
1126 3 1604 5 
2517 2 2539 2 696 4 138 4 
538 4 2538 2 695 3 2516 6 
2567 5 1 3 2541 5 
3 6 2542 5 2540 5 2566 9 
2543 7 2555 5 2541 5 2 5 
5 7 2542 7 2571 6 2544 9 
2570 8 2453 8 2543 9 4 5 
1098 5 765 4 965 4 2546 6 
964 7 2547 9 764 8 2545 6 
973 8 2548 9 2546 9 758 8 
972 8 2547 9 2549 7 757 11 
756 6 2550 5 975 3 2548 7 
755 5 2551 6 2549 5 974 5 
2552 5 198 6 2550 6 762 7 
2553 4 2551 5 761 3 197 4 
2552 4 2554 5 760 7 971 5 
2553 5 970 5 1045 7 759 8 
2566 9 2542 5 924 4 2571 4 
529 2 2565 6 1703 3 1078 3 
1071 7 1711 6 2369 6 2558 12 
2559 11 1070 10 2557 12 1710 12 
1073 5 2558 11 2560 6 1709 5 
2561 5 1072 5 2559 6 1708 6 
2562 2 2560 5 1075 2 1715 6 
2561 2 1714 5 1074 3 2563 4 
1077 6 1713 6 2562 4 2564 8 
1076 14 2565 10 1712 6 2563 8 
1079 8 1704 6 2564 10 2556 6 
2555 9 99 9 2541 9 2567 9 
2540 5 102 6 2566 9 
2569 6 927 6 2456 2 2365 5 
2568 6 2453 9 2570 9 103 9 
2544 8 106 8 2569 9 2571 5 
2543 6 2570 5 2555 4 105 3 
