2469 4808 001
2291 4 1536 5 412 4 15 5 
188 4 2411 5 26 6 
177 5 2185 5 1904 5 4 5 
1903 3 2184 2 24 5 3 5 
730 6 406 5 12 4 25 6 
1899 10 2178 10 24 10 27 8 
404 4 732 4 8 4 25 5 
1504 3 7 4 403 3 731 3 
15 5 10 6 726 5 410 6 
725 5 409 5 11 4 9 6 
12 1 10 4 408 3 728 2 
11 1 407 4 5 4 727 5 
1971 5 533 3 14 2 
534 5 13 2 22 3 
411 4 9 5 1535 6 1 5 
17 5 541 4 19 6 2303 4 
16 5 2302 6 542 8 2347 6 
2301 3 539 4 21 6 19 7 
2300 6 540 7 16 6 18 7 
21 5 23 5 537 3 2299 7 
20 5 18 6 2298 5 538 7 
535 9 23 6 2297 4 14 3 
22 6 2296 5 536 6 20 5 
6 10 2179 7 1900 4 4 5 
7 5 405 5 729 5 5 6 
2350 6 2 6 1854 5 
28 3 6 8 1902 3 2177 8 
27 3 2176 7 29 3 1901 5 
28 3 2183 4 30 4 1896 2 
1895 5 31 7 29 4 2182 6 
30 7 32 8 1898 5 2181 6 
2318 6 31 8 2180 8 1897 5 
36 6 2164 6 2144 9 34 5 
2143 5 2163 9 1339 4 33 5 
2142 6 37 5 36 6 1061 5 
33 6 2141 4 2165 7 35 6 
35 5 2140 6 2161 5 
686 4 39 4 399 4 49 3 
398 5 38 4 685 5 609 5 
2260 5 283 5 2205 7 41 6 
2204 3 2259 6 42 8 40 6 
43 7 2262 7 41 8 2203 6 
2261 4 42 7 
45 5 689 6 47 6 395 4 
44 5 688 5 50 4 394 4 
2092 6 691 4 47 6 1355 7 
46 6 44 6 2088 4 690 6 
693 3 49 4 391 6 51 5 
692 3 48 4 390 3 38 3 
51 5 389 6 695 4 45 4 
694 3 50 5 388 5 48 5 
53 8 2438 6 2161 7 
52 8 54 7 2439 7 1061 6 
53 7 2165 7 55 5 2440 5 
2441 5 2164 5 56 5 54 5 
634 3 55 5 2442 4 2163 10 
1727 5 370 11 58 10 60 5 
1726 7 57 10 63 7 369 7 
372 8 60 6 66 8 1725 9 
2424 3 1724 4 59 6 57 5 
64 4 366 5 62 3 1723 6 
365 3 61 3 2365 1 1722 1 
64 3 58 7 368 3 1721 4 
63 3 61 4 1720 4 367 5 
1719 3 2169 4 66 4 1950 3 
1718 5 1949 6 59 8 65 4 
619 9 401 7 1351 6 1730 5 
69 2 2378 1 559 3 281 2 
68 2 448 3 1853 4 70 2 
71 3 593 2 69 2 447 5 
70 3 446 5 594 3 72 6 
73 5 589 7 445 7 71 6 
72 5 444 4 592 6 
2369 4 476 3 703 6 886 5 
1225 5 76 3 102 4 82 3 
75 3 101 4 1224 4 77 6 
78 6 1227 6 100 5 76 6 
1226 3 77 6 83 3 99 6 
106 6 80 5 
105 5 1221 5 81 4 79 5 
82 3 104 4 1223 2 80 4 
81 3 75 3 103 4 1222 3 
98 3 1229 2 84 3 78 3 
301 7 97 5 1228 5 83 3 
2377 2 422 2 262 2 86 4 
94 6 423 6 261 5 85 4 
1677 3 890 2 480 6 709 4 
89 2 91 4 414 4 270 2 
88 2 269 4 1388 2 2232 3 
91 7 2238 9 268 6 93 5 
90 7 267 7 88 4 417 6 
93 5 266 6 418 5 95 5 
419 4 92 5 265 3 90 5 
86 6 264 6 95 4 420 4 
421 3 263 4 94 4 92 5 
1888 7 484 7 482 8 332 7 
84 5 2383 5 98 5 1051 5 
83 3 99 6 1052 8 97 5 
1053 10 98 6 100 5 78 6 
101 3 77 5 99 5 1054 4 
100 3 1055 2 76 4 102 5 
103 5 75 4 1056 6 101 5 
102 5 1057 4 104 5 82 4 
105 5 81 4 103 5 1058 7 
104 5 80 5 106 6 687 6 
79 6 1060 6 105 6 
487 8 1885 9 829 7 331 9 
2122 5 109 5 111 3 2058 6 
2121 10 108 5 2057 5 2444 7 
111 3 2120 2 2060 3 
110 3 2059 2 108 3 2119 6 
113 8 906 9 496 6 783 7 
477 7 495 6 112 8 905 4 
2336 8 1113 5 115 7 124 6 
699 5 114 7 2335 5 1112 4 
908 1 783 3 684 2 714 1 
262 2 2454 3 2397 4 118 3 
697 7 261 4 117 3 2437 3 
120 3 2332 3 1111 2 122 3 
2331 8 119 3 1110 2 125 6 
316 5 2334 5 1109 6 122 5 
119 3 2333 3 121 5 1108 4 
124 4 2328 4 126 5 1107 4 
123 4 2327 6 114 6 1106 5 
1105 6 126 7 120 6 2330 7 
1104 6 2329 6 125 7 123 5 
130 3 128 2 149 3 1323 4 
127 2 131 5 1322 3 
148 4 134 3 130 4 1325 6 
127 3 1324 4 147 4 129 4 
128 5 132 6 1321 6 
131 6 1320 3 
146 2 1319 3 2403 5 134 3 
1318 6 129 3 145 2 133 3 
138 4 136 5 924 5 284 3 
923 6 135 5 285 4 327 4 
288 5 932 6 140 5 138 5 
135 4 289 5 137 5 931 4 
140 4 142 2 930 4 286 6 
929 8 287 3 137 5 139 4 
292 5 144 5 142 2 928 4 
293 4 927 4 139 2 141 2 
2413 8 290 7 926 9 144 8 
291 8 141 5 143 8 925 8 
134 2 148 3 425 3 146 1 
133 2 347 3 424 4 145 1 
130 4 148 4 149 4 415 3 
129 4 2226 5 147 4 145 3 
416 4 127 3 147 4 
1695 4 1227 5 1293 5 151 4 
1292 6 150 4 163 5 1226 2 
153 6 2469 7 2445 8 756 7 
158 6 2468 4 152 6 755 5 
746 4 2463 6 155 6 161 5 
154 6 156 5 745 6 2462 7 
2461 5 748 5 155 5 157 3 
2460 3 747 5 156 3 352 2 
153 6 2467 6 742 7 159 6 
160 7 2466 4 741 3 158 6 
161 7 159 7 2465 5 744 8 
160 7 743 6 2464 8 154 5 
2186 5 400 5 1378 3 846 4 
1298 6 151 5 1229 5 164 6 
1297 5 1845 3 1228 5 163 6 
172 7 2448 8 166 7 2096 7 
165 7 2447 5 2095 3 167 5 
2446 6 2098 6 168 5 166 5 
2097 3 2445 7 167 5 2469 6 
2452 4 2100 4 170 5 174 7 
2451 5 2099 5 171 2 169 5 
2102 2 2450 2 170 2 172 3 
165 7 2449 4 2101 4 171 3 
2444 6 2104 7 174 6 2121 9 
2103 6 2443 5 173 6 169 7 
176 4 1757 7 178 5 234 8 
1756 4 175 4 181 2 233 3 
178 4 3 5 232 6 1759 3 
177 4 1758 4 175 5 231 6 
473 5 2357 7 180 7 2453 4 
1171 6 2356 9 185 8 179 7 
1755 3 182 2 228 3 176 2 
181 2 227 7 1754 2 1175 4 
1144 2 184 2 1183 4 2355 1 
183 2 189 6 2225 3 2354 3 
2228 8 1183 7 2353 6 180 8 
1179 5 1355 5 1750 10 2092 4 
190 5 2351 5 2230 7 188 5 
2 4 2350 4 2229 5 187 5 
184 6 2349 6 190 6 1044 7 
187 5 2348 4 189 6 2231 5 
1350 5 310 5 478 4 192 5 
495 6 1351 7 477 7 191 5 
194 5 199 3 532 2 255 3 
256 7 193 5 531 6 796 7 
1244 3 2294 5 1000 4 
197 6 530 6 257 3 
198 7 529 6 196 6 258 7 
197 7 528 8 259 6 199 5 
527 5 193 3 198 5 260 3 
201 4 992 5 912 5 1430 4 
200 4 1571 7 1429 5 991 5 
1920 6 1655 9 1670 6 1651 3 
994 7 943 11 912 6 1428 8 
205 9 413 8 343 7 538 8 
204 9 2412 5 537 6 206 7 
345 7 207 3 536 5 205 7 
535 7 206 3 1296 3 344 5 
347 7 209 5 542 9 424 8 
208 5 346 3 1286 2 541 3 
213 4 1020 4 211 7 2056 5 
1019 7 2251 7 210 7 2254 6 
215 4 1028 3 213 4 2371 3 
210 4 1997 6 212 4 1027 5 
1026 5 217 4 2373 5 215 5 
1025 4 212 4 2374 3 214 5 
217 1 2000 1 219 2 1024 4 
216 1 1023 5 2002 2 214 4 
1022 7 422 6 219 6 2377 6 
2005 3 1021 6 218 6 216 2 
1424 3 998 3 221 5 1715 5 
524 6 220 5 997 7 1423 8 
2125 6 1824 4 2089 6 2091 4 
2079 4 226 4 
1179 4 493 2 1355 4 229 2 
2081 5 226 7 522 5 
2080 9 223 4 225 7 
230 8 228 8 182 7 506 7 
227 8 181 3 505 3 233 4 
508 3 230 4 224 2 1176 3 
227 8 1175 5 507 7 229 4 
232 8 502 5 234 9 178 6 
231 8 501 7 177 6 2185 6 
234 7 504 4 228 4 176 3 
503 7 233 7 175 8 231 9 
833 6 242 5 1056 4 236 2 
237 3 832 3 235 2 1055 1 
236 3 238 4 835 6 1054 5 
237 4 243 5 1053 8 834 6 
240 4 1060 3 
836 4 239 4 241 8 687 7 
240 8 1058 9 242 9 838 8 
235 5 837 8 1057 6 241 9 
244 7 238 5 831 4 1052 9 
243 7 830 6 439 6 1051 6 
617 4 246 4 254 4 2436 3 
2435 3 451 5 245 4 616 3 
609 7 398 7 2428 5 248 5 
249 1 608 2 2427 3 247 5 
248 1 2430 2 607 6 250 3 
606 5 251 4 2429 5 249 3 
252 4 250 4 613 4 2432 3 
2431 4 251 4 612 5 253 4 
254 4 2434 4 611 3 252 4 
253 4 610 5 245 4 2433 6 
911 3 193 3 260 3 256 5 
194 7 869 6 255 5 590 5 
587 2 258 4 196 3 
257 4 197 7 586 6 259 6 
585 6 198 6 260 4 258 6 
259 4 584 5 255 3 199 3 
86 5 118 4 262 3 264 5 
117 2 454 4 261 3 85 2 
266 5 703 6 95 4 264 6 
697 8 94 6 263 6 261 5 
268 4 707 4 266 4 93 3 
263 5 92 6 706 5 265 4 
91 7 709 6 270 5 268 6 
265 4 708 7 90 6 267 6 
1729 6 89 4 270 4 712 4 
710 4 269 4 267 5 88 2 
2106 6 2076 2 1249 4 272 1 
2282 1 2075 3 1250 4 271 1 
276 4 1039 3 2035 3 274 6 
466 8 273 6 2036 7 1038 10 
278 10 1048 7 2033 7 276 8 
2034 4 273 4 275 8 1047 3 
280 5 1046 4 2031 5 278 7 
2032 6 275 10 277 7 1045 9 
280 5 2029 7 595 11 282 5 
279 5 277 5 1043 6 2030 8 
2027 4 1042 4 68 2 282 4 
1041 3 2028 5 279 5 281 4 
40 5 2257 5 522 3 
289 4 285 2 135 3 2070 3 
490 5 2069 1 136 4 284 2 
293 8 2064 9 287 5 139 6 
140 3 288 3 286 5 2063 5 
137 5 289 5 287 3 2062 4 
284 4 288 5 138 5 2061 6 
291 7 143 7 2068 5 897 4 
144 8 290 7 292 8 2067 7 
2066 4 293 7 141 5 291 8 
142 4 292 7 286 8 2065 8 
304 4 1079 3 295 4 2382 2 
294 4 1078 6 296 4 2381 4 
1081 5 295 4 2380 4 297 4 
298 5 2379 5 1080 5 296 4 
297 5 2386 4 299 4 1083 5 
2385 3 1082 6 298 4 300 3 
301 6 2384 4 299 3 1085 4 
300 6 1084 6 84 7 2383 7 
2083 4 2194 4 1996 6 305 4 
1077 5 485 5 2376 7 304 5 
294 4 2375 4 303 5 1076 4 
979 3 2193 4 302 4 2082 3 
984 8 986 4 936 2 1352 4 
1279 5 2009 2 2187 3 312 6 
311 6 1194 8 1231 6 309 7 
1195 6 313 6 668 9 308 7 
667 8 191 5 1196 5 311 7 
308 6 1197 7 310 7 666 6 
315 6 393 8 2190 6 307 6 
1199 6 314 3 309 6 1230 2 
313 3 664 3 1200 6 
312 6 392 6 2189 4 2048 3 
922 5 121 5 492 5 317 6 
491 9 921 10 320 8 316 6 
319 5 920 6 321 7 463 6 
318 5 919 4 324 3 462 5 
321 7 1326 4 317 8 918 5 
917 7 318 7 320 7 464 6 
323 7 325 7 916 8 474 9 
322 7 2453 3 915 3 473 4 
319 3 1354 3 914 3 325 3 
322 7 784 3 913 3 324 3 
329 7 327 3 489 4 732 4 
490 5 731 2 136 4 326 3 
329 6 487 4 331 5 730 4 
326 7 328 6 488 8 729 7 
331 4 728 2 829 2 333 4 
330 4 107 9 727 8 328 5 
726 5 333 6 335 3 96 7 
725 5 484 6 330 4 332 6 
1536 6 1871 5 335 4 481 6 
1535 4 482 4 334 4 332 3 
2416 3 337 4 
2084 5 336 4 1835 4 2415 8 
1100 4 2410 2 1299 3 339 5 
2409 8 1296 7 344 9 338 5 
2418 4 1839 3 341 2 2094 3 
340 2 2417 4 342 1 2093 5 
397 1 1843 2 2414 3 341 1 
2407 7 348 6 2412 3 204 7 
345 9 2406 7 339 9 207 5 
206 7 2412 5 344 9 2405 8 
347 5 209 3 349 5 2404 4 
208 7 346 5 146 3 2403 6 
349 6 343 6 2402 6 413 7 
348 6 346 5 2401 7 1286 4 
2013 5 2421 4 1184 4 1634 5 
532 4 354 4 631 6 352 4 
531 3 630 6 157 2 351 4 
654 3 356 3 528 7 354 3 
527 4 351 4 652 1 353 3 
356 4 548 5 530 7 
353 3 547 3 355 4 529 3 
358 6 360 3 2434 4 1940 4 
357 6 2433 8 1819 9 371 7 
362 5 360 4 1936 6 2432 4 
357 3 2431 3 1937 4 359 4 
364 4 1934 4 362 3 2430 2 
2429 5 361 3 359 5 1935 4 
2428 1 1932 3 364 4 1883 3 
361 4 363 4 1933 6 2427 6 
62 3 366 5 1403 4 526 7 
1402 6 367 6 365 5 61 5 
366 6 368 5 1401 6 64 5 
367 5 369 3 1400 3 63 3 
370 8 368 3 1407 3 58 7 
369 8 57 11 1406 9 2424 9 
2436 4 1588 5 358 7 
2424 5 59 8 1404 4 1949 6 
377 3 374 6 2346 5 425 4 
2347 7 373 6 424 8 542 9 
376 4 2339 4 416 4 
2337 3 415 3 377 3 375 4 
373 3 2338 3 376 3 2226 4 
385 3 379 3 1417 4 2309 4 
2308 3 655 4 378 3 380 3 
653 3 381 4 379 3 2311 5 
651 3 2310 5 380 4 386 4 
1421 7 549 7 383 9 2305 6 
2304 9 382 9 384 6 672 6 
385 3 383 6 669 4 2307 5 
1418 7 378 3 2306 4 384 3 
387 4 381 4 2313 4 1413 4 
1412 3 386 4 2312 4 972 6 
389 6 391 6 51 5 1594 4 
388 6 50 6 394 6 1593 9 
1596 4 49 3 399 4 391 5 
388 6 48 6 1595 7 390 5 
393 8 315 6 615 7 2087 8 
312 8 392 8 2009 4 614 6 
389 6 1600 5 395 3 45 4 
1599 3 394 3 44 4 2088 2 
2319 4 1843 4 397 3 806 6 
342 1 2093 5 396 3 805 2 
39 5 247 7 1591 4 399 5 
390 4 1590 8 38 4 398 5 
162 5 1730 5 980 6 401 7 
2082 6 67 7 979 6 400 7 
1136 2 1116 3 2047 3 1192 4 
404 3 879 3 2135 3 8 3 
7 4 403 3 405 4 2134 3 
2137 3 404 4 25 5 406 4 
5 5 407 5 2136 7 405 4 
408 6 12 4 406 5 2131 7 
407 6 2130 3 409 4 11 3 
10 5 408 4 2133 4 410 5 
411 5 409 5 9 6 2132 5 
15 4 412 3 2139 4 410 5 
411 3 1243 6 1 4 2138 5 
1286 5 204 8 539 5 348 7 
792 5 417 6 88 4 2232 5 
376 3 2226 4 416 3 147 3 
149 4 415 3 375 4 
414 6 91 6 789 9 2238 8 
92 5 788 3 419 4 421 3 
93 4 2238 8 787 8 418 4 
786 3 421 3 423 4 94 4 
95 3 420 3 418 3 785 3 
218 6 794 2 423 4 85 2 
793 4 86 6 420 4 422 4 
425 6 208 8 374 8 146 4 
424 6 2226 5 145 3 373 4 
427 6 616 5 627 8 451 7 
450 3 426 6 626 4 428 3 
429 3 629 2 427 3 449 2 
428 3 430 2 628 3 2372 4 
429 2 452 1 431 1 623 4 
622 4 430 1 
603 8 2361 5 443 3 863 4 
889 3 606 3 2367 2 2360 3 
605 6 2361 5 435 9 861 6 
436 10 860 10 434 9 604 8 
435 10 437 7 599 7 867 6 
436 7 598 6 866 5 438 6 
601 5 865 5 439 5 437 6 
600 4 864 4 244 6 438 5 
882 4 617 5 2366 5 441 4 
881 2 616 2 440 4 627 5 
859 5 443 5 597 6 1797 10 
596 4 442 5 858 1 432 3 
73 4 445 6 1529 4 
72 7 444 6 446 6 1528 7 
1531 3 447 7 71 5 445 6 
448 6 446 7 1530 8 70 5 
447 6 69 3 1527 5 2378 2 
2372 3 450 2 428 2 
427 3 449 2 451 4 
246 5 2268 4 426 7 450 4 
430 1 2372 3 
454 4 2398 3 2005 3 456 4 
262 4 453 4 2377 4 2397 6 
458 8 2002 5 456 6 2400 6 
2399 5 453 4 455 6 2000 3 
460 6 458 8 2394 9 2374 5 
455 8 2373 6 457 8 2393 6 
2396 7 460 3 461 4 1997 5 
2395 4 457 6 459 3 2371 3 
2056 6 2392 6 459 4 
2156 6 463 6 1354 5 319 5 
2155 5 462 6 464 5 318 6 
2154 6 1326 3 463 5 321 6 
468 5 2210 5 856 4 466 5 
274 8 855 5 2211 4 465 5 
468 8 854 6 2208 5 470 6 
465 5 467 8 2209 6 853 4 
470 4 2213 7 472 6 852 4 
469 4 467 6 2214 7 851 5 
850 6 472 5 
2212 5 469 6 471 5 849 9 
1329 6 179 5 474 6 323 4 
473 6 784 5 1328 4 322 9 
884 4 707 4 476 2 1677 3 
883 3 74 3 706 3 475 2 
113 7 192 7 900 4 478 6 
667 7 899 5 191 4 477 6 
480 8 1692 4 888 6 712 5 
479 8 710 7 87 6 887 9 
482 6 334 6 1894 3 1122 7 
335 4 1893 5 481 6 96 8 
486 7 500 11 902 8 714 6 
333 6 1887 3 96 7 829 4 
303 5 486 4 904 5 498 5 
497 4 483 7 485 4 903 4 
107 8 488 6 328 4 1892 6 
487 6 329 8 489 5 1891 6 
1890 4 490 6 488 5 326 4 
489 6 327 5 285 5 1889 8 
317 9 1326 5 492 8 525 7 
491 8 316 5 2334 5 523 5 
494 3 224 2 508 3 1210 3 
493 3 691 2 1355 5 1209 4 
496 4 192 6 113 6 1344 4 
495 4 1345 2 671 3 112 6 
500 8 486 4 1346 5 498 5 
1347 4 2376 7 485 5 497 5 
1348 8 500 9 684 5 714 4 
497 8 483 11 499 9 1349 8 
502 4 232 7 1094 4 1204 5 
501 4 231 5 503 3 1203 4 
234 7 504 4 502 3 1202 2 
505 3 503 4 233 4 1201 7 
504 3 1208 4 506 2 228 3 
1207 3 505 2 227 7 507 6 
506 6 1206 8 230 7 508 6 
1205 3 229 3 493 3 507 6 
1453 3 1303 3 1842 3 1506 4 
1022 6 704 4 511 5 1163 11 
1021 6 512 8 510 5 1162 2 
1024 10 511 8 513 9 1161 9 
1160 5 1023 7 512 9 514 4 
1026 3 515 4 1167 5 513 4 
1166 3 1025 5 516 5 514 4 
1028 3 515 5 1165 7 517 4 
1027 5 1164 3 518 3 516 4 
1157 5 517 3 519 5 1020 3 
1575 5 1156 11 1019 6 518 5 
2174 6 1589 4 
1577 5 724 7 2411 5 
2258 4 225 5 283 3 
1992 4 525 4 1546 4 492 5 
943 10 221 6 996 6 1426 3 
523 4 1547 8 2153 4 491 7 
1245 8 2365 5 365 7 
528 8 532 4 199 5 354 4 
529 7 527 8 198 8 353 7 
528 7 197 6 530 6 356 3 
196 6 529 6 355 7 
747 6 352 3 194 6 532 3 
527 4 351 4 193 2 531 3 
13 3 759 4 534 6 1299 4 
14 5 535 11 533 6 1296 7 
207 7 22 9 536 9 534 11 
535 9 206 5 537 4 23 6 
205 6 536 4 538 5 20 3 
539 5 537 5 21 7 204 8 
538 5 18 4 413 5 540 4 
1286 4 19 7 541 5 539 4 
540 5 16 4 542 7 209 3 
208 9 541 7 17 8 374 9 
2126 5 2026 5 544 6 550 4 
2025 9 545 6 2125 7 543 6 
2024 8 544 6 2128 7 546 5 
2127 4 1251 7 545 5 
654 3 1787 7 356 3 548 4 
1786 2 355 5 547 4 
382 7 1250 6 2124 5 550 4 
2123 4 1249 5 549 4 543 4 
1391 5 1272 4 552 6 558 8 
551 6 1271 5 1865 7 553 4 
554 3 562 5 1270 6 552 4 
553 3 1269 4 561 4 
773 5 2174 8 556 7 564 4 
1275 7 557 5 563 6 555 7 
1274 5 1397 5 556 5 558 7 
1273 6 551 8 557 7 565 10 
1853 5 68 3 2258 5 2027 5 
1390 5 1392 2 1580 5 903 4 
738 4 562 6 554 4 
561 6 553 5 1865 8 737 5 
1397 6 556 6 564 3 736 7 
1242 7 563 3 555 4 735 2 
1397 8 734 8 1391 7 558 10 
1586 6 1396 3 1398 2 905 1 
638 4 1331 3 683 4 1491 5 
2322 5 569 6 1962 2 878 4 
2321 6 568 6 1961 6 570 9 
1964 7 569 9 571 7 2320 8 
2319 4 806 6 1963 5 570 7 
573 4 2326 4 1966 5 880 3 
2325 6 574 5 1965 8 572 4 
1968 5 573 5 2324 4 878 5 
944 9 634 6 2442 7 975 8 
577 4 635 4 579 3 954 6 
576 4 636 6 953 5 975 5 
579 5 952 4 581 9 637 6 
578 5 951 6 576 3 638 5 
581 8 950 4 583 6 639 5 
580 8 640 10 949 6 578 9 
948 5 803 5 583 6 641 3 
642 5 582 6 580 6 947 5 
585 7 260 5 1670 7 911 5 
584 7 1669 4 259 6 586 6 
1672 5 258 6 587 4 585 6 
257 2 1671 2 586 4 
591 4 2389 2 
72 7 594 4 592 8 2262 5 
2207 3 813 3 911 3 256 5 
588 4 910 7 2390 10 
73 6 589 8 2261 7 
594 2 2260 3 70 2 1853 4 
589 4 593 2 71 3 2259 4 
1041 9 1007 11 279 11 1043 12 
443 4 1448 6 597 5 603 9 
2129 4 442 6 596 5 1447 3 
1446 4 601 5 599 6 437 6 
604 5 1445 6 598 6 436 7 
1444 7 830 4 439 4 601 4 
438 5 1443 5 598 5 600 4 
605 6 603 8 2361 5 1442 5 
602 8 432 8 596 9 1441 8 
599 5 1440 5 605 5 435 8 
602 6 434 6 1439 8 604 5 
250 5 607 8 433 3 613 5 
606 8 608 7 249 6 2360 8 
248 2 607 7 609 4 2363 3 
247 7 608 4 39 5 2362 5 
611 4 2366 5 254 5 617 5 
610 4 612 4 253 3 2364 3 
611 4 613 5 2368 4 252 5 
251 4 612 5 606 5 2367 4 
393 6 1349 5 1809 4 615 5 
392 7 620 6 1348 7 614 5 
426 5 441 2 617 3 246 3 
245 4 440 5 610 5 616 3 
619 9 2083 4 621 4 1345 3 
618 9 67 9 2082 8 1344 8 
2087 7 615 6 621 5 1343 7 
1342 2 620 5 2370 4 618 4 
623 7 650 7 431 4 625 7 
622 7 649 4 628 5 430 4 
648 5 625 6 
647 7 624 6 622 7 
646 4 427 4 629 3 627 6 
645 6 426 8 626 6 441 5 
644 4 629 2 623 5 429 3 
628 2 643 3 428 2 626 3 
713 7 2460 7 352 6 631 8 
652 3 711 6 351 6 630 8 
1317 6 1278 3 1890 4 1276 4 
975 7 634 5 636 8 1050 7 
56 3 575 6 633 5 1049 5 
576 4 638 6 636 6 1491 7 
577 6 1059 8 633 8 635 6 
638 6 683 6 578 6 640 7 
637 6 567 4 635 6 579 5 
642 4 580 5 640 7 676 4 
581 10 675 5 639 7 637 7 
876 4 673 3 582 3 642 2 
639 4 583 5 641 2 670 2 
644 5 629 3 646 4 661 7 
643 5 628 4 649 3 660 4 
627 6 881 3 646 4 663 4 
626 4 645 4 662 3 643 4 
657 8 625 7 650 7 648 6 
624 5 647 6 656 4 
1218 3 623 4 650 4 644 3 
658 6 649 4 647 7 622 7 
1413 3 653 2 381 3 2279 5 
631 3 1789 4 654 1 354 1 
655 4 380 3 651 2 2280 3 
353 3 1788 2 547 3 652 1 
653 4 379 4 1417 5 2277 5 
2396 8 648 4 657 6 
647 8 658 7 2395 6 656 6 
657 7 650 6 1218 5 2394 8 
1316 3 1416 3 1124 7 1248 3 
1218 4 2400 4 661 6 644 4 
662 6 643 7 660 6 2399 7 
661 6 2398 3 646 3 663 3 
662 3 2397 5 645 4 2454 4 
682 2 1230 2 314 3 
1411 3 1311 4 1131 4 1419 5 
667 7 678 5 1231 6 311 6 
310 8 478 7 677 6 666 7 
1231 8 680 7 309 9 1230 5 
672 4 2284 6 384 4 1418 8 
673 3 676 2 1335 3 642 2 
684 3 496 3 1342 2 783 4 
669 4 2281 4 1421 4 383 6 
1334 3 670 3 2206 4 641 3 
1414 6 1312 4 1420 5 1128 8 
683 4 1337 1 640 5 676 2 
1336 5 670 2 675 2 639 4 
667 6 1551 4 678 4 899 4 
677 4 666 5 1550 7 679 4 
680 4 1231 5 678 4 1549 3 
679 4 1548 6 668 7 681 5 
1230 3 680 5 1553 8 682 3 
664 2 1552 4 681 3 
675 4 637 6 567 4 1330 10 
671 3 1343 5 116 2 499 5 
686 5 39 5 2362 5 1073 4 
685 5 38 4 692 4 1072 3 
1060 6 1058 8 240 7 105 6 
695 5 45 5 689 6 1067 5 
688 6 690 6 1066 6 44 6 
689 6 1065 5 691 4 47 6 
46 4 494 2 690 4 1064 4 
49 3 686 4 1071 5 693 2 
1070 3 48 3 694 1 692 2 
51 3 693 1 695 2 1069 2 
688 5 694 2 50 4 1068 3 
790 5 1341 6 1352 6 984 10 
2369 6 118 7 703 8 264 8 
699 11 1341 11 982 12 792 10 
698 11 791 6 115 5 981 4 
988 4 705 5 701 7 786 4 
702 6 987 8 700 7 785 6 
986 4 788 3 701 6 1352 4 
706 6 263 6 697 8 74 6 
510 4 978 2 794 1 705 3 
977 7 793 4 700 5 704 3 
703 6 707 5 266 5 476 3 
265 4 708 7 706 5 475 4 
1677 6 707 7 709 7 268 7 
710 5 708 7 267 6 87 4 
480 7 709 5 270 4 712 4 
631 6 1470 8 713 5 1789 7 
269 4 1490 3 710 4 479 5 
630 7 1469 5 711 5 2274 3 
901 1 116 1 483 6 499 4 
1432 9 716 9 2453 8 915 8 
715 9 1171 4 717 5 1431 6 
2228 7 1424 4 716 5 718 5 
719 6 2227 5 1423 7 717 5 
718 6 720 4 1426 4 1144 5 
2225 2 719 4 721 4 1425 2 
1428 8 722 5 720 4 1044 6 
2231 5 723 3 1427 4 721 5 
2230 5 1430 3 722 3 724 6 
1429 8 2229 8 521 7 723 6 
10 5 333 5 728 3 726 4 
1535 6 332 5 725 4 9 5 
331 8 730 7 728 6 12 5 
725 3 330 2 727 6 11 2 
732 4 329 7 730 5 25 5 
5 6 729 5 727 7 328 4 
923 4 732 3 327 2 8 3 
729 4 7 4 731 3 326 4 
1397 4 1161 3 734 4 736 5 
1160 6 565 8 739 8 733 4 
933 6 564 2 1163 9 736 6 
1162 5 563 7 733 5 735 6 
1165 5 738 3 740 3 562 5 
561 4 737 3 1524 4 1164 4 
1167 8 734 8 1391 7 740 7 
1865 6 1166 3 739 7 737 3 
744 4 802 4 159 3 742 4 
801 6 158 7 755 6 741 4 
1828 7 746 5 744 7 161 6 
743 7 799 6 160 8 741 4 
798 7 746 4 748 6 155 6 
154 4 743 5 1820 4 745 4 
531 6 748 7 157 5 796 7 
156 5 747 7 1817 5 745 6 
1616 4 826 7 752 6 1705 5 
1894 3 1614 5 1138 4 1122 7 
2198 6 754 6 752 8 1703 8 
751 8 2197 5 749 6 1702 5 
2200 6 1808 5 1701 3 754 4 
1700 4 751 6 2199 3 753 4 
756 6 153 5 804 5 742 6 
755 6 948 6 803 6 152 7 
1973 7 822 7 758 8 760 5 
1974 7 763 8 821 5 757 8 
533 4 760 3 1971 6 820 4 
759 3 819 4 1972 3 757 5 
764 6 818 4 1977 5 762 6 
767 9 1978 9 817 8 761 6 
1975 7 816 9 758 8 764 7 
761 6 1976 3 763 7 815 7 
766 4 1713 3 1668 2 1954 2 
765 4 1712 5 771 5 1953 5 
812 8 762 9 768 8 1979 11 
767 8 811 7 
1958 8 772 7 1709 10 770 7 
1650 4 1957 3 769 7 1708 3 
772 3 1707 3 1960 2 766 5 
771 3 769 7 1706 5 1959 2 
555 5 1242 8 774 3 1143 6 
775 5 773 3 1142 3 1241 4 
776 7 774 5 1137 7 1237 6 
1136 4 775 7 1236 6 777 8 
1135 5 1239 8 778 8 776 8 
777 8 1134 7 1238 6 779 4 
1141 2 1233 3 780 3 778 4 
781 8 1232 6 1140 5 779 3 
780 8 1139 11 782 9 1235 7 
1234 6 781 9 1309 7 1138 5 
907 6 116 3 671 4 112 7 
325 3 2158 2 474 5 1354 3 
786 3 701 6 788 3 421 3 
420 3 793 3 785 3 700 4 
1352 8 419 8 790 7 788 7 
702 3 418 3 785 3 787 7 
790 8 1341 9 792 8 417 9 
2238 7 696 5 789 8 787 7 
2335 6 699 6 792 5 2232 5 
414 5 789 8 698 10 791 5 
794 2 705 4 423 4 786 3 
1022 3 793 2 704 1 422 2 
1813 7 2094 4 1818 6 1821 7 
869 6 194 7 747 7 1817 5 
800 5 1821 9 1815 6 1040 5 
1820 7 1817 6 745 7 871 8 
802 6 744 6 1828 6 872 6 
797 5 2084 2 1816 1 
802 6 742 6 874 7 804 5 
799 6 801 6 875 6 741 4 
876 6 582 5 804 5 756 6 
877 6 803 5 801 5 755 5 
806 5 1811 5 1818 5 397 2 
805 5 571 6 1810 6 396 6 
875 8 808 9 810 9 1507 9 
807 9 1842 4 874 8 1506 5 
1280 5 810 6 873 5 1832 5 
1508 4 872 7 807 9 809 6 
2224 6 812 7 768 7 910 9 
817 7 2223 4 767 8 811 7 
869 4 1289 5 814 4 590 3 
1831 6 813 4 868 4 1512 6 
816 9 818 5 2216 5 764 7 
815 9 763 9 821 6 1096 7 
812 7 1099 10 818 6 762 8 
761 4 817 6 815 5 1098 5 
820 5 822 6 2220 6 760 4 
1299 4 1100 5 819 5 759 4 
2222 3 816 6 822 4 758 5 
1102 7 757 7 821 4 819 6 
1382 7 999 7 1616 4 826 7 
825 3 1852 3 1389 3 
824 3 827 3 2423 4 
749 7 1381 7 823 7 2197 6 
828 5 825 3 2426 6 
827 5 2425 7 1018 5 
107 7 330 2 484 4 1886 3 
600 4 831 3 244 6 1307 3 
830 3 243 4 1306 3 834 5 
835 6 833 7 236 3 1305 5 
235 6 832 7 1304 7 837 9 
2358 5 238 6 835 8 831 5 
832 6 237 6 1302 9 834 8 
240 4 838 4 
242 8 838 7 833 9 1301 8 
1300 5 837 7 836 4 241 8 
2252 1 1029 1 840 1 
843 2 1188 3 839 1 
842 3 1170 7 1200 6 844 2 
1199 6 841 3 1168 3 847 5 
840 2 1174 5 844 2 
1172 4 843 2 1198 1 841 2 
848 3 1197 6 846 4 2186 5 
1196 3 1730 4 845 4 162 4 
1178 7 848 4 1195 5 842 5 
845 3 1177 4 847 4 1194 6 
852 7 850 10 472 9 1674 8 
1673 6 471 6 857 5 849 10 
854 5 1678 6 852 5 470 5 
849 7 469 4 851 5 1505 6 
1691 4 856 3 468 4 854 2 
1680 4 851 5 853 2 467 6 
1038 7 856 4 466 5 1523 3 
1522 5 853 3 465 4 855 4 
850 5 1191 4 
859 1 863 2 443 1 2375 2 
442 5 1347 2 858 1 2376 5 
861 7 435 10 867 6 2379 6 
2380 6 860 7 434 6 862 5 
2361 4 861 5 2381 3 863 3 
858 2 2382 2 432 4 862 3 
1051 4 439 4 2383 4 865 4 
866 4 2384 5 438 5 864 4 
867 4 2385 3 865 4 437 5 
866 4 860 6 2386 4 436 6 
869 4 871 5 814 4 1817 3 
796 6 813 4 256 6 868 4 
871 7 873 6 1820 6 1832 6 
1831 7 870 7 868 5 798 8 
810 7 799 6 873 6 875 6 
1828 6 870 6 809 5 872 6 
801 7 877 8 875 7 808 8 
802 6 807 8 874 7 872 6 
803 6 2206 5 641 4 877 7 
874 8 804 6 1842 4 876 7 
2323 3 1967 3 568 4 574 5 
880 3 403 3 1504 3 1970 6 
879 3 1503 2 1969 4 572 3 
441 2 645 3 882 2 2454 3 
440 4 2437 2 881 2 885 3 
886 5 884 5 476 3 2368 4 
883 5 2367 4 475 4 889 5 
2366 4 886 4 2369 3 882 3 
883 5 885 4 74 5 2364 4 
888 7 480 9 2363 6 890 5 
2362 5 1073 4 479 6 887 7 
433 3 884 5 890 3 1677 4 
2360 3 87 2 889 3 887 5 
2419 6 2250 5 892 3 894 4 
891 3 2249 4 2420 6 895 7 
898 6 2417 6 2248 5 894 6 
891 4 2247 6 2418 6 893 6 
896 5 2244 8 2415 9 892 7 
895 5 2243 2 2416 3 
2242 4 2413 5 290 4 898 5 
893 6 2241 8 2414 6 897 5 
900 3 478 5 677 4 1399 6 
1398 2 899 3 477 4 905 1 
902 3 1393 1 714 1 908 1 
903 5 901 3 483 8 1392 3 
902 5 904 5 560 4 486 4 
1390 6 485 5 903 5 1077 5 
906 5 566 1 113 4 900 1 
1396 7 905 5 907 8 112 9 
906 8 783 6 908 4 1395 6 
1394 4 116 1 907 4 901 1 
1087 7 1534 7 2359 6 
2391 6 591 7 811 9 
255 3 590 3 584 5 1667 4 
1427 5 203 6 200 5 993 6 
1260 3 914 3 916 4 325 3 
913 3 1259 6 919 4 324 3 
1262 5 323 3 715 8 916 4 
913 4 1261 4 322 8 915 4 
1264 7 321 7 918 5 920 6 
921 7 1263 4 917 5 320 5 
319 4 920 5 914 4 1266 5 
318 6 1265 5 919 5 917 6 
918 7 1268 7 317 10 922 9 
316 5 921 9 1267 4 1109 6 
924 6 136 6 1504 4 731 4 
923 6 1503 4 135 5 931 5 
926 9 928 7 2320 8 144 8 
925 9 1843 6 143 9 2319 6 
2322 7 142 4 928 6 930 6 
2321 4 925 7 927 6 141 4 
2324 7 140 8 930 8 932 9 
2323 3 929 8 139 4 927 6 
932 5 924 5 138 4 2326 4 
931 5 137 6 929 9 2325 7 
934 6 735 6 1242 11 978 6 
933 6 937 5 1241 4 977 6 
936 2 986 4 938 5 1239 5 
935 2 941 2 306 2 1238 3 
934 5 938 7 988 5 1237 6 
937 7 935 5 987 7 1236 6 
942 4 1235 4 940 6 982 6 
1133 9 981 5 939 6 1234 6 
984 8 936 2 942 3 1233 4 
939 4 1232 5 983 6 941 3 
524 10 203 11 995 10 1425 9 
2444 7 2057 5 575 9 945 6 
2443 4 944 6 953 5 975 5 
2458 2 2015 4 1243 6 2138 5 
950 3 2446 5 948 4 583 5 
2445 7 582 5 756 6 947 4 
2448 4 952 1 581 6 950 2 
2447 4 947 3 580 4 949 2 
952 5 2450 6 579 6 954 9 
951 5 2449 2 578 4 949 1 
954 7 577 5 2452 3 945 5 
2451 8 953 7 576 6 951 9 
2019 4 1561 6 958 6 956 5 
1950 4 2169 5 1560 5 955 5 
960 5 2021 3 958 5 1559 4 
2020 9 955 6 1558 6 957 5 
960 5 962 4 1193 3 1557 3 
957 5 959 5 2014 6 1556 4 
964 7 962 4 2017 4 1555 4 
1554 6 961 4 959 4 2016 4 
1563 9 1637 6 2011 6 964 10 
961 7 1562 8 2010 8 963 10 
1573 5 966 6 1666 3 1799 4 
965 6 1572 5 1798 6 969 7 
970 8 1675 6 968 7 1805 5 
973 5 1570 9 1804 4 967 7 
1569 9 1807 6 970 7 966 7 
967 8 1806 4 1568 5 969 7 
972 6 1567 7 1801 4 974 5 
971 6 1800 6 1566 4 387 6 
968 5 1565 6 974 5 1803 5 
1564 4 973 5 1802 4 971 5 
633 7 575 8 577 5 945 5 
1829 7 2456 4 2015 4 1246 4 
705 7 978 6 988 6 934 6 
977 6 704 2 1163 9 933 6 
2196 4 980 5 305 3 401 6 
979 5 1378 4 2195 8 400 6 
1112 3 940 5 982 5 699 4 
983 8 698 12 981 5 939 6 
982 8 984 11 1341 7 942 6 
941 8 306 8 983 11 696 10 
2094 4 1040 3 1839 4 1821 7 
702 4 987 6 935 4 306 4 
988 5 701 8 986 6 938 7 
700 4 987 5 977 6 937 5 
1864 8 1715 10 990 10 998 8 
1863 5 1714 9 1450 5 989 10 
1858 8 201 5 992 6 1169 5 
993 6 200 5 991 6 1857 5 
992 6 1856 5 912 6 994 7 
203 7 1855 5 995 6 993 7 
943 10 996 6 994 6 1862 5 
524 6 997 7 1861 7 995 6 
998 5 996 7 221 7 1860 5 
220 3 997 5 1859 3 989 8 
1729 8 823 7 1387 7 1603 9 
1829 7 2459 6 195 4 
1661 4 1002 5 1008 6 1046 4 
1045 7 1660 7 1001 5 1003 4 
1659 4 1004 2 1048 3 1002 4 
1047 1 1003 2 1658 1 1009 4 
1665 6 1526 4 1042 5 1006 4 
1007 4 1664 3 1005 4 1041 2 
1006 4 595 11 1008 6 2175 4 
1043 7 2173 9 1007 6 1001 6 
1657 6 1010 7 1039 5 1004 4 
1038 9 1523 5 1009 7 1656 6 
2297 3 1012 3 
1011 3 2296 3 1013 3 
2299 7 1014 3 1012 3 
1013 3 2298 3 1015 4 
1016 5 2301 3 1014 4 
1015 5 1017 3 2300 4 
1016 3 1018 2 2303 3 
1017 2 2302 4 828 5 
211 7 1636 4 519 6 1020 4 
1027 5 210 4 518 3 1019 4 
219 6 511 6 1022 7 1024 8 
218 7 794 3 510 6 1021 7 
1024 8 513 7 217 5 1026 6 
512 10 1023 8 1021 8 216 4 
215 4 515 5 1026 4 1028 3 
214 5 1025 4 514 3 1023 6 
1020 5 517 5 1028 4 213 5 
212 3 1027 4 516 3 1025 3 
1212 3 839 1 1030 2 
1031 6 1211 3 1029 2 
1215 8 1030 6 1032 9 
1033 7 1214 8 1031 9 
1032 7 1217 8 1034 5 
1216 5 1035 5 1033 5 1358 4 
1357 5 1034 5 1220 4 1036 5 
1219 6 1356 6 1037 5 1035 5 
1492 5 1353 4 1036 5 
1010 9 1039 7 855 7 274 10 
1009 5 1038 7 273 3 1047 2 
1835 1 985 3 797 5 2084 2 
1042 3 282 3 595 9 1006 2 
1041 3 2378 3 1005 5 281 4 
1046 5 1008 7 280 6 595 12 
2225 4 721 6 2231 6 189 7 
1002 7 1048 6 278 9 1046 6 
1043 5 277 4 1001 4 1045 6 
1004 1 1039 2 1048 2 276 3 
1045 6 1003 3 275 7 1047 2 
1339 7 2163 12 1050 7 634 5 
1338 5 1049 7 633 7 1059 7 
864 4 244 6 1052 8 97 5 
1053 12 98 8 1051 8 243 9 
99 10 1052 12 238 8 1054 9 
1053 9 237 5 100 4 1055 3 
1056 3 101 2 236 1 1054 3 
1055 3 102 6 1057 5 235 4 
103 4 1056 5 242 6 1058 6 
104 7 687 8 241 9 1057 6 
636 8 1491 9 1333 7 1050 7 
687 6 106 6 239 3 
2161 5 2165 6 53 6 35 5 
1456 8 2040 9 1256 6 1063 6 
1255 3 1451 3 2039 1 1062 6 
1209 6 691 4 1699 10 1065 5 
1066 5 690 5 1064 5 1698 3 
1701 4 1065 5 689 6 1067 5 
688 5 1068 3 1066 5 1700 4 
1069 3 1703 5 1067 3 695 3 
1068 3 694 2 1070 4 1702 3 
693 3 1071 6 1705 5 1069 4 
1070 6 1072 4 692 5 1704 8 
1073 2 1071 4 686 3 1693 4 
1072 2 1692 2 888 4 685 4 
1075 5 1316 5 1248 5 2046 6 
1455 4 1074 5 1247 9 2045 7 
1841 9 1077 4 1079 3 304 4 
1840 3 303 5 1076 4 904 5 
1079 5 1081 7 295 6 1851 6 
1078 5 294 3 1850 4 1076 3 
1083 5 297 5 1849 5 1081 6 
1078 7 296 5 1848 5 1080 6 
299 6 1085 7 1847 7 1083 7 
1846 4 1080 5 1082 7 298 5 
301 6 1228 4 1845 2 1085 4 
1844 6 1082 7 300 4 1084 4 
1087 5 1366 6 1089 6 2181 4 
1365 4 2180 7 909 7 1086 5 
1091 5 2183 5 1089 6 1364 6 
1088 6 1363 6 1086 6 2182 7 
1362 3 1093 3 1091 3 2177 7 
1088 5 1090 3 2176 8 1361 4 
2179 5 1093 4 1095 3 1360 5 
1092 4 1090 3 2178 6 1359 8 
2185 3 1095 3 1368 6 501 4 
1092 3 1094 3 1367 3 2184 2 
2222 4 816 7 2236 3 2216 3 
2293 5 2217 6 1869 5 2215 6 
2234 6 1099 9 2216 5 818 5 
1098 9 817 10 2233 9 2223 7 
338 4 820 5 2220 6 2240 4 
2289 4 1873 5 2221 5 2219 5 
822 7 2220 7 1173 6 2222 6 
1536 6 2291 5 1871 5 2221 6 
1107 5 126 6 1129 8 1105 5 
1110 2 1128 6 125 6 1104 5 
1107 5 1131 5 1113 4 124 5 
1106 5 1104 5 1130 9 123 4 
1125 4 1111 3 1109 5 122 4 
1124 9 1108 5 121 6 922 6 
1127 2 1105 2 1111 1 120 2 
1126 5 1108 3 1110 1 119 2 
1113 2 981 3 115 4 1133 7 
1112 2 114 5 1132 4 1106 4 
1866 6 1592 4 1117 8 1115 4 
1589 3 1114 4 
1869 2 1119 3 402 3 1117 6 
1192 7 1870 9 1116 6 1114 8 
1867 6 1121 4 1635 5 1119 3 
1116 3 1868 7 1118 3 2047 3 
1830 3 1873 4 1123 4 1121 4 
1622 4 1120 4 1118 4 1874 4 
1871 6 481 7 1123 7 750 7 
1614 5 1120 4 1872 4 1122 7 
1109 9 1125 8 1267 7 659 7 
1416 4 1108 4 1124 8 1126 6 
1111 5 1127 6 1125 6 1415 7 
1110 2 1414 4 1126 6 1128 6 
1105 6 1129 9 674 8 1127 6 
1420 6 1130 12 1128 9 1104 8 
1419 10 1107 9 1129 12 1131 9 
1132 5 1106 5 665 4 1130 9 
1131 5 1133 9 1113 4 1411 4 
940 9 1410 8 1132 9 1112 7 
1635 7 1141 5 1135 4 778 7 
777 5 2047 2 1136 1 1134 4 
402 2 776 4 1135 1 1137 4 
1192 6 775 7 1142 5 1136 4 
1139 7 2255 4 750 4 782 5 
1138 7 781 11 1140 8 1614 8 
1141 4 1139 8 1830 4 780 5 
1622 3 1140 4 779 2 1134 5 
1592 2 1143 6 774 3 1137 5 
2174 9 1589 7 1142 6 773 6 
183 2 2227 4 2225 3 719 5 
1845 2 1485 5 1297 4 1146 5 
1147 5 1844 7 1145 5 1484 5 
1146 5 1148 3 1483 5 1847 4 
1482 5 1147 3 1149 6 1846 3 
1489 8 1148 6 1849 7 1340 8 
1155 4 2051 7 2224 4 1639 5 
1487 7 1340 8 1851 7 1152 8 
1486 5 1153 5 1850 6 1151 8 
1154 2 1481 5 1841 9 1152 5 
1581 2 1153 2 1840 1 1480 5 
1150 4 2223 3 2233 5 1638 2 
519 11 1525 9 1157 11 
1164 5 518 5 1524 5 1156 11 
2252 3 1623 6 1159 4 2013 5 
1188 4 1158 4 2012 2 1371 5 
734 6 1161 5 513 5 1167 6 
1162 3 1160 5 733 3 512 9 
1163 8 1161 3 736 5 511 2 
1162 8 978 9 510 11 735 9 
1165 6 1157 5 517 3 738 4 
1164 6 737 5 1166 5 516 7 
1167 4 515 3 1165 5 740 3 
1166 4 739 8 514 5 1160 6 
842 3 1374 6 1178 5 1170 7 
1728 4 1571 7 991 5 
1172 9 1373 10 841 7 1168 7 
716 4 180 6 2453 3 2228 6 
844 4 1174 7 1372 7 1170 9 
1644 3 2237 5 1102 6 2239 3 
1371 7 1172 7 843 5 1188 6 
1327 4 230 5 1176 4 182 4 
1179 5 1175 4 1752 3 229 3 
2186 6 1676 7 848 4 1178 7 
1916 7 1168 5 847 7 1177 7 
1176 5 224 4 186 5 1751 6 
1187 5 1473 6 1181 4 1517 5 
1516 4 1472 4 1182 4 1180 4 
1515 6 1475 4 1509 6 1181 4 
2227 6 185 7 2352 5 183 4 
1521 5 1185 5 350 4 1477 4 
1520 4 1476 5 1184 5 1186 6 
1519 3 1185 6 1479 4 1187 5 
1518 7 1180 5 1478 7 1186 5 
1159 4 840 3 2252 3 1174 6 
1509 5 1513 5 1471 6 
1986 3 1191 6 1494 8 
1673 5 857 4 1190 6 1493 7 
1137 6 1117 7 1592 3 402 4 
2014 4 959 3 2016 3 1540 3 
1195 7 308 8 1197 9 848 6 
1194 7 309 6 1199 6 847 5 
846 3 1350 5 310 5 1197 5 
845 6 311 7 1196 5 1194 9 
1200 5 844 1 
842 6 313 6 1200 9 1195 6 
1198 5 1199 9 841 6 314 6 
1208 8 1202 5 504 7 1559 7 
1558 3 1201 5 503 2 1203 3 
502 4 1204 5 1202 3 1561 6 
1560 5 1368 7 501 5 1203 5 
1210 3 508 3 1555 4 1206 5 
1554 7 1207 5 507 8 1205 5 
506 3 1208 5 1206 5 1557 3 
505 4 1201 8 1207 5 1556 4 
1064 6 494 4 1210 4 1563 7 
1205 3 1209 4 1562 4 493 3 
1624 3 1030 3 1212 4 1215 5 
1029 3 1623 6 1211 4 2252 3 
1838 3 1822 2 1304 4 
1032 8 1215 7 1217 9 2022 6 
1214 7 1031 8 1621 6 1211 5 
1220 4 1034 5 1620 7 1217 8 
1033 8 1214 9 1619 9 1216 8 
660 4 649 3 2393 4 658 5 
1492 6 1036 6 1618 4 1220 5 
1216 4 1219 5 1035 4 1617 4 
80 5 1223 3 
1225 5 1697 1 1223 2 82 3 
81 2 1696 2 1221 3 1222 2 
1227 4 1695 3 76 4 1225 6 
1222 5 75 5 1694 7 1224 6 
78 3 1227 3 1229 2 151 2 
1224 4 1226 3 150 5 77 6 
1229 4 1084 4 84 5 164 5 
1228 4 83 2 163 5 1226 2 
664 2 681 3 313 2 668 5 
668 8 308 6 679 5 666 6 
1235 5 1233 6 942 5 780 6 
1238 5 1232 6 779 3 941 4 
1410 5 1235 4 782 6 940 6 
1232 5 1234 4 939 4 781 7 
1239 6 1237 5 776 6 938 6 
1236 5 937 6 1241 5 775 6 
1233 5 1239 6 778 6 936 3 
1236 6 1238 6 777 8 935 5 
2015 5 2292 3 1246 5 1243 7 
934 4 1242 9 774 4 1237 5 
564 7 1241 9 773 8 933 11 
412 6 946 6 1240 7 2291 6 
2290 4 1829 6 195 3 1246 3 
526 8 1403 5 1534 6 
2289 4 1244 3 1240 5 976 4 
1258 9 1268 8 1075 9 1248 9 
1247 9 659 3 1267 3 1074 5 
1250 7 550 5 271 4 2026 6 
1421 6 549 6 1249 7 272 4 
2024 10 2107 10 546 7 
2023 9 1449 4 1253 6 1261 5 
1254 4 1252 6 1452 6 1260 4 
1253 4 1451 4 1255 4 1259 6 
1063 3 1256 3 1254 4 1266 5 
1265 3 1255 3 1257 5 1062 6 
1264 8 1258 7 1256 5 1456 7 
1247 9 1455 4 1263 5 1257 7 
1260 6 914 6 1266 7 1254 6 
1259 6 913 3 1261 3 1253 4 
1262 5 916 4 1260 3 1252 5 
1261 5 915 5 1432 6 2023 9 
1268 4 1264 6 1258 5 918 4 
1265 6 917 7 1257 8 1263 6 
1264 6 1256 3 1266 5 920 5 
1265 5 1259 7 919 5 1255 5 
1268 2 1124 7 922 4 1248 3 
1267 2 1247 8 1263 4 921 7 
554 4 1270 7 
1269 7 553 6 1271 7 
552 5 1272 3 1270 7 
551 4 1271 3 1273 2 
558 6 1274 4 1272 2 
1275 7 557 5 1273 4 
1274 7 2174 8 556 7 
1316 5 632 4 2046 6 1889 6 
1278 5 1315 4 2264 6 1892 7 
1314 4 1277 5 1891 4 632 3 
2188 6 307 5 1447 5 2129 6 
809 5 1508 3 1457 7 1510 6 
1282 5 1742 4 1935 3 1288 6 
1283 4 1741 7 1281 5 1934 7 
1282 4 1744 4 1933 3 1284 2 
1932 4 1743 4 1283 2 1794 7 
2253 4 2267 2 1819 6 1746 4 
540 4 413 5 209 2 349 4 
1748 5 1937 5 2253 5 1288 7 
1747 7 1936 8 1287 7 1281 6 
1461 5 1512 7 813 5 2207 5 
1291 6 1697 2 1295 2 1321 4 
1290 6 1696 5 1320 5 
1298 7 1325 9 151 6 1293 7 
1294 5 1324 4 150 5 1292 7 
1695 4 1293 5 1323 6 1295 3 
1290 2 1694 3 1322 2 1294 3 
207 3 1299 5 534 7 339 7 
164 5 1145 4 1319 4 1298 5 
1292 7 163 6 1318 7 1297 5 
820 4 1296 5 533 4 338 3 
838 5 1301 6 
1304 6 1300 6 837 8 
2358 6 1837 7 835 9 1305 8 
1334 1 1454 4 2206 2 509 3 
1305 5 1301 6 833 7 1213 4 
1304 5 1838 4 1302 8 832 5 
831 3 2358 3 1834 6 1307 3 
1444 6 1833 3 1306 3 830 3 
1411 3 1309 6 2256 5 1311 4 
2255 6 1308 6 782 7 1410 6 
1313 6 1311 5 1419 6 2266 6 
1310 5 2265 3 665 4 1308 4 
1315 1 1313 3 674 4 2264 3 
1310 6 1312 3 1420 4 2263 6 
1278 4 1317 7 1315 3 1415 5 
1312 1 1277 4 1314 3 1414 3 
1276 5 659 3 1074 5 1317 7 
1416 7 1314 7 632 6 1316 7 
1319 6 134 6 1298 7 1325 9 
1318 6 133 3 1485 5 1297 4 
1321 3 132 3 1291 5 
1322 4 1290 4 1320 3 131 6 
1321 4 1295 2 128 3 1323 5 
1294 6 1324 5 127 4 1322 5 
130 4 1293 4 1323 5 1325 6 
1292 9 129 6 1318 9 1324 6 
491 5 464 3 2153 2 320 4 
1752 3 1733 2 1175 4 1754 2 
2158 1 1329 4 474 4 1544 3 
2357 8 473 6 1545 6 1328 4 
1337 7 1331 9 683 10 2003 7 
1332 5 567 3 1330 9 1608 5 
1331 5 1333 5 1491 7 1607 4 
1606 4 1332 5 1338 5 1059 7 
1303 1 673 3 1613 3 1335 3 
1334 3 1612 5 1336 6 670 3 
2006 5 676 5 1337 4 1335 6 
1330 7 1336 4 675 1 2004 1 
1333 5 1605 7 1050 5 1339 5 
1049 7 1338 5 1604 7 34 4 
1151 8 1488 7 1848 5 1149 8 
698 11 789 9 696 6 983 7 
1345 1 1343 4 621 2 671 2 
1342 4 684 5 1348 8 620 7 
1345 2 495 4 1351 5 619 8 
1342 1 1344 2 496 2 618 3 
1349 5 1347 4 1809 4 497 5 
859 2 498 4 1797 7 1346 4 
499 8 1343 8 1349 7 615 7 
1346 5 614 5 1348 7 500 8 
191 5 1196 5 1351 7 1730 6 
192 7 1350 7 67 6 1344 5 
787 8 306 4 696 6 702 4 
1356 5 1037 4 
462 5 324 3 2157 6 784 3 
494 5 186 5 46 7 224 4 
1357 6 1353 5 1036 6 
1035 5 1358 4 1356 6 
1357 4 1034 4 
1360 9 1093 8 1405 7 1362 8 
1367 5 1092 5 1359 9 1404 5 
1364 5 1407 3 1091 4 1362 4 
1406 5 1090 3 1359 8 1361 4 
1366 6 1401 5 1089 6 1364 6 
1361 5 1363 6 1400 5 1088 6 
1087 4 1366 5 1534 4 1403 3 
1402 7 1365 5 1363 6 1086 6 
1360 5 1095 3 1368 6 1409 6 
1408 7 1367 6 1094 6 1204 7 
1735 5 1904 5 1370 9 1412 4 
1413 8 2279 10 1369 9 1903 7 
1372 7 1174 7 2166 4 1159 5 
1371 7 1172 7 2162 4 1373 8 
1374 9 1372 8 1170 10 2168 7 
1168 6 1373 9 2167 7 1916 8 
1376 7 2469 8 1602 7 2097 5 
2271 7 1375 7 2468 4 1601 4 
1378 3 2172 3 2186 5 1676 6 
2171 4 1377 3 980 4 162 3 
1988 8 1380 6 1386 9 2198 7 
1381 3 2197 2 1379 6 1989 3 
1380 3 1382 7 826 7 1921 4 
823 7 1925 10 1381 7 1387 7 
1384 7 1992 5 2202 7 1546 5 
1383 7 1385 7 2201 7 1993 7 
1994 6 2200 6 1384 7 1386 6 
1995 5 1379 9 2199 5 1385 6 
1422 5 1388 3 999 7 1382 7 
1911 1 1387 3 1729 4 89 2 
2337 3 2423 4 824 3 2422 4 
1581 5 904 6 560 5 1840 4 
551 5 1865 6 739 7 565 7 
560 2 1393 1 1583 5 902 3 
901 1 1582 2 1392 1 1394 4 
908 4 1395 6 1393 4 1585 7 
1394 6 1396 5 1584 5 907 6 
906 7 566 3 1395 5 1587 3 
563 6 557 5 565 8 733 4 
900 2 1399 5 566 2 1579 3 
1398 5 899 6 1578 6 1551 6 
368 3 1407 3 1401 4 1364 5 
367 6 1363 5 1402 6 1400 4 
366 6 1403 5 1366 7 1401 6 
1402 5 1245 5 365 4 1365 3 
1360 5 372 4 1409 6 1405 3 
2424 4 1404 3 1406 4 1359 7 
1362 5 1407 4 370 9 1405 4 
1406 4 369 3 1400 3 1361 3 
1368 7 1560 5 1409 7 1950 4 
1949 8 1408 7 1404 6 1367 6 
1234 5 1133 8 1411 3 1309 6 
1308 3 665 3 1132 4 1410 3 
387 3 1369 4 1566 1 1413 3 
1370 8 651 3 386 4 1412 3 
1127 4 674 6 1415 5 1315 3 
1416 5 1414 5 1314 5 1126 7 
1317 7 1125 4 1415 5 659 3 
1418 8 378 4 655 5 2278 4 
1417 8 2283 9 385 7 669 8 
1420 4 1130 10 1310 6 665 5 
1419 4 1129 6 1313 4 674 5 
382 7 1250 6 2282 3 672 4 
1387 5 2336 6 1925 8 1911 3 
1424 6 1426 5 718 7 221 8 
1423 6 220 3 1431 5 717 4 
1428 6 943 9 1426 2 720 2 
719 4 1423 5 1425 2 524 3 
912 5 1428 7 722 4 1430 4 
1427 7 1425 6 721 8 203 8 
724 8 201 5 1430 5 1577 6 
723 3 200 4 1429 5 1427 4 
1432 6 1424 5 1715 7 716 6 
1714 8 715 9 1431 6 1262 6 
1436 2 1434 3 1553 6 1785 6 
1784 4 1433 3 1552 6 
1436 4 1549 4 1783 5 1438 5 
1433 2 1435 4 1548 5 1782 3 
1438 6 1781 8 1551 6 1578 6 
1437 6 1550 7 1780 4 1435 5 
1440 8 605 8 1442 7 1688 8 
1439 8 604 5 1687 4 1445 6 
1448 5 1442 5 1690 4 603 8 
1689 3 1439 7 1441 5 602 5 
1684 5 1446 4 601 5 1444 8 
1307 6 600 7 1443 8 1683 8 
1686 5 1446 4 599 6 1440 6 
598 4 1443 4 1445 4 1685 3 
1682 7 1279 5 1448 4 597 3 
1441 5 596 6 1447 4 1681 5 
2044 2 1450 2 1252 4 1452 4 
990 5 2043 8 2023 7 1449 2 
1063 3 1254 4 1452 6 2042 5 
2041 6 1451 6 1253 6 1449 4 
2110 3 1454 4 509 3 1460 2 
1453 4 1303 4 1613 6 2109 6 
1075 4 2038 2 1456 4 1258 4 
1455 4 2037 5 1062 8 1257 7 
2112 7 1280 7 1464 6 1458 8 
1459 4 2111 4 1508 4 1457 8 
1458 4 2114 2 1460 2 1507 4 
2113 3 1459 2 1453 2 1506 3 
1289 5 1919 3 1462 3 2116 4 
1512 5 1461 3 2115 4 1463 4 
1511 4 2118 6 1464 4 1462 4 
1510 5 1463 4 1457 6 2117 5 
1470 7 1789 6 1791 6 1466 6 
1790 5 1467 5 1788 5 1465 6 
1793 10 1466 5 1468 3 1787 6 
1786 2 1467 3 1792 6 
1796 7 2001 4 1470 8 713 5 
1469 8 711 8 1465 7 1795 7 
1749 7 1474 11 1189 6 
1748 5 1475 4 1473 6 1181 4 
1478 8 1472 6 1180 6 1747 6 
1475 8 1509 10 1471 11 1746 9 
1472 4 1182 4 1474 8 1745 4 
1479 3 1185 5 1744 5 1477 4 
1634 5 1743 5 1184 4 1476 4 
1479 6 1473 8 1742 7 1187 7 
1476 3 1478 6 1741 5 1186 4 
1646 9 1481 8 1154 5 2410 6 
1480 8 2409 7 1153 5 1486 5 
1148 5 1489 7 2402 6 1483 7 
1484 5 2401 8 1147 5 1482 7 
1483 5 2404 3 1485 5 1146 5 
1145 5 2403 7 1319 5 1484 5 
1152 5 1487 4 1481 5 2406 4 
1151 7 2405 6 1486 4 1488 6 
1340 7 2408 6 1489 7 1487 6 
1149 8 2407 8 1482 7 1488 7 
1603 6 1692 2 712 3 1729 5 
1332 7 1059 9 567 5 635 7 
1615 3 1219 6 1037 5 
1498 5 1761 4 1494 9 1191 7 
1760 8 1493 9 2315 9 1190 8 
1763 6 1502 6 1678 7 1496 7 
1505 7 1497 4 1762 6 1495 7 
1765 4 1496 4 1498 3 1674 4 
1673 3 1764 2 1497 3 1493 5 
1656 3 1767 2 1523 2 1500 2 
1766 2 1522 4 1501 2 1499 2 
1691 4 1500 2 1769 2 1502 2 
1768 6 1495 6 1680 4 1501 2 
924 4 880 2 1504 2 2326 3 
8 3 1503 2 923 4 879 3 
1678 7 1496 7 1674 7 852 6 
1507 5 808 5 1460 3 509 4 
1508 4 1506 5 807 9 1459 4 
1507 4 810 4 1280 3 1458 4 
1189 5 1474 10 1514 6 1182 6 
1464 5 1832 6 1511 5 1280 6 
1512 5 1463 4 1831 5 1510 5 
1462 5 1289 7 1511 5 814 6 
1615 4 1189 5 1514 6 
1618 3 1509 6 1513 6 1515 6 
1617 6 1182 6 1516 6 1514 6 
1517 5 1620 7 1515 6 1181 4 
1516 5 1619 6 1518 7 1180 5 
2022 7 1519 5 1187 7 1517 7 
1518 5 1186 3 1520 1 1621 3 
1521 4 1185 4 1519 1 1624 2 
1520 4 1184 5 2013 6 1623 7 
1523 4 1500 4 856 5 1691 6 
1522 4 1010 5 1499 2 855 3 
1525 3 1157 5 738 4 
1524 3 1156 9 
1527 5 1005 4 2378 2 1796 5 
1526 5 448 5 1795 6 1530 7 
1531 4 1529 5 1793 12 445 7 
1528 5 1792 6 444 4 
1531 4 1791 7 447 8 1527 7 
446 3 1530 4 1790 2 1528 4 
2074 1 1533 4 
2073 8 2317 5 1532 4 
1365 4 909 7 1245 6 
1536 6 726 6 335 4 15 6 
1535 6 1103 6 334 6 1 5 
2254 5 2251 6 
1547 8 2017 5 2153 4 1539 5 
1540 4 2016 4 2154 6 1538 5 
1539 4 2155 4 1193 3 1541 4 
2156 5 1542 6 1540 4 2014 5 
1543 6 2157 8 1541 6 2021 5 
2020 8 1542 6 1544 5 2158 3 
2019 4 1543 5 1545 5 1328 3 
1719 4 2169 5 1329 6 1544 5 
1547 8 523 4 2011 4 1383 5 
1538 8 1546 8 2010 8 525 8 
680 6 1549 5 1436 5 1553 9 
1550 6 1548 5 1435 4 679 3 
1438 7 1549 6 1551 7 678 7 
677 4 1550 7 1437 6 1399 6 
682 4 1553 9 1434 6 
1552 9 1433 6 681 8 1548 9 
1206 7 962 6 1555 6 1557 5 
1562 5 1205 4 1554 6 961 4 
1559 3 1208 4 1557 2 960 4 
1207 3 959 3 1554 5 1556 2 
1202 3 958 6 1559 5 1561 6 
1558 5 1556 3 957 4 1201 7 
1561 6 1408 5 1204 5 956 5 
955 6 1560 6 1558 6 1203 6 
1555 5 964 8 1210 4 1563 7 
963 9 1699 11 1562 7 1209 7 
1737 4 974 4 1565 5 1567 6 
1570 10 973 6 1564 5 1738 7 
972 4 1735 2 1412 1 1567 5 
1736 5 971 7 1566 5 1564 6 
1675 3 1569 7 970 5 1733 2 
969 9 1568 7 1734 6 1572 7 
1565 10 968 9 1731 8 1675 8 
201 7 1577 8 1169 7 
966 5 1739 2 1569 7 1573 4 
1740 6 965 5 1572 4 1711 5 
2421 6 1632 7 1576 7 2166 5 
519 5 1636 3 
1631 4 2162 3 1574 7 2344 6 
521 5 1571 8 1429 6 
1579 4 1437 6 1399 6 1639 4 
1638 3 1578 4 1586 7 1398 3 
1583 8 560 5 1647 5 1581 5 
1390 5 1154 2 1646 6 1580 5 
1393 2 1645 5 1585 5 1583 6 
1580 8 1644 6 1392 5 1582 6 
1587 3 1585 6 1395 5 1643 9 
1642 6 1584 6 1582 5 1394 7 
566 6 1587 6 1579 7 1641 6 
1586 6 1584 3 1396 3 1640 5 
1819 7 371 5 2267 3 
1592 3 1143 7 1115 3 520 4 
1596 8 399 8 1884 8 1591 7 
1883 4 398 4 2428 2 1590 7 
1589 3 1142 2 1114 4 1192 3 
1878 9 1600 8 1594 7 389 9 
1595 5 388 4 1593 7 1877 3 
1594 5 1876 4 1596 6 391 7 
1590 8 1875 4 390 4 1595 6 
2092 6 1598 4 1750 12 1882 5 
1881 2 2088 2 1597 4 1599 3 
1600 5 1598 3 395 3 1880 4 
1599 5 394 5 1593 8 1879 9 
1376 4 1657 4 1611 4 1602 4 
1767 4 1375 7 1656 5 1601 4 
1490 6 1693 8 1616 6 999 9 
1605 9 2143 8 1939 7 1339 7 
1606 6 1604 9 1938 7 1338 7 
1605 6 1333 4 1607 3 1946 6 
1606 3 1608 4 1332 4 1945 5 
1607 4 1948 4 2003 3 1331 5 
1998 4 2273 3 1664 3 2001 2 
1659 6 2272 5 1611 6 2008 4 
2271 7 1658 3 1610 6 1601 4 
1613 5 1335 5 1944 6 2006 4 
1334 3 1612 5 1943 3 1454 6 
1830 4 1123 5 750 5 1139 8 
1492 3 1513 4 1618 1 
749 4 823 4 1704 6 1603 6 
1515 6 1620 7 1618 3 1220 4 
1617 3 1615 1 1514 3 1219 4 
2022 6 1620 8 1217 9 1517 6 
1516 7 1619 8 1216 7 1617 7 
2022 5 1215 6 1624 4 1519 3 
1121 4 1141 3 1635 5 1830 3 
1158 6 1624 5 1521 7 1212 6 
1211 3 1623 5 1520 2 1621 4 
2341 6 1956 2 1626 9 1778 2 
1627 10 1955 10 1625 9 2340 11 
1626 10 1628 6 2343 5 1954 4 
1627 6 1629 6 2342 5 1953 5 
2345 6 1628 6 1960 3 1630 4 
1959 2 2344 5 1631 3 1629 4 
1576 4 1630 3 1958 4 1632 4 
1957 4 1574 7 1633 6 1631 4 
1952 5 2421 5 1634 6 1632 6 
1477 5 1951 7 1633 6 350 5 
2047 5 1622 5 1134 7 1118 5 
2251 4 1019 4 1575 3 
963 6 1808 4 1699 8 2202 6 
1639 3 1641 2 1579 3 1155 2 
1638 3 1150 5 1781 6 1578 4 
1641 5 1643 11 2234 6 1587 5 
1640 5 1638 2 2233 5 1586 6 
1645 6 1585 6 2236 3 1643 9 
2235 9 1640 11 1584 9 1642 9 
1173 3 1583 6 1645 5 1647 3 
1642 6 1582 5 1644 5 2237 7 
2240 5 1480 9 1647 6 1581 6 
1646 6 2239 3 1580 5 1644 3 
1649 8 1672 6 1653 8 1651 4 
1648 8 1671 5 1652 7 
770 4 1717 5 1794 8 1952 4 
1669 1 1654 3 1648 4 202 3 
1653 7 1649 7 1815 4 
1652 7 1814 8 1654 7 1648 8 
1813 7 1653 7 1655 9 1651 3 
202 9 1654 9 1662 9 1812 7 
1657 5 1499 3 1010 6 1602 5 
1656 5 1009 6 1658 3 1601 4 
1004 1 1659 3 1611 3 1657 3 
1003 4 1610 6 1658 3 1660 7 
1002 7 1661 6 2008 5 1659 7 
1001 4 1660 6 2007 4 2173 7 
1920 6 1811 6 1663 7 1655 9 
2116 7 1662 7 1810 7 1919 6 
1665 5 2175 3 1006 3 1609 3 
1005 6 1664 5 2001 4 1796 7 
965 3 1711 3 1668 2 1956 1 
1670 6 2207 4 1920 6 911 4 
1710 4 1955 4 1666 2 765 2 
585 4 1651 1 1670 4 1672 3 
1667 6 1669 4 584 7 202 6 
1649 5 587 2 1672 3 
1648 6 586 5 1669 3 1671 3 
1191 5 1498 3 850 6 1674 4 
1505 7 1673 4 849 8 1497 4 
967 6 1568 3 1570 8 1732 2 
1177 7 2018 6 1916 7 1377 6 
87 3 708 6 475 3 889 4 
1505 7 1495 7 851 6 1680 5 
1917 7 2308 5 1924 6 1922 7 
854 4 1502 4 1678 5 1691 6 
1991 3 1448 5 1682 8 1690 4 
1447 7 1990 7 1681 8 2188 8 
1833 5 1983 4 1684 5 1444 8 
1443 5 1685 4 1683 5 1982 6 
1684 4 1981 2 1446 3 1686 4 
1445 5 1687 3 1980 6 1685 4 
1686 3 1688 4 1987 1 1440 4 
1917 7 1689 4 1687 4 1439 8 
1688 4 1442 3 1690 2 1985 2 
1689 2 1441 4 1681 4 1984 3 
853 4 1501 4 1522 6 1680 6 
479 4 1073 2 1490 2 1693 4 
1692 4 1704 8 1603 8 1072 4 
1695 4 1697 3 1225 7 1295 3 
1294 4 1694 4 150 4 1224 3 
1291 5 1223 2 1697 1 
1290 2 1222 1 1694 3 1696 1 
1701 2 1699 8 1808 4 1065 3 
1698 8 1563 11 1637 8 1064 10 
754 4 1701 3 1703 6 1067 4 
1698 2 1066 4 1700 3 753 3 
1703 5 1705 4 752 5 1069 3 
1702 5 1068 5 1700 6 751 8 
1071 8 1693 8 1616 6 1705 7 
1702 4 1070 5 749 5 1704 7 
1707 5 1877 5 772 5 1709 8 
1706 5 1712 3 1878 5 771 3 
1875 3 1709 6 1717 4 770 3 
1876 5 769 10 1706 8 1708 6 
1668 4 1713 5 1711 5 1881 4 
1666 3 1710 5 1882 4 1573 5 
1707 3 766 5 1879 8 1713 4 
1880 4 765 3 1710 5 1712 4 
1432 8 2023 11 1715 9 990 9 
1714 9 1431 7 989 10 220 5 
1717 6 1932 6 1794 9 1883 6 
1884 5 1716 6 1650 5 1708 4 
1719 4 2356 7 66 5 1725 6 
65 3 1718 4 1545 4 2357 6 
1721 5 64 4 2348 5 1723 6 
1720 5 1726 4 63 4 2349 4 
2350 3 1854 2 1723 4 62 1 
1722 4 61 6 2351 5 1720 6 
60 4 1727 4 1725 7 2352 5 
1724 7 1718 6 59 9 2353 6 
58 7 1721 4 2354 3 1727 2 
57 5 1724 4 2355 1 1726 2 
1169 4 1858 7 
269 6 1388 4 999 8 1490 5 
846 4 1350 6 67 5 400 5 
1755 4 1732 2 1570 8 1738 5 
1731 2 1733 1 1754 1 1675 2 
1734 1 1327 2 1732 1 1568 2 
1733 1 1569 6 1739 1 1752 2 
1369 5 1566 2 1759 3 1736 2 
1567 5 1758 2 1737 3 1735 2 
1738 6 1564 4 1736 3 1757 7 
1737 6 1731 5 1756 6 1565 7 
1740 4 1734 1 1751 3 1572 2 
1750 12 1882 5 1573 6 1739 4 
1744 7 1282 7 1479 5 1742 6 
1747 5 1281 4 1478 7 1741 6 
1284 4 1744 6 1951 7 1477 5 
1741 7 1283 4 1743 6 1476 5 
1748 5 2253 5 1746 5 1475 4 
1745 5 1285 4 1474 9 1749 5 
1288 7 1742 5 1748 5 1473 6 
1287 5 1472 5 1745 5 1747 5 
1471 7 2267 3 1746 5 
1751 11 1740 12 186 10 1597 12 
1750 11 1752 4 1739 3 1179 6 
1751 4 1327 3 1176 3 1734 2 
2316 7 1918 7 
1755 3 1327 2 182 2 1732 1 
181 3 1731 4 1754 3 1756 5 
176 4 1755 5 1757 7 1738 6 
175 7 1758 6 1737 7 1756 7 
1759 3 1736 2 178 4 1757 6 
1758 3 1904 3 1735 3 177 3 
1494 8 1912 7 2104 7 1761 3 
1764 1 1493 4 1760 3 2103 3 
1765 6 2102 5 1496 6 1763 5 
1495 6 2101 3 1762 5 1768 6 
1498 2 1761 1 2100 1 1765 3 
1762 6 1497 4 2099 6 1764 3 
1500 2 1769 2 1767 2 2098 4 
1499 2 2097 2 1602 4 1766 2 
1769 6 1502 6 2096 7 1763 6 
1768 6 2095 2 1766 2 1501 2 
1777 7 1771 7 2150 4 1803 4 
1772 8 1770 7 1802 7 2149 10 
1771 8 2152 6 1773 10 1801 4 
1931 11 1800 10 2151 9 1772 10 
1775 8 2146 6 1807 7 1779 7 
1774 8 2145 6 1806 4 1776 7 
2148 5 1805 4 1777 9 1775 7 
1804 7 1770 7 2147 7 1776 9 
1799 2 2160 1 1625 2 1779 3 
1798 5 1778 3 1774 7 2159 5 
2052 5 1783 4 1438 4 1781 6 
1639 6 1437 8 2051 8 1780 6 
1783 4 2054 5 1785 7 1436 3 
1782 4 2053 5 1780 4 1435 5 
1434 4 1785 7 2050 4 
2049 9 1782 7 1433 6 1784 7 
1787 5 548 2 1468 2 
1786 5 1788 6 547 7 1467 6 
654 2 1787 6 1789 5 1466 5 
652 4 1788 5 1465 6 711 7 
1531 2 1466 5 1791 5 1793 10 
1530 7 1795 6 1790 5 1465 6 
1793 13 1529 6 1468 6 
1467 10 1792 13 1790 10 1528 12 
1951 10 1284 7 1650 8 1716 9 
1796 6 1527 6 1791 6 1470 7 
1469 7 1526 5 1795 6 1665 7 
1347 7 1809 7 2129 8 442 10 
1779 5 1807 5 966 6 1799 4 
1956 2 1778 2 965 4 1798 4 
972 6 1773 10 2312 4 1801 4 
1802 3 971 4 1800 4 1772 4 
1801 3 974 4 1771 7 1803 4 
1804 4 1770 4 973 5 1802 4 
1805 2 1777 7 968 4 1803 4 
1804 2 1776 4 1806 1 967 5 
1807 3 970 4 1805 1 1775 4 
969 6 1806 3 1798 5 1774 7 
2201 5 753 5 1698 4 1637 4 
1797 7 1346 4 2009 2 614 4 
1963 5 1663 7 806 6 1811 6 
805 5 1662 6 1812 4 1810 6 
1813 5 1818 4 1811 4 1655 7 
795 7 1812 5 1814 8 1654 7 
1653 8 1813 8 1821 8 1815 5 
1816 2 1652 4 797 6 1814 5 
1815 2 800 1 
798 6 748 5 796 5 868 3 
2093 8 1812 4 795 6 805 5 
1588 7 1940 7 358 9 1285 6 
798 7 746 4 870 6 1828 6 
797 9 1814 8 795 7 985 7 
1213 2 2090 2 1823 4 
1838 5 2089 7 1822 4 1824 5 
1837 3 222 4 1825 7 1823 5 
2091 7 1836 7 1824 7 1826 7 
2086 5 1834 5 1827 3 1825 7 
2085 3 1833 4 1826 3 1983 3 
743 7 873 6 799 6 1820 6 
1244 6 976 7 1000 7 2455 11 
1614 4 1120 3 1622 3 1140 4 
871 7 814 6 1832 6 1511 5 
1831 6 1510 6 870 6 809 5 
1827 4 1683 5 1307 3 1834 6 
1826 5 1836 5 1833 6 1306 6 
1040 1 2420 4 1839 2 337 4 
2358 2 1825 7 1837 3 1834 5 
1824 3 1302 7 1836 3 1838 3 
1213 3 1823 5 1305 4 1837 3 
2419 7 340 3 1835 2 985 4 
1077 3 1154 1 1390 4 1841 8 
1850 10 1076 9 1153 9 1840 8 
877 4 808 4 509 3 2206 2 
342 2 926 6 396 4 2413 5 
1847 6 1085 6 1845 4 1146 7 
1145 2 164 3 1084 2 1844 4 
1083 4 1148 3 1849 4 1847 4 
1844 6 1147 4 1082 7 1846 4 
1081 5 1340 5 1851 4 1849 4 
1080 5 1149 7 1848 4 1846 4 
1841 10 1079 4 1851 5 1152 6 
1151 7 1850 5 1848 4 1078 6 
824 3 2422 4 
69 4 559 5 2257 6 593 4 
2365 2 1722 2 26 5 
2244 5 1862 4 994 5 1856 3 
993 5 2243 3 1857 4 1855 3 
1858 7 1856 4 992 5 2246 5 
1728 7 991 8 1857 7 2245 5 
2248 4 1860 3 998 3 1864 3 
2247 4 1861 5 1859 3 997 5 
1862 6 1860 5 996 7 2250 8 
1861 6 1855 4 2249 4 995 5 
990 5 1864 3 2043 8 2242 4 
989 8 1863 3 2241 6 1859 3 
1391 6 740 6 552 7 562 8 
1114 6 1870 7 
2218 7 1868 10 1118 6 1874 6 
1867 10 1869 6 2217 7 1119 7 
1116 2 1868 6 1870 5 1097 5 
1869 5 1117 9 1866 7 2215 6 
1872 3 1122 6 334 5 1103 5 
1871 3 2221 4 1123 4 1873 4 
1874 4 1101 5 1120 4 1872 4 
1873 4 2219 4 1121 4 1867 6 
1596 4 1708 3 1884 4 1876 2 
1595 4 1877 2 1709 5 1875 2 
1706 5 1876 2 1878 5 1594 3 
1707 5 1593 9 1877 5 1879 10 
1880 8 1712 8 1600 9 1878 10 
1713 4 1879 8 1599 4 1881 3 
1598 2 1882 3 1880 3 1710 4 
1740 5 1881 3 1711 4 1597 5 
1884 5 1591 4 363 3 1716 6 
1883 5 1717 5 1590 8 1875 4 
107 9 1892 7 1886 5 2264 6 
1885 5 1887 2 2263 5 829 3 
484 3 2266 3 1886 2 1888 3 
96 7 2265 4 1887 3 1893 4 
1890 6 2069 4 490 8 1276 6 
489 4 1891 5 632 4 1889 6 
1890 5 488 6 1278 4 1892 6 
1885 7 1891 6 487 6 1277 7 
482 5 2256 4 1894 2 1888 4 
2255 3 750 3 481 3 1893 2 
30 5 1896 3 2284 6 1898 3 
1895 3 1901 4 2283 4 29 2 
2075 4 2282 2 1898 2 32 5 
1897 2 31 5 2281 3 1895 3 
6 10 1902 5 2280 5 1900 4 
2279 5 1903 2 24 4 1899 4 
1896 4 2278 5 28 5 1902 5 
1899 5 2277 4 27 3 1901 5 
4 3 1900 2 1904 3 1370 7 
1369 5 1903 3 1759 3 3 5 
2077 6 1906 7 2211 5 
1907 5 2210 6 1905 7 
1908 5 2209 5 1906 5 
1907 5 2208 3 1909 5 
1908 5 2214 8 1910 9 
1909 9 2213 11 
1388 1 2232 2 1422 3 2335 3 
2315 8 1913 5 2288 8 1760 7 
1912 5 1914 3 2287 2 2314 4 
1913 3 2316 7 2286 7 1915 4 
2285 4 1914 4 
1178 7 1676 7 2170 4 1374 8 
1679 7 1987 4 1688 7 1985 5 
2314 8 1753 7 1986 5 
1461 3 2207 3 1920 5 1663 6 
1662 6 202 6 1919 5 1667 6 
2328 3 1989 4 1925 7 1381 4 
1923 7 1985 5 2311 7 1679 7 
1930 4 2310 6 1984 5 1922 7 
1987 3 2309 5 1927 6 1679 6 
1921 7 1382 10 2327 10 1422 8 
1929 6 2307 7 1981 4 1927 7 
1924 6 2306 6 1980 7 1926 7 
2305 3 1929 4 1983 3 2085 3 
1982 6 1928 4 1926 6 2304 7 
1931 4 1923 4 1991 1 2313 3 
1930 4 1773 11 1990 5 2312 5 
1933 5 1284 4 363 3 1716 6 
1932 5 364 6 1283 3 1934 6 
361 4 1282 7 1935 5 1933 6 
1936 5 1934 5 362 4 1281 3 
1935 5 1937 6 359 6 1288 8 
360 4 1287 5 1940 5 1936 6 
1946 7 1605 7 2139 5 1939 5 
2458 3 1604 7 2138 6 1938 5 
1819 7 2253 5 1937 5 357 4 
2137 4 1942 7 1944 7 2006 5 
1941 7 2004 4 1947 8 2136 9 
1613 3 2135 2 2109 3 1944 4 
1612 6 1941 7 1943 4 2134 5 
1948 5 1946 8 2133 6 1607 5 
2132 6 1938 7 1945 8 1606 6 
1948 6 2003 5 1942 8 2131 8 
1947 6 1945 5 2130 2 1608 4 
66 6 1950 5 1409 8 372 6 
956 4 1949 5 1408 4 65 3 
1794 10 1634 7 1952 6 1743 7 
1957 3 1633 5 1951 6 1650 4 
1954 3 1960 2 1628 5 766 5 
1955 4 1627 4 1953 3 765 2 
1956 3 1668 4 1954 4 1626 10 
1955 3 1799 2 1625 2 1666 1 
1632 4 1952 3 1958 4 770 3 
1959 3 1957 4 769 8 1631 4 
1958 3 1630 2 1960 1 772 2 
1959 1 771 2 1953 2 1629 3 
1964 4 569 6 1962 2 2118 5 
1967 1 568 2 2117 4 1961 2 
571 5 2116 5 1810 5 1964 5 
570 7 1961 4 1963 5 2115 5 
2114 7 1968 8 573 8 1966 9 
2113 5 1969 6 1965 9 572 5 
1962 1 2112 3 878 3 1968 3 
1965 8 574 5 2111 3 1967 3 
1966 6 880 4 2110 5 1970 7 
2135 6 2109 7 1969 7 879 6 
13 5 759 6 1972 6 
1971 6 1973 5 760 3 
757 7 1974 6 1972 5 
758 7 1975 6 1973 6 
763 7 1976 3 1974 6 
764 3 1977 2 1975 3 
1976 2 1978 8 761 5 
1979 11 1977 8 762 9 
1978 11 767 11 
1987 4 1981 4 1927 7 1686 6 
1982 4 1980 4 1685 2 1926 4 
1981 4 1929 6 1983 5 1684 6 
1827 3 1982 5 1683 4 1928 3 
1985 3 1923 5 1991 2 1690 3 
1984 3 1922 5 1917 5 1689 2 
1918 5 2315 4 1190 3 
1917 4 1924 3 1980 4 1687 1 
1379 8 1989 5 2330 5 1995 4 
1921 4 2329 6 1988 5 1380 3 
2151 3 1991 2 1682 7 1931 5 
1681 3 1990 2 1930 1 1984 2 
1993 5 2334 4 523 4 1383 5 
1992 5 2333 4 1994 6 1384 7 
2332 5 1385 6 1995 5 1993 6 
2331 8 1386 5 1994 5 1988 4 
2191 5 302 6 2370 6 2048 5 
2371 5 2056 7 213 6 459 5 
1609 4 1999 3 2175 4 2276 7 
2173 6 2275 4 1998 3 2007 3 
2002 2 216 1 2005 2 456 3 
1665 4 1469 4 1609 2 2274 2 
2000 2 455 5 2373 3 217 2 
1947 5 2004 1 1330 7 1608 3 
2006 2 1942 4 2003 1 1337 1 
219 3 453 3 2377 3 2000 2 
1336 5 2004 2 1612 4 1941 5 
2270 5 1999 3 1661 4 2008 3 
2269 1 1610 4 1660 5 2007 3 
393 4 307 2 2129 3 1809 2 
2011 4 1547 8 2017 5 964 8 
2202 6 2010 4 963 6 1546 4 
2166 1 2013 3 2421 2 1159 2 
350 5 1521 6 2012 3 1158 5 
1193 4 960 6 2021 4 1541 5 
1240 5 946 4 976 4 2457 4 
2017 4 1539 4 1193 3 962 4 
1538 5 2010 5 2016 4 961 4 
2170 3 2343 5 2172 3 1676 6 
2169 4 955 4 1544 4 2020 7 
1543 8 958 9 2021 7 2019 7 
957 3 2020 7 2014 4 1542 5 
1621 5 1619 6 1518 7 1214 6 
1252 9 1714 11 1450 7 1262 9 
2025 11 1251 10 545 8 2108 7 
544 9 2105 8 2024 11 2026 8 
2106 8 2025 8 543 5 1249 6 
281 4 2028 5 559 5 2081 4 
2029 7 282 5 2027 5 2080 8 
2028 7 2030 10 279 7 2079 8 
2078 6 2029 10 2031 8 280 8 
2032 4 277 5 2030 8 
2033 3 278 6 2031 4 
2034 3 2032 3 275 7 
2035 3 2033 3 276 4 
2034 3 2036 4 273 3 
2077 4 2211 3 2035 4 274 7 
2062 4 1456 5 2038 3 2040 6 
2045 5 1455 2 2061 4 2037 3 
2040 4 2064 5 2042 3 1063 1 
2039 4 2037 6 1062 9 2063 8 
2066 3 1452 6 2044 4 2042 5 
2041 5 2039 3 1451 5 2065 7 
1863 8 1450 8 2044 8 2068 9 
2043 8 2041 4 1449 2 2067 4 
2038 5 2046 8 2070 6 1075 7 
2045 8 2069 4 1276 6 1074 6 
1135 2 402 3 1635 5 1119 3 
315 3 2087 5 1996 5 2192 5 
2054 7 1785 9 2050 6 2387 4 
2049 6 1784 4 
1150 7 2052 7 2391 6 1781 8 
2051 7 2390 10 1780 5 2053 6 
2054 6 1783 5 2052 6 2389 4 
2053 6 2049 7 2388 5 1782 5 
2438 5 2060 4 
2254 4 1997 7 461 6 210 5 
944 5 2058 6 109 5 2442 3 
2059 5 2057 6 108 6 2441 7 
111 2 2058 5 2440 3 2060 2 
2439 4 110 3 2059 2 2055 4 
2062 5 2038 4 2070 5 289 6 
2037 4 2061 5 2063 6 288 4 
2064 9 2062 6 287 5 2040 8 
2039 5 2065 9 2063 9 286 9 
2066 5 2064 9 2042 7 293 8 
2041 3 292 4 2067 3 2065 5 
2066 3 2044 4 291 7 2068 5 
2242 5 290 5 2043 9 2067 5 
285 1 1889 4 2070 2 2046 4 
2045 6 2061 5 2069 2 284 3 
2074 2 2072 2 2108 3 
2071 2 2107 6 
2076 6 2074 5 1533 8 2106 10 
2071 2 2073 5 2105 3 1532 1 
2318 5 1897 4 2076 4 272 3 
2317 3 2073 6 271 2 2075 4 
2036 4 1905 6 
2030 6 2079 4 
223 4 2078 4 2080 9 2029 8 
2081 7 226 9 2079 9 2028 8 
2080 7 225 5 2258 4 2027 4 
401 6 2083 3 619 8 305 3 
302 4 618 4 2370 4 2082 3 
337 5 800 2 1040 2 
1827 3 2124 4 2086 5 1928 3 
1826 5 2091 5 2123 6 2085 5 
2370 6 620 7 392 8 2048 5 
1598 2 47 4 395 2 2092 4 
2090 5 1823 7 222 6 2128 8 
2089 5 2127 3 1822 2 
1825 7 2086 5 2126 4 222 4 
46 6 1597 6 186 4 2088 4 
2094 6 1818 8 397 5 341 5 
2093 6 985 4 795 4 340 3 
2098 4 1769 2 2096 3 166 3 
165 7 2095 3 2101 4 1768 7 
168 3 1767 2 1375 5 2098 4 
2095 4 167 6 1766 4 2097 4 
2100 4 170 5 1765 6 2102 5 
2099 4 2103 3 169 4 1764 1 
1763 3 172 4 2096 4 2102 3 
171 2 1762 5 2099 5 2101 3 
174 6 2100 3 1761 3 2104 7 
2288 8 173 7 1760 7 2103 7 
2025 8 2074 3 2108 4 2106 8 
2026 8 271 6 2073 10 2105 8 
1251 10 2108 7 2072 6 
2024 7 2105 4 2107 7 2071 3 
2110 5 1454 6 1943 3 1970 7 
1453 3 2109 5 1969 5 2113 4 
1458 4 2114 2 1968 3 2112 3 
1457 7 1967 3 2117 6 2111 3 
1460 3 1966 5 2114 3 2110 4 
1965 7 1459 2 2113 3 2111 2 
2118 6 2116 5 1964 5 1462 4 
1663 7 1963 5 2115 5 1461 4 
2118 7 2112 6 1962 4 1464 5 
2115 6 2117 7 1463 6 1961 5 
2122 8 2120 5 111 6 2286 9 
2285 3 110 2 2119 5 
109 10 2122 10 2288 10 173 9 
108 5 2119 8 2287 5 2121 10 
2126 5 2124 5 2086 6 550 4 
2085 4 2305 4 2123 5 549 5 
222 6 2126 6 544 7 2128 8 
2123 5 543 5 2125 6 2091 4 
2090 3 546 4 2128 6 
2127 6 545 7 2125 8 2089 8 
597 4 2009 3 1797 8 1279 6 
408 3 2133 3 1948 2 2131 4 
2136 9 407 7 1947 8 2130 4 
1946 6 2133 4 2139 4 410 5 
2130 3 2132 4 409 4 1945 6 
404 3 2137 2 2135 3 1944 5 
1943 2 1970 6 403 3 2134 3 
2131 9 406 7 2137 6 1942 9 
405 3 1941 4 2134 2 2136 6 
2139 6 946 5 1939 6 412 5 
2138 6 411 4 1938 5 2132 4 
2142 7 2459 9 37 6 
36 4 2142 4 2456 4 2144 7 
2140 7 35 6 2141 4 2455 8 
34 5 1604 8 2144 9 2458 4 
33 9 2143 9 2141 7 2457 7 
2148 4 2194 4 2146 4 1775 6 
2159 4 1774 6 2145 4 2193 4 
2150 4 1777 7 2148 3 2192 5 
2145 4 2191 3 1776 5 2147 3 
2152 8 2150 7 2190 6 1771 10 
2189 5 2149 7 1770 4 2147 4 
1990 3 1773 9 2188 4 2152 5 
1772 6 2149 8 2187 5 2151 5 
1326 2 1538 4 525 4 2154 5 
464 6 1539 6 2153 5 2155 6 
463 5 2156 5 1540 4 2154 6 
462 6 2155 5 2157 7 1541 5 
2156 7 1542 8 1354 6 2158 5 
1328 1 784 2 1543 3 2157 5 
2196 5 2160 3 2146 4 1779 5 
2159 3 2341 5 2195 5 1778 1 
1061 5 52 7 37 5 
2168 3 1576 3 1372 4 2166 1 
34 9 2164 10 1049 12 56 10 
33 6 2163 10 55 5 2165 7 
36 7 1061 6 54 7 2164 7 
2012 1 1371 4 2162 1 1574 5 
2168 5 2345 6 1374 7 2170 3 
2162 3 2167 5 2344 6 1373 7 
2019 4 956 5 1545 5 65 4 
2018 3 2342 2 1916 4 2167 3 
2341 8 2195 8 1378 4 2172 4 
2018 3 1377 3 2340 4 2171 4 
1999 6 1008 9 2175 7 1661 7 
520 6 1275 8 555 8 1143 9 
1998 4 1664 3 2173 7 1007 4 
28 7 2183 8 2177 12 1091 8 
2176 12 2178 10 1090 7 27 8 
6 10 1093 6 2177 10 2179 7 
1092 5 24 7 2184 4 2178 7 
1087 7 2181 6 2359 6 32 8 
2182 5 2180 6 31 6 1086 4 
2181 5 30 6 2183 6 1089 7 
1088 5 2176 8 29 4 2182 6 
4 2 2185 2 1095 2 2179 4 
1094 3 3 5 2184 2 232 6 
1177 6 162 5 1377 5 845 5 
2190 3 307 3 2152 5 2188 4 
1279 6 1682 8 2151 4 2187 4 
2150 5 315 4 2192 6 2190 4 
2187 3 312 6 2149 6 2189 4 
2148 3 1996 5 2194 3 2192 5 
2189 6 2048 5 2191 5 2147 5 
2196 5 2194 4 305 4 2146 4 
302 4 2145 4 2191 3 2193 4 
2171 8 980 8 2160 5 2196 7 
2159 5 2193 5 979 4 2195 7 
1380 2 2198 3 752 5 826 6 
751 6 2197 3 2199 3 1379 7 
754 3 2198 3 2200 5 1386 5 
753 6 1385 6 2201 6 2199 5 
1808 5 2200 6 2202 7 1384 7 
2011 6 2201 7 1383 7 1637 6 
42 6 2204 1 
41 3 2205 4 2203 1 
2204 4 40 7 
876 5 1303 2 673 4 1842 2 
1919 3 590 3 1667 4 1289 5 
1908 3 467 5 2214 6 2209 3 
1907 5 468 6 2210 6 2208 3 
2211 4 465 5 1906 6 2209 6 
2036 3 2210 4 466 4 1905 5 
472 5 2213 6 
469 7 2212 6 1910 11 2214 10 
2208 6 1909 8 470 7 2213 10 
1097 6 1870 6 
2235 3 1096 3 815 5 1098 5 
1868 7 1097 6 2218 4 2295 3 
1867 7 2219 5 2217 4 2294 5 
2290 6 1874 4 2218 5 1101 5 
2239 4 1102 7 1100 6 819 6 
2292 3 1101 5 1872 4 1103 6 
1096 4 821 3 1102 6 2237 5 
812 4 1155 3 2224 3 1099 7 
811 6 1150 4 2223 3 2391 3 
720 2 184 3 1144 3 1044 4 
148 5 425 5 415 4 377 4 
1183 6 1144 4 2228 7 718 5 
185 8 717 7 2227 7 1171 6 
2411 6 2230 7 724 8 188 5 
723 5 2231 7 2229 7 187 7 
722 5 2230 7 1044 6 190 5 
1911 2 89 3 791 5 414 5 
2234 6 1155 5 1641 5 1099 9 
1098 6 2235 4 2233 6 1640 6 
2234 4 2236 3 1643 9 2216 3 
2235 3 1642 3 2237 4 1096 3 
1173 5 2236 4 2222 5 1645 7 
790 7 419 8 90 9 417 8 
2220 4 2240 2 1647 3 1173 3 
1646 5 2239 2 2410 2 1100 4 
898 8 2242 7 1864 6 2248 7 
2068 5 1863 4 897 4 2241 7 
1856 3 2246 4 896 2 2244 5 
895 8 1855 5 2243 5 2249 5 
2246 3 1858 5 
2245 3 2243 4 1857 5 
2250 7 1860 4 894 6 2248 5 
1859 4 893 5 2247 5 2241 7 
2250 6 892 4 1862 4 2244 5 
891 5 2247 7 2249 6 1861 8 
1636 4 211 7 1537 6 
839 1 1158 3 1188 3 1212 3 
1285 4 1940 5 1745 5 1287 5 
2056 4 1537 5 211 6 
1894 3 1138 4 1309 6 2256 5 
2255 5 2265 4 1308 5 1893 4 
2260 5 283 5 2258 6 1853 6 
522 4 559 5 2257 6 2081 4 
41 6 2260 5 594 4 2262 5 
40 5 2257 5 593 3 2259 5 
43 4 2262 4 592 7 
42 7 589 5 2261 4 2259 5 
2264 6 1313 6 1886 5 2266 6 
2263 6 1277 6 1312 3 1885 6 
2266 4 1311 3 1888 4 2256 4 
1887 3 2265 4 1310 6 2263 6 
1285 2 1749 3 1588 3 
451 4 2435 2 
2008 1 2272 2 2465 1 2270 3 
2275 6 2007 5 2464 8 2269 3 
1376 7 1611 7 2272 6 2467 7 
2271 6 1610 5 2269 2 2466 3 
2274 3 1609 3 2461 5 2276 6 
2460 3 2273 3 713 3 2001 2 
1999 4 2270 6 2463 7 2276 8 
2273 6 2462 8 2275 8 1998 7 
2278 4 2280 4 1902 4 655 5 
2277 4 2283 5 1417 4 1901 5 
1900 5 1370 10 2280 6 651 5 
2277 4 1899 5 2279 6 653 3 
2282 3 672 4 2284 6 1898 3 
1421 3 2281 3 272 1 1897 2 
2284 7 1418 9 2278 5 1896 4 
2283 7 669 6 1895 6 2281 6 
2120 3 1915 4 2286 7 
2287 6 2285 7 2119 9 1914 7 
2288 5 2286 6 2122 5 1913 2 
2287 5 2104 8 1912 8 2121 10 
1101 4 1246 4 2290 5 2292 2 
2219 6 1244 4 2289 5 2294 6 
1 4 1103 5 2292 2 1243 6 
2221 3 1240 3 2291 2 2289 2 
1097 5 2295 2 
2295 4 195 5 2218 5 2290 6 
2293 2 2294 4 2217 3 
2299 7 23 5 2297 3 1012 3 
1011 3 2296 3 22 4 
2299 7 1014 3 21 5 2301 2 
1013 7 2296 7 2298 7 20 7 
19 6 2303 4 1016 4 2301 2 
18 3 1015 3 2298 2 2300 2 
2425 6 1018 4 17 6 2303 5 
2300 4 1017 3 16 4 2302 5 
2305 6 383 9 2307 8 1929 7 
2304 6 1928 3 2124 4 382 6 
2309 5 385 4 1927 6 2307 6 
1926 7 2306 6 2304 8 384 5 
379 3 1679 5 2311 5 2309 4 
1924 5 2306 5 378 4 2308 4 
2313 5 1923 6 381 5 2311 6 
2308 5 1922 7 2310 6 380 5 
387 4 1800 4 2313 4 1931 5 
2310 5 2312 4 1930 3 386 4 
1918 8 2315 7 2316 8 1913 4 
1912 8 2314 7 1986 4 1494 9 
1753 7 2314 8 1914 7 
2076 3 1533 5 2318 4 
2359 4 2075 5 32 6 2317 4 
396 4 2320 5 571 4 926 6 
2319 5 2321 5 925 8 570 8 
928 4 569 6 2320 5 2322 5 
568 5 927 7 2321 5 2323 4 
930 3 2324 2 878 3 2322 4 
929 7 2323 2 574 4 2325 5 
573 6 2326 6 2324 5 932 7 
2325 6 572 4 1503 3 931 4 
1925 10 124 6 2336 8 2328 6 
1921 3 2329 5 123 4 2327 6 
1989 6 2328 5 126 6 2330 6 
1988 5 2331 9 2329 6 125 7 
1995 8 120 8 2332 8 2330 9 
1994 5 2333 3 119 3 2331 8 
2332 3 2334 3 1993 4 122 3 
1992 4 2333 3 121 5 492 5 
791 6 115 5 1911 3 2336 6 
114 8 1422 6 2327 8 2335 6 
376 3 1389 3 2338 3 2339 3 
377 3 2337 3 2346 5 2423 4 
2422 4 375 4 2337 3 
2343 6 2172 4 2341 8 1626 11 
2171 8 2160 5 1625 6 2340 8 
2345 5 2170 2 2343 4 1628 5 
2340 6 2018 5 1627 5 2342 4 
1630 5 1576 6 2345 7 2168 6 
2342 5 1629 6 2167 6 2344 7 
2426 8 2338 5 373 5 2347 6 
2425 6 374 7 17 6 2346 6 
2349 4 190 4 2351 4 1720 5 
2348 4 2354 3 189 6 1721 4 
1722 3 26 6 188 4 2351 4 
2350 4 2348 4 187 5 1723 5 
2355 2 1183 5 2353 4 1724 5 
2356 7 2352 4 185 6 1725 6 
2349 3 2355 2 184 3 1726 3 
2352 2 1727 1 2354 2 183 1 
2353 7 1718 7 180 9 2357 9 
1329 8 179 7 2356 9 1719 6 
1302 6 1836 2 834 5 1306 3 
2318 4 909 6 2180 6 
2363 4 890 3 607 8 433 3 
434 5 432 5 602 5 862 4 
888 5 2363 4 685 5 609 5 
2360 4 2362 4 887 6 608 3 
2366 4 611 3 886 4 2368 3 
526 5 1854 2 62 1 
610 5 885 4 2364 4 440 5 
2368 3 884 4 613 4 433 2 
2367 3 612 4 883 4 2364 3 
697 6 74 4 2437 2 885 3 
2087 6 2083 4 1996 6 621 4 
1997 5 460 3 2374 2 212 3 
449 3 452 3 429 4 
458 6 2002 3 2374 3 214 5 
2371 2 2373 3 215 3 457 5 
2376 6 304 4 2382 2 858 2 
2375 6 303 7 498 7 859 5 
85 2 454 4 218 6 2005 3 
1042 3 68 1 1526 2 448 2 
297 5 2380 5 2386 4 860 6 
861 6 2379 5 296 4 2381 4 
2382 2 862 3 2380 4 295 4 
2375 2 294 2 2381 2 863 2 
301 7 97 5 2384 5 864 4 
300 4 2385 4 865 5 2383 5 
299 3 2386 3 866 3 2384 4 
2385 3 298 4 2379 4 867 4 
2388 2 2049 4 
2387 2 2389 3 2054 5 
2390 8 2388 3 588 2 2053 4 
2389 8 2052 10 2391 9 591 10 
910 6 2051 6 2390 9 2224 3 
2396 9 461 6 
2394 7 458 6 1218 4 2400 4 
2393 7 2395 7 457 9 658 8 
460 4 657 6 2394 7 2396 8 
2392 9 459 7 656 8 2395 8 
2398 5 117 4 663 5 454 6 
662 3 2397 5 2399 4 453 3 
2400 5 456 5 2398 4 661 7 
660 4 2399 5 455 6 2393 4 
1483 8 349 7 2404 6 2402 7 
2407 7 348 6 1482 6 2401 7 
1485 7 347 6 133 5 2404 5 
1484 3 2401 6 2403 5 346 4 
2406 6 1487 6 2408 6 345 8 
2405 6 344 7 2409 6 1486 4 
343 7 2408 7 2402 7 1489 8 
2412 3 2407 7 1488 6 2405 6 
2410 5 339 8 1481 7 2406 6 
2409 5 338 2 2240 2 1480 6 
2229 6 2 5 521 5 
2408 3 345 5 205 5 343 3 
143 8 897 5 1843 5 2414 6 
342 3 898 6 2417 6 2413 6 
895 9 2420 8 2416 7 337 8 
336 3 2415 7 896 3 
2418 6 893 6 341 4 2414 6 
2417 6 2419 8 340 4 894 6 
891 6 1839 7 2418 8 2420 9 
1835 4 2415 8 892 6 2419 9 
1574 6 1633 5 350 4 2012 2 
2339 4 1852 4 1389 4 
1389 4 2338 4 825 4 2426 7 
60 3 372 5 1405 4 370 9 
2302 6 2347 6 2426 8 828 7 
2346 8 2425 8 2423 7 827 6 
248 3 2428 3 364 6 2430 4 
363 1 2427 3 247 5 1591 2 
362 5 2430 4 2432 4 250 5 
249 2 2429 4 361 2 2427 4 
252 4 360 3 2432 3 2434 4 
2431 3 251 3 2429 4 359 4 
358 8 2436 5 2434 6 254 6 
357 4 253 4 2431 4 2433 6 
246 3 2268 2 2436 2 
371 4 2433 5 245 3 2435 2 
2369 2 882 2 2454 3 118 3 
52 6 2055 5 2439 5 
2060 4 2440 5 2438 5 53 7 
2439 5 2441 5 2059 3 54 5 
55 5 2440 5 2442 4 2058 7 
56 4 2441 4 575 7 2057 3 
2444 5 2452 2 174 5 945 4 
944 7 2443 5 173 6 109 7 
2446 8 948 7 168 7 152 8 
2445 8 2447 6 167 6 947 5 
950 4 2446 6 2448 6 166 5 
949 4 2447 6 165 8 2449 5 
952 2 172 4 2448 5 2450 3 
951 6 171 2 2449 3 2451 5 
170 5 954 8 2452 4 2450 5 
169 4 2443 2 2451 4 953 3 
323 3 715 8 1171 3 179 4 
117 3 2437 3 663 4 881 3 
2142 8 1829 11 2459 10 2456 8 
2141 4 976 4 2455 8 2457 4 
2458 2 2015 4 2456 4 2144 7 
2457 2 1939 3 946 2 2143 4 
2140 9 2455 10 1000 6 
157 3 2274 3 2461 5 630 7 
156 5 2460 5 2273 5 2462 7 
2463 7 2276 8 2461 7 155 7 
2464 9 2462 7 154 6 2275 7 
2463 9 161 8 2465 6 2270 8 
160 5 2269 1 2466 2 2464 6 
159 4 2467 4 2465 2 2272 3 
2466 4 2271 7 2468 4 158 6 
153 4 2467 4 1376 4 2469 5 
1375 8 152 7 2468 5 168 6 
