2523 4899 001
2 4 4 6 334 3 2029 10 
1 4 333 5 2028 4 132 6 
4 5 6 5 2021 3 342 7 
3 5 2020 6 1 6 341 6 
6 4 340 4 2023 1 8 1 
5 4 3 5 2022 5 339 5 
8 4 338 5 1764 5 10 6 
337 2 7 4 2024 2 5 1 
10 5 2330 5 2027 4 336 5 
9 5 335 4 1859 6 7 6 
16 6 777 7 984 8 12 7 
983 5 776 9 11 7 13 6 
986 6 14 2 775 4 12 6 
774 3 17 2 13 2 985 3 
16 7 982 7 
11 6 981 6 15 7 778 7 
14 2 988 4 18 5 773 2 
17 5 987 6 772 5 160 6 
2294 5 20 5 2251 7 
2293 4 2250 2 21 4 19 5 
2249 5 2296 6 20 4 22 9 
2295 8 2248 11 21 9 2363 9 
24 5 883 4 2115 5 1809 5 
23 5 882 5 25 5 2130 5 
24 5 2117 5 
1350 5 1831 3 561 4 1320 2 
450 5 412 5 28 3 1000 3 
999 5 411 5 1378 5 27 3 
30 4 36 4 2005 4 2051 4 
2381 5 29 4 2004 3 2050 4 
406 9 210 3 425 7 1002 4 
2003 3 37 6 
404 4 34 8 425 7 1004 5 
33 8 1003 9 403 10 439 7 
38 3 2002 3 2059 3 36 3 
2001 7 29 4 2058 5 35 3 
2000 8 38 5 2061 8 32 6 
35 3 2060 3 37 5 1999 2 
2182 2 40 3 42 3 433 2 
432 3 39 3 2181 4 45 4 
42 5 2184 7 2387 5 431 6 
41 5 430 6 2183 7 39 3 
429 3 44 4 46 8 2186 4 
48 9 428 5 2185 5 43 4 
2188 4 40 4 427 6 46 9 
426 8 2187 10 45 9 43 8 
1228 6 56 4 1860 4 2233 4 
44 9 2180 7 49 10 424 8 
2179 4 423 9 48 10 598 6 
574 4 437 3 51 5 
52 4 750 6 436 6 50 5 
51 4 53 4 435 5 570 2 
2390 5 52 4 434 6 573 6 
55 4 1699 4 678 4 2138 2 
54 4 679 5 1698 4 63 7 
633 6 305 3 2301 3 47 4 
1707 8 676 8 58 8 60 6 
677 7 1706 5 2107 5 57 8 
60 5 674 4 1705 6 62 9 
59 5 675 5 1704 4 57 6 
62 9 1703 5 64 6 672 7 
61 9 1702 7 59 9 673 6 
670 5 1701 7 64 7 55 7 
61 6 63 7 671 6 1700 5 
68 3 66 3 661 2 152 4 
65 3 2412 6 151 3 660 4 
669 2 68 4 140 2 70 3 
65 3 67 4 668 6 139 4 
70 6 72 7 667 6 142 5 
666 5 141 4 69 6 67 3 
144 6 74 6 72 6 665 6 
664 6 69 7 71 6 143 4 
240 8 74 7 663 6 146 6 
71 6 73 7 662 6 145 9 
1978 3 76 1 
75 1 1977 4 289 5 1242 1 
78 5 1730 6 258 5 772 6 
77 5 79 4 773 1 2170 1 
78 4 80 5 774 6 2168 6 
81 5 79 5 775 4 2167 3 
80 5 776 8 2166 6 634 4 
2487 4 564 3 1353 4 2334 1 
778 6 634 3 
619 3 1364 3 203 3 2080 4 
836 4 296 5 103 5 
475 4 846 4 87 4 1219 3 
1218 4 474 5 88 5 86 4 
1221 5 89 8 473 9 87 5 
88 8 472 6 1220 6 850 9 
303 3 479 4 1223 4 91 2 
1222 5 845 5 90 2 478 3 
297 4 93 4 1699 4 1728 5 
1698 4 1727 7 94 5 92 4 
1722 6 93 5 95 7 1701 5 
1700 7 94 7 96 11 1721 6 
1703 8 1720 8 97 8 95 11 
1702 3 98 3 1719 6 96 8 
1726 4 97 3 99 6 1705 4 
100 7 1704 7 1725 9 98 6 
99 7 1707 6 1724 4 101 8 
1723 8 100 8 1706 7 2100 11 
355 2 635 4 373 3 522 4 
295 7 837 4 2274 6 85 5 
468 3 1041 3 1317 1 
110 8 152 9 1718 6 106 8 
2518 5 1717 4 151 3 105 8 
108 10 1710 7 114 11 142 5 
109 8 1709 7 107 10 141 8 
108 8 1712 3 140 3 110 5 
105 8 1711 4 109 5 139 4 
112 5 1714 9 146 4 1109 4 
111 5 1713 5 113 4 145 9 
144 4 114 8 1716 2 112 4 
107 11 143 8 113 8 1715 7 
575 2 2328 5 569 3 2199 2 
2225 3 179 4 1203 6 118 3 
120 5 1030 5 924 6 526 3 
1202 3 2276 2 2224 2 116 3 
122 5 932 5 120 6 522 7 
117 5 931 5 119 6 521 6 
124 4 930 4 122 4 457 5 
929 5 453 3 119 5 121 4 
928 5 518 8 124 5 126 8 
927 3 121 4 517 3 123 5 
2351 5 126 7 732 5 926 7 
125 7 925 6 440 5 123 8 
1152 3 942 7 723 6 362 6 
2297 3 1200 4 2276 2 2226 2 
1187 8 715 6 130 4 936 5 
714 2 935 4 129 4 131 1 
132 5 717 1 130 1 371 4 
2 6 131 5 933 8 716 9 
940 4 134 7 719 4 1152 4 
1870 10 718 6 133 7 135 7 
721 5 938 6 134 7 1187 7 
2297 5 137 4 2228 5 1206 4 
136 4 1205 3 138 4 2231 5 
805 8 137 4 1204 5 2230 5 
140 2 152 5 110 4 68 4 
141 3 139 2 109 3 67 2 
140 3 70 4 108 8 142 3 
143 2 141 3 107 5 69 5 
144 4 142 2 114 8 72 4 
113 4 143 4 71 6 145 9 
146 8 112 9 144 9 74 9 
1536 5 145 8 73 6 111 4 
374 7 206 6 545 5 148 5 
149 1 544 3 207 3 147 5 
148 1 543 4 208 1 150 6 
542 6 209 8 149 6 
66 3 152 4 106 3 376 4 
105 9 151 4 139 5 65 4 
154 4 589 7 168 3 807 4 
588 5 153 4 155 4 806 5 
587 5 154 4 809 3 156 5 
586 6 808 7 157 4 155 5 
811 3 156 4 158 2 593 3 
592 4 159 6 810 4 157 2 
160 8 158 6 813 11 591 7 
159 8 812 4 590 5 18 6 
962 7 162 3 1782 4 767 4 
163 2 961 4 161 3 1781 1 
162 2 960 2 1784 7 164 5 
165 7 959 5 163 5 1783 7 
164 7 966 6 166 9 1778 7 
965 10 1264 7 165 9 1777 8 
584 3 168 1 2230 3 805 6 
167 1 153 3 583 4 804 2 
1054 8 1979 2 170 5 215 3 
214 5 169 5 1053 10 171 5 
172 4 1056 3 213 5 170 5 
171 4 173 3 1055 6 212 6 
174 2 219 1 1050 3 172 3 
175 3 173 2 218 7 1049 8 
176 3 174 3 217 3 1052 3 
175 3 177 6 1051 3 216 4 
211 8 1048 7 176 6 178 6 
1047 3 406 8 210 2 177 6 
2370 3 1198 4 116 4 2222 6 
1485 4 2342 5 183 7 181 6 
180 6 2341 6 
1486 7 183 7 2340 5 185 5 
2339 7 1487 5 182 7 180 7 
187 8 185 3 2338 5 1481 3 
184 3 1482 6 2337 4 182 5 
413 5 187 8 2336 5 1483 4 
184 8 2335 10 186 8 1484 7 
189 5 1362 4 992 6 972 4 
188 5 190 7 991 6 971 4 
189 7 990 7 974 9 192 7 
1765 8 1762 8 1899 8 1774 8 
989 4 973 4 193 6 190 7 
194 5 976 5 192 6 996 8 
193 5 1369 2 2272 4 995 4 
907 5 198 6 196 6 2122 5 
2121 5 201 4 504 6 195 6 
502 4 198 5 205 6 2124 3 
2123 4 955 4 197 5 195 6 
200 9 497 5 2126 6 202 3 
199 9 495 10 1965 8 2125 8 
202 2 2211 6 952 5 196 4 
201 2 199 3 2209 3 492 2 
1367 3 618 6 2079 3 84 3 
444 4 950 3 205 5 2120 5 
949 5 2119 8 204 5 197 6 
207 4 451 4 580 4 147 6 
206 4 579 3 208 3 148 3 
578 6 207 3 209 3 149 1 
150 8 208 3 577 7 
823 2 31 3 178 2 211 4 
177 8 216 6 822 8 210 4 
213 7 819 8 219 4 172 6 
212 7 214 5 171 5 818 6 
213 5 215 3 821 6 170 5 
214 3 463 4 820 5 169 3 
217 4 211 6 815 8 176 4 
216 4 814 6 175 3 218 7 
174 7 817 7 219 6 217 7 
816 1 173 1 212 4 218 6 
2298 5 1843 7 221 7 2270 7 
2269 9 220 7 1842 5 222 6 
1835 4 223 8 221 6 1792 5 
222 8 1834 6 224 10 1791 8 
225 7 1837 6 223 10 2290 7 
226 5 224 7 1836 7 2289 6 
1839 6 225 5 1788 6 227 4 
1838 2 1787 4 226 4 228 6 
1841 6 1786 7 229 9 227 6 
2025 6 1785 9 228 9 1840 6 
365 3 1786 4 233 5 231 3 
230 3 1296 4 364 5 1785 6 
233 8 363 7 1788 8 235 6 
230 5 1787 6 232 8 2208 7 
2290 6 235 5 369 8 237 5 
234 5 2289 5 368 6 232 6 
1792 5 367 7 239 5 237 4 
1791 4 234 5 366 4 236 4 
239 4 1162 4 361 3 2270 5 
238 4 236 5 2269 8 360 5 
73 8 1536 7 241 5 1239 6 
248 5 1535 6 240 5 1238 3 
1009 5 1911 6 243 5 304 3 
303 6 242 5 479 7 1010 7 
251 3 245 1 1233 3 1526 1 
244 1 1525 1 1232 3 246 1 
1231 1 1528 3 247 2 245 1 
1527 4 1230 2 469 3 246 2 
1530 5 241 5 1759 10 1237 6 
1755 4 1014 6 301 4 250 4 
1011 3 300 5 1763 6 249 4 
244 3 1234 3 1761 4 1531 4 
253 8 2029 12 257 7 583 8 
252 8 2028 6 1261 4 584 6 
2023 1 255 4 261 3 586 4 
587 6 254 4 2022 5 256 8 
257 7 2021 6 588 8 255 8 
252 7 256 7 589 7 2020 5 
590 3 2027 2 259 2 77 5 
1859 5 591 3 258 2 260 3 
261 4 592 5 259 3 1764 3 
593 4 2024 4 260 4 254 3 
2174 8 486 8 2019 7 263 8 
2173 5 270 5 2018 6 262 8 
501 4 2118 4 265 6 
500 5 266 7 2117 6 264 6 
2130 6 265 7 267 7 309 5 
2453 6 2115 6 266 7 496 8 
2015 10 2178 7 271 7 269 11 
2014 8 268 11 2177 8 
263 5 2017 3 2176 4 271 4 
2016 4 2175 3 268 7 270 4 
1370 6 2386 5 1833 6 273 4 
278 6 1832 5 272 4 1229 5 
275 4 281 5 1808 3 1830 5 
274 4 276 4 1829 4 1807 7 
1810 4 277 6 1828 4 275 4 
276 6 883 5 1827 5 1809 6 
279 5 273 6 1826 6 1812 5 
278 5 280 3 1811 3 1825 4 
281 4 279 3 1824 9 1814 6 
280 4 1813 5 1823 5 274 5 
283 4 1300 3 1833 5 1843 4 
1832 6 282 4 1842 5 286 8 
1837 4 287 5 285 6 1824 10 
1836 8 1823 6 284 6 290 5 
1835 6 1826 7 287 7 283 8 
284 5 286 7 1834 3 1825 5 
1828 4 1841 4 291 5 289 7 
1827 6 1840 6 76 5 288 7 
291 4 285 5 1830 4 1839 5 
290 4 1838 3 288 5 1829 5 
1851 3 293 2 
1850 6 292 2 
1760 2 1346 6 908 3 607 4 
296 7 525 6 103 7 358 7 
295 7 357 5 85 5 
92 4 1518 5 2207 6 298 4 
498 2 2206 3 297 4 1517 5 
1020 7 1993 7 1763 8 300 7 
1019 5 250 5 301 5 299 7 
1022 2 300 5 249 4 302 3 
1755 3 301 3 513 4 1021 8 
90 3 1028 4 243 6 304 4 
1983 7 1027 2 242 3 303 4 
56 3 1123 4 1860 3 527 3 
609 5 912 3 1344 3 1760 2 
1560 2 1129 4 967 4 1731 2 
310 3 964 2 1746 5 918 6 
266 5 344 7 500 3 496 6 
1745 4 308 3 963 4 1560 2 
312 3 1340 4 600 4 1892 5 
599 3 911 8 311 3 1339 1 
550 6 314 3 316 5 543 5 
313 3 542 2 549 4 
316 7 540 4 548 4 545 4 
315 7 547 7 544 6 313 5 
318 4 533 4 382 5 1689 4 
319 5 317 4 381 7 532 4 
318 5 535 8 320 7 380 5 
379 5 534 5 319 7 321 7 
322 9 537 7 386 8 320 7 
321 9 2096 7 385 8 536 10 
690 7 324 5 1274 6 1687 3 
325 6 689 6 323 5 1758 6 
324 6 684 6 1748 7 326 6 
327 6 683 7 325 6 1747 8 
328 7 326 6 1750 6 682 5 
327 7 329 8 1749 6 681 6 
330 6 328 8 1752 6 688 8 
687 6 329 6 331 5 1751 5 
330 5 686 5 1754 5 332 6 
1753 6 685 5 546 4 331 6 
2 5 933 7 334 4 2314 8 
2313 3 333 4 1 3 341 3 
336 4 2306 5 338 3 10 4 
335 4 576 4 2305 5 9 5 
8 2 340 5 338 3 2308 4 
337 3 2307 5 335 3 7 5 
2310 4 340 5 6 5 342 7 
337 5 5 4 339 5 2309 5 
4 6 2312 6 334 3 342 8 
339 7 3 7 2311 9 341 8 
355 4 1189 4 457 5 637 4 
916 7 309 7 356 7 623 8 
346 5 2055 5 348 4 539 2 
345 5 353 4 538 8 2054 9 
537 9 350 10 348 8 2057 9 
2056 4 347 8 345 4 536 7 
1856 2 535 5 350 5 352 4 
603 8 349 5 347 10 534 6 
1858 3 896 5 533 4 352 6 
532 6 1857 9 351 6 349 4 
354 3 346 4 541 4 2053 2 
2052 5 353 3 540 3 548 3 
343 4 102 2 638 4 453 3 
2441 4 496 6 344 7 915 6 
296 5 1963 4 358 5 359 4 
757 6 295 7 357 5 1030 5 
755 3 357 4 
367 7 1602 6 361 4 239 5 
360 4 1069 4 1601 5 238 3 
555 6 2210 5 127 6 754 5 
368 7 232 7 1593 4 2208 6 
975 4 365 5 1596 5 231 5 
230 3 364 5 1595 2 2208 5 
369 7 367 7 237 4 1598 5 
360 7 236 7 366 7 1597 6 
363 7 369 9 235 6 1600 6 
234 8 368 9 366 7 1599 8 
934 5 989 5 1273 7 398 8 
933 7 1934 4 935 7 131 4 
1271 5 991 7 490 7 934 5 
636 5 2273 7 102 3 521 6 
451 5 2099 6 147 7 375 6 
452 9 2098 4 374 6 383 5 
377 6 2412 7 151 4 2518 6 
2411 5 376 6 2517 5 378 3 
377 3 2516 3 2413 5 
320 5 454 4 386 6 380 3 
381 7 379 3 455 7 319 5 
382 8 380 7 318 7 456 10 
381 8 2508 5 1318 5 317 5 
2097 4 384 7 458 4 375 5 
385 8 2096 7 459 10 383 7 
460 6 322 8 384 8 386 7 
461 7 379 6 385 7 321 8 
388 6 1949 8 1803 5 2508 7 
1948 4 387 6 2253 9 456 6 
1365 5 390 8 791 6 1572 6 
399 11 389 8 1571 7 790 7 
2257 4 1945 4 461 5 392 5 
1944 5 393 5 460 6 391 5 
394 3 392 5 1947 5 459 7 
395 3 393 3 458 3 1946 1 
394 3 1943 9 2265 4 452 8 
2264 7 1561 6 397 8 784 6 
396 8 2266 8 783 7 1564 7 
939 8 996 9 370 8 1012 11 
390 11 789 7 400 10 1566 7 
401 6 399 10 788 9 1565 6 
400 6 402 3 787 3 1568 4 
401 3 786 7 2264 5 1567 3 
856 6 34 10 410 6 404 6 
33 4 855 3 403 6 405 5 
858 6 425 8 406 10 404 5 
178 8 31 9 405 10 857 7 
860 3 450 6 412 6 408 5 
409 4 859 3 2129 3 407 5 
408 4 410 3 862 4 441 6 
439 3 409 3 403 6 861 3 
1331 4 28 5 412 7 853 8 
852 5 407 6 27 5 411 7 
2223 7 186 5 1254 5 414 4 
2116 5 2222 5 421 3 413 4 
418 5 2231 6 1260 3 416 4 
2230 4 1261 2 584 4 415 4 
420 2 418 4 2229 3 2204 3 
2228 5 415 5 417 4 2205 6 
422 5 420 2 1256 2 2227 2 
417 2 419 2 2226 2 1257 2 
422 6 1258 5 414 3 2225 3 
419 5 1259 6 421 6 2224 5 
49 9 2125 7 1965 7 424 7 
428 4 1964 4 48 8 423 7 
405 8 33 7 31 7 1001 8 
46 8 427 5 1956 4 429 3 
1955 7 432 5 426 5 45 6 
44 5 429 4 424 4 1958 6 
428 4 43 3 1957 5 426 3 
1960 6 42 6 433 5 431 7 
1959 6 602 4 41 6 430 7 
40 3 427 5 1962 2 433 2 
430 5 1961 1 432 2 39 2 
620 6 1588 4 53 6 435 7 
1587 10 52 5 436 7 434 7 
437 4 1590 6 51 6 435 7 
1589 2 436 4 50 3 
2268 5 2094 8 1290 5 523 6 
410 3 441 6 1006 6 34 7 
518 5 1186 3 2351 3 126 5 
439 6 1005 6 2129 5 409 6 
445 4 1990 4 443 3 781 7 
780 3 1989 4 442 3 448 5 
779 5 445 5 1992 7 204 4 
442 4 1991 6 2012 5 444 5 
447 8 449 5 1986 4 2010 5 
446 8 2009 9 1985 7 
449 6 2008 4 443 5 1988 6 
446 5 448 6 1987 5 2006 6 
1007 5 27 5 407 6 2129 4 
206 4 374 5 2265 4 452 8 
375 9 458 8 395 8 451 8 
122 3 522 5 457 4 355 3 
379 4 461 5 455 8 2257 4 
2253 13 454 8 456 10 380 7 
381 10 455 10 388 6 2508 7 
343 5 453 4 517 4 121 5 
394 3 452 8 383 4 459 7 
384 10 393 7 460 8 458 7 
461 6 385 6 392 6 459 8 
460 6 386 7 454 5 391 5 
1980 5 463 4 
215 4 630 5 462 4 1979 3 
833 6 465 5 
770 4 466 7 832 5 464 5 
1980 8 467 7 831 6 465 7 
466 7 2221 5 1979 3 1054 9 
104 3 1326 10 469 4 1045 4 
1325 2 468 4 1044 2 247 3 
2420 2 851 5 1208 3 471 4 
850 8 472 5 470 4 1209 6 
89 6 471 5 473 7 1212 2 
474 9 1213 8 88 9 472 7 
473 9 87 5 1210 5 475 5 
476 5 86 4 474 5 1211 3 
846 5 475 5 477 5 1216 7 
476 5 478 3 845 5 1217 6 
479 5 477 3 1214 2 91 3 
90 4 478 5 1215 5 243 7 
1876 8 481 8 483 8 2037 7 
480 8 2036 9 488 7 1875 8 
2035 4 1878 3 485 3 483 6 
2034 8 480 8 482 6 1877 6 
487 3 485 5 2033 5 491 3 
1871 5 484 5 482 3 2032 7 
262 8 1874 5 487 4 2031 7 
484 3 1873 4 486 4 2030 5 
1880 4 489 3 481 7 2039 2 
488 3 2038 9 1879 3 658 2 
992 7 943 7 372 7 1270 6 
2193 4 1871 3 1873 4 484 3 
952 5 1971 6 202 2 497 4 
951 6 1299 7 1177 5 953 7 
1187 8 938 7 1939 6 936 5 
1969 6 2237 5 200 10 497 6 
1446 8 356 6 267 8 309 6 
199 5 495 6 492 4 1970 5 
298 2 1516 4 
1304 3 954 8 1794 6 956 5 
265 5 623 4 501 3 309 3 
264 4 500 3 622 5 
197 4 955 3 1976 4 949 3 
509 5 1846 4 
952 7 196 6 1973 9 907 5 
1276 5 994 7 937 7 939 7 
511 7 1869 4 507 8 
2425 7 508 7 1868 13 506 8 
509 3 507 7 1665 2 
503 5 508 3 1664 5 
1661 1 511 6 
506 7 1660 6 510 6 
515 6 844 2 831 3 513 4 
843 3 2221 5 302 4 512 4 
841 8 833 8 515 9 516 5 
512 6 832 7 514 9 840 8 
514 5 838 1 
124 3 457 4 1189 3 518 6 
440 5 1188 7 123 8 517 6 
1293 6 520 6 2093 4 528 2 
1292 7 2268 7 519 6 2092 7 
526 4 120 6 522 7 373 6 
453 5 102 4 521 7 119 7 
2091 4 1289 5 524 4 438 6 
523 4 1288 1 
526 2 295 6 2274 5 1030 4 
525 2 521 4 2273 5 117 3 
2090 4 2301 3 305 3 528 2 
2089 3 1729 4 519 2 527 2 
531 4 2322 4 
531 13 685 11 546 10 2304 11 
530 13 529 4 1280 5 
352 6 535 7 533 4 318 4 
700 5 351 4 532 4 317 4 
535 6 320 5 350 6 537 5 
534 6 349 5 319 8 532 7 
537 8 539 5 348 7 322 10 
536 8 321 7 347 9 534 5 
541 8 539 5 2097 7 346 8 
2096 2 536 5 538 5 345 2 
541 4 2099 4 315 4 354 3 
540 4 538 8 2098 4 353 4 
150 6 543 4 314 2 
149 4 542 4 313 5 544 6 
545 3 316 6 148 3 543 6 
544 3 2099 4 147 5 315 4 
530 10 332 4 1549 2 
550 8 316 7 1913 4 548 4 
315 4 1912 2 547 4 354 3 
314 4 680 5 550 7 
547 8 313 6 1914 7 549 7 
2215 5 552 4 553 7 1487 4 
1486 5 2214 4 556 4 551 4 
551 7 1485 5 2217 6 
1484 7 555 8 2210 7 557 8 
362 6 554 8 723 6 1483 4 
552 4 1482 7 2213 5 557 4 
2212 4 1481 3 556 4 554 8 
559 9 565 9 1651 8 2479 10 
1650 7 558 9 1323 5 560 7 
1831 6 1653 8 559 7 561 7 
26 4 566 7 1652 6 560 7 
2493 4 563 5 1655 4 1153 2 
562 5 564 6 2487 7 1654 5 
563 6 82 3 565 6 1657 5 
2334 4 558 9 564 6 1656 4 
1663 8 561 7 1320 5 567 7 
1319 6 1662 4 731 6 566 7 
1590 8 1522 7 625 6 771 6 
572 5 2329 7 2200 4 115 3 
2296 5 573 4 52 2 750 4 
2327 4 572 4 
2201 4 569 5 2326 6 571 4 
2295 4 2423 5 570 4 53 6 
50 4 750 5 2294 4 
576 3 115 2 2203 3 2331 3 
2330 4 575 3 2202 4 336 4 
578 10 1773 7 209 7 
1772 7 208 6 577 10 579 6 
1775 2 207 3 578 6 580 3 
1774 5 206 4 579 3 2265 4 
1442 4 1444 3 2440 6 2502 5 
1457 6 585 6 2124 2 2043 5 
589 8 252 8 168 4 584 6 
167 3 416 4 583 6 253 6 
2123 6 582 6 2154 7 2042 5 
156 6 254 4 593 5 587 6 
255 6 588 6 155 5 586 6 
154 5 589 8 587 6 256 8 
588 8 153 7 583 8 257 7 
258 3 160 5 772 4 591 4 
159 7 259 3 592 5 590 4 
158 4 591 5 260 5 593 5 
261 4 157 3 586 5 592 5 
2154 6 2044 5 2121 6 595 7 
2211 8 596 8 594 7 2047 9 
2209 7 595 8 2046 6 597 7 
2126 6 598 5 2049 8 596 7 
2125 4 597 5 49 6 2048 8 
600 4 312 3 1804 5 611 4 
599 4 1949 5 1803 2 311 4 
2388 7 1806 2 602 2 
431 4 2387 3 601 2 1805 6 
1314 4 350 8 1856 5 2057 7 
605 6 1800 5 792 4 910 5 
1799 6 604 6 606 3 909 6 
1802 3 908 2 607 3 605 3 
1801 3 606 3 608 5 294 4 
609 6 1796 4 1760 3 607 5 
610 7 608 6 306 5 1795 5 
609 7 1798 7 611 5 912 5 
1797 5 610 5 911 9 599 4 
2395 3 1364 4 619 4 613 6 
2394 5 1363 7 614 7 612 6 
2393 5 613 7 615 5 1366 4 
2392 5 1365 5 614 5 1572 6 
1368 7 617 6 2399 8 621 6 
2398 7 1367 3 616 6 618 6 
203 6 2397 7 619 6 617 6 
84 3 612 4 618 6 2396 3 
434 6 1360 4 621 6 2390 5 
1359 6 620 6 2389 4 616 6 
914 5 623 6 501 5 
913 5 500 4 622 6 344 8 
1785 6 1296 4 2025 3 
1521 4 568 6 1589 2 
627 2 629 3 2078 5 
626 2 2147 5 2077 1 
629 2 2478 5 
628 2 1029 4 626 3 
2402 3 463 5 820 6 
632 5 1188 4 1228 5 2233 3 
631 5 2232 7 637 5 1189 5 
1228 8 56 6 2262 8 1185 8 
2165 2 777 5 83 3 81 4 
636 6 2220 6 102 4 638 6 
373 5 635 6 639 6 2219 5 
632 5 2218 4 638 4 343 4 
2216 3 355 4 637 4 635 6 
2439 10 640 6 636 6 2273 8 
2438 4 2274 6 639 6 837 4 
644 4 2102 5 
643 5 645 7 2478 7 2104 7 
642 5 2103 8 1029 5 646 7 
641 4 1889 4 645 7 2106 6 
1888 5 642 7 644 7 2105 8 
2078 8 2101 8 647 9 643 7 
1723 7 2100 10 646 9 2077 5 
649 6 2106 8 2110 7 652 5 
650 4 2109 4 648 6 2105 5 
2104 7 651 4 649 4 2112 5 
650 4 653 7 2103 7 2111 5 
2102 4 2113 3 648 5 
651 7 2108 7 2101 9 654 9 
1706 5 2100 9 2107 5 653 9 
1697 8 2315 7 659 8 656 9 
2492 8 1696 8 657 6 655 9 
656 6 2013 5 658 3 2491 7 
2011 2 2490 5 657 3 489 2 
1695 5 655 8 
1108 5 661 3 66 4 848 4 
668 5 660 3 65 2 1674 3 
1667 6 665 6 74 6 663 5 
1666 3 1239 4 73 6 662 5 
72 6 665 6 1669 10 667 5 
1668 5 664 6 71 6 662 6 
70 5 669 4 1671 4 667 5 
1670 2 69 6 666 5 664 5 
661 5 669 4 68 6 1673 6 
67 2 668 4 666 4 1672 6 
1068 2 63 5 671 4 679 3 
670 4 672 7 64 6 1067 5 
61 7 673 4 671 7 1066 4 
1065 3 672 4 674 1 62 6 
675 4 673 1 59 4 1072 4 
674 4 676 7 60 5 1071 4 
677 7 1070 5 675 7 57 8 
676 7 58 7 1069 6 1601 7 
1064 3 54 4 679 5 890 5 
55 5 678 5 1063 4 670 3 
1914 5 1521 5 549 5 
688 6 682 4 1112 7 328 6 
1111 5 683 6 327 5 681 4 
682 6 1114 7 326 7 684 7 
1113 5 683 7 325 6 689 6 
1116 4 530 11 686 4 332 5 
1115 4 331 5 685 4 687 6 
330 6 688 8 686 6 1118 5 
681 6 687 8 1117 6 329 8 
690 8 324 6 1110 5 684 6 
689 8 323 7 1109 7 1714 12 
901 5 692 5 1678 4 698 4 
900 5 691 5 693 3 1677 6 
694 7 1680 3 899 5 692 3 
898 7 1679 7 693 7 699 12 
1682 6 696 4 884 6 905 5 
695 4 904 4 697 6 1681 3 
698 5 696 6 1684 10 903 7 
697 5 902 2 1683 4 691 4 
1690 9 700 10 897 8 694 12 
699 10 533 5 896 6 1689 5 
702 4 703 3 2491 6 
2490 7 701 4 2007 4 
2492 6 701 3 
2156 2 705 6 885 4 709 6 
1731 5 905 7 884 8 704 6 
707 3 713 5 1744 5 877 4 
706 3 876 4 1743 4 708 2 
709 5 875 3 1746 4 707 2 
708 5 1745 7 704 6 874 6 
711 2 881 5 2319 5 2164 5 
710 2 880 3 1739 2 712 5 
713 8 879 7 711 5 1742 7 
712 8 1741 5 878 7 706 5 
715 4 130 2 2205 5 717 2 
714 4 720 4 129 6 2204 4 
717 5 132 9 2028 7 1261 5 
716 5 1260 1 714 2 131 1 
721 4 1259 4 719 3 134 6 
722 5 1258 4 718 3 133 4 
1257 3 1187 6 715 4 721 4 
135 5 718 4 720 4 1256 3 
719 5 1152 5 723 8 2116 8 
127 6 722 8 555 6 1254 6 
733 5 1473 4 725 2 1144 6 
726 3 724 2 1472 1 1143 4 
725 3 727 6 1142 5 1475 4 
1141 8 728 6 1474 9 726 6 
1469 5 727 6 729 8 1148 3 
1468 6 730 8 1147 10 728 8 
1471 4 729 8 731 5 1146 6 
567 6 730 5 1145 4 1470 7 
733 6 1477 4 1140 4 125 5 
732 6 724 5 1139 4 1476 4 
1551 4 798 4 735 8 1297 8 
797 7 1550 6 734 8 736 7 
796 5 1553 7 1886 4 735 7 
1881 4 1163 5 1106 4 746 6 
1555 6 739 4 1886 5 802 5 
740 2 801 1 1554 3 738 4 
739 2 800 2 741 3 1557 3 
742 3 799 2 740 3 1556 6 
741 3 743 7 793 6 1559 4 
792 6 742 7 910 7 1558 8 
1156 5 1902 5 745 6 1099 4 
1098 5 2504 4 1155 6 744 6 
1105 6 747 4 1150 7 737 6 
1104 3 1149 2 748 3 746 4 
1103 5 2128 6 747 3 749 4 
1151 3 1901 3 748 4 1102 8 
574 5 51 6 2293 5 570 4 
2074 3 2213 4 758 5 752 4 
2073 5 2212 5 751 4 753 6 
2076 6 754 4 2210 4 752 6 
2075 3 942 6 753 4 362 5 
359 3 1963 3 1952 3 
2069 2 2217 2 2267 3 
358 6 1963 5 923 5 1954 4 
2267 6 2214 6 2071 5 751 5 
762 9 1156 7 2127 8 1172 9 
1295 6 1915 6 2288 6 1895 10 
1154 3 764 4 1174 2 762 5 
759 9 1675 7 1173 8 761 5 
764 6 766 5 2128 6 1168 6 
763 6 761 4 1151 5 1167 7 
768 8 1150 10 1170 9 766 9 
1149 4 763 5 1169 4 765 9 
1166 3 768 3 1164 3 161 4 
765 8 767 3 1165 4 1163 4 
1524 1 771 2 1588 2 2087 3 
465 4 1980 5 
1587 7 1523 5 769 2 568 6 
773 2 590 4 18 5 77 6 
78 1 17 2 772 2 774 3 
14 3 79 6 775 5 773 3 
13 4 80 4 774 5 776 7 
81 8 12 9 775 7 777 9 
11 7 778 8 634 5 776 9 
83 6 777 8 16 7 
444 5 2012 5 1818 4 950 4 
443 3 2008 2 1815 5 781 7 
1816 8 2012 8 442 7 780 7 
1129 4 967 4 783 4 2266 5 
397 7 782 4 1128 5 784 5 
1131 4 396 6 783 5 785 5 
2264 6 1130 6 786 8 784 5 
402 7 1133 12 787 7 785 8 
1132 3 401 3 788 6 786 7 
787 6 400 9 1135 8 789 6 
790 3 399 7 1134 5 788 6 
789 3 791 5 390 7 1137 5 
2084 5 1136 7 790 5 389 6 
743 6 604 4 1586 4 793 5 
1585 7 742 6 792 5 799 5 
1765 7 1915 6 803 7 1899 7 
1886 4 1578 5 796 5 802 4 
1577 7 736 5 795 5 797 5 
735 7 1580 3 798 3 796 5 
734 4 797 3 970 2 1579 5 
741 2 1582 4 800 1 793 5 
740 2 801 1 799 1 1581 4 
800 1 802 2 739 1 1584 6 
1583 4 801 2 795 4 738 5 
923 4 794 7 2271 4 1954 3 
1000 3 805 7 168 2 807 3 
138 8 804 7 167 6 999 9 
1008 7 809 4 807 5 154 5 
1007 3 806 5 153 4 804 3 
1006 9 811 6 809 5 156 7 
808 5 1005 2 806 4 155 3 
811 5 813 9 158 4 1004 6 
810 5 808 6 157 3 1003 5 
987 4 1002 3 160 4 813 7 
1001 9 159 11 810 9 812 7 
217 6 815 10 817 6 986 9 
822 10 814 10 216 8 985 8 
219 1 819 5 817 2 984 6 
983 2 218 7 814 6 816 2 
821 7 819 7 982 6 213 6 
212 8 981 7 816 5 818 7 
980 8 215 5 821 8 630 6 
979 6 818 7 214 6 820 8 
815 10 823 6 988 7 211 8 
987 4 210 2 822 6 1002 3 
840 5 835 6 1170 4 825 5 
841 7 1169 5 824 5 826 7 
838 4 827 5 1168 7 825 7 
828 4 839 3 826 5 1167 5 
827 4 842 4 829 4 1174 4 
828 4 830 3 1173 5 
829 3 1172 6 
832 4 466 6 2221 4 512 3 
515 7 831 4 833 6 465 5 
514 8 832 6 464 6 
1013 6 843 4 835 8 1166 5 
824 6 834 8 1165 7 844 5 
85 4 837 3 
103 4 836 3 640 4 
826 4 839 2 841 4 516 1 
827 3 838 2 842 3 
824 5 841 7 515 8 844 4 
514 8 838 4 840 7 825 7 
839 3 828 4 
513 3 834 4 1755 2 844 1 
512 2 843 1 840 4 835 5 
477 5 1225 6 91 5 846 5 
1224 3 476 5 86 4 845 5 
849 6 1478 4 2413 6 
2412 6 1480 6 849 7 660 4 
847 6 2411 7 1479 6 848 7 
471 8 89 9 851 9 1227 6 
470 5 2468 7 850 9 1226 8 
412 5 1227 3 853 6 860 2 
2406 5 1226 8 411 8 852 6 
1933 8 926 10 1267 9 863 6 
856 3 858 4 404 3 1225 4 
855 3 403 6 861 3 1224 3 
1223 4 858 3 406 7 1047 2 
405 6 855 4 857 3 1222 6 
860 1 1221 2 408 3 862 3 
859 1 407 3 1220 2 852 2 
862 4 410 3 856 3 1219 2 
861 4 409 4 859 3 1218 5 
2291 1 1932 3 925 2 854 6 
1618 3 1646 3 865 2 873 3 
866 6 1617 7 864 2 1647 4 
865 6 1648 6 1616 5 867 6 
1649 4 868 5 1615 6 866 6 
1622 8 867 5 869 8 1642 8 
870 6 1621 8 868 8 1643 6 
869 6 1620 8 871 3 1644 4 
2372 4 1645 3 870 3 1619 5 
1640 2 1614 3 1073 5 873 4 
1613 6 872 4 1641 9 864 3 
1493 6 885 4 875 4 709 6 
1492 6 708 3 874 4 876 5 
877 5 707 4 1495 4 875 5 
1494 5 876 5 878 6 706 4 
713 7 877 6 879 6 1489 5 
712 7 1488 4 880 5 878 6 
711 3 879 5 1491 4 881 6 
1079 4 710 5 880 6 1490 8 
24 5 1978 5 883 4 
23 4 277 5 1977 5 882 4 
695 6 705 8 1499 6 885 6 
1498 6 874 4 704 4 884 6 
887 5 1663 7 893 4 
886 5 1662 3 2144 7 1095 3 
1657 4 889 7 2140 4 891 3 
2141 8 888 7 894 7 1656 6 
2138 3 891 4 678 5 1655 5 
1654 3 2139 4 890 4 888 3 
893 4 1653 7 895 6 
892 4 1652 4 886 4 
2142 3 895 5 1651 4 889 7 
894 5 2143 7 1650 7 892 6 
351 5 897 4 700 6 1513 4 
898 3 896 4 699 8 1512 4 
1505 4 897 3 694 7 899 5 
900 7 1504 5 693 5 898 5 
899 7 901 5 692 5 1507 8 
1506 4 900 5 691 5 902 3 
698 2 903 4 1509 3 901 3 
902 4 904 5 697 7 1508 3 
696 4 903 5 1511 4 905 5 
705 7 1510 3 695 5 904 5 
1017 4 1763 6 1011 3 1783 5 
955 3 1974 4 195 5 504 5 
1345 5 606 2 909 5 294 3 
908 5 910 5 1348 8 605 6 
909 5 743 7 604 5 1347 7 
312 8 1342 12 912 9 611 9 
1341 6 911 9 306 3 610 5 
623 5 914 4 916 4 1995 4 
913 4 622 5 1994 3 
1997 6 916 6 1444 6 356 6 
1996 3 915 6 344 7 913 4 
918 6 1744 5 966 4 920 2 
1743 7 917 6 965 9 308 6 
920 2 1742 4 960 2 922 5 
959 2 1741 2 919 2 917 2 
2164 6 962 7 922 6 1881 4 
1739 5 961 7 921 6 919 5 
803 4 757 5 1030 4 924 5 
931 6 923 5 117 6 2271 5 
926 6 126 6 863 2 928 3 
854 10 925 6 1140 6 125 7 
124 3 928 3 930 3 2292 2 
123 5 927 3 925 3 2291 2 
122 5 2286 6 930 5 932 5 
2285 5 927 3 121 4 929 5 
932 4 2288 4 120 5 924 6 
931 4 119 5 929 5 2287 9 
371 7 333 7 1935 5 132 8 
370 5 990 4 372 5 1272 3 
1937 5 371 7 130 4 936 5 
1936 2 494 5 935 5 129 5 
1277 9 1406 6 993 5 505 7 
494 7 1938 10 1870 9 135 6 
1275 6 995 6 398 8 505 7 
133 4 1940 3 1870 7 941 4 
1927 6 1152 4 942 8 940 4 
754 6 127 7 1926 9 941 8 
944 6 490 7 997 4 1269 8 
998 3 943 6 1268 5 1538 4 
1993 4 1026 2 1984 3 1882 2 
1575 8 1267 8 1139 5 1339 5 
958 5 948 2 1298 4 1184 4 
1297 5 1551 1 947 2 1183 2 
205 5 950 3 502 3 1966 2 
949 3 779 4 204 3 1967 4 
2298 3 493 6 1843 5 1300 4 
492 5 504 7 201 5 1972 5 
1302 8 954 8 493 7 1771 5 
499 8 953 8 1301 7 1175 8 
1975 3 502 3 198 4 907 3 
1303 4 957 5 499 5 1181 5 
1180 7 956 5 958 6 1306 6 
957 6 1305 5 947 5 1179 7 
920 2 960 2 164 5 966 4 
959 2 163 2 961 4 919 2 
162 4 962 8 960 4 922 7 
161 7 961 8 921 7 1164 6 
1266 4 310 4 968 5 964 3 
1264 2 965 5 308 2 963 3 
918 9 964 5 166 10 966 7 
959 4 165 6 917 4 965 7 
782 4 968 5 307 4 1241 5 
1560 3 967 5 963 5 1240 4 
970 5 1362 5 972 5 1298 6 
969 5 1297 6 798 2 1361 2 
974 6 972 3 1306 5 189 4 
971 3 969 5 1305 3 188 4 
1304 2 974 6 192 4 976 3 
971 6 1303 6 973 6 190 9 
1296 3 364 4 
193 5 2272 4 973 3 1301 3 
1370 9 1300 7 978 6 1833 9 
1299 4 2272 4 977 6 1369 2 
821 6 982 5 980 6 
820 8 2402 5 979 6 
819 7 16 6 984 8 982 6 
15 7 979 5 818 6 981 6 
986 5 817 2 984 6 12 5 
983 6 11 8 981 8 816 6 
14 3 988 5 986 7 815 8 
983 5 13 6 814 9 985 7 
812 4 823 4 988 5 18 6 
17 4 822 7 987 5 985 5 
370 5 990 4 192 4 996 6 
991 6 989 4 190 7 934 4 
990 6 189 6 992 7 372 7 
490 7 997 4 991 7 188 6 
2386 5 937 5 1370 6 994 5 
1369 4 995 6 505 7 993 5 
994 6 939 6 194 4 996 7 
989 6 193 8 398 9 995 7 
992 4 943 4 998 1 1362 2 
1610 1 944 3 1361 1 997 1 
28 5 1204 6 805 9 1000 5 
804 3 1007 3 999 5 27 3 
813 9 1002 5 1004 6 425 8 
1001 5 812 3 823 3 31 4 
34 9 1004 6 1006 8 811 5 
33 5 1003 6 1001 6 810 6 
441 6 1008 5 809 2 1006 6 
808 9 439 6 1003 8 1005 6 
1000 3 807 3 450 5 1008 5 
806 7 2129 4 1005 5 1007 5 
1016 4 242 5 1790 6 1010 7 
1009 7 1215 5 243 7 1789 6 
1784 7 906 3 250 3 1014 5 
1275 9 1273 10 1081 8 398 11 
1782 4 834 6 1014 6 1755 4 
1781 4 249 6 1011 5 1013 6 
1018 7 1016 3 1780 3 1900 5 
1009 4 1015 3 1911 5 1779 2 
906 4 1018 7 1778 6 1872 4 
1882 6 1015 7 1777 7 1017 7 
1022 2 300 5 1020 5 1056 3 
299 7 1019 5 1055 7 1025 5 
2221 9 1022 7 1054 13 302 8 
1021 7 1053 7 1019 2 301 2 
1052 3 1024 6 1984 4 1026 3 
1051 6 1027 5 1023 6 1983 10 
1993 5 1026 3 1050 4 1020 5 
1049 8 1025 3 945 2 1023 3 
1028 2 1048 3 1024 5 304 2 
303 4 1027 2 1047 3 1223 5 
2078 6 2478 7 643 5 629 4 
117 5 923 4 525 4 358 5 
1239 3 1459 3 1032 2 1666 2 
1458 2 1238 3 1039 5 1031 2 
1036 5 1467 6 1034 7 1231 5 
1466 6 1263 6 1230 3 1033 7 
1038 10 1036 6 1465 7 1233 8 
1464 5 1035 6 1033 5 1232 3 
1463 6 1038 9 1040 7 1235 9 
1462 9 1035 10 1234 5 1037 9 
1461 6 1237 6 1040 6 1032 5 
1236 4 1460 5 1037 7 1039 6 
1045 4 1251 6 104 3 1042 4 
1043 2 1250 4 1041 4 
1042 2 1253 3 
1045 2 1230 1 469 2 1263 4 
1044 2 1041 4 468 4 1262 3 
1294 6 1148 3 1574 6 1346 7 
178 3 1028 3 1048 4 857 2 
1027 3 177 7 1047 4 1051 4 
1026 8 1050 9 1052 8 174 8 
1049 9 1025 4 173 3 1055 6 
1024 6 1052 3 176 3 1048 4 
1023 3 1051 3 1049 8 175 3 
1022 7 1056 8 170 10 1054 13 
169 8 1021 13 467 9 1053 13 
1050 6 1020 7 172 6 1056 5 
171 3 1053 8 1019 3 1055 5 
1058 4 1694 5 1060 3 1771 4 
1175 5 1057 4 1693 4 2343 6 
2270 6 1060 4 1162 5 2298 4 
1059 4 1161 7 1177 2 1057 3 
1603 1 1062 3 1499 3 2477 3 
1061 3 1076 5 1498 6 1604 5 
1676 2 679 4 1068 3 1064 2 
678 3 1655 3 1153 1 1063 2 
673 3 1072 6 1158 4 1066 3 
672 4 1067 2 1065 3 1157 3 
1068 3 1066 2 1160 2 671 5 
670 2 1067 3 1159 4 1063 3 
1070 4 677 6 361 4 1162 5 
1069 4 676 5 1161 7 1071 2 
1072 4 1070 2 1694 4 675 4 
1065 6 1071 4 1693 5 674 4 
1445 8 1074 4 872 5 1847 5 
1848 4 1075 1 1073 4 
1074 1 1849 4 
1077 6 1062 5 1493 7 1607 4 
1076 6 1608 5 1492 7 1533 6 
1291 9 1269 10 1079 6 1085 8 
1078 6 881 4 2319 4 1268 3 
1081 3 1275 4 1083 4 1285 3 
1080 3 1284 7 1086 2 1012 8 
1083 3 1455 2 1277 6 1283 3 
1082 3 1282 4 1080 4 1276 4 
1087 7 1281 6 1085 6 1271 5 
2302 4 1084 6 1270 5 1078 8 
1081 2 1273 4 1087 4 1279 4 
1084 7 1278 8 1272 5 1086 4 
1089 5 1477 4 1185 6 2262 6 
2263 8 1476 3 1088 5 1092 5 
1475 5 1091 7 2260 8 1093 6 
1090 7 2261 7 1474 9 1096 4 
2258 6 1093 5 1089 5 1473 5 
1472 3 2259 6 1092 5 1090 6 
1471 3 1095 2 2256 6 1097 4 
1094 2 1708 1 1470 5 887 3 
2254 6 1097 3 1469 3 1091 4 
1096 3 1468 3 2255 5 1094 4 
745 5 1099 3 1437 3 1283 4 
1100 4 1098 3 1282 3 744 4 
1101 6 1099 4 1285 4 1902 5 
1284 9 1100 6 1901 5 1102 10 
1279 10 1101 10 749 8 1103 9 
1278 7 748 5 1104 5 1102 9 
1281 5 747 3 1103 5 1105 5 
746 6 1104 5 1106 4 2302 4 
1107 4 1105 4 737 4 1291 5 
2164 6 1106 4 1881 4 2319 6 
1480 7 1640 4 660 5 1674 5 
1110 4 690 7 1536 5 111 4 
1109 4 1113 4 1535 7 689 5 
682 5 1114 6 1112 8 1532 5 
1531 7 681 7 1111 8 1117 7 
684 5 1110 4 1530 3 1114 5 
683 7 1111 6 1529 5 1113 5 
1116 4 686 4 1528 4 1118 3 
1115 4 685 4 1527 5 2304 4 
1526 2 688 6 1118 3 1112 7 
1117 3 687 5 1115 3 1525 2 
1631 7 1867 7 1124 11 
1862 8 1637 7 1127 7 1121 8 
1636 11 1861 7 1120 8 1122 6 
1639 5 1860 4 1123 5 1121 6 
2090 5 1122 5 305 4 1638 4 
1866 9 1119 11 1633 12 1125 9 
1126 5 1632 5 1124 9 1865 8 
1127 5 1125 5 1635 5 1864 8 
1126 5 1634 6 1863 4 1120 7 
1129 5 783 5 1131 4 1511 4 
782 4 307 4 1128 5 1510 3 
1133 10 1131 5 1509 5 785 6 
784 4 1508 2 1130 5 1128 4 
787 3 1135 5 1507 6 1133 8 
1130 10 1132 8 786 12 1506 9 
1137 7 1135 7 789 5 1505 6 
1132 5 1134 7 788 8 1504 5 
1513 5 791 7 1137 7 1311 8 
1134 7 1512 6 1136 7 790 5 
2324 2 2512 3 2283 1 
1140 2 733 4 946 5 1144 5 
1139 2 732 4 1267 5 926 6 
1148 5 727 8 1142 7 1574 8 
1573 4 1143 6 1141 7 726 5 
1576 7 1142 6 1144 8 725 4 
1575 8 1139 5 1143 8 724 6 
1319 4 731 4 1146 5 1570 3 
1145 5 730 6 1569 6 1147 8 
1148 5 1294 8 729 10 1146 8 
1141 5 1147 5 1046 3 728 3 
2128 5 766 4 747 2 1150 5 
765 10 1149 5 746 7 1163 6 
749 3 1154 4 764 5 2128 5 
127 3 941 4 722 5 133 4 
2384 3 1064 1 1676 1 562 2 
761 3 1151 4 1901 4 1675 5 
745 6 1156 5 1427 5 2127 6 
744 5 759 7 1675 5 1155 5 
2348 7 1158 4 1160 3 1066 3 
2343 5 1693 3 1157 4 1065 4 
1068 4 1160 3 1676 3 2333 3 
2325 4 1159 3 1157 3 1067 2 
1070 7 1694 9 1162 8 1060 7 
1161 8 238 4 1069 5 1059 5 
1164 4 737 5 1150 6 768 4 
1163 4 767 3 1881 3 962 6 
1170 5 1166 4 835 7 768 4 
1165 4 767 3 1782 3 834 5 
1174 5 1168 7 764 7 827 5 
1167 7 1169 5 826 7 763 6 
1170 4 1168 5 825 5 766 4 
1165 5 1169 4 824 4 765 9 
1418 2 2127 4 1172 5 
1173 8 830 6 1171 5 759 9 
1174 5 1172 8 762 8 829 5 
1173 5 1167 5 761 2 828 4 
1058 5 1771 5 954 8 1794 6 
1776 5 1391 3 2339 6 1770 6 
1771 3 1060 2 493 5 2298 2 
1776 4 2341 5 1265 4 
1180 8 2333 4 958 7 1184 6 
1181 7 1179 8 957 7 2325 8 
1180 7 1794 6 956 5 2348 7 
2337 4 1393 4 1770 5 1793 5 
1355 5 948 2 2384 4 1184 4 
2247 5 1183 4 1179 6 947 4 
1186 6 2351 6 1088 6 633 8 
1228 6 1185 6 440 3 1188 5 
720 6 494 8 129 8 135 7 
1189 4 631 4 518 7 1186 5 
343 4 1188 4 632 5 517 3 
1193 5 1394 6 1191 8 1548 3 
1196 10 1393 8 1190 8 1547 9 
1371 6 1193 4 1396 5 1546 4 
1190 5 1545 6 1395 5 1192 4 
1197 3 1390 10 1544 4 1195 8 
1543 9 1265 9 1194 8 
1191 10 1197 6 1392 5 1542 7 
1391 2 1194 3 1541 5 1196 6 
1203 6 1199 6 1372 3 179 4 
1198 6 1371 8 2370 5 1396 7 
1207 5 1201 6 128 4 1374 7 
1373 5 2276 4 1200 6 1202 5 
118 3 1201 5 1203 6 1376 6 
1198 6 116 6 1202 6 1375 5 
999 6 1205 4 1378 6 138 5 
1377 5 1204 4 137 3 1206 3 
1205 3 136 4 1380 2 1207 3 
1200 5 2297 4 1379 5 1206 3 
2392 5 1209 5 1572 6 470 3 
1571 4 1208 5 1212 3 471 6 
1568 4 1213 4 1211 3 474 5 
1567 3 1210 3 1216 5 475 3 
1566 2 1209 3 1213 3 472 2 
1565 4 473 8 1210 4 1212 3 
478 2 1564 3 1215 2 1217 5 
1563 5 479 5 1010 5 1214 2 
476 7 1562 5 1211 5 1217 8 
477 6 1216 8 1561 7 1214 5 
87 4 1219 3 1221 4 862 5 
1224 2 1218 3 86 3 861 2 
1227 3 1221 3 89 6 860 2 
88 5 859 2 1220 3 1218 4 
91 5 858 6 1223 7 1225 6 
857 4 90 4 1222 7 1028 5 
846 3 1225 4 1219 2 856 3 
1224 4 845 6 1222 6 855 4 
2354 4 853 8 1227 5 851 8 
1220 3 852 3 1226 5 850 6 
1186 6 633 8 47 6 631 5 
1405 5 2386 6 1812 4 273 5 
1231 1 247 2 1044 1 1034 3 
1230 1 1232 3 246 1 1033 5 
1231 3 1233 5 245 3 1036 3 
1232 5 244 3 1035 8 1234 3 
1235 5 251 3 1038 5 1233 3 
1236 6 1234 5 1761 6 1037 9 
1759 8 1235 6 1237 4 1040 4 
1236 4 1039 6 1238 4 248 6 
1239 4 1032 3 1237 4 241 3 
1238 4 1031 3 663 4 240 6 
1790 4 1266 3 1241 4 968 4 
2266 6 967 5 1789 5 1240 4 
1840 2 76 1 2025 2 
2003 2 1255 4 1245 3 
1999 2 1253 4 1245 3 1247 3 
1252 4 1244 3 2000 6 1243 3 
1247 5 1249 7 2001 9 1251 7 
1246 5 2002 3 1250 4 1244 3 
1249 4 2004 2 1263 4 1466 4 
1246 7 1262 5 1248 4 2005 5 
1251 6 1253 5 1247 4 1042 4 
1262 5 1250 6 1246 7 1041 6 
1255 5 1245 4 1253 5 
1244 4 1250 5 1043 3 1252 5 
1483 4 413 5 2116 6 723 6 
1252 5 1243 4 
1259 3 419 2 1257 2 721 3 
720 3 1256 2 420 2 2204 3 
1259 5 719 4 421 5 2116 7 
1258 5 422 6 1256 3 718 4 
1261 1 717 1 415 3 2205 4 
1260 1 253 4 416 2 716 5 
1249 5 1251 5 1263 5 1045 3 
1034 6 1262 5 1248 4 1044 4 
1780 2 964 2 166 7 1266 3 
1178 4 1390 11 1195 9 
1779 3 963 4 1240 3 1264 3 
946 8 1140 5 854 9 1340 5 
1490 7 944 5 1269 7 1079 3 
1078 10 1270 7 943 8 1268 7 
1271 4 1269 7 1085 5 490 6 
372 5 1270 4 1272 3 1084 5 
1273 5 1087 5 1271 3 934 3 
1272 5 1012 10 1086 4 370 7 
1758 7 1389 8 323 6 1919 9 
1012 9 1080 4 939 6 1276 4 
505 5 1275 4 1083 4 1277 7 
937 9 1082 6 1276 7 2448 7 
1103 7 1281 7 1087 8 1279 8 
1284 9 1102 10 1278 8 1086 4 
2304 3 531 5 1326 9 2322 5 
1104 5 1084 6 1278 7 2302 4 
1083 4 1283 4 1285 3 1099 3 
1282 4 1082 3 1098 4 2436 4 
1081 7 1101 9 1279 9 1285 7 
1100 4 1284 7 1282 3 1080 3 
1708 3 1514 4 1287 6 
2256 8 1288 4 1286 6 
2255 3 1289 2 524 1 1287 4 
1290 4 1288 2 523 5 2254 7 
438 5 2373 5 1289 4 2261 6 
1078 9 2319 7 2302 5 1106 5 
520 7 2259 6 2373 5 1293 7 
1729 8 519 6 2258 8 1292 7 
1046 6 1345 7 1147 8 1569 6 
1928 8 1894 3 760 6 2287 9 
975 3 624 4 231 4 
948 5 970 6 1298 7 734 8 
1297 7 1305 4 947 4 969 6 
978 4 1302 8 493 7 1300 5 
977 7 282 3 951 4 1299 5 
1304 2 1302 7 954 7 976 3 
953 8 1299 8 2272 8 1301 7 
956 4 1304 2 974 6 1306 5 
1303 2 1301 2 973 2 499 3 
1306 5 958 5 972 3 1298 4 
1305 5 957 6 1303 5 971 5 
2057 6 2080 6 1308 4 1314 3 
2079 2 1307 4 2056 3 1309 3 
1310 2 2082 5 1308 3 2055 5 
2081 2 1309 2 1315 4 2054 6 
2084 6 1312 7 1136 8 1858 5 
1311 7 1857 8 2083 4 1313 8 
1856 7 1314 6 2086 9 1312 8 
603 4 1313 6 2085 4 1307 3 
1310 4 2053 5 2088 4 1316 7 
2087 6 2052 6 1315 7 1524 4 
1326 8 2322 4 104 1 
1408 6 2424 5 1689 4 382 5 
567 6 1320 4 1145 4 1358 9 
1319 4 1357 5 566 5 26 2 
1409 7 1324 5 1684 8 1322 5 
1327 6 1410 5 1321 5 1683 6 
1831 4 2479 6 559 5 1352 4 
1681 4 1321 5 2477 5 1412 5 
2304 2 1527 3 469 2 1326 8 
1317 8 1325 8 468 10 1280 9 
1322 6 1415 4 1328 4 1678 4 
1677 5 1416 4 1327 4 2480 3 
2404 4 1330 4 1332 7 1380 3 
1335 3 2403 4 1329 4 1379 5 
411 4 2406 1 1332 5 1378 4 
1377 8 1329 7 1331 5 2405 10 
1376 5 1336 5 1334 3 2408 3 
1375 3 2407 2 1333 3 1337 4 
1330 3 1374 5 1336 5 2410 3 
1333 5 2409 6 1373 6 1335 5 
1372 3 1338 4 1334 4 2401 6 
1371 6 1337 4 2400 7 1546 4 
1340 2 1342 5 946 5 312 1 
1339 2 311 4 1267 5 1933 4 
912 6 1344 6 1576 8 1342 9 
911 12 1339 5 1575 8 1341 9 
1760 3 1344 4 1574 6 1346 7 
1341 6 1343 4 1573 3 306 3 
1348 8 908 5 1294 7 1346 8 
1345 8 294 6 1046 7 1343 7 
1570 7 1348 10 1558 8 910 7 
1345 8 909 8 1347 10 1569 7 
1352 5 1350 7 1831 5 1557 4 
26 5 1556 9 1349 7 1357 8 
1555 7 2479 9 1354 8 1352 7 
1349 5 1554 5 1351 7 1323 4 
1354 7 1356 6 82 4 1553 8 
1353 7 2334 4 1552 5 1351 8 
1183 5 1551 4 2493 6 1356 6 
1550 4 1353 6 1355 6 2487 6 
1320 5 1358 10 1559 6 1350 8 
1558 9 1319 9 1570 8 1357 10 
621 6 1368 7 2088 4 1360 4 
620 4 1588 2 2087 3 1359 4 
998 1 1362 2 1579 5 970 2 
969 5 188 4 1361 2 997 2 
2086 6 613 7 1364 5 1366 4 
612 4 1363 5 84 3 2085 6 
615 5 389 5 1366 4 2084 4 
614 4 2083 3 1365 4 1363 4 
203 3 2082 4 617 3 1368 4 
1367 4 616 7 1359 7 2081 5 
994 4 1370 5 194 2 978 2 
977 9 272 6 1369 5 993 6 
1338 6 1192 6 1199 8 1372 5 
1375 2 1337 3 1198 3 1371 5 
1376 6 1201 5 1374 6 1336 6 
1373 6 1335 5 1379 7 1200 7 
1372 2 1376 5 1334 3 1203 5 
1333 5 1375 5 1373 6 1202 6 
1378 7 1205 5 1332 8 1380 4 
1377 7 1204 6 28 5 1331 4 
1207 5 1380 4 1374 7 1330 5 
1377 4 1206 2 1379 4 1329 3 
1382 8 1384 9 2245 8 1754 8 
1753 5 1381 8 1591 5 2246 5 
1752 5 1386 6 2243 4 1384 6 
1381 9 2244 6 1383 6 1751 6 
2241 9 1750 10 1386 10 1388 8 
1383 6 1385 10 1749 5 2242 7 
1388 2 1748 5 2239 2 2391 5 
1387 2 1747 6 1385 8 2240 4 
2391 8 1969 6 2237 5 1274 8 
1776 11 1194 10 1265 11 1391 9 
1176 3 1197 2 1392 1 1390 9 
1770 4 1393 3 1391 1 1196 5 
1182 4 1392 3 1394 6 1191 8 
1793 7 1190 6 1393 6 1395 6 
1193 5 2509 5 1396 6 1394 6 
1192 5 2505 7 1199 7 1395 6 
1807 6 1400 4 2451 3 1398 4 
1403 9 2450 5 1397 4 1808 4 
1400 6 2453 5 1809 5 2115 5 
2452 5 1399 6 1810 5 1397 4 
1811 4 2455 3 1404 5 1402 6 
2454 5 1812 5 1405 6 1401 6 
1404 8 1398 9 1813 8 2457 8 
1403 8 1814 7 2456 5 1401 5 
1406 5 1229 5 1402 6 2449 6 
1405 5 2448 4 937 6 2386 6 
1804 6 1414 6 1408 7 2424 6 
1407 7 1318 6 1803 4 2508 6 
1321 7 1802 7 1412 7 1410 7 
1801 3 1415 3 1322 5 1409 7 
1603 1 2477 3 1412 3 1800 2 
1799 6 1409 7 1411 3 1324 5 
1414 5 1798 6 2480 5 1416 6 
1407 6 2481 7 1413 5 1797 6 
1796 2 1327 4 1410 3 1416 4 
1328 4 1415 4 1795 5 1413 6 
1423 4 2495 3 1418 4 
1171 2 1417 4 2494 7 
1420 8 1421 9 2489 13 
1419 8 1424 1 2488 3 
1419 9 2486 2 
2485 4 1425 4 1423 3 
1417 4 2484 6 1422 3 
2483 3 1425 3 1420 1 
1424 3 1422 4 2482 4 
2495 2 1431 4 2344 2 1427 4 
1426 4 2504 3 2494 8 1155 5 
1429 5 1435 5 2483 4 2499 8 
1430 7 1428 5 2498 7 2482 5 
1429 7 1431 6 2485 6 2497 4 
2484 7 1430 6 1426 4 2496 5 
2503 3 1433 4 
2486 3 1432 4 2502 6 1434 6 
2489 9 2501 6 1435 7 1433 6 
1428 5 1434 7 2488 6 2500 4 
1439 4 1437 4 2344 3 2437 4 
1436 4 2436 3 2504 2 1098 3 
2497 5 2447 8 1441 9 1439 6 
2496 4 1436 4 2446 3 1438 6 
2499 7 2445 5 1441 5 1443 2 
1438 9 1440 5 2498 8 2444 7 
1443 4 2501 5 581 4 2443 7 
1442 4 2500 2 1440 2 2442 2 
915 6 2441 4 2503 3 581 3 
1073 8 1614 6 
496 8 1447 5 2441 6 2453 6 
1448 2 2440 6 1446 5 2452 3 
2451 3 1447 2 2443 5 1449 3 
2450 4 2442 3 1448 3 1450 5 
2445 7 2457 5 1451 3 1449 5 
2444 3 1450 3 1452 3 2456 3 
1453 3 2455 3 2447 6 1451 3 
1452 3 1454 1 2446 2 2454 2 
1453 1 2449 4 1455 2 2437 2 
2436 3 1082 2 1454 2 2448 3 
2120 5 1627 4 1457 6 2041 2 
2040 7 582 6 1456 6 2119 9 
2371 1 1032 2 1461 3 1459 3 
2372 5 1031 3 1645 4 1458 3 
1463 4 1040 5 2366 5 1461 5 
1039 6 2367 4 1460 5 1458 3 
1038 9 1463 6 2368 8 1465 6 
1037 6 1462 6 1460 4 2369 3 
1036 5 1465 6 2355 5 1467 6 
1464 6 2361 5 1035 7 1462 6 
1034 6 1248 4 1467 5 2364 6 
2365 4 1033 6 1464 6 1466 5 
1469 3 1097 3 729 6 1471 2 
1468 3 1474 8 728 5 1096 3 
1662 5 1471 6 1095 5 731 7 
1094 3 730 4 1468 2 1470 6 
1475 2 1093 3 1473 3 725 1 
724 4 1472 3 1476 3 1092 5 
1469 8 727 9 1475 7 1091 9 
1090 5 1472 2 1474 7 726 4 
1089 3 1477 2 733 4 1473 3 
2351 4 1088 4 1476 2 732 4 
1849 6 847 4 1479 4 
1848 5 849 6 1478 4 1480 5 
1108 7 1847 5 848 6 1479 5 
557 3 1484 2 1482 6 184 3 
556 7 1486 8 185 6 1481 6 
1254 4 1484 3 555 4 186 4 
554 7 187 7 1481 2 1483 3 
180 4 553 5 1487 2 
552 5 182 7 1482 8 1487 5 
183 5 1486 5 551 4 1485 2 
1491 3 879 4 1540 6 1489 3 
1539 3 1494 4 1488 3 878 5 
1268 7 1538 6 881 8 1491 6 
1488 3 1537 8 880 4 1490 6 
1495 5 875 6 1077 7 1493 8 
874 6 1076 7 1492 8 1498 8 
877 5 1534 5 1489 4 1495 4 
1492 5 1533 4 876 4 1494 4 
1497 7 2067 4 
1496 7 2066 11 1502 5 1887 6 
885 6 1499 6 1062 6 1493 8 
1498 6 1061 3 884 6 1682 6 
1501 6 2063 7 1503 3 2352 4 
1500 6 1885 8 1968 5 2062 4 
2065 3 1497 5 1884 3 1503 1 
2064 1 1883 3 1500 3 1502 1 
1507 6 1505 4 899 5 1135 5 
1512 5 898 4 1504 4 1134 6 
901 4 1507 7 1509 4 1133 9 
1504 6 1506 7 1132 6 900 8 
1511 2 1131 2 1509 2 903 3 
1506 4 1508 2 1130 5 902 3 
1129 3 905 3 1731 1 1511 2 
1508 2 1128 4 904 4 1510 2 
1505 5 1513 4 1137 6 897 4 
1136 5 1858 2 1512 4 896 4 
1286 4 2144 6 
2141 3 1520 4 1516 4 
498 4 1517 7 1515 4 2140 6 
2139 6 1516 7 1518 6 298 5 
297 5 2138 3 1699 5 1517 6 
2143 4 1520 4 
1519 4 2142 5 1515 4 
1522 5 625 4 680 5 
1521 5 568 7 1914 5 1523 6 
771 5 1913 4 1524 4 1522 6 
1912 2 769 1 1523 4 1316 4 
245 1 1528 3 1118 2 1526 1 
1117 2 244 1 1525 1 1531 2 
1325 3 247 4 1528 5 1116 5 
1115 4 1527 5 1525 3 246 3 
1530 3 1759 8 1114 5 1532 4 
248 5 1113 3 1535 6 1529 3 
1112 7 1532 4 251 4 1526 2 
1531 4 1761 4 1529 4 1111 5 
1534 5 1605 5 1495 4 1077 6 
1533 5 1494 5 1539 4 1606 6 
1536 8 241 6 1110 7 1530 6 
1535 8 146 5 240 7 1109 5 
1609 8 1491 8 1538 8 1540 11 
1610 2 1490 6 944 4 1537 8 
1489 3 1534 4 1611 3 1540 6 
1612 5 1488 6 1539 6 1537 11 
1542 6 1197 5 1544 6 
1541 6 1547 6 2252 4 1196 7 
1195 9 1544 5 
1543 5 1541 6 1194 4 
2249 6 1546 6 1193 6 1548 4 
2248 7 1545 6 1192 4 1338 4 
1542 6 2251 7 1548 4 1191 9 
2250 1 1545 4 1547 4 1190 3 
1591 4 1753 4 546 2 
1356 4 1551 2 735 6 1553 6 
1355 4 948 1 1550 2 734 4 
1555 4 1886 3 1553 6 1354 5 
1552 6 736 7 1550 6 1353 8 
1555 5 739 3 1352 5 1557 4 
1351 7 1552 4 738 6 1554 5 
1559 7 1350 9 1557 6 741 6 
1556 6 1349 4 740 3 1554 4 
1559 5 1358 9 1347 8 743 8 
1558 5 1556 7 1357 6 742 4 
968 3 307 2 2156 1 310 2 
396 6 1564 5 1562 4 1217 7 
1567 3 2264 5 1216 5 1561 4 
1215 5 2266 7 1789 6 1564 6 
1214 3 1561 5 397 7 1563 6 
1213 4 1566 3 400 6 1568 4 
1212 2 1571 3 399 7 1565 3 
1562 3 1211 3 1568 4 402 3 
1210 4 401 4 1567 4 1565 4 
1570 4 1294 6 1348 7 1146 6 
1358 8 1347 7 1569 4 1145 3 
1209 4 1566 3 390 7 1572 5 
1208 6 389 6 1571 5 615 6 
1576 5 1142 4 1344 3 1574 5 
1343 6 1573 5 1046 6 1141 8 
946 8 1144 8 1342 8 1576 7 
1143 7 1573 5 1341 8 1575 7 
1578 7 796 7 1580 5 1612 5 
1577 7 795 5 1583 5 1611 4 
1610 5 1580 5 1361 5 798 5 
797 3 1577 5 1579 5 1609 2 
1584 9 1582 7 1608 5 800 4 
1607 5 1585 6 1581 7 799 4 
1606 6 802 4 1578 5 1584 8 
1581 9 1583 8 1605 8 801 6 
1604 5 1582 6 793 7 1586 6 
1603 4 1800 5 1585 6 792 4 
435 10 771 7 1588 7 1590 9 
434 4 1360 2 1587 7 769 2 
437 2 1590 4 625 2 
568 8 1589 4 1587 9 436 6 
2353 3 1382 5 1549 4 
1925 10 1982 5 1718 4 1968 5 
2113 4 1600 3 1594 4 363 4 
2114 4 1595 3 1593 4 2208 6 
365 2 1594 3 1596 2 
364 5 1595 2 
1602 5 367 6 1598 4 2111 5 
1599 6 2112 5 1597 4 366 5 
1598 6 2109 6 369 8 1600 5 
2110 4 1593 3 368 6 1599 5 
1602 7 2107 5 361 5 677 7 
1597 5 1601 7 360 6 2108 5 
1586 4 1061 1 1411 1 1604 3 
1585 5 1607 4 1603 3 1062 5 
1533 5 1606 6 1608 4 1584 8 
1583 6 1534 6 1605 6 1611 5 
1582 5 1604 4 1608 3 1076 4 
1077 5 1581 5 1607 3 1605 4 
1537 8 1610 2 1612 2 1580 2 
998 1 1579 5 1609 2 1538 2 
1612 2 1539 3 1606 5 1578 4 
1611 2 1540 5 1609 2 1577 5 
1740 6 1618 6 1614 5 873 6 
872 3 1445 6 1613 5 
1736 6 867 6 1622 9 1616 5 
1735 2 1617 6 866 5 1615 5 
1618 8 1738 10 865 7 1616 6 
1617 8 1613 6 864 3 1737 6 
1620 10 1732 5 871 5 2374 6 
1619 10 1621 10 870 8 2155 8 
1620 10 869 8 1622 8 1734 7 
868 8 1733 8 1621 8 1615 9 
1624 8 1908 4 1988 6 1630 6 
1623 8 1625 6 1907 7 1987 7 
1910 4 1624 6 1986 3 1626 2 
1909 6 1985 2 1625 2 
1456 4 1904 4 1628 3 1992 7 
1991 4 1903 4 1629 4 1627 3 
1906 6 1628 4 1630 6 1990 6 
1989 5 1905 5 1623 6 1629 6 
1119 7 1633 8 1846 4 
1635 5 1665 4 1633 8 1125 5 
1631 8 1124 12 1664 8 1632 8 
1127 6 1635 6 1869 6 1637 6 
1868 9 1634 6 1126 5 1632 5 
1637 10 1121 11 1639 10 1661 8 
1636 10 1120 7 1634 6 1660 3 
1639 4 2136 3 1659 2 1123 4 
1638 4 1122 5 1636 10 1658 6 
1108 4 872 2 1641 7 1847 2 
1646 9 1674 8 1640 7 873 9 
1649 7 1643 6 1669 11 868 8 
1642 6 869 6 1668 4 1644 4 
1645 4 870 4 1667 5 1643 4 
1666 3 1644 4 871 3 1459 4 
1641 9 1673 5 864 3 1647 5 
1648 4 865 4 1646 5 1672 8 
1671 2 1647 4 1649 4 866 6 
867 4 1648 4 1642 7 1670 3 
1653 8 559 7 1651 6 895 7 
894 4 1650 6 1656 3 558 8 
1663 7 561 6 1653 7 893 4 
1650 8 560 8 1652 7 892 7 
891 3 1655 4 1657 4 563 5 
1654 4 1064 3 562 4 890 5 
1651 3 889 6 1657 3 565 4 
888 4 1654 4 1656 3 564 5 
1659 4 1639 6 1661 4 
1851 3 1638 2 1658 4 
511 6 1661 1 1869 3 1637 3 
1660 1 510 1 1636 8 1658 4 
1470 5 1663 5 567 4 887 3 
1662 5 566 8 1652 7 886 7 
1633 8 1846 4 1665 4 509 5 
1868 8 1632 4 508 2 1664 4 
1667 4 1645 3 663 3 1031 2 
1666 4 662 6 1644 5 1668 5 
665 5 1669 9 1643 4 1667 5 
1668 9 1670 7 664 10 1642 11 
1671 1 1669 7 1649 3 667 2 
1670 1 1648 2 1672 6 666 4 
1673 8 1671 6 1647 8 669 6 
1646 5 1672 8 668 6 1674 4 
1108 5 1641 8 1673 4 661 3 
762 7 1154 5 1156 5 1902 5 
2247 3 1063 2 1153 1 1159 3 
1328 5 1680 6 1678 5 692 6 
1677 5 1327 4 1683 4 691 4 
2481 6 1680 3 694 7 1690 4 
1677 6 1679 3 693 3 2480 4 
1324 4 1682 5 1684 7 696 3 
695 6 2477 6 1681 5 1499 6 
1684 9 698 4 1678 4 1322 6 
1683 9 697 10 1321 8 1681 7 
1917 4 1716 3 1688 4 1686 4 
1715 2 1916 4 1691 3 1685 4 
1688 3 1714 8 1919 6 323 3 
1687 3 1685 4 1918 2 1713 4 
1690 4 1318 4 700 5 317 4 
699 9 1679 4 1689 4 2424 5 
1692 2 1710 4 1686 3 1923 5 
1922 1 1691 2 1981 4 1709 2 
1158 3 1058 4 1694 5 1072 5 
1161 9 1057 5 1693 5 1071 4 
1697 5 1736 4 659 5 
2013 7 1697 7 656 8 1734 8 
1695 5 1696 7 1733 6 655 8 
1701 4 93 4 1699 4 55 4 
1698 4 54 4 1518 5 92 4 
95 7 1703 4 1701 5 64 5 
1698 4 63 7 1700 5 94 5 
62 7 1705 4 97 3 1703 3 
96 8 61 5 1700 4 1702 3 
1705 5 1707 6 99 7 60 4 
1704 5 1702 4 59 6 98 4 
654 5 1707 5 58 5 101 7 
57 8 100 6 1706 5 1704 6 
2256 5 1286 3 2144 5 1095 1 
108 7 1712 2 1710 4 1692 2 
107 7 1691 4 1715 3 1709 4 
110 4 1718 2 1982 3 1712 2 
109 3 1709 2 1711 2 1981 4 
1714 9 112 5 1716 3 1688 4 
1713 9 111 9 1687 8 690 12 
1686 2 1710 3 1716 1 114 7 
1685 3 113 2 1715 1 1713 3 
1718 2 1968 3 1885 6 106 4 
1717 2 105 6 1592 4 1711 2 
1726 7 1720 6 97 6 2429 6 
2428 2 1721 3 1719 6 96 8 
1722 5 1720 3 2431 5 95 6 
1721 5 2430 9 94 6 1727 8 
1724 4 101 8 647 7 2433 4 
1723 4 1725 6 100 4 2432 3 
1724 6 99 9 2435 7 1726 7 
98 4 1719 7 2434 7 1725 7 
93 7 1728 8 1722 8 2427 8 
2426 5 2207 7 1727 8 92 5 
1293 8 2263 9 528 4 2301 5 
77 6 2027 3 2170 2 2330 4 
705 5 2156 1 307 2 1510 1 
2155 3 2011 3 2190 3 1619 5 
1697 6 1622 8 1736 5 1734 7 
2155 5 1733 7 1696 8 1621 7 
1616 2 1738 6 1736 3 
1615 6 1695 4 1733 5 1735 3 
1740 6 1738 8 1618 6 
1737 8 1617 10 1735 6 
1742 4 922 5 711 2 2164 5 
1737 6 1613 6 
1744 5 920 2 713 5 1742 4 
1739 4 1741 4 919 4 712 7 
918 7 1746 6 707 4 1744 6 
1741 5 1743 6 917 5 706 5 
310 4 2156 3 709 7 1746 6 
1743 6 708 4 308 5 1745 6 
1388 6 1750 8 1748 9 326 8 
1758 7 1387 5 1747 9 325 7 
1752 4 1386 5 328 6 1750 5 
1747 8 327 6 1385 10 1749 5 
330 5 1752 5 1384 6 1754 5 
1749 4 1383 5 329 6 1751 5 
1382 5 332 6 1549 4 1754 5 
331 5 1751 5 1381 8 1753 5 
249 4 302 3 843 2 1013 4 
2172 5 2159 7 2317 7 1757 5 
2316 4 2332 6 2158 7 1756 5 
1748 7 1274 7 324 6 2391 7 
1236 8 1761 8 1529 8 248 10 
1343 3 294 2 608 3 306 2 
1759 8 1532 4 1235 6 251 4 
1775 4 1766 6 1769 9 191 8 
906 6 1872 6 299 8 250 6 
1859 5 2024 3 260 3 7 5 
794 7 191 8 1766 6 1954 3 
1765 6 1762 6 1953 5 1767 6 
1768 3 1769 9 1766 6 1952 4 
1767 3 2026 3 
1772 8 1767 9 2026 9 1762 9 
1392 4 2340 5 1182 5 1176 6 
1177 3 1175 5 1057 4 953 5 
1769 8 578 7 1773 4 1775 3 
1772 4 2026 5 577 7 
1775 4 580 5 1942 6 191 8 
579 2 1774 4 1772 3 1762 4 
1176 5 2342 4 1178 4 1390 11 
1778 6 1780 3 1018 7 166 8 
1783 7 1777 6 1017 6 165 7 
1266 3 1016 2 1780 2 1790 4 
1264 2 1777 3 1015 3 1779 2 
1014 4 1784 6 1782 2 162 1 
1013 4 1166 3 161 4 1781 2 
1778 7 906 5 1784 9 164 7 
1011 7 163 7 1781 6 1783 9 
624 6 1786 7 229 9 231 6 
230 4 1785 7 228 7 1787 5 
227 4 1788 6 1786 5 233 6 
226 6 2289 7 1787 6 232 8 
1790 5 1241 5 1563 6 1010 6 
1789 5 1009 6 1240 4 1779 4 
237 4 2290 5 1792 5 223 8 
236 5 2269 8 1791 5 222 5 
2509 6 1394 7 2338 7 1182 5 
1181 6 2343 7 499 6 1175 6 
1796 3 609 5 1416 5 1798 5 
1415 2 1795 3 608 4 1801 2 
1798 7 611 5 1414 6 1804 6 
1797 7 610 7 1413 6 1795 5 
1800 5 605 6 1412 6 1802 6 
1799 5 604 5 1586 5 1411 2 
1802 3 1410 3 607 3 1796 2 
1801 3 606 3 1409 7 1799 6 
1804 3 387 5 1408 4 600 2 
1407 6 1803 3 599 5 1797 6 
2353 5 1806 6 1959 8 602 6 
1805 6 601 2 
1397 6 1808 6 1810 7 275 7 
1813 3 1807 6 274 3 1398 4 
1399 5 277 6 23 5 1810 4 
276 4 1400 5 1807 7 1809 4 
1814 6 279 3 1401 4 1812 3 
278 5 1402 5 1229 4 1811 3 
1808 3 281 5 1403 8 1814 7 
1811 6 1404 7 1813 7 280 6 
780 5 2065 6 1816 6 1822 6 
781 8 2064 3 1815 6 1817 7 
2063 9 1818 6 2012 7 1816 7 
779 4 1967 4 2062 2 1817 6 
2009 5 1820 4 
1819 4 2010 5 2068 5 1821 5 
2006 6 1822 5 2067 4 1820 5 
2066 9 1821 5 2008 3 1815 6 
285 6 281 5 1824 10 1830 5 
1825 10 1823 10 280 9 284 10 
1824 10 1826 5 287 5 279 4 
1832 5 278 6 286 7 1825 5 
1828 3 277 5 289 6 1977 5 
276 4 1827 3 288 4 1829 4 
1830 5 275 4 291 5 1828 4 
274 5 290 4 1829 5 1823 5 
560 6 26 3 1323 4 1349 5 
1826 5 283 6 273 5 1833 7 
272 6 977 9 1832 7 282 5 
1835 2 223 6 287 3 1837 2 
222 4 1842 3 286 6 1834 2 
285 8 225 7 1839 8 1837 6 
284 4 224 6 1836 6 1834 2 
1841 2 227 2 291 3 1839 4 
226 6 1836 8 1838 4 290 5 
1242 2 1841 3 289 6 229 6 
1838 2 228 6 288 4 1840 3 
1843 5 1835 3 221 5 283 5 
220 7 1842 5 951 5 282 4 
2405 10 2467 7 2356 6 2354 5 
2360 4 2473 5 2362 8 2407 2 
1631 4 1664 4 503 4 
1480 5 1848 5 1640 2 1073 5 
1074 4 1479 5 1847 5 1849 7 
1848 7 1478 6 1075 4 
2137 10 1855 5 293 6 1851 7 
2136 4 292 3 1659 3 1850 7 
2134 7 1853 4 
1854 6 2133 6 1852 4 
1853 6 1855 3 2132 5 
1854 3 1850 5 2131 3 
1313 7 349 2 603 5 1857 7 
1312 8 1858 6 352 9 1856 7 
1513 2 351 3 1857 6 1311 5 
2027 5 259 5 1764 5 10 6 
1122 4 1861 5 47 4 305 3 
1121 7 2233 5 1860 5 1862 7 
1120 8 1863 5 1861 7 2232 7 
1862 5 1127 4 2218 4 1864 7 
2216 6 1865 11 1126 8 1863 7 
2220 8 1864 11 1866 8 1125 8 
1124 9 2219 5 1865 8 1867 5 
1119 7 2439 9 1866 5 
1635 9 1665 8 1869 9 507 13 
1634 6 506 4 1868 9 1660 3 
1941 8 134 10 940 7 938 9 
1878 5 485 5 2194 3 491 3 
1882 3 1993 5 1763 6 1017 4 
2192 5 487 4 491 4 1874 5 
2191 3 486 5 2019 4 1873 5 
1880 5 1876 8 2198 5 481 8 
480 8 1875 8 1877 6 2197 8 
2196 2 1878 3 1876 6 483 6 
1871 5 1877 3 2195 7 482 3 
2190 3 489 3 2011 3 1880 4 
488 4 1875 5 1879 4 2189 4 
737 4 1107 4 921 4 1164 3 
1872 3 1018 6 1900 4 945 2 
2352 4 1884 5 1503 3 2516 5 
1883 5 1887 4 2515 4 1502 3 
2518 7 1717 6 1501 8 2352 6 
795 4 1552 3 736 4 738 5 
1884 4 1497 6 
2478 5 1889 2 645 5 
644 4 1888 2 
1891 5 1931 2 1893 3 1951 3 
1950 7 1890 5 1896 5 1930 6 
1949 6 1933 5 1893 4 311 5 
1932 4 1890 3 1892 4 1948 4 
1295 3 1947 4 1897 3 1895 7 
1898 8 1946 6 1894 7 760 10 
1891 5 1929 5 1897 3 1945 3 
1928 8 1896 3 1944 4 1894 3 
1895 8 1899 5 1915 4 1943 9 
1898 5 1942 6 794 7 191 8 
1911 7 1882 4 1015 5 1984 5 
749 3 1154 4 1101 5 1902 4 
1100 5 744 5 1675 5 1901 4 
1904 5 1628 4 2076 6 1906 6 
2075 4 1627 4 2041 2 1903 5 
1908 3 2074 4 1630 5 1906 5 
2073 5 1629 6 1903 6 1905 5 
1910 5 2072 4 1908 3 1624 7 
1623 4 1907 3 2071 2 1905 3 
2070 8 1626 6 1910 8 
1907 5 1625 4 1909 8 2069 4 
242 6 1900 7 1016 5 1983 10 
1524 2 1913 2 548 2 2052 4 
1523 4 1912 2 547 4 1914 3 
680 5 1522 5 550 7 1913 3 
794 6 1898 4 760 6 2271 3 
1917 4 1923 6 1686 4 1972 4 
1685 4 1916 4 1971 6 1918 2 
1919 5 1970 3 1688 2 1917 2 
1918 5 1687 6 1969 7 1274 9 
1921 4 1976 4 1982 3 1925 8 
1922 3 1920 4 1975 4 1981 6 
1923 4 1692 1 1921 3 1974 3 
1922 4 1916 6 1973 9 1691 5 
2062 1 1968 2 1967 3 1925 7 
1592 10 1966 7 1920 8 1924 7 
942 9 2041 4 1927 7 2075 6 
941 6 2040 6 1926 7 1940 5 
1897 8 1295 8 1929 10 2286 9 
1896 5 1928 10 1930 6 2285 7 
1931 3 1929 6 2292 3 1891 6 
1930 3 1890 2 2291 1 1932 3 
1893 4 1931 3 863 3 1933 5 
854 8 1932 5 1892 5 1340 4 
1935 2 2049 6 371 4 1937 2 
2314 6 1934 2 2048 7 933 5 
936 2 2047 6 1939 3 1937 2 
935 5 2046 3 1934 2 1936 2 
2045 10 938 10 1939 9 1941 9 
2044 4 494 6 1936 3 1938 9 
2043 5 1941 4 940 3 1927 5 
1870 8 2042 3 1940 4 1938 9 
2265 5 1943 10 1899 6 1774 6 
395 9 1942 10 1946 7 1898 9 
1945 4 1947 5 392 5 1897 4 
1944 4 391 4 1896 3 1950 5 
1947 3 1943 7 1895 6 394 1 
1946 3 1944 5 1894 4 393 5 
388 4 1951 4 1949 6 1893 4 
387 8 600 5 1892 6 1948 6 
1891 7 1951 5 2257 5 1945 5 
1950 5 2253 9 1948 4 1890 3 
1953 3 755 3 1767 4 
1963 3 1954 2 1952 3 1766 5 
1953 2 757 4 1765 3 803 3 
1956 6 427 7 1962 4 2242 7 
1955 6 1957 6 2241 5 426 4 
2240 6 1956 6 1958 7 429 5 
2239 5 1957 7 428 6 1964 6 
431 6 2246 6 1960 5 1805 8 
430 6 1961 2 2245 4 1959 5 
2244 3 1960 2 1962 1 433 1 
1961 1 432 2 1955 4 2243 2 
755 3 1953 3 757 5 357 4 
2238 9 424 4 1965 4 1958 6 
2237 3 423 7 200 8 1964 4 
1976 3 1967 3 1925 7 949 2 
1818 4 1966 3 1924 3 950 4 
1717 3 1924 2 1501 5 1592 5 
1389 6 495 6 1970 5 1919 7 
1969 5 1918 3 497 5 1971 7 
492 6 1917 6 1972 6 1970 7 
1973 7 952 5 1916 4 1971 6 
1972 7 1923 9 1974 8 504 9 
1975 4 1922 3 907 4 1973 8 
955 3 1974 4 1976 4 1921 4 
1975 4 502 4 1966 3 1920 4 
1827 5 1978 6 76 4 883 5 
882 5 75 3 1977 6 
169 2 1980 4 467 3 463 3 
466 8 1979 4 462 5 770 5 
1921 6 1692 4 1982 5 1712 4 
1592 5 1981 5 1920 3 1711 3 
1984 8 304 7 1024 10 1911 10 
1983 8 945 3 1023 4 1900 5 
1986 3 1626 2 447 7 
1985 3 446 4 1987 4 1625 3 
1986 4 449 5 1988 5 1624 7 
1623 6 1989 5 448 6 1987 5 
1630 5 1990 5 443 4 1988 5 
1989 5 442 4 1991 6 1629 6 
1990 6 445 6 1628 4 1992 8 
444 7 1627 7 1991 8 2120 8 
1872 5 299 7 1025 5 945 4 
914 3 1995 3 
1996 3 1994 3 913 4 
916 3 1997 3 1995 3 
915 6 1996 3 2503 3 
2207 4 2426 2 
1244 2 38 2 2002 2 2000 5 
37 8 2003 5 1245 6 1999 5 
36 7 1246 9 2005 7 2002 7 
1247 3 35 3 1999 2 2001 7 
32 3 1243 2 2000 5 
30 3 1248 2 2005 3 2364 4 
1249 5 2004 3 29 4 2001 7 
1821 6 2008 4 2010 6 449 6 
2275 4 2038 9 702 4 
1822 3 780 2 2006 4 448 4 
1819 5 447 9 2010 6 
1820 5 2009 6 2006 6 446 5 
658 2 1732 3 1879 3 2013 4 
781 8 779 5 445 5 1817 7 
1696 7 657 5 2155 4 2011 4 
269 8 2061 6 2015 7 
268 10 2016 7 2060 7 2014 7 
2017 3 2015 7 2059 3 271 4 
2016 3 2018 4 270 3 2058 5 
2017 4 2051 4 263 6 2019 5 
1874 4 2018 5 262 7 2050 5 
4 6 257 5 2021 4 2029 10 
3 3 256 6 2020 4 2022 3 
255 5 6 5 2023 2 2021 3 
254 1 2024 2 5 1 2022 2 
261 4 2023 2 1764 3 8 2 
229 6 624 3 1242 2 
1773 5 1768 3 1769 9 
1859 5 1730 3 258 2 9 4 
253 6 2 4 2029 10 716 7 
252 12 2028 10 1 10 2020 10 
2033 7 2282 9 487 5 2031 8 
2281 7 2030 8 2174 7 486 7 
2035 8 2284 5 2033 7 485 7 
2030 7 2283 3 484 5 2032 7 
483 8 2035 6 2037 7 2278 5 
2032 8 482 4 2034 6 2277 5 
2039 4 481 9 2280 7 2037 8 
2279 8 2034 7 480 7 2036 8 
2490 12 2039 8 2007 9 489 9 
2038 8 2036 4 2275 3 488 2 
1457 7 2041 3 2043 6 1927 6 
2040 3 1904 2 1456 2 1926 4 
1941 3 2045 4 2043 4 585 5 
2040 6 1940 5 582 5 2042 4 
2047 7 594 5 1939 4 2045 5 
2042 4 2154 6 1938 10 2044 5 
2047 7 2049 7 596 6 1937 3 
2044 7 2046 7 1936 6 595 9 
1935 7 2179 6 2049 11 598 8 
2046 7 1934 6 2048 11 597 8 
2191 4 2051 4 30 4 2019 5 
2018 4 2050 4 2058 5 29 4 
354 5 2053 4 1316 6 1912 4 
2054 7 2052 4 1315 5 353 2 
2053 7 2055 9 1310 6 346 9 
2056 5 345 5 2054 9 1309 5 
2055 5 348 4 2057 5 1308 3 
1307 6 2056 5 603 7 347 9 
2059 5 2017 5 36 5 2051 5 
2058 5 2060 3 2016 3 35 3 
38 3 2059 3 2061 6 2015 7 
2060 6 2014 6 37 8 
1924 1 1818 2 2063 5 1501 4 
2064 5 1817 9 1500 7 2062 5 
2065 3 1503 1 1816 3 2063 5 
2064 3 1502 3 2066 9 1815 6 
1822 9 2065 9 1497 11 2067 8 
1821 4 2068 4 1496 4 2066 8 
2067 4 1820 5 
2070 4 2072 3 756 2 1910 4 
2069 4 1909 8 
2074 3 758 5 1908 2 2072 3 
1907 4 2069 3 2267 4 2071 3 
752 5 1906 5 2076 5 2074 4 
2071 3 751 3 1905 4 2073 4 
754 3 1904 4 2076 5 1926 6 
2075 5 753 6 2073 5 1903 6 
2433 2 627 1 2078 4 647 5 
1029 6 646 8 2077 4 626 5 
1308 2 2082 4 203 3 2080 4 
1307 6 2085 7 2079 4 84 4 
1310 2 2082 5 1368 5 2088 2 
1367 4 2079 4 1309 5 2081 5 
1312 4 1366 3 2086 5 2084 3 
1311 6 791 5 1365 4 2083 3 
2080 7 1314 4 2086 7 1364 6 
1363 6 1313 9 2085 7 2083 5 
2088 3 1316 6 1360 3 769 3 
2087 3 1315 4 1359 4 2081 2 
2093 5 528 3 2137 8 2090 5 
527 4 1123 5 2136 4 2089 5 
523 4 2135 1 2094 6 
2132 5 2095 5 520 7 2093 5 
2089 5 2131 5 519 4 2092 5 
438 8 2095 8 2091 6 2134 12 
2094 8 2092 5 2133 5 2268 5 
2097 4 539 2 322 7 384 7 
2096 4 383 4 2098 3 538 7 
541 4 2097 3 375 4 2099 4 
545 4 540 4 374 6 2098 4 
2101 9 654 9 647 10 101 11 
2100 9 2103 9 646 8 653 9 
652 4 641 5 2106 7 
651 7 2104 10 643 8 2101 9 
650 7 2105 8 2103 10 642 7 
2104 8 645 8 649 5 2106 7 
644 6 2102 7 648 8 2105 7 
1601 5 2108 3 58 5 654 5 
2107 3 1602 5 653 7 2111 5 
1599 6 2110 5 649 4 2112 5 
2113 5 2109 5 1600 4 648 7 
651 5 2112 6 2108 5 1597 5 
1598 5 2109 5 2111 6 650 5 
2110 5 1593 4 2114 4 652 3 
1594 4 2113 4 
2130 5 267 6 23 5 1399 5 
414 5 1254 6 1258 7 722 8 
265 6 25 5 2130 5 2118 4 
264 4 2117 4 
205 8 1457 9 2120 8 2124 5 
1456 5 204 5 2119 8 1992 8 
2122 4 196 5 594 6 2211 7 
2121 4 2123 3 2154 4 195 5 
198 4 585 6 2122 3 2124 2 
582 2 2123 2 197 3 2119 5 
598 4 423 7 200 8 2126 5 
2209 6 597 6 199 6 2125 5 
1171 4 2494 9 759 8 1155 6 
1149 5 748 6 763 6 1151 5 
1008 4 408 3 450 4 441 5 
266 6 2115 5 24 5 2117 5 
2093 5 2137 8 2132 5 1855 3 
2092 5 2131 5 1854 5 2133 5 
1853 6 2134 9 2095 5 2132 5 
1852 7 2133 9 2094 12 2135 7 
2091 1 2134 7 
1851 4 1638 3 2137 7 2090 4 
2136 7 1850 10 2089 8 2131 8 
890 3 1518 3 54 2 2139 3 
1517 6 891 4 2138 3 2140 5 
2141 5 1516 6 888 4 2139 5 
2142 4 2140 5 1515 3 889 8 
894 3 1520 5 2141 4 2143 5 
1519 4 895 7 2142 5 
1708 5 1514 6 887 7 
2459 5 2148 4 2146 7 2435 5 
2151 7 2145 7 2458 8 2434 9 
627 5 2461 5 2433 6 2148 6 
2460 2 2145 4 2432 3 2147 6 
2150 6 2152 4 2431 5 2463 5 
2153 8 2149 6 2462 7 2430 10 
2429 4 2465 5 2146 7 2152 5 
2464 6 2428 3 2151 5 2149 4 
2466 7 2427 7 2150 8 
594 6 2045 6 585 7 2122 4 
1732 3 1620 8 1734 5 2013 4 
704 2 1745 3 1731 1 1560 1 
2163 8 2169 5 
2174 8 1757 7 2281 8 2159 9 
1756 7 2173 6 2160 7 2158 9 
2172 5 2161 3 2159 7 2176 5 
2175 1 2160 3 2162 4 2171 4 
2178 6 2161 4 2169 6 2163 9 
2157 8 2177 7 2162 9 
1107 6 921 6 1739 5 710 5 
634 2 2327 4 2166 4 
2326 6 81 6 2167 4 2165 4 
2329 6 80 3 2168 4 2166 4 
2170 3 2328 7 79 6 2167 4 
2171 6 2157 5 2318 5 2162 6 
2331 2 2168 3 1730 2 78 1 
2321 8 2169 6 2161 4 2172 6 
1756 5 2160 5 2320 8 2171 6 
263 5 2176 4 2159 6 2174 5 
262 8 2158 8 2031 7 2173 5 
2161 1 271 3 2176 3 2178 3 
2173 4 270 4 2175 3 2160 5 
2163 7 2178 4 269 8 
2162 6 268 7 2175 3 2177 4 
2048 6 49 4 2180 1 2314 5 
48 7 2185 3 2313 3 2179 1 
2188 4 40 4 2308 5 2182 3 
39 2 2307 4 2181 3 2183 6 
2306 9 42 7 2184 9 2182 6 
2183 9 2300 5 41 7 2305 6 
44 5 2180 3 2312 6 2186 5 
2185 5 2187 6 2311 6 43 4 
2188 5 46 10 2186 6 2310 6 
2187 5 2181 4 2309 3 45 4 
2190 3 2198 4 1880 4 2375 5 
2374 4 2189 3 1879 3 1732 3 
2050 4 1874 3 2381 5 2192 3 
1873 5 2380 3 2193 5 2191 3 
491 4 2194 4 2192 5 2383 6 
1871 3 2193 4 2195 5 2382 3 
1878 7 2377 8 2196 6 2194 5 
1877 2 2197 4 2195 6 2376 5 
2196 4 2198 5 1876 8 2379 3 
2189 4 2197 5 1875 5 2378 7 
2303 6 2200 3 2203 3 115 2 
2199 3 569 4 2201 3 
572 4 2200 3 
2305 5 2203 4 576 4 2300 4 
2202 4 2299 5 2199 3 575 3 
2205 5 1257 3 715 4 417 3 
2204 5 714 5 418 6 1260 4 
298 3 2207 5 
1998 4 2206 5 1728 7 297 6 
233 7 1594 6 365 5 363 6 
2126 6 596 7 202 3 2211 7 
753 4 362 5 2212 3 554 7 
595 8 201 6 2121 7 2209 7 
2213 5 557 4 752 5 2210 3 
2212 5 751 4 556 5 2214 5 
758 6 552 4 2215 5 2213 5 
2217 4 551 5 2214 5 2267 5 
2220 3 638 3 2218 3 1864 6 
2215 4 756 2 553 6 
2216 3 637 4 1863 4 2232 6 
1866 5 2220 5 636 5 2439 9 
2216 3 1865 8 635 6 2219 5 
1021 9 467 5 513 5 831 4 
2223 8 414 5 2225 5 179 6 
413 7 2222 8 2336 7 2370 5 
2227 2 422 5 2225 2 118 2 
116 3 2222 5 2224 2 421 3 
420 2 2227 2 128 2 2229 3 
2224 2 2276 2 2226 2 419 2 
418 5 2231 6 136 5 2229 4 
417 3 2228 4 2226 3 2297 4 
416 4 167 3 2231 6 138 5 
2228 6 415 6 2230 6 137 5 
2233 5 632 7 1862 7 2218 6 
2232 5 1861 5 47 4 631 3 
2236 3 2514 3 2235 4 
2323 4 2350 7 2234 4 2513 3 
2234 3 2512 4 
1389 5 495 5 1965 3 2238 8 
2391 11 2237 8 2239 8 1964 9 
1387 2 1958 5 2240 4 2238 8 
1957 6 2239 4 2241 5 1388 4 
1385 9 2240 5 2242 6 1956 5 
2241 6 1955 7 2243 5 1386 7 
1383 4 2244 4 2242 5 1962 2 
2245 5 1961 3 1384 6 2243 4 
2246 5 2244 5 1960 4 1381 8 
2245 5 1959 6 1382 5 2353 3 
2384 5 1184 5 1676 3 2333 3 
1546 7 22 11 2400 10 2249 7 
21 5 1545 6 2250 3 2248 7 
2251 4 20 2 2249 3 1548 1 
2250 4 2252 5 1547 7 19 7 
2251 5 1542 4 
455 13 1951 9 2257 9 388 9 
2255 8 1096 6 1289 7 2261 9 
1288 3 2254 8 2256 7 1097 5 
1708 5 1094 6 2255 7 1287 8 
391 4 1950 5 454 4 2253 9 
2259 7 2263 9 1293 8 1092 6 
2258 7 2260 8 1292 6 1093 6 
1090 8 2259 8 2373 7 2261 8 
1091 7 2260 8 2254 9 1290 6 
2263 9 2301 5 1088 6 633 8 
1089 8 2262 9 1729 9 2258 9 
785 6 396 7 402 5 1562 5 
1942 5 395 4 451 4 580 4 
397 8 1241 6 782 5 1563 7 
758 6 2072 4 756 3 2215 5 
438 5 2373 5 520 7 2095 5 
221 9 2270 9 1792 8 239 8 
1059 6 2269 9 220 7 238 5 
2288 3 803 4 924 5 1915 3 
978 4 1302 8 976 4 194 4 
2274 8 373 7 526 5 639 8 
2273 8 640 6 103 6 525 5 
2007 4 2280 6 2039 3 
1201 4 128 2 2227 2 118 2 
2278 4 2035 5 2284 2 
2277 4 2034 5 2279 6 
2280 7 2037 8 2278 6 
2279 7 2275 6 2036 7 
2332 7 2031 7 2158 8 2282 8 
2030 9 2283 5 2281 8 2324 6 
2033 3 1138 1 2282 5 2284 1 
2032 5 2277 2 2283 1 
2292 4 930 5 2286 6 1929 7 
2287 10 1928 9 929 6 2285 6 
2286 10 2288 9 932 9 1295 9 
931 4 2287 9 2271 3 760 6 
1788 7 235 5 225 6 2290 6 
234 6 1791 5 2289 6 224 7 
1931 1 863 1 2292 1 928 2 
2285 4 1930 3 927 2 2291 1 
20 4 2296 6 750 5 2294 4 
19 5 574 4 2293 4 
573 4 22 8 2296 5 2475 3 
21 6 2295 5 2293 6 570 5 
136 5 128 3 1207 4 2229 4 
220 5 951 3 1059 4 1177 2 
2388 10 2303 8 2203 5 2300 5 
2387 3 2299 5 2184 5 2202 4 
2262 5 56 3 527 3 1729 5 
1281 4 1085 4 1291 5 1105 4 
2299 8 2199 6 2385 6 
1325 2 1280 3 1116 4 530 11 
2202 5 2184 6 336 5 2306 6 
2183 9 335 5 2307 7 2305 6 
2308 6 2306 7 2182 4 338 5 
2307 6 2309 4 337 4 2181 5 
2308 4 2188 3 340 5 2310 4 
339 4 2311 6 2187 6 2309 4 
2310 6 2312 7 342 9 2186 6 
2185 6 341 6 2313 6 2311 7 
334 3 2180 3 2314 7 2312 6 
1935 6 2313 7 333 8 2179 5 
2492 6 655 7 
1757 4 2350 6 2513 2 2317 6 
1756 7 2320 10 2349 9 2316 6 
2321 7 2169 5 2347 6 
1291 7 710 5 1107 6 1079 4 
2172 8 2321 10 2317 10 2346 8 
2171 8 2318 7 2320 10 2345 6 
1317 4 529 4 1280 5 
2235 4 2520 5 
1138 2 2332 5 2514 3 2282 6 
2348 8 1160 4 2333 4 1180 8 
2329 8 572 6 2166 6 2327 6 
2326 6 2165 4 571 4 
2329 9 2331 6 2168 7 115 5 
2326 8 2167 6 2328 9 569 7 
576 4 2331 4 1730 4 9 5 
2170 2 2328 6 2330 4 575 3 
2513 4 2281 7 1757 6 2324 5 
1179 4 2325 4 1159 3 2247 3 
565 4 1354 4 82 1 2479 5 
2338 7 187 10 2509 6 2336 7 
2223 7 2505 7 186 5 2335 7 
1182 4 185 4 2338 6 2340 4 
2335 7 184 5 2337 6 1793 7 
2340 5 183 7 1176 6 2342 5 
2339 5 1770 5 182 5 2337 4 
2342 5 1178 5 181 6 
1776 4 180 5 2341 5 2339 5 
1158 5 1794 7 1058 6 2348 8 
1426 2 2496 3 1436 3 2504 1 
2347 5 2522 7 2321 6 2346 4 
2523 5 2349 7 2320 8 2345 4 
2345 5 2521 4 2318 6 
2325 8 1157 7 2343 8 1181 7 
2317 9 2350 9 2346 7 2519 10 
2235 7 2316 6 2520 8 2349 9 
1477 4 1185 6 125 5 440 3 
1883 4 2517 4 1885 6 1500 4 
1805 5 1591 3 2246 3 
2406 1 1226 4 1844 5 2468 3 
1464 5 2365 3 2361 4 2383 3 
2470 2 1844 6 2404 3 2357 3 
2358 3 2403 4 2469 5 2356 3 
2359 4 2357 3 2472 5 2410 3 
2358 4 2471 8 2360 5 2409 5 
1845 4 2359 5 2474 4 2408 4 
2382 6 1465 5 2368 7 2355 4 
2476 8 2401 10 2363 9 1845 8 
2362 9 2400 8 2475 4 22 9 
2381 6 2004 4 1466 6 2365 5 
2355 3 1467 4 2380 4 2364 5 
1460 5 2367 4 2379 3 2369 4 
2371 2 1461 4 2366 4 2378 6 
2369 5 1462 8 2361 7 2377 7 
2376 5 2368 5 2366 4 1463 3 
179 3 2223 5 1199 5 2505 5 
2367 2 2375 4 1458 1 2372 3 
1459 5 871 4 2374 5 2371 3 
1290 5 2260 7 2268 5 1292 5 
2190 4 2375 6 2372 5 1619 6 
2374 6 2371 4 2378 8 2189 5 
2369 5 2379 4 2377 7 2196 5 
2382 6 2376 7 2195 8 2368 7 
2379 5 2375 8 2367 6 2198 7 
2378 5 2376 4 2366 3 2197 3 
2381 5 2192 3 2383 4 2365 4 
30 5 2380 5 2364 6 2191 5 
2361 6 2383 5 2377 6 2194 3 
2382 5 2380 4 2355 3 2193 6 
2247 5 1153 3 2493 5 1183 4 
2303 6 2388 8 
272 5 993 5 1229 6 1406 6 
2300 3 2388 8 602 3 41 5 
2299 10 2387 8 601 7 2385 8 
621 4 2399 6 2422 6 2390 3 
53 5 2423 4 620 5 2389 3 
2238 11 1389 8 1387 5 1758 7 
1208 5 615 5 2393 5 2420 4 
2392 5 614 5 2394 3 2421 5 
613 5 2395 2 2418 3 2393 3 
2394 2 612 3 2396 2 2419 6 
2395 2 2416 3 2397 4 619 3 
2396 4 2398 8 618 7 2417 6 
617 7 2414 7 2399 9 2397 8 
2398 9 2389 6 616 8 2415 10 
1338 7 2363 8 2248 10 2401 9 
2362 10 2407 4 2400 9 1337 6 
630 3 980 5 
2404 4 2410 4 1330 4 2357 4 
2403 4 1329 4 2405 7 2356 3 
1844 10 2404 7 2406 6 1332 10 
2354 1 853 5 1331 1 2405 6 
2408 2 1334 2 2401 4 1845 2 
2407 2 1333 3 2409 4 2360 4 
1336 6 2408 4 2410 4 2359 5 
2403 4 2358 3 1335 3 2409 4 
377 5 2412 6 849 7 2413 7 
2411 6 848 6 66 6 376 7 
2411 7 378 5 847 6 
2415 8 2417 5 2474 4 2398 7 
2414 8 2422 10 2399 10 2473 9 
2396 3 2419 7 2417 5 2472 6 
2414 5 2471 8 2416 5 2397 6 
2394 3 2421 5 2419 7 2470 3 
2395 6 2416 7 2469 8 2418 7 
470 2 2421 4 2392 4 2468 4 
2467 5 2418 5 2420 4 2393 5 
2415 10 2476 6 2423 7 2389 6 
573 5 2422 7 2390 4 2475 4 
2481 7 1407 6 1318 5 1690 5 
507 7 
1728 5 1998 2 2427 5 
2153 7 2430 9 2426 5 1727 8 
1720 2 2152 3 2429 2 2431 4 
2151 4 2434 6 2428 2 1719 6 
1722 9 2431 9 2427 9 2150 10 
2430 9 1721 5 2149 5 2428 4 
2148 3 2435 4 1724 3 2433 3 
2077 2 2147 6 1723 4 2432 3 
2429 6 1726 7 2435 7 2146 9 
2145 5 2432 4 2434 7 1725 7 
1455 3 2437 3 1437 3 1283 4 
2436 3 2446 3 1454 2 1436 4 
2439 8 640 4 
2438 8 639 10 2219 9 1867 9 
2443 9 581 6 1447 6 2441 7 
356 4 1444 4 2440 7 1446 6 
2445 5 2443 5 1449 3 1443 2 
2442 5 2440 9 1442 7 1448 5 
1451 3 2445 7 2447 6 1441 7 
2442 5 1450 7 2444 7 1440 5 
1453 2 1439 3 2437 3 2447 5 
2444 6 1438 8 1452 6 2446 5 
1406 4 2449 5 1455 3 1277 7 
1454 4 2448 5 2454 5 1405 6 
1449 4 2451 4 2457 4 1398 5 
1448 3 2452 4 1397 3 2450 4 
1400 5 2451 4 2453 4 1447 3 
1399 5 267 6 2452 4 1446 6 
2455 2 1402 5 2449 5 1453 2 
2456 3 2454 2 1401 3 1452 3 
2455 3 2457 5 1404 5 1451 3 
1450 5 2456 5 1403 8 2450 4 
2459 6 2465 6 2146 8 
2145 5 2458 6 2460 3 
2148 2 2461 1 2459 3 
2147 5 2460 1 
2463 6 2466 6 2150 7 
2462 6 2464 7 2149 5 
2152 6 2465 6 2463 7 
2458 6 2151 5 2464 6 
2153 7 2462 6 
2468 5 2421 5 1844 7 2470 3 
2467 5 851 7 2420 4 2354 3 
2470 4 2472 7 2419 8 2357 5 
2469 4 2356 2 2467 3 2418 3 
2472 9 2474 7 2417 8 2359 8 
2471 9 2469 7 2416 6 2358 5 
2474 5 2476 5 1845 5 2415 9 
2473 5 2414 4 2471 7 2360 4 
2476 3 2423 4 2295 3 2363 4 
2362 8 2475 3 2473 5 2422 6 
1061 3 1324 5 1682 6 1411 3 
1888 5 1029 7 642 7 628 5 
1323 6 1351 9 2334 5 558 10 
1680 4 1328 3 1413 5 2481 7 
2424 7 1679 6 1414 7 2480 7 
2485 4 2483 4 1429 5 1425 4 
2488 5 1424 3 2482 4 1428 4 
2485 7 1423 6 1431 7 2495 5 
2484 7 2482 4 1422 4 1430 6 
2489 6 1433 3 1421 2 
82 4 2493 6 563 7 1356 6 
2483 5 2489 8 1420 3 1435 6 
2488 8 2486 6 1434 9 1419 13 
702 7 2038 12 658 5 2491 9 
2492 9 701 6 2490 9 657 7 
703 6 656 8 2315 6 2491 9 
562 4 2487 6 1355 6 2384 5 
2495 6 2127 9 1427 8 1418 7 
2494 6 2484 5 1426 2 1417 3 
1439 4 2344 3 2497 3 1431 5 
1430 4 1438 5 2496 3 2498 4 
2497 4 2499 10 1429 7 1441 8 
1440 7 2500 7 2498 10 1428 8 
1443 2 2499 7 2501 3 1435 4 
2502 6 1442 5 2500 3 1434 6 
2501 6 2503 5 581 5 1433 6 
1444 3 2502 5 1432 3 1997 3 
745 4 1427 3 1437 2 2344 1 
1396 7 2509 6 2336 7 2370 5 
2507 3 2511 3 2523 4 
2506 3 2522 7 
382 5 1408 6 456 7 387 7 
1793 6 1395 5 2335 6 2505 6 
2520 5 2511 3 
2519 7 2510 3 2506 3 
2236 4 1138 3 2514 4 
2332 4 2316 2 2514 2 2235 3 
2234 3 2512 4 2513 2 2324 3 
2516 4 1884 4 
2515 4 378 3 1883 5 2517 5 
377 5 2352 4 2518 5 2516 5 
106 5 1885 7 2517 5 376 6 
2523 8 2520 9 2511 7 2349 10 
2350 8 2510 5 2519 9 2323 5 
2522 6 2347 4 
2523 8 2345 7 2521 6 2507 7 
2346 5 2522 8 2519 8 2506 4 
