9
9
9
9
9
10
9
9
0
11
10
10
11
2
11
11
39
39
39
13
39
2
2
24
32
15
24
12
2
32
32
16
16
33
16
15
15
16
16
12
11
12
11
26
26
29
29
29
29
29
29
29
29
17
0
0
7
7
7
7
8
8
8
8
8
11
41
41
39
26
43
43
43
43
41
41
41
41
25
36
25
25
33
33
33
25
25
25
25
25
25
25
21
22
22
22
21
21
21
38
22
22
11
11
1
0
1
1
1
1
1
1
23
24
20
13
12
13
2
2
2
2
2
42
33
42
42
42
38
13
13
36
36
35
36
16
33
21
21
21
22
13
14
2
12
12
12
2
2
2
2
19
19
19
19
19
19
19
20
20
46
46
48
48
48
48
36
36
36
36
26
26
26
26
27
27
27
27
6
6
3
3
3
3
3
3
5
5
5
5
5
3
9
6
43
43
43
13
13
13
13
13
43
43
35
35
35
35
35
33
33
33
36
36
36
36
49
49
48
49
10
12
8
8
7
10
8
8
7
10
44
44
45
45
45
45
45
45
47
48
48
7
19
19
19
19
19
18
18
18
20
36
36
25
25
25
25
25
30
24
24
2
2
30
18
18
18
20
24
24
24
24
12
12
11
11
12
11
11
12
12
12
12
2
2
0
0
1
0
1
1
1
1
0
5
5
5
5
5
4
4
5
5
42
31
15
15
15
15
15
15
18
18
18
18
30
30
6
31
49
48
49
49
49
49
49
48
48
49
49
48
49
49
49
48
48
0
0
4
4
4
4
4
4
4
35
36
35
35
35
35
33
33
33
35
9
9
41
17
7
9
9
9
26
26
30
30
29
29
30
38
30
30
3
10
8
41
41
7
43
43
43
45
45
45
45
45
35
36
36
36
34
34
34
34
34
34
34
36
36
39
39
39
39
39
19
19
19
20
7
19
19
19
20
20
44
44
44
44
44
44
44
44
24
24
24
24
20
20
20
20
24
24
13
13
25
25
25
25
33
25
33
33
32
33
32
33
13
13
13
13
32
32
24
24
24
32
7
4
4
27
41
41
41
41
41
41
43
43
43
43
4
4
15
15
15
31
31
31
33
33
33
33
30
30
30
30
8
8
8
8
8
8
7
38
7
48
48
48
38
46
46
42
42
42
47
42
41
49
45
2
2
1
1
1
1
1
1
1
0
49
27
28
28
28
28
28
28
22
22
22
22
36
36
36
36
38
38
38
38
1
1
1
1
1
3
3
0
0
3
3
39
39
37
37
37
37
37
37
41
37
38
6
9
38
3
3
3
3
6
6
6
6
46
42
32
32
32
32
24
32
24
24
32
32
38
38
32
24
24
24
32
32
32
32
32
32
20
20
19
19
19
7
20
19
19
19
34
4
4
5
5
5
5
5
5
5
5
25
7
43
43
43
43
14
14
14
14
14
14
12
11
11
11
12
12
12
12
12
12
9
9
10
9
9
9
9
9
10
10
31
31
19
19
7
19
19
20
19
19
20
20
34
42
7
7
2
2
2
2
2
13
13
13
13
13
21
21
21
21
21
21
21
21
21
22
36
36
34
34
34
34
34
34
34
34
34
34
42
34
42
42
42
42
13
13
2
2
2
2
38
38
39
38
39
39
6
6
6
6
6
6
43
43
43
43
41
41
41
43
41
41
3
3
10
10
10
9
9
9
9
9
9
9
16
14
16
25
25
33
33
33
33
25
25
25
33
14
16
48
48
48
40
24
24
24
24
20
20
20
20
3
24
24
4
4
4
4
4
4
4
4
0
0
27
46
27
27
7
7
27
26
8
0
8
7
8
8
8
13
13
2
2
2
2
47
47
47
47
47
46
46
13
38
42
38
38
42
42
42
42
38
38
39
39
39
39
39
49
11
11
11
11
0
0
0
0
23
11
11
49
49
23
17
17
17
17
10
17
10
10
17
17
39
38
38
34
34
34
34
34
34
34
34
10
10
43
14
43
43
14
13
14
14
43
43
46
26
26
27
27
27
27
27
27
31
31
31
30
31
31
31
31
40
40
34
30
42
42
42
40
42
42
17
42
38
38
42
38
17
10
10
38
17
17
17
17
14
43
43
43
13
13
13
14
43
43
46
46
48
47
46
46
10
10
10
17
17
17
17
17
17
17
25
25
25
25
48
48
48
32
29
26
29
29
29
29
29
29
26
26
38
38
38
37
37
37
38
41
42
42
37
38
39
32
8
8
38
38
38
38
8
8
41
41
43
41
43
43
43
43
41
41
26
26
29
29
29
29
29
29
29
29
0
0
11
11
15
15
15
15
16
16
16
16
14
16
16
16
15
49
16
16
44
41
41
41
41
41
40
40
40
11
11
11
10
0
0
0
11
0
0
4
4
3
3
3
3
0
0
44
44
46
47
46
46
47
47
47
47
15
46
46
15
15
15
15
16
16
15
16
15
15
48
48
0
0
3
7
4
26
28
28
30
22
22
22
22
28
28
28
28
23
37
45
23
45
28
45
45
43
43
45
45
23
23
30
32
40
40
32
14
14
14
12
14
18
14
14
24
24
32
24
32
32
33
33
33
33
7
36
35
36
36
34
6
6
6
6
6
6
3
3
3
34
9
9
11
9
11
11
10
11
10
10
35
16
35
25
25
40
40
16
16
16
16
16
16
16
16
45
45
39
39
37
37
37
41
37
37
37
37
26
46
46
47
47
46
46
32
32
32
32
23
23
23
23
23
19
30
30
40
40
14
14
14
14
14
14
14
14
5
5
4
4
5
5
5
5
5
0
7
49
46
31
31
31
31
31
31
15
31
31
34
42
36
36
28
28
28
28
22
22
22
22
28
28
21
22
21
21
21
21
21
21
21
21
43
43
44
44
44
44
13
13
13
13
45
42
42
41
41
41
41
40
40
40
40
18
18
18
18
24
24
18
24
24
24
9
49
2
35
35
33
35
33
33
35
35
35
35
14
40
10
17
10
10
17
17
17
17
40
17
17
40
40
40
40
40
40
40
31
42
42
42
12
25
25
25
25
25
15
21
21
21
21
21
21
21
22
22
39
39
39
39
39
8
20
20
20
23
49
23
23
49
23
23
47
47
18
18
18
40
40
47
46
47
47
47
47
14
14
14
14
14
14
14
14
39
46
7
17
18
18
14
12
12
12
12
12
2
2
2
2
11
11
11
11
0
0
12
12
17
17
17
12
12
10
10
10
49
49
44
47
49
49
49
49
44
44
13
47
47
44
44
3
36
36
3
35
33
34
34
35
35
35
35
20
35
26
1
1
30
28
30
30
30
1
30
41
1
0
0
1
1
22
22
21
22
21
21
21
22
22
48
48
48
48
48
39
39
39
39
39
17
36
36
35
17
47
47
49
49
49
49
47
47
49
49
41
33
33
33
33
31
31
15
15
15
15
10
3
3
39
39
20
20
20
20
24
24
24
20
24
24
10
10
13
13
13
18
44
18
44
44
22
22
22
22
28
44
28
28
28
44
24
15
49
19
19
19
19
19
7
19
19
48
48
20
20
9
6
47
47
3
3
6
3
6
6
6
6
3
41
41
43
41
40
40
41
41
41
41
37
37
47
47
46
46
37
46
46
46
2
2
1
1
1
1
1
1
5
1
12
12
11
11
11
12
12
12
12
12
0
0
0
11
11
11
11
10
10
10
45
45
45
45
45
45
44
44
45
45
36
36
36
36
48
22
23
21
21
21
21
20
20
21
21
20
20
19
19
19
19
19
19
26
27
26
26
27
27
27
27
0
11
11
11
11
0
0
37
37
37
37
37
37
37
37
0
39
39
20
20
23
20
24
23
24
24
23
23
35
35
33
33
33
35
35
35
35
35
46
46
47
47
47
47
47
18
18
18
18
18
15
15
15
15
15
26
26
27
27
27
27
0
9
3
3
3
3
3
3
3
0
44
44
13
13
44
13
44
44
44
44
7
7
8
8
8
8
7
8
7
7
32
32
32
32
23
23
23
23
32
32
12
12
30
30
30
30
30
30
30
30
26
26
7
7
8
48
48
48
7
28
44
44
26
26
10
38
38
29
29
29
29
29
29
29
29
45
45
45
28
45
45
45
44
45
45
10
45
13
13
5
5
4
4
5
5
5
5
5
5
40
40
16
14
16
16
16
16
16
16
48
48
31
31
40
40
40
40
49
49
49
49
49
49
49
36
28
28
28
28
28
28
22
23
22
22
22
22
22
22
22
21
21
21
31
40
38
48
48
2
39
23
23
23
23
32
32
23
32
32
29
6
6
6
6
6
8
18
18
18
18
26
7
17
7
30
49
30
30
18
18
30
48
35
36
36
43
34
34
34
49
34
14
34
34
45
37
45
33
44
43
45
45
45
14
18
18
14
19
18
7
14
18
18
18
18
46
26
26
26
27
27
27
27
27
45
30
30
30
30
30
30
45
44
47
47
47
45
3
3
17
17
17
17
17
17
17
22
10
10
44
44
39
39
26
27
26
26
27
27
27
27
6
4
4
42
42
42
42
40
42
40
40
40
40
16
16
16
16
16
16
16
16
40
40
29
29
29
29
29
29
29
29
26
26
28
23
28
28
22
22
23
23
28
28
22
22
22
22
28
28
28
28
28
28
49
49
49
49
49
48
48
48
29
25
25
29
29
29
29
29
26
29
9
10
9
9
9
9
6
9
10
7
40
40
40
40
42
40
42
42
42
42
36
36
36
36
19
7
19
19
19
19
46
46
46
46
46
37
37
37
37
37
37
41
37
37
37
37
37
37
39
39
32
32
25
23
23
23
23
32
32
32
32
25
33
33
25
33
44
44
44
44
45
0
0
5
5
5
0
3
3
3
3
9
9
9
9
9
9
9
10
10
10
13
23
23
23
23
23
23
4
4
20
20
26
15
42
42
42
42
38
38
38
42
36
36
38
38
2
2
2
2
13
2
13
13
13
13
26
26
25
27
27
27
27
26
26
26
27
21
23
21
21
20
21
20
20
2
23
22
3
2
4
46
46
25
15
1
26
26
27
27
27
27
27
25
13
46
7
7
7
7
18
18
18
18
18
18
6
6
6
6
6
6
6
14
16
12
12
14
16
16
14
15
40
8
8
8
8
7
7
8
8
7
7
39
39
39
39
6
6
6
8
8
24
23
20
23
20
20
24
24
23
24
20
30
30
30
19
30
30
30
30
20
20
7
47
47
47
47
45
47
45
45
44
45
4
4
4
4
5
4
5
5
0
5
29
46
30
48
48
48
48
31
31
31
31
15
15
31
31
31
31
5
5
5
5
4
5
4
4
28
29
5
5
30
38
38
38
38
34
34
34
36
34
34
34
34
48
48
48
46
46
46
1
1
1
1
1
2
1
1
2
2
12
12
17
10
17
17
17
17
11
11
12
11
12
12
12
12
37
37
37
37
37
37
37
37
39
39
34
31
18
18
18
18
15
15
31
31
31
40
31
31
31
31
27
26
26
26
27
27
27
27
8
9
9
7
6
8
8
8
7
7
8
8
6
8
6
31
31
31
31
31
38
38
31
31
34
8
6
6
8
8
43
35
35
35
14
33
35
33
35
35
43
43
25
25
25
25
25
27
25
26
22
16
22
28
28
28
28
28
28
47
47
47
47
46
46
46
47
46
4
15
23
35
35
14
33
33
35
33
35
35
35
35
33
15
15
15
15
16
16
17
17
1
1
1
5
1
1
1
15
28
3
15
3
4
4
4
4
4
4
4
0
0
