2503 4857 001
2 7 1120 7 387 7 
1 7 386 6 3 7 1121 6 
385 11 4 7 2 7 1122 7 
2319 6 3 7 384 4 1123 3 
160 5 346 7 1964 4 887 5 
7 4 9 2 1340 5 565 3 
6 4 2353 6 564 5 1339 5 
11 7 9 4 1310 5 
6 2 8 4 1306 7 
11 4 12 1 263 3 
10 4 8 7 1304 7 
10 1 1317 1 
1126 6 14 8 1655 6 1154 6 
13 8 1125 7 21 7 1155 7 
1158 4 16 3 1132 4 18 3 
15 3 1131 4 1159 5 245 4 
18 5 1156 8 20 5 1134 7 
17 5 1157 4 1133 4 15 3 
1128 5 20 6 1162 5 22 8 
1163 3 17 5 19 6 1127 5 
1130 4 1160 6 22 6 14 7 
1161 4 21 6 1129 5 19 8 
927 5 2234 8 674 6 1256 7 
1900 3 25 4 
1899 5 24 4 26 4 
1893 4 25 4 
1895 2 28 4 
27 4 1894 7 261 5 
30 6 1411 4 1425 4 40 6 
29 6 31 9 1424 5 1410 8 
30 9 1413 6 1423 7 32 7 
1422 6 33 5 31 7 1412 6 
1415 9 32 5 34 7 1421 5 
35 5 1414 5 1420 5 33 7 
1419 4 34 5 1417 5 
286 2 1934 1 104 2 833 7 
102 4 1124 4 287 2 38 5 
1926 5 267 6 101 5 37 5 
1409 7 1927 3 1427 4 40 5 
1408 5 1426 7 39 5 29 6 
1427 5 1029 5 42 3 965 4 
1426 4 48 2 2196 2 41 3 
1419 5 1014 6 45 4 
1011 10 1421 6 45 6 47 9 
2039 4 43 4 44 6 1420 3 
49 3 1018 3 1423 3 47 6 
1422 9 1017 6 44 9 46 6 
49 3 42 2 1016 3 1425 3 
48 3 46 3 1015 8 1424 3 
925 9 51 5 1617 7 1029 7 
2196 2 56 5 50 5 1618 2 
1011 7 53 4 1623 2 59 6 
2039 5 1624 5 52 4 54 7 
1014 8 1625 6 53 7 55 7 
1626 5 54 7 
1016 6 57 8 51 5 1619 6 
58 6 56 8 1620 8 1015 10 
1621 6 1018 4 57 6 59 7 
1622 9 1017 6 58 7 52 6 
179 5 61 7 
62 5 178 9 60 7 1192 5 
61 5 1185 3 173 4 63 4 
842 7 2201 6 1184 6 62 4 
71 5 65 7 1581 5 177 5 
176 7 1582 8 64 7 66 6 
179 4 1579 3 65 6 67 4 
1580 7 178 7 66 4 72 4 
69 4 1585 5 
70 6 68 4 1586 5 
181 5 69 6 71 6 1583 6 
64 5 70 6 180 5 1584 4 
173 5 1577 3 67 4 73 3 
842 5 2153 4 1578 5 72 3 
75 7 1479 6 81 5 1463 7 
74 7 1462 5 1478 5 76 5 
1465 9 77 5 75 5 1477 4 
76 5 1476 7 1464 3 
79 4 1475 4 1467 7 83 4 
78 4 80 3 1474 3 1466 4 
79 3 1469 5 1473 3 81 2 
1472 6 1468 2 80 2 74 5 
1461 6 1471 3 83 3 534 5 
1460 3 82 3 78 4 1470 4 
1473 3 1413 2 85 3 87 3 
1412 6 90 5 1472 7 84 3 
87 3 551 4 1475 3 1411 3 
86 3 1474 3 1410 6 84 3 
1417 7 524 8 89 5 1477 5 
1476 6 1416 2 88 5 
1415 9 1479 5 85 5 524 8 
92 3 2230 4 
91 3 93 3 2224 8 
2223 3 92 3 94 4 
95 6 559 6 2222 6 93 4 
96 6 94 6 558 7 2221 5 
561 5 97 7 95 6 832 7 
96 7 98 4 906 6 560 8 
563 3 99 2 97 4 2226 2 
562 5 2377 6 2225 4 98 2 
1578 7 2153 6 103 8 863 5 
1900 4 102 4 38 5 2398 8 
37 4 106 5 1899 4 101 4 
2154 10 495 5 100 8 862 7 
107 5 105 3 1891 3 36 2 
104 3 1890 5 110 5 833 8 
102 5 1893 6 107 6 287 3 
104 5 1892 5 106 6 286 5 
1895 5 111 8 285 6 574 5 
1457 8 729 3 2040 4 2294 4 
111 8 105 5 1629 5 1897 7 
110 8 274 7 1896 6 108 8 
113 2 2013 4 1553 2 124 3 
112 2 1549 3 2446 5 2012 3 
2502 6 115 5 581 6 1965 8 
324 3 1964 3 114 5 2501 4 
117 7 2496 4 121 4 1971 4 
2495 5 116 7 118 9 1970 7 
2498 7 119 5 1969 9 117 9 
2497 3 580 3 118 5 1968 1 
121 2 1962 2 2005 2 2494 5 
1961 3 120 2 2493 3 116 4 
123 6 1527 5 2011 4 
2010 9 2324 7 122 6 124 7 
2323 6 123 7 112 3 2009 3 
1305 9 134 6 2397 7 
314 8 238 6 155 8 128 7 
129 5 1454 6 725 4 
313 4 126 7 237 8 136 6 
1453 4 1338 6 724 3 127 5 
141 4 155 7 312 8 
859 3 500 4 
1270 5 1150 7 1996 3 1272 4 
1275 5 137 5 310 4 241 3 
2400 4 125 6 262 3 
1272 5 1144 6 1274 4 1994 4 
243 7 137 7 128 6 308 7 
242 4 133 5 136 7 307 6 
1153 3 298 2 140 3 1105 2 
870 2 845 1 527 6 539 1 
2001 2 138 3 1276 5 1152 5 
130 4 1526 2 
1598 6 2209 5 745 6 143 8 
1990 6 1597 8 849 7 142 8 
492 1 152 3 145 3 788 5 
491 4 791 6 144 3 2395 6 
1105 2 1407 4 364 4 298 2 
490 5 984 5 733 4 148 4 
153 2 985 3 489 4 147 4 
731 6 150 6 1600 3 856 6 
737 6 855 4 149 6 1599 6 
486 3 152 5 980 4 154 4 
144 3 485 6 151 5 981 5 
148 2 793 2 484 4 154 2 
153 2 151 4 483 2 794 5 
239 4 126 8 130 7 311 5 
895 6 163 6 620 4 325 5 
2165 5 2163 5 809 6 797 7 
626 5 161 4 890 5 159 3 
625 3 158 3 889 5 164 5 
2472 5 5 5 161 4 628 4 
627 5 158 4 160 4 887 4 
165 8 622 7 886 7 163 7 
621 6 885 5 156 6 162 7 
624 9 165 8 884 7 159 5 
883 6 623 7 162 8 164 8 
167 5 2159 5 1100 7 371 4 
166 5 2369 4 1099 5 370 4 
169 4 2289 5 2454 4 488 5 
168 4 170 3 487 6 2288 6 
169 3 171 4 2287 4 490 4 
170 4 489 5 2286 6 172 5 
2293 3 846 6 484 6 171 5 
72 5 842 7 62 4 178 8 
175 7 846 9 2291 8 486 6 
485 5 174 7 2290 4 848 4 
65 7 177 5 179 5 
180 5 64 5 176 5 
61 9 67 7 173 8 179 7 
66 4 60 5 178 7 176 5 
177 5 181 4 71 5 
70 5 180 4 
183 11 2484 7 1947 6 2015 7 
2014 9 182 11 1946 11 190 10 
187 3 185 4 2023 3 1939 8 
2193 5 2022 3 184 4 1938 4 
2021 4 189 4 1941 6 187 3 
1940 2 184 3 2020 3 186 3 
1943 3 189 2 191 5 2019 1 
188 2 186 4 1942 3 2018 5 
1945 4 191 7 2017 8 183 10 
2016 6 1944 8 188 5 190 7 
193 3 195 5 2006 4 563 4 
192 3 562 5 2494 6 2005 3 
195 7 2407 7 561 5 197 5 
2406 5 194 7 192 5 560 8 
197 5 559 6 
196 5 2408 3 558 6 194 5 
2155 6 320 4 230 8 1937 5 
2410 4 200 4 276 3 1539 3 
275 4 1538 8 199 4 203 3 
300 2 280 7 202 4 204 4 
279 8 207 5 299 5 201 4 
278 3 302 3 200 3 204 4 
277 4 203 4 301 7 201 4 
284 7 208 6 304 5 206 4 
1481 5 283 2 303 3 205 4 
306 3 208 5 282 3 202 5 
207 5 205 6 281 7 305 6 
2375 4 1675 7 1565 5 210 6 
1552 4 211 5 1564 7 209 6 
1574 8 210 5 1639 5 212 6 
213 5 1573 6 1636 5 211 6 
214 5 1648 7 1572 4 212 5 
213 5 2503 6 215 7 1571 9 
1650 7 216 6 214 7 1570 5 
1649 4 217 3 215 6 1569 4 
218 4 1568 1 216 3 1656 3 
217 4 1126 6 1567 6 1655 6 
220 1 1568 1 222 2 291 4 
219 1 1567 3 428 3 290 2 
1570 4 222 4 224 5 289 4 
221 4 288 4 219 2 1569 3 
1572 5 295 9 226 4 224 5 
1571 8 221 5 294 5 223 5 
1574 6 226 2 228 2 293 6 
225 2 292 2 223 4 1573 4 
228 2 297 6 2342 1 1565 2 
227 2 1564 6 225 2 296 4 
1296 7 2254 6 1298 7 1661 7 
198 8 2156 9 347 7 317 7 
236 6 232 4 899 6 2275 3 
898 7 2274 4 233 6 231 4 
232 6 234 6 2277 4 897 5 
896 3 1342 5 233 6 2276 5 
236 5 
231 6 2278 5 235 5 900 7 
128 8 238 7 243 9 
126 6 237 7 239 2 
155 4 238 2 
241 5 1275 7 1731 9 
242 2 240 5 133 3 
241 2 137 4 243 4 
136 7 242 4 237 9 
245 6 249 8 987 5 1366 9 
986 5 244 6 1367 3 16 4 
1375 3 989 5 247 4 
988 7 250 5 1376 4 246 4 
991 3 251 6 249 6 1371 4 
244 8 248 6 990 8 1372 8 
1369 6 251 7 993 5 247 5 
1370 6 992 8 248 6 250 7 
255 4 2373 8 2344 5 253 5 
2343 4 258 2 252 5 2372 4 
2375 1 1565 2 255 1 2342 1 
2341 3 252 4 254 1 2374 3 
2340 3 257 5 1949 5 259 5 
256 5 260 10 2339 8 1948 7 
2338 2 253 2 2379 5 259 4 
2337 5 256 5 258 4 2378 7 
1963 11 257 10 261 8 2336 8 
2335 3 28 5 260 8 1960 3 
265 2 1697 5 1305 6 134 3 
1304 6 10 3 1317 3 2433 4 
265 2 271 6 1699 5 2401 8 
1698 3 264 2 262 2 2400 3 
1693 3 269 4 2399 4 267 4 
1692 3 38 6 2398 9 266 4 
1695 7 269 6 1305 8 2397 6 
2396 5 266 4 268 6 1694 5 
271 7 2391 5 1691 5 1525 4 
264 6 270 7 1690 5 1978 5 
273 2 879 3 530 5 839 4 
272 2 878 5 533 1 838 3 
111 7 1929 5 285 5 1629 4 
278 4 200 4 276 3 1396 8 
1395 7 275 3 199 3 2184 2 
1388 6 280 7 204 4 278 3 
203 3 275 4 1387 4 277 3 
280 11 282 6 202 8 1390 7 
279 11 277 7 201 7 1389 7 
284 8 282 5 208 7 1392 5 
1391 2 279 6 281 5 207 3 
206 2 284 5 947 2 1394 1 
281 8 205 7 1393 5 283 5 
1930 6 274 5 108 6 792 3 
1933 2 36 2 107 5 287 2 
37 2 106 3 1932 2 286 2 
222 4 289 4 291 6 1400 4 
1399 2 288 4 294 4 221 4 
1402 5 291 5 220 2 2346 3 
1401 6 290 5 288 6 219 4 
293 6 226 2 295 7 1404 6 
1403 6 292 6 296 8 225 6 
295 9 1406 6 224 5 289 4 
1405 8 294 9 223 9 292 7 
297 8 228 4 1398 5 293 8 
1397 11 227 6 296 8 2086 7 
586 2 2001 1 146 2 138 2 
1406 5 300 3 306 3 202 5 
201 2 299 3 1405 3 301 5 
300 5 302 6 1404 9 204 7 
203 3 1538 8 1403 3 301 6 
304 4 360 3 206 3 1402 5 
303 4 305 5 1401 5 205 5 
1400 4 304 5 306 4 208 6 
207 3 305 4 1399 2 299 3 
310 5 308 6 137 6 2141 6 
313 5 307 6 2142 7 136 7 
310 4 1721 5 1275 5 2139 3 
309 4 2140 5 307 5 133 4 
314 5 2145 4 312 6 155 5 
1526 6 2146 5 130 8 311 6 
128 4 308 5 314 5 2143 7 
126 8 311 5 2144 7 313 5 
2291 8 316 6 2238 8 318 9 
315 6 2290 3 323 2 2162 2 
320 3 318 5 2293 2 230 7 
2292 4 2156 7 315 9 317 5 
322 8 320 5 2287 6 2155 7 
317 3 319 5 2286 5 198 4 
322 8 2148 7 2173 5 2289 6 
319 8 2147 9 321 8 2288 9 
2284 6 2452 4 316 2 324 3 
115 3 323 3 2283 3 2451 4 
340 4 619 3 156 5 894 3 
793 5 1309 5 1311 8 1383 8 
550 4 824 4 1617 4 1595 5 
383 6 2478 7 388 9 2110 7 
336 3 1116 2 1323 2 330 5 
1322 7 331 6 1115 11 329 5 
332 5 330 6 1118 3 1321 3 
331 5 337 6 1320 6 1117 7 
1112 8 1327 8 334 6 1551 6 
1111 4 333 6 1326 4 335 5 
1325 5 336 6 334 5 1114 5 
329 3 1113 5 335 6 1324 5 
332 6 338 3 1319 3 1110 5 
337 3 1109 3 1318 4 
342 6 717 8 385 10 340 7 
716 6 325 4 384 5 339 7 
387 4 715 5 342 4 
1490 4 339 6 341 4 386 6 
677 7 344 6 568 8 703 6 
351 5 676 4 702 3 343 6 
346 8 2452 6 350 8 2473 7 
345 8 2472 7 5 7 2451 7 
348 4 2467 2 1937 4 230 7 
347 4 2156 6 1925 4 2466 5 
681 6 695 3 1924 4 1927 3 
1925 6 2464 8 345 8 2162 6 
352 5 344 5 683 6 701 4 
682 5 351 5 700 4 353 5 
685 5 354 5 699 6 352 5 
684 5 698 5 353 5 1923 4 
356 6 1759 5 
355 6 400 5 1758 6 1768 5 
1585 5 940 4 
1747 4 1485 4 359 6 1491 4 
714 5 1993 4 358 6 1484 7 
361 4 723 5 303 3 1481 5 
360 4 722 5 1480 5 1742 8 
1439 8 2159 8 371 7 363 8 
1438 5 2158 5 362 8 1602 6 
146 4 365 6 1433 6 586 4 
364 6 1432 7 1407 6 366 4 
1431 2 2166 2 367 2 365 4 
368 6 366 2 1430 6 2360 2 
369 7 367 6 2370 6 1437 5 
2369 4 368 7 1436 5 370 4 
1435 4 167 4 371 3 369 4 
1434 3 362 7 370 3 166 4 
373 5 1856 7 790 11 2314 7 
789 3 1857 4 372 5 376 1 
787 3 377 2 1852 2 375 5 
1853 9 380 4 786 6 374 5 
1854 6 377 1 373 1 785 3 
374 2 376 1 784 4 1855 5 
1848 3 783 2 379 4 381 7 
1849 5 782 5 2062 4 378 4 
375 4 1850 3 381 6 781 3 
380 6 1851 6 780 7 378 7 
2111 2 2198 4 2200 2 2485 7 
2107 1 823 3 2481 4 328 6 
619 4 385 8 4 4 340 5 
386 10 3 11 384 8 339 10 
2 6 385 10 387 6 342 6 
341 4 1 7 386 6 
2479 4 2206 5 328 9 2109 7 
392 8 1770 5 390 7 599 8 
1294 4 389 7 598 5 1769 3 
603 3 392 6 1762 5 394 5 
391 6 389 8 602 8 1761 5 
396 7 601 3 1764 2 394 3 
1763 5 600 4 391 5 393 3 
396 9 607 6 398 5 1766 4 
395 9 393 7 606 8 1765 10 
398 6 1768 4 605 9 400 4 
397 6 604 4 1767 3 395 5 
1758 2 1768 1 583 4 2249 3 
356 5 1244 3 397 4 
2249 3 1792 1 1766 2 402 3 
1765 6 401 3 403 9 1791 5 
1764 8 1794 7 402 9 404 10 
1763 6 405 6 1793 5 403 10 
1796 7 1762 5 404 6 406 5 
1761 4 1795 6 407 7 405 5 
408 7 1770 5 1782 7 406 7 
1280 4 1781 4 407 7 1769 3 
1468 5 601 6 416 4 410 5 
411 4 1469 5 409 5 600 3 
603 3 410 4 1466 5 412 4 
1467 6 602 6 411 4 417 3 
414 6 526 3 605 8 1464 3 
413 6 604 5 415 5 1465 10 
1462 4 414 5 416 2 607 5 
1463 3 409 4 415 2 606 2 
599 5 412 3 418 4 1460 3 
598 5 1461 7 1210 4 417 4 
2345 7 2244 8 420 8 2351 7 
2350 4 427 7 419 8 2243 6 
2349 6 424 7 2246 6 2345 6 
468 2 1337 7 
424 5 2240 3 2355 5 426 5 
2239 6 423 5 2354 4 421 7 
1339 4 2242 3 2353 5 426 4 
2352 3 2241 6 423 5 425 4 
420 7 2248 7 2347 9 428 7 
220 3 2346 4 2247 4 427 7 
430 2 1551 2 494 2 1327 4 
429 2 1550 5 493 4 435 7 
1542 5 432 7 438 4 504 7 
503 7 433 9 431 7 1541 9 
1544 6 502 9 432 9 434 6 
1543 4 1898 6 501 3 433 6 
508 6 1546 8 436 8 430 7 
437 5 507 5 435 8 1545 4 
436 5 1548 7 506 5 438 5 
505 4 431 4 437 5 1547 6 
1836 6 1782 6 440 7 446 6 
1500 7 1835 5 1781 5 439 7 
1827 4 444 3 442 6 1792 3 
1826 6 447 5 1791 6 441 6 
583 8 444 5 1373 9 1829 7 
1828 3 582 4 441 3 443 5 
448 6 1796 8 446 6 1831 5 
1830 3 439 6 445 6 1795 6 
1833 4 442 5 1794 2 448 4 
1793 4 445 6 1832 5 447 4 
454 6 1847 5 1836 7 450 8 
1846 8 1835 5 1119 7 449 8 
1839 8 458 6 452 5 1833 5 
1832 5 1838 4 453 6 451 5 
454 5 452 6 1831 5 1841 6 
449 6 453 5 1840 5 1830 2 
1843 3 669 3 1829 3 456 6 
1842 8 457 9 1828 8 455 6 
1845 5 456 9 1827 5 458 7 
1826 6 451 6 1844 8 457 7 
460 3 567 4 
459 3 566 5 2483 6 
2486 4 2066 5 464 3 2461 6 
2474 7 2483 8 568 8 677 7 
466 5 464 3 2069 4 2459 6 
2458 3 463 3 2068 3 461 3 
2457 5 467 3 2071 6 466 4 
2070 3 463 5 2456 6 465 4 
2455 2 2067 5 465 3 
422 2 892 4 1637 3 
472 5 470 7 512 3 
511 10 469 7 1525 7 1691 8 
510 6 472 6 
469 5 509 7 471 6 
1580 10 482 9 474 7 1557 9 
1579 3 475 3 1556 5 473 7 
476 4 474 3 1555 3 1582 5 
475 4 1581 5 1554 6 477 4 
1584 3 476 4 1561 2 478 3 
1560 5 1583 4 479 3 477 3 
1586 4 478 3 1559 5 480 6 
1558 6 940 7 1585 8 479 6 
1563 8 482 8 863 6 1578 8 
473 9 481 8 1577 5 1562 9 
486 1 846 4 484 4 154 2 
153 4 172 6 483 4 489 6 
486 4 175 5 152 6 492 4 
485 4 151 3 483 1 174 6 
733 6 169 6 490 7 488 7 
732 6 168 5 770 3 487 7 
148 4 171 5 490 5 484 6 
147 5 489 5 170 4 487 7 
145 4 850 5 2384 6 492 2 
144 1 848 3 485 4 491 2 
1596 6 430 4 494 4 508 3 
1595 5 1247 4 429 2 493 4 
861 3 103 5 496 3 2151 6 
497 4 860 5 2152 4 495 3 
496 4 2149 6 498 4 867 4 
2150 3 499 4 866 8 497 4 
865 3 498 4 500 4 
499 4 131 4 864 5 
1588 2 434 3 2260 2 502 6 
1587 10 433 9 503 7 501 6 
432 7 502 7 1590 4 504 7 
1589 7 505 7 503 7 431 7 
506 4 1592 3 504 7 438 4 
505 4 437 5 507 5 1591 4 
1594 5 506 5 436 5 508 3 
435 6 1593 3 493 3 507 3 
510 7 577 6 512 5 472 7 
513 6 509 7 576 6 471 6 
470 10 2105 7 579 8 512 6 
469 3 509 5 511 6 578 3 
510 6 575 6 
517 5 841 2 695 3 515 2 
840 4 514 2 549 1 694 4 
839 8 697 8 517 9 519 9 
696 4 514 5 516 9 838 6 
519 7 699 7 521 6 837 7 
518 7 836 9 698 6 516 9 
523 7 701 4 835 4 521 5 
518 6 700 4 834 4 520 5 
2195 5 523 8 2417 5 703 6 
522 8 520 7 702 5 845 5 
1414 6 88 8 1478 7 90 8 
1805 6 1906 4 1341 3 1065 2 
1244 3 413 3 
139 6 835 7 875 8 528 7 
834 3 874 2 529 4 527 7 
837 6 873 5 530 6 528 4 
836 9 872 6 529 6 272 5 
2233 3 532 5 1451 4 538 4 
1450 4 531 5 2232 4 1195 9 
877 2 534 4 841 1 273 1 
840 7 533 4 876 4 82 5 
540 2 536 3 1446 5 
535 3 2235 2 537 4 1445 2 
538 5 1444 5 2237 5 536 4 
537 5 1443 6 2236 4 531 4 
688 6 871 2 139 1 2195 2 
535 2 1447 3 
1594 4 1620 6 542 7 544 2 
550 8 1593 8 541 7 1619 7 
1622 5 544 1 1592 2 546 3 
1591 2 543 1 1621 4 541 2 
1624 7 548 8 1590 7 546 7 
543 3 1623 3 1589 4 545 7 
1588 7 1626 8 548 9 
1625 5 545 8 1587 8 547 9 
1409 6 551 3 1471 2 515 1 
327 4 1618 4 542 8 1596 6 
549 3 86 4 1408 4 1470 5 
2202 6 553 3 2154 7 555 2 
2153 4 552 3 842 5 2201 4 
2204 5 556 6 555 3 2152 4 
2151 6 2203 3 552 2 554 3 
2197 8 554 6 2149 8 
1291 3 1657 4 926 5 798 4 
559 7 95 7 561 6 197 6 
558 7 196 6 94 6 
561 6 97 8 195 8 563 7 
96 5 558 6 560 6 194 5 
704 7 99 5 193 5 563 6 
98 3 562 6 192 4 560 7 
1993 3 714 4 7 5 565 4 
6 3 564 4 
569 6 567 6 460 5 1140 6 
1139 7 566 6 459 4 
569 7 462 8 1138 6 343 8 
566 6 568 7 1137 5 2483 7 
1918 8 572 8 
1035 3 573 5 1882 3 2250 5 
1915 7 570 8 
1034 5 571 5 1881 7 1783 5 
2095 5 1894 5 792 2 108 5 
2295 5 576 6 513 6 
575 6 577 5 510 6 2299 4 
576 5 509 6 2298 7 578 4 
579 5 577 4 512 3 2297 2 
2296 5 578 5 511 8 2488 8 
581 5 2500 5 1967 5 119 3 
580 5 2499 4 1966 4 114 6 
444 4 583 7 1792 4 2249 6 
443 8 582 7 399 4 2228 5 
728 4 585 5 675 5 1040 5 
674 6 584 5 
298 2 587 3 364 4 1243 4 
2001 2 586 3 592 3 1242 3 
595 7 1997 8 1237 6 589 3 
1996 2 1236 4 590 4 588 3 
1235 7 591 5 1999 6 589 4 
590 5 1234 6 1998 3 735 3 
1241 4 593 6 1605 3 587 3 
1992 9 592 6 594 6 1240 8 
1239 2 1995 7 595 6 593 6 
588 7 594 6 1994 6 1238 6 
597 8 618 3 2050 6 1361 7 
596 8 2002 7 2049 7 1075 9 
599 6 418 5 390 5 2253 8 
598 6 417 5 602 8 389 8 
603 2 394 4 601 4 410 3 
409 6 606 4 393 3 600 4 
412 6 599 8 392 8 603 5 
391 3 411 3 600 2 602 5 
605 7 607 5 398 4 414 5 
1244 8 604 7 397 9 413 8 
607 5 601 4 396 8 416 2 
604 5 606 5 395 6 415 5 
609 7 1724 7 1679 6 979 8 
608 7 612 9 978 7 1678 4 
975 6 613 6 611 4 1683 6 
974 1 610 4 1682 2 616 3 
977 7 613 8 1681 7 609 9 
610 6 1680 7 976 9 612 8 
617 7 1606 4 1687 7 971 2 
1806 7 1062 7 2044 7 618 5 
617 8 611 3 1685 5 973 6 
616 8 614 7 1684 6 972 8 
596 3 2043 3 615 5 1061 3 
384 4 2319 6 325 3 620 2 
621 4 2318 4 619 2 156 4 
620 4 2313 5 622 6 163 6 
2312 4 621 6 623 6 162 7 
624 8 622 6 165 7 2311 7 
623 8 2310 8 164 9 625 7 
159 3 2317 7 624 7 626 5 
158 5 627 6 2316 3 625 5 
626 6 161 5 628 5 2315 7 
627 5 160 4 790 8 2314 4 
630 3 961 2 921 6 636 5 
631 3 629 3 960 5 920 4 
630 3 632 3 919 4 963 4 
918 5 631 3 962 2 637 4 
634 5 1029 5 925 7 965 4 
964 4 633 5 635 8 924 5 
967 11 636 9 923 8 634 8 
635 9 629 5 966 7 922 6 
638 6 969 6 632 4 917 7 
968 6 637 6 916 6 1108 4 
640 8 1731 10 1721 8 1275 8 
639 8 647 8 1720 5 1730 6 
1725 3 642 4 1713 5 644 5 
1679 6 641 4 1724 7 1712 7 
646 3 1723 2 644 5 1715 2 
643 5 1722 6 1714 10 641 5 
648 5 1717 7 646 6 1729 5 
643 3 1728 6 645 6 1716 7 
640 8 1727 8 1719 8 648 6 
645 5 1718 2 1726 5 647 6 
1731 7 1741 3 650 4 
655 6 1740 7 649 4 1730 5 
1739 6 652 6 658 3 1723 4 
651 6 1738 5 653 5 1722 5 
654 3 1737 3 1725 4 652 5 
979 6 653 3 1724 5 1736 7 
656 7 650 6 1727 7 1735 7 
657 6 655 7 1734 9 1726 7 
656 6 658 3 1729 4 1733 4 
1732 1 657 3 651 3 1728 4 
687 4 2420 3 664 4 660 5 
2419 4 686 6 661 4 659 5 
2418 5 660 4 662 2 689 3 
2195 3 2417 3 661 2 688 7 
664 6 2422 7 693 7 
663 6 659 4 692 5 2421 4 
1259 6 666 2 
1258 4 667 3 665 2 
1257 4 668 5 666 3 
667 5 674 7 1256 8 
670 4 1006 6 1628 3 455 3 
1005 3 669 4 1627 4 671 3 
670 3 1630 5 1002 4 672 2 
1001 2 673 1 671 2 
1004 4 672 1 
585 6 675 6 668 7 23 6 
674 6 584 5 2234 8 2294 5 
677 5 344 4 969 5 683 5 
676 5 968 6 343 7 462 7 
681 7 1924 5 967 8 679 3 
684 3 966 4 678 3 1923 2 
1427 6 965 5 681 8 1927 5 
964 6 680 8 349 6 678 7 
352 5 685 5 683 6 963 5 
682 6 351 6 962 4 676 5 
354 5 685 5 961 3 679 3 
684 5 353 5 682 5 960 6 
660 6 689 5 687 5 1350 5 
1349 3 659 4 692 5 686 5 
689 8 539 6 662 7 1348 7 
688 8 1347 5 686 5 661 3 
1346 4 691 5 693 5 
690 5 1345 7 
693 6 687 5 1344 4 664 5 
692 6 690 5 663 7 1343 6 
1927 5 1409 9 695 5 515 4 
696 2 349 3 514 3 694 5 
517 4 1924 3 695 2 697 3 
698 5 1923 4 516 8 696 3 
354 5 699 6 697 5 519 6 
698 6 518 7 700 5 353 6 
701 3 521 4 699 5 352 4 
700 3 520 4 351 4 702 2 
703 3 344 3 701 2 523 5 
702 3 1138 4 522 6 343 6 
562 7 2377 8 2494 8 705 6 
712 6 2376 9 2493 4 704 6 
2502 5 707 4 2385 4 709 3 
850 5 2501 4 706 4 2384 6 
711 4 709 3 2387 5 2500 5 
2499 2 2386 3 706 3 708 3 
2498 7 713 7 2381 8 711 6 
2497 4 2380 6 708 4 710 6 
2383 7 705 6 2496 5 713 6 
2495 3 710 7 712 6 2382 3 
564 4 359 5 2353 5 1491 3 
2133 6 1490 5 341 5 
340 6 2136 4 894 5 717 7 
1490 6 339 8 2135 7 716 7 
1745 7 1493 5 2349 5 719 9 
718 9 2348 6 1744 7 720 9 
721 4 1743 5 2351 5 719 9 
1742 6 722 3 720 4 2350 2 
361 5 721 3 2347 7 723 6 
360 5 2346 5 1402 7 722 6 
725 2 727 2 129 3 
724 2 127 4 
729 2 727 1 2040 3 
724 2 726 1 1338 5 
584 4 2294 4 729 3 1212 4 
109 3 726 2 1213 2 728 3 
858 4 731 4 
149 6 857 8 730 4 
733 5 488 6 2132 5 982 7 
487 6 732 5 983 2 147 4 
1808 4 1677 6 735 3 1817 2 
1816 4 734 3 591 3 1807 4 
1825 4 1677 8 1802 6 739 7 
150 6 743 6 1991 6 854 9 
739 7 1823 6 741 6 1804 6 
738 7 1822 8 1803 4 736 7 
1798 3 1689 3 741 4 1821 5 
740 4 1820 6 738 6 1797 7 
940 3 1558 2 1901 3 
737 6 744 4 1601 4 853 5 
852 3 743 4 2000 3 745 2 
851 7 1603 3 142 6 744 2 
747 6 2116 3 2177 4 755 5 
2176 5 746 6 2115 7 748 5 
2118 7 2175 6 747 5 749 5 
750 4 2174 7 2117 5 748 5 
749 4 2463 4 2181 1 751 4 
2462 5 752 4 2180 8 750 4 
2122 1 2179 7 753 1 751 4 
2121 3 2178 7 752 1 1013 2 
2173 3 2454 3 2289 4 755 4 
2448 7 746 5 2172 3 754 4 
757 3 1753 6 1814 7 1823 5 
756 3 1822 5 758 3 1752 1 
757 3 1751 6 759 6 1825 3 
1834 6 1750 5 758 6 1824 7 
1819 6 1757 8 1050 8 761 6 
1813 4 1756 6 1818 4 760 6 
2209 3 763 4 765 5 1529 5 
1528 6 762 4 1606 4 849 5 
765 3 767 3 1534 3 852 3 
764 3 1533 4 762 5 851 8 
767 6 1837 5 1532 5 854 10 
764 3 766 6 853 4 1531 6 
1837 2 1536 1 856 4 
1834 7 1221 9 1748 6 1816 7 
2132 2 488 3 2454 2 771 3 
2448 7 778 3 2131 4 770 3 
773 6 775 4 2122 4 2124 6 
2486 4 772 6 2121 5 2123 7 
2463 8 777 8 2126 8 775 5 
2125 6 772 4 2462 2 774 5 
2128 6 779 5 2118 8 777 6 
774 8 2127 6 2117 5 776 6 
2116 1 779 3 771 3 2130 5 
2115 6 778 3 776 5 2129 4 
783 2 781 4 381 7 2469 7 
786 5 780 4 380 3 2468 5 
905 3 783 3 379 5 2471 6 
780 2 2470 3 782 3 378 2 
787 5 785 6 2465 5 377 4 
789 5 784 6 2464 6 376 3 
787 4 2467 3 781 5 375 6 
374 3 2466 4 786 4 784 5 
981 7 791 8 144 5 1316 7 
790 9 373 3 2473 6 785 5 
789 9 372 11 2472 9 628 8 
1520 5 145 6 788 8 1315 6 
2357 4 1931 4 285 3 574 2 
153 2 326 5 985 3 794 5 
980 5 1309 5 154 5 793 5 
910 3 796 6 802 4 2164 3 
909 7 795 6 797 9 2163 7 
798 6 796 9 908 5 157 7 
797 6 2165 4 907 6 557 4 
804 8 800 6 914 4 2168 6 
799 6 913 5 801 5 2167 5 
912 3 802 6 800 5 2170 5 
2169 5 795 4 801 6 911 7 
2471 4 804 5 2161 4 905 1 
799 8 803 5 904 8 2160 7 
2170 8 806 6 2175 10 808 6 
811 4 2174 4 805 6 2169 2 
2168 4 808 2 2177 3 2008 5 
2167 3 807 2 2176 2 805 6 
157 6 812 7 810 6 2179 9 
2165 5 1674 7 809 6 2178 10 
806 4 2164 6 812 8 2181 4 
811 8 2180 9 2163 6 809 7 
2309 4 1709 2 814 3 1800 6 
815 8 1708 3 1799 3 813 3 
814 8 816 11 1798 8 1711 10 
815 11 2007 7 1797 9 1710 5 
2148 6 2008 6 2161 6 2173 4 
1704 5 1803 3 819 5 2007 5 
820 4 1802 5 1707 4 818 5 
1706 3 819 4 1984 5 1801 5 
1086 3 831 3 822 6 951 4 
950 5 1293 7 1085 7 821 6 
383 3 2108 4 2480 4 2199 4 
327 4 825 6 1080 4 957 6 
826 5 1079 7 824 6 956 8 
959 4 825 5 1078 2 827 6 
1077 7 958 8 828 6 826 6 
1084 2 827 6 953 4 829 3 
952 4 830 5 828 3 1083 3 
831 5 1082 7 955 5 829 5 
830 5 821 3 954 2 1081 5 
2221 6 906 6 1329 8 96 7 
1629 8 1935 10 36 7 105 8 
837 5 528 3 835 3 521 4 
845 2 834 3 520 4 527 7 
530 9 519 9 837 9 839 8 
834 5 529 6 518 7 836 9 
841 3 517 6 839 5 273 3 
516 8 838 5 836 8 272 4 
534 7 841 4 515 4 1471 5 
838 3 514 2 840 4 533 1 
63 7 73 5 173 7 553 5 
844 9 1444 6 2093 6 2285 6 
1443 9 843 9 2210 10 2092 9 
139 1 835 2 2195 2 523 5 
2292 4 172 6 174 9 483 4 
1751 6 1866 3 1868 5 2190 7 
2284 7 492 3 175 4 850 6 
2209 4 143 7 763 5 970 5 
707 5 491 5 2283 5 848 6 
745 7 852 8 2209 6 765 8 
744 3 853 4 764 3 851 8 
852 4 854 8 767 4 743 5 
855 7 853 8 737 9 766 10 
150 4 1837 2 854 7 856 4 
857 8 855 4 768 4 149 6 
856 8 858 8 731 8 
857 8 730 4 
864 4 1514 4 131 3 
867 5 861 5 496 5 1566 4 
860 5 1449 6 495 3 862 5 
1455 4 103 7 863 4 861 5 
481 6 1452 3 100 5 862 4 
859 4 1441 6 865 4 500 5 
1440 7 499 3 866 7 864 4 
867 8 498 8 1537 6 865 7 
860 5 1442 4 866 8 497 4 
1903 4 1635 3 1790 4 869 5 
888 6 1789 5 1902 7 868 5 
139 2 875 4 2217 3 871 3 
1203 3 539 2 1348 3 870 3 
873 5 1206 4 530 6 879 4 
1207 5 872 5 529 5 874 3 
1204 1 528 2 875 3 873 3 
870 4 1205 3 527 8 874 3 
1210 2 877 2 1461 5 534 4 
876 2 533 2 1211 4 878 6 
879 6 1208 7 273 5 877 6 
878 6 872 4 272 3 1209 4 
1631 7 882 4 
1633 4 892 6 1362 3 882 4 
891 2 881 4 1632 5 880 4 
884 5 1969 7 165 6 886 5 
883 5 889 7 1968 3 164 7 
1971 4 886 5 895 5 163 5 
885 5 162 7 1970 5 883 5 
161 4 1965 7 5 5 890 5 
893 6 869 6 1788 6 1905 6 
1967 7 884 7 890 7 159 5 
158 5 1966 4 889 7 887 5 
882 2 892 4 
1020 6 881 6 891 4 468 4 
888 6 1904 5 1885 4 1787 4 
716 5 895 4 1962 3 325 3 
885 5 156 6 1961 4 894 4 
234 3 897 2 2296 2 2119 2 
896 2 898 6 2297 2 233 5 
232 7 899 9 2298 9 897 6 
898 9 2299 6 231 6 900 7 
2295 4 236 7 899 7 
1916 3 2368 6 1394 1 947 2 
1986 7 903 4 1143 5 1030 6 
902 4 1985 2 
905 4 914 4 2063 5 804 8 
904 4 782 3 803 1 2062 2 
832 6 1328 6 97 6 2226 4 
1291 5 908 5 798 6 2055 4 
909 3 907 5 797 5 2054 4 
796 7 908 3 910 4 2057 3 
795 3 909 4 911 6 2056 3 
912 4 910 6 2059 6 802 7 
911 4 913 3 801 3 2058 3 
912 3 2061 4 800 5 914 3 
2060 4 904 4 799 4 913 3 
2064 6 1075 5 2002 3 
638 6 1063 8 1085 5 917 7 
918 8 916 7 637 7 1086 6 
632 5 1081 7 917 8 919 6 
920 5 1082 6 631 4 918 6 
919 5 921 7 1083 4 630 4 
920 7 922 7 1084 5 629 6 
921 7 1077 5 923 5 636 6 
1078 3 922 5 635 8 924 5 
925 7 923 5 1079 6 634 5 
50 9 924 7 633 7 1080 6 
1658 6 1292 4 557 5 2282 5 
928 5 931 4 23 5 1598 4 
927 5 2234 8 1861 3 1597 7 
1599 6 932 8 1253 4 
931 7 2000 8 933 6 1257 8 
930 7 927 4 1256 6 1603 3 
1991 8 933 5 929 8 1259 10 
932 5 1258 3 1601 1 930 6 
935 10 1674 8 1013 6 2178 11 
934 10 1673 8 936 6 1012 7 
1670 2 1010 2 935 6 937 3 
1669 4 936 3 938 5 1009 7 
1008 3 1672 6 937 5 939 5 
1007 4 938 5 1671 5 
742 3 480 7 357 4 
2029 10 1483 8 944 7 942 6 
1482 4 2028 3 941 6 
2025 5 946 2 1489 1 944 3 
2024 4 1488 6 941 7 943 3 
948 5 946 4 1913 4 1487 7 
1486 4 943 2 945 4 1912 3 
948 4 1481 5 283 2 901 2 
947 4 1916 5 1480 5 945 5 
2471 4 996 1 2148 4 2161 4 
951 3 1255 2 822 5 
950 3 954 3 1254 5 821 4 
829 4 955 4 1252 5 953 5 
952 5 1251 3 828 4 958 6 
1250 2 955 2 951 3 831 2 
952 4 830 5 954 2 1249 4 
959 7 957 8 1248 5 825 8 
1595 7 956 8 1247 6 824 6 
959 6 827 8 1246 8 953 6 
1245 7 956 7 958 6 826 4 
963 6 630 5 961 4 685 6 
966 4 684 3 629 2 960 4 
963 3 969 4 632 2 683 4 
962 3 960 6 631 4 682 5 
681 6 967 7 634 4 965 3 
680 5 964 3 633 4 41 4 
961 4 679 4 636 7 967 9 
964 7 635 11 678 8 966 9 
638 6 677 6 2474 6 969 6 
962 4 637 6 676 5 968 6 
971 2 1606 4 1990 4 849 5 
972 3 1987 3 970 2 614 2 
973 6 1983 6 971 3 617 8 
972 6 1982 6 974 4 616 6 
611 1 1576 8 973 4 975 3 
610 6 976 9 974 3 1575 4 
975 9 613 9 1977 8 977 8 
612 7 978 5 1540 3 976 8 
977 5 609 7 979 8 2004 7 
654 6 978 8 2003 10 608 8 
794 5 981 4 1308 4 151 4 
980 4 1307 8 152 5 788 7 
1314 7 983 4 1088 5 732 7 
984 3 982 4 1313 2 733 2 
983 3 1312 6 985 4 147 5 
148 3 984 4 1311 6 793 3 
245 5 2442 7 987 4 1131 5 
2441 3 986 4 990 5 244 5 
989 8 993 7 247 7 2439 6 
988 8 246 5 2438 4 
991 5 2436 6 249 8 987 5 
990 5 248 3 992 5 2435 3 
993 6 991 5 251 8 2434 6 
992 6 988 7 250 5 2433 4 
1873 7 1418 6 1854 9 1428 5 
1876 7 999 6 1853 9 997 6 
2147 5 949 1 1936 3 2470 3 
1875 9 1418 5 1852 3 995 6 
999 6 1851 4 1878 6 1448 5 
998 6 1850 5 995 6 1877 5 
1976 4 1003 3 
672 2 1002 4 1972 3 1004 5 
1001 4 1005 4 671 4 1973 3 
1974 4 1004 5 1000 3 
673 4 1003 5 1975 6 1001 5 
670 3 1002 4 1006 5 1979 3 
669 6 1005 5 1980 6 1843 6 
939 4 2457 5 1008 2 
1009 5 938 3 2456 4 1007 2 
1008 5 1010 6 2459 8 937 7 
936 2 1009 6 2458 4 1012 3 
2039 8 44 10 52 7 1017 7 
1013 3 1010 3 2461 5 935 7 
2460 2 1012 3 934 6 753 2 
2039 6 54 8 43 6 
49 8 1018 8 1016 8 57 10 
56 6 48 3 2196 3 1015 8 
59 6 47 6 1011 7 1018 3 
58 4 46 3 1015 8 1017 3 
1024 6 1363 3 1638 6 1020 5 
892 6 1637 5 1362 3 1019 5 
1028 4 1022 2 1641 1 1356 5 
1021 2 1023 4 1355 4 1640 5 
1354 4 1022 4 1643 4 1024 6 
1642 8 1019 6 1353 7 1023 6 
1360 4 1645 5 1026 6 1164 5 
1027 7 1359 6 1025 6 1644 7 
1026 7 1358 6 1028 7 1647 6 
1021 4 1027 7 1646 7 1357 5 
633 5 41 5 2196 4 50 7 
1790 4 1351 4 1031 5 902 6 
1036 4 1789 5 1030 5 1352 6 
1349 3 1784 4 1033 6 1039 7 
1783 6 1350 6 1032 6 1034 6 
573 5 1035 3 1347 5 1033 6 
571 3 1203 2 1034 3 1348 2 
1031 4 1037 5 1345 5 1788 4 
1787 5 1346 6 1038 6 1036 5 
1039 7 1343 5 1786 5 1037 6 
1038 7 1344 6 1032 7 1785 7 
1212 5 584 5 
1044 3 1042 6 1183 3 2426 4 
1047 6 1182 8 2425 6 1041 6 
1181 4 2333 4 2428 6 1044 4 
1041 3 2427 5 1180 2 1043 4 
1046 3 1048 4 1179 3 2430 5 
1045 3 2429 3 1178 6 1049 5 
1048 4 1042 6 1177 6 2432 5 
1047 4 1045 4 1176 4 2431 5 
1050 6 1046 5 1175 4 2424 5 
1049 6 1174 5 2423 6 760 8 
1191 7 1052 8 1058 7 1177 9 
1176 5 1051 8 1053 7 1190 4 
1189 5 1179 5 1052 7 1054 5 
1059 4 1053 5 1178 6 1188 5 
1056 5 1195 7 1181 3 1450 2 
1180 4 1057 5 1194 6 1055 5 
1056 5 1058 4 1183 3 1193 4 
2211 5 1057 4 1051 7 1182 6 
1060 5 1187 9 1175 3 1054 4 
1059 5 1688 4 1174 5 1186 8 
1062 5 1361 7 1905 5 618 3 
1061 5 615 7 1904 5 1341 4 
1108 6 1230 9 1064 7 916 8 
1107 4 1063 7 1231 4 
1066 3 1909 4 1812 3 525 2 
1908 5 1065 3 1811 4 1067 5 
1810 7 1911 4 1068 7 1066 5 
1809 8 1067 7 1910 8 1273 8 
1072 5 2114 4 1070 4 1431 4 
2113 5 1634 4 1430 6 1069 4 
1214 3 1433 6 1072 5 2112 3 
1069 5 2111 4 1432 6 1071 5 
2110 5 1074 5 1435 6 1076 5 
1073 5 2109 5 2371 3 1434 3 
915 5 597 9 1903 5 1361 8 
2107 2 1634 4 1436 4 1073 5 
1084 3 827 7 922 5 1078 3 
923 3 1079 4 1077 3 826 2 
1078 4 825 7 1080 5 924 6 
1617 4 1079 5 925 6 824 4 
1082 7 1086 5 918 7 831 5 
830 7 1081 7 919 6 1083 5 
1084 2 1082 5 920 4 829 3 
1083 2 1077 3 828 2 921 5 
1230 6 1086 4 822 7 916 5 
1081 5 821 3 1085 4 917 6 
1094 4 2131 2 2182 3 1088 2 
2453 4 982 5 2132 3 1087 2 
2444 1 1090 4 1092 3 2125 6 
1095 10 1089 4 2443 8 2126 7 
2446 6 1092 5 1549 4 2123 7 
2124 5 2445 5 1091 5 1089 3 
2157 7 1094 9 1096 6 2129 7 
1093 9 1087 4 2447 4 2130 8 
1096 7 1090 10 2127 9 2450 7 
1095 7 1093 6 2128 4 2449 4 
1363 5 1098 8 2159 7 1100 9 
2158 6 1097 8 1633 5 1362 4 
1102 3 167 5 1100 7 1354 4 
166 7 1099 7 1353 8 1097 9 
1356 7 2370 4 1104 5 1102 3 
2369 2 1099 3 1101 3 1355 3 
1106 3 1358 5 2166 4 1104 5 
1357 4 1101 5 2360 3 1103 5 
146 2 1360 2 1106 1 138 2 
1103 3 1105 1 1359 3 1407 3 
2038 3 1064 4 1108 3 
1063 6 1107 3 638 4 2474 4 
1110 5 338 3 1676 4 
1109 5 1514 5 337 5 1117 6 
1112 6 334 4 1455 4 1114 4 
333 8 1111 6 1607 4 1452 5 
1566 4 336 5 1114 4 1116 4 
1113 4 1449 5 1111 4 335 5 
1116 8 1537 7 330 11 1118 8 
1115 8 329 2 1113 4 1442 3 
332 7 1441 7 1110 6 1118 5 
1117 5 331 3 1440 7 1115 8 
1448 5 1880 5 1849 6 450 7 
1121 6 1 7 
1120 6 1122 6 1815 5 2 6 
1121 6 1368 3 1123 3 3 7 
1261 2 1364 5 4 3 1122 3 
37 4 1946 6 1926 4 1932 4 
1130 4 14 7 1126 5 2248 5 
13 6 2247 4 218 6 1125 5 
1128 4 1134 7 2246 5 20 5 
1129 2 2245 4 19 5 1127 4 
1128 2 2244 4 1130 3 22 5 
1129 3 21 4 1125 4 2243 5 
1132 5 986 5 16 4 2242 4 
1131 5 2241 6 15 4 1133 5 
1134 6 18 4 1132 5 2240 3 
2239 7 1133 6 17 7 1127 7 
1921 4 1915 4 1732 2 
1901 3 1543 2 1898 4 
2418 7 1140 5 569 5 1138 4 
2417 3 703 4 568 6 1137 4 
1140 7 2420 6 567 7 1142 7 
1139 7 1137 5 2419 3 566 6 
2422 7 1142 6 
1141 6 1139 7 2421 4 
1351 3 902 5 
135 6 1151 6 1169 4 1145 8 
1274 6 1168 5 1146 7 1144 8 
1277 5 1167 7 1145 7 1147 5 
1152 6 1146 5 1166 8 1276 6 
1173 5 1271 6 1149 5 1702 4 
1150 7 1172 6 1148 5 1270 5 
1171 7 1151 8 132 7 1149 7 
1272 5 1144 6 1170 4 1150 8 
1165 5 1153 5 1147 6 140 5 
1360 3 138 3 1152 5 1164 4 
1712 6 1679 5 1155 5 13 6 
1160 6 1678 3 14 7 1154 5 
1157 7 1685 7 17 8 1163 6 
1156 7 1684 3 18 4 1158 5 
15 4 1159 6 1687 8 1157 5 
1158 6 1367 4 1686 5 16 5 
1161 4 21 6 1155 6 1681 5 
1160 4 22 4 1162 1 1680 5 
1683 3 1163 2 19 5 1161 1 
1682 3 20 3 1162 2 1156 6 
1505 4 1165 4 1153 4 1025 5 
1152 5 1504 3 1166 7 1164 4 
1167 10 1165 7 1147 8 1511 7 
1146 7 1166 10 1168 5 1510 7 
1169 1 1167 5 1145 5 1513 3 
1168 1 1512 1 1144 4 1170 2 
1171 3 1151 4 1507 4 1169 2 
1170 3 1150 7 1172 6 1506 5 
1509 5 1173 6 1149 6 1171 6 
1148 5 1386 8 1172 6 1508 4 
1050 5 1819 3 1060 5 1175 3 
1059 3 1049 4 1174 3 1178 5 
1048 4 1052 5 1177 6 1179 3 
1047 6 1176 6 1051 9 1182 8 
1179 6 1046 6 1054 6 1175 5 
1178 6 1053 5 1045 3 1176 3 
1056 4 1183 2 1044 2 1181 2 
1043 4 2171 3 1180 2 1055 3 
1042 8 1183 5 1058 6 1177 8 
1180 2 1057 3 1182 5 1041 3 
1185 5 63 6 2477 5 
1184 5 62 3 1192 3 
1187 12 2309 8 1800 10 1060 8 
1059 9 1186 12 2308 8 1188 10 
2301 5 1187 10 1189 5 1054 5 
1053 5 2300 5 1190 2 1188 5 
1189 2 1191 3 1052 4 2303 3 
1051 7 1190 3 2211 5 2302 5 
1185 3 61 5 
1194 5 2211 5 1057 4 2304 4 
2307 9 1193 5 1056 6 1195 8 
1194 8 2306 8 1055 7 532 9 
2326 6 1197 6 1199 8 2307 10 
2306 5 2216 7 1196 6 2325 7 
1199 5 2328 4 2305 4 1201 2 
1198 5 1196 8 2327 6 2304 6 
2330 6 2218 4 1201 4 2303 5 
2302 4 1200 4 2329 5 1198 2 
2301 2 2332 2 2218 2 2220 1 
871 3 1035 2 2250 4 2217 3 
874 1 1207 3 1205 1 2259 2 
2258 1 875 3 1204 1 2217 2 
1207 4 872 4 1209 4 2257 5 
2256 7 873 5 1204 3 1206 4 
878 7 2255 3 1211 5 1209 5 
1206 4 2254 4 1208 5 879 4 
876 2 2253 7 418 4 1211 4 
2252 4 877 4 1208 5 1210 4 
1213 3 1040 5 728 4 
729 2 1212 3 
1215 4 1071 3 1959 3 1243 3 
1214 4 1958 4 1218 10 1242 5 
1239 3 1217 8 1219 5 1957 6 
1216 8 1238 7 1222 7 1956 10 
1241 9 1219 9 1215 10 1955 10 
1954 4 1218 9 1240 6 1216 5 
1953 7 1223 3 1221 6 1235 5 
769 9 1952 5 1220 6 1234 9 
1217 7 1223 3 1951 4 1237 5 
1236 5 1220 3 1950 2 1222 3 
1265 6 1225 7 2440 6 2031 8 
2030 3 1224 7 1264 4 1226 7 
2033 6 1227 6 1263 8 1225 7 
1262 7 1226 6 1429 4 2032 4 
1229 9 1233 10 2035 8 1269 10 
2437 5 1228 9 2034 5 1268 5 
1231 6 1063 9 1085 6 1293 6 
1230 6 1064 4 
1364 8 2027 7 1261 5 1233 7 
1260 4 1228 10 2026 8 1232 7 
1816 7 591 6 1221 9 1235 8 
590 7 1236 7 1234 8 1220 5 
1235 7 1223 5 1237 7 589 4 
1238 5 588 6 1236 7 1222 5 
1239 2 1217 7 1237 5 595 6 
1240 4 1238 2 594 2 1216 3 
1239 4 1241 6 1219 6 593 8 
1218 9 592 4 1240 6 1242 4 
1243 4 1241 4 587 3 1215 5 
1433 6 1242 4 586 4 1214 3 
526 3 605 8 400 3 
959 7 1246 9 1325 6 1248 5 
1245 9 1251 5 958 8 1324 7 
494 4 1248 3 1327 6 957 6 
1326 3 1247 3 956 5 1245 5 
1252 5 1321 4 955 4 1250 4 
1254 4 954 2 1320 4 1249 4 
1252 3 1246 5 1323 2 953 3 
1251 3 1249 5 952 5 1322 5 
1259 6 929 4 
1250 4 1255 4 951 5 1319 3 
950 2 1254 4 1318 5 
1257 7 931 6 23 7 668 8 
667 4 1258 5 1256 7 930 8 
666 4 1257 5 933 3 1259 8 
665 6 1253 6 932 10 1258 8 
1233 4 1269 4 2318 5 1261 2 
1123 2 2319 5 1232 5 1260 2 
1227 7 1263 9 2314 8 1856 8 
1264 5 2315 7 1262 9 1226 8 
1263 5 2316 2 1225 4 1265 3 
2317 6 1266 4 1224 6 1264 3 
2440 4 1265 4 2310 6 1267 6 
2311 7 1266 6 2437 7 1268 7 
2312 5 1269 6 1267 7 1229 5 
2313 4 1260 4 1268 6 1228 10 
132 5 1271 6 1999 6 1149 5 
1148 6 1270 6 1988 4 1998 4 
135 5 1151 5 132 4 1997 8 
2272 6 1659 8 1297 7 1068 8 
1277 4 1995 7 1145 6 135 4 
133 5 309 5 240 7 639 8 
1277 6 140 5 1605 5 1147 6 
1274 4 1146 5 1276 6 1992 7 
1279 3 1662 2 1281 4 2271 3 
1661 4 1278 3 2270 5 1284 5 
408 4 1281 4 1664 5 2269 3 
1280 4 1663 3 1278 4 2268 5 
1283 5 1666 5 2267 8 1285 9 
1282 5 1297 4 1665 1 2266 3 
1668 4 2265 5 1279 5 1285 8 
2264 7 1667 9 1284 8 1282 9 
1290 6 1976 5 
1292 5 2282 6 1288 7 1973 5 
1287 7 1972 4 2281 3 1289 4 
1290 5 2280 3 1975 4 1288 4 
1289 5 1286 6 1974 6 2279 5 
1292 2 557 3 907 5 1980 4 
1287 5 1291 2 1979 2 926 4 
822 7 1230 6 
390 4 1664 5 2253 7 1295 3 
2252 3 1296 4 1663 2 1294 3 
229 7 2255 3 1295 4 1662 3 
1283 4 2273 6 1660 9 1273 7 
1668 3 1299 5 2257 6 229 7 
1298 5 1667 7 1300 6 2256 7 
1666 4 1301 7 1299 6 2259 5 
1300 7 2258 4 1302 6 1665 4 
1660 8 2251 5 1303 6 1301 6 
2250 6 1882 4 1302 6 1659 8 
263 6 2434 6 11 7 1310 5 
125 9 262 6 1696 9 268 8 
1310 8 2436 9 9 7 1340 10 
1308 8 1316 8 981 8 1382 6 
1307 8 980 4 1309 4 1381 4 
1384 4 1308 4 794 5 326 5 
1306 8 2435 3 8 5 1304 5 
1378 7 1312 8 985 6 326 8 
984 6 1377 5 1311 8 1313 5 
1314 5 983 2 1380 8 1312 5 
982 7 1313 5 2453 6 1379 6 
1386 9 1508 5 1316 5 791 6 
1307 8 1315 5 788 7 1385 5 
12 1 2439 2 263 3 
1319 4 338 4 1255 5 
1320 3 1318 4 337 3 1254 3 
332 6 1319 3 1250 4 1321 4 
1322 4 1249 4 1320 4 331 3 
330 7 1323 4 1321 4 1252 5 
1322 4 329 2 1251 2 1324 4 
1325 4 1323 4 336 5 1246 7 
1245 6 335 5 1324 4 1326 4 
1327 6 1248 3 334 4 1325 4 
1326 6 1247 6 333 8 429 4 
1331 4 1329 8 906 6 1647 6 
1328 8 1646 8 832 8 1334 6 
1645 4 1523 8 2225 4 1331 2 
2226 2 1328 4 1644 4 1330 2 
2223 5 1643 4 1333 3 1335 6 
1642 5 1332 3 1336 1 2224 6 
1335 5 2221 4 1641 2 1329 6 
1640 7 1334 5 1332 6 2222 6 
1337 6 2230 4 1333 1 1638 4 
1637 8 1336 6 2231 8 422 7 
1459 7 129 6 2040 7 727 5 
425 4 2442 7 1340 6 7 5 
2441 5 1339 6 6 5 1306 10 
525 3 1062 4 1806 4 1907 5 
2371 4 2119 4 234 5 1438 5 
1346 5 1038 5 693 6 1344 4 
1039 6 692 4 1349 2 1343 4 
1346 6 1352 7 691 7 1036 5 
690 4 1345 6 1343 5 1037 6 
1350 5 689 5 1034 5 1348 4 
1035 2 688 7 871 3 1347 4 
1032 3 687 3 1344 2 1350 3 
1347 5 1033 6 686 5 1349 3 
1143 3 1030 4 1352 5 
1351 5 1345 7 1031 6 
1363 4 1354 5 1024 7 1100 8 
1023 4 1353 5 1355 4 1099 4 
1356 7 1354 4 1022 4 1102 3 
1355 7 1101 7 1021 5 1357 6 
1104 4 1358 4 1356 6 1028 5 
1103 5 1357 4 1027 6 1359 5 
1360 4 1026 6 1106 3 1358 5 
1025 4 1153 3 1359 4 1105 2 
1061 7 1075 8 1902 9 596 7 
1363 1 881 3 1098 4 1020 3 
1362 1 1097 5 1353 4 1019 3 
1232 8 2208 6 1368 5 1123 5 
1630 5 1374 3 2229 3 
1529 8 1372 9 1367 6 244 9 
1159 4 1528 5 245 3 1366 6 
1815 2 1122 3 1364 5 2207 4 
1376 5 1370 5 250 6 1532 5 
1371 4 251 6 1369 5 1531 5 
1370 4 1372 6 1534 5 248 4 
1366 9 1533 5 1371 6 249 8 
443 9 1628 5 2228 6 1374 6 
2227 3 1627 4 1365 3 1373 6 
1376 3 1536 2 246 3 
1369 5 1375 3 1535 5 247 4 
1380 8 1312 5 1378 4 1711 5 
1311 7 1383 7 1377 4 1710 3 
1314 6 1709 3 2322 4 1380 9 
1377 8 1313 8 1708 8 1379 9 
1382 2 1707 3 1384 4 1308 4 
1381 2 1385 3 1706 2 1307 6 
1705 5 1378 7 1384 7 326 8 
1309 4 1381 4 1704 5 1383 7 
1382 3 1703 5 1386 9 1316 5 
1315 9 1173 8 1385 9 1702 7 
278 4 1396 8 2429 3 1388 7 
277 6 2430 9 1389 6 1387 7 
1390 3 280 7 1388 6 2431 3 
1389 3 279 7 2432 6 1391 3 
282 2 1392 2 1390 3 2425 2 
1391 2 1393 2 2426 4 281 5 
1392 2 1394 1 284 5 2427 4 
1393 1 2428 4 901 1 283 1 
2423 9 1865 9 276 7 1396 12 
1387 8 2424 8 1395 12 275 8 
297 11 1398 8 2366 6 1539 7 
1397 8 1403 3 296 5 1538 8 
1406 4 289 2 1400 2 306 2 
305 4 1399 2 288 4 1401 4 
291 6 304 5 1402 6 1400 4 
290 5 1401 6 723 7 303 5 
293 6 1404 6 302 3 1398 3 
1405 7 1403 6 301 9 292 6 
295 8 1404 7 1406 5 300 3 
299 5 1399 4 1405 5 294 6 
2166 4 146 4 365 6 1106 3 
40 5 1411 3 1409 7 551 4 
549 6 39 7 694 9 1408 7 
1413 5 1411 6 87 6 30 8 
29 4 1410 6 1408 3 86 3 
85 6 1413 5 1415 10 32 6 
1410 5 84 2 31 6 1412 5 
1417 5 524 6 34 5 1415 7 
90 9 33 9 1414 7 1412 10 
89 2 1417 4 
1414 5 88 7 35 5 1416 4 
1855 7 997 5 994 6 1874 4 
35 4 43 5 1420 4 
1421 3 34 5 1419 4 45 3 
1422 6 1420 3 44 6 33 5 
32 6 1421 6 47 9 1423 6 
1424 3 46 3 31 7 1422 6 
1423 3 1425 3 30 5 49 3 
1426 5 1424 3 48 3 29 4 
1427 6 1425 5 42 4 40 7 
680 6 1426 6 41 5 39 4 
1888 5 1857 5 1429 4 994 5 
1856 5 1227 4 1428 4 1887 5 
1431 6 1070 6 1437 5 367 6 
1430 6 366 2 1069 4 1432 5 
1433 7 365 7 1072 6 1431 5 
1432 7 1243 6 364 6 1071 6 
371 3 1435 4 1439 4 1074 3 
1434 4 1073 6 1436 5 370 4 
1435 5 1076 4 1437 3 369 5 
368 5 1430 5 1436 3 1634 3 
363 5 2276 5 1342 5 1439 5 
362 8 2371 4 1434 4 1438 5 
865 7 1441 9 1537 6 1118 7 
1440 9 864 6 1514 6 1117 7 
867 4 1537 2 1566 3 1116 3 
844 9 538 6 1444 6 1451 6 
537 5 1445 3 1443 6 843 6 
1446 4 2285 3 1444 3 536 2 
1445 4 1447 6 2194 6 535 5 
1446 6 2183 4 540 3 
1119 5 1848 3 1879 2 998 5 
861 6 1114 5 1566 5 1455 5 
532 4 1451 3 2171 2 1055 2 
1443 6 1450 3 531 4 2210 7 
1563 5 1455 3 1112 5 863 3 
129 4 1454 5 1459 5 1872 7 
1871 5 1453 5 127 6 
1452 3 862 4 1111 4 1449 5 
1457 9 2294 5 1861 3 2234 8 
1456 9 109 8 1458 10 1858 8 
1870 4 2040 6 1457 10 1459 6 
1338 7 1453 5 1458 6 1867 4 
83 3 1467 6 417 3 1461 6 
876 5 82 6 418 7 1460 6 
1463 5 75 5 415 4 1465 9 
416 3 1462 5 1468 4 74 7 
1465 7 77 3 413 3 
1464 7 76 9 1462 9 414 10 
1469 6 411 5 1467 7 79 4 
412 6 1466 7 1460 6 78 7 
409 5 1463 4 81 2 1469 5 
1466 6 80 5 410 5 1468 5 
1475 4 1471 4 551 5 83 4 
82 3 549 2 1470 4 840 5 
81 6 1473 7 85 7 1479 7 
1472 7 84 3 1474 3 80 3 
87 3 1473 3 79 3 1475 3 
1470 4 86 3 78 4 1474 3 
89 6 1477 6 77 7 
1478 4 1476 6 76 4 88 5 
1477 4 75 5 524 7 1479 4 
90 5 74 6 1472 7 1478 4 
948 5 1481 6 361 5 1487 7 
206 5 947 5 1480 6 360 5 
942 4 1485 4 1483 6 1747 4 
1746 5 941 8 1488 7 1482 6 
1485 5 359 7 
358 4 1482 4 1484 5 
946 4 1743 4 1487 7 1489 3 
1742 10 1486 7 1480 7 945 7 
1489 4 1745 7 1483 7 944 6 
1744 2 1488 4 943 1 1486 3 
342 4 2134 6 717 6 715 5 
1492 3 714 3 358 4 2352 2 
1747 3 1491 3 2355 4 1493 3 
718 5 2354 3 1492 3 1746 3 
1888 5 1495 5 1499 5 2273 4 
2272 6 1494 5 1887 6 2046 4 
1876 6 2265 4 1497 5 1503 5 
1875 9 2264 5 1498 4 1496 5 
1499 5 2267 5 1874 3 1497 4 
1873 7 1498 5 2266 6 1494 5 
440 7 2269 5 1501 6 1880 5 
2268 5 1500 6 1502 7 1879 3 
1503 7 1878 7 1501 7 2271 6 
2270 6 1502 7 1877 5 1496 5 
1505 3 1165 3 1511 3 1524 3 
1523 8 1645 4 1504 3 1164 4 
1507 6 1509 4 1171 5 1522 5 
1506 6 1512 3 1521 4 1170 4 
1509 3 1315 5 1520 4 1173 4 
1172 5 1506 4 1508 3 1519 3 
1518 4 1513 5 1167 7 1511 4 
1504 3 1517 3 1166 7 1510 4 
1507 3 1169 1 1516 2 1513 3 
1510 5 1515 5 1168 3 1512 3 
1441 6 1110 5 859 4 1676 4 
1518 4 1516 4 2390 9 1513 5 
1981 7 1515 4 1521 3 1512 2 
1524 3 1518 3 2388 2 1511 3 
1515 4 1510 4 2389 3 1517 3 
2394 4 1522 4 1509 3 1520 4 
2395 5 791 5 1508 4 1519 4 
1507 4 1516 3 1522 3 2392 5 
1521 3 2393 2 1519 4 1506 5 
1505 8 1330 8 1524 8 2402 10 
1517 3 1523 8 1504 3 2403 4 
470 7 270 4 
312 6 2137 7 141 2 
1530 4 122 5 2070 4 2324 6 
763 6 1686 6 1367 5 1529 7 
1366 8 1533 4 1528 7 762 5 
1527 4 2071 5 
1532 5 1370 5 1534 6 767 6 
1535 5 1531 5 766 5 1369 5 
1534 4 1372 5 765 4 1529 4 
1533 4 764 3 1371 5 1531 6 
1376 5 1532 5 1536 4 1837 5 
768 1 1535 4 1375 2 
1115 7 1442 2 1440 6 866 6 
200 8 302 8 1539 7 1398 8 
2080 4 1538 7 199 3 1397 7 
2004 5 977 3 1977 3 1778 4 
432 9 1542 7 1616 9 1544 6 
431 5 1615 4 1547 7 1541 7 
434 4 1614 3 1544 4 1136 2 
433 6 1613 7 1543 4 1541 6 
1548 6 1612 3 436 4 1546 4 
1550 6 435 8 1611 5 1545 4 
1542 7 1610 4 1548 8 438 6 
1545 6 437 7 1609 7 1547 8 
113 3 1091 4 1553 3 2065 5 
1546 6 430 5 1608 7 1551 5 
429 2 1607 2 1550 5 333 6 
1639 4 210 4 1720 3 1675 5 
112 2 1549 3 2066 4 2323 5 
1610 4 476 6 1561 4 1555 5 
475 3 1556 5 1554 5 1609 4 
1557 7 474 5 1612 5 1555 5 
1562 9 1611 6 1556 7 473 9 
480 6 1614 3 1559 5 742 2 
1613 8 1558 5 1560 7 479 5 
478 5 1561 4 1559 7 1616 9 
1560 4 1554 4 477 2 1615 1 
1563 9 1557 9 482 9 1608 9 
1452 5 1607 4 481 8 1562 9 
228 6 1574 10 210 7 1565 6 
227 2 1564 6 209 5 254 2 
1113 4 1449 5 1442 3 860 4 
220 3 218 6 2247 4 1568 3 
1569 2 217 1 219 1 1567 3 
1568 2 1570 3 222 3 216 4 
221 4 1569 3 1571 7 215 5 
224 8 1572 8 1570 7 214 9 
1571 8 223 5 213 4 1573 5 
1574 8 212 6 226 4 1572 5 
225 6 211 8 1573 8 1564 10 
1977 3 1780 4 1576 9 975 4 
1982 10 1779 10 974 8 1575 9 
72 3 1578 5 482 5 1580 6 
100 7 1577 5 73 5 481 8 
66 3 474 3 1580 6 1582 5 
67 7 473 10 1579 6 1577 6 
476 5 64 5 1584 4 1582 6 
65 8 1579 5 475 5 1581 6 
478 4 1586 5 70 6 1584 4 
477 3 1581 4 71 4 1583 4 
1586 6 480 8 68 5 357 5 
479 4 1583 5 1585 6 69 5 
502 10 1588 6 1590 7 548 8 
501 2 547 7 1587 6 
1590 4 504 7 546 4 1592 3 
1589 4 1587 7 545 7 503 4 
544 2 1594 4 1592 3 506 4 
505 3 543 2 1591 3 1589 3 
542 8 508 3 1594 5 1596 6 
541 4 507 5 1591 4 1593 5 
494 5 1596 7 957 7 327 5 
1595 7 493 6 1593 6 550 6 
1775 7 143 8 928 7 1598 6 
142 6 1597 6 1603 3 927 4 
1600 3 1991 6 150 6 929 6 
1599 3 149 3 
933 1 1991 4 743 4 2000 3 
2276 6 1989 4 363 6 2261 4 
2000 4 745 3 931 3 1598 3 
1989 3 2263 6 2274 4 
1992 6 2001 2 592 3 1276 5 
1686 4 614 4 763 4 970 4 
1563 4 1112 4 1551 2 1608 4 
1611 6 1550 7 1607 4 1562 9 
1612 4 1610 3 1548 7 1555 4 
1554 4 1615 1 1609 3 1547 4 
1557 6 1612 4 1608 6 1546 5 
1611 4 1609 4 1545 3 1556 5 
1614 6 1559 8 1544 7 1616 10 
1613 6 1901 4 1558 3 1543 3 
1610 1 1542 4 1616 6 1561 1 
1615 6 1613 10 1541 9 1560 9 
1618 4 1080 4 327 4 50 7 
1617 4 550 4 1619 3 51 2 
1620 6 1618 3 56 6 542 7 
1619 6 1621 8 541 6 57 8 
58 6 1620 8 544 4 1622 8 
59 9 543 5 1623 5 1621 8 
546 3 1622 5 1624 3 52 2 
545 7 1625 4 53 5 1623 3 
548 5 1624 4 1626 4 54 6 
1625 4 55 5 547 8 
1374 4 670 4 1628 3 1630 6 
1829 3 669 3 1627 3 1373 5 
833 8 1928 5 110 5 274 4 
1365 5 671 5 1627 6 
880 7 1632 8 2263 8 
1633 5 882 5 1631 8 2262 6 
881 4 1098 5 1632 5 2261 2 
1070 4 1076 4 2108 4 1437 3 
868 3 2064 5 1986 4 
1639 4 1718 2 1648 7 212 5 
1337 8 1020 5 468 3 1638 6 
1019 6 1637 6 1642 8 1336 4 
1552 4 1719 6 1636 4 211 5 
1335 7 1643 5 1641 4 1022 5 
1021 1 1646 4 1640 4 1334 2 
1024 8 1333 5 1643 6 1638 8 
1640 5 1642 6 1332 4 1023 4 
1645 6 1647 6 1331 4 1026 7 
1505 4 1330 4 1644 6 1025 5 
1641 4 1329 8 1647 6 1028 7 
1644 6 1646 6 1027 6 1328 6 
1717 9 2503 8 213 7 1636 7 
1650 5 1714 7 216 4 1656 4 
1649 5 215 7 1715 5 2503 6 
1654 3 2280 3 1672 5 1652 4 
1651 4 1671 5 2279 4 
2282 4 1658 5 1670 4 1654 4 
2281 2 1651 3 1653 4 1669 3 
1656 5 1712 6 218 6 13 6 
1655 5 217 3 1649 4 1713 7 
557 4 1658 5 1674 6 2165 4 
926 6 1653 5 1657 5 1673 5 
1273 8 1660 10 1303 8 1910 8 
1665 6 1302 8 1297 9 1659 10 
1279 4 1662 3 1668 3 229 7 
1663 1 1278 2 1661 3 1296 3 
1662 1 1281 3 1664 4 1295 2 
1294 5 1663 4 1280 5 1769 4 
1660 6 1283 1 1301 4 1666 1 
1300 4 1667 5 1282 5 1665 1 
1299 7 1285 9 1666 5 1668 5 
1298 3 1284 4 1667 5 1661 3 
937 4 1670 3 1672 5 1654 3 
936 2 1669 3 1673 4 1653 4 
1672 6 1652 5 939 5 
1651 5 938 6 1671 6 1669 5 
1674 6 935 8 1670 4 1658 5 
1673 6 934 8 810 7 1657 6 
2139 5 1552 5 1721 7 209 7 
1514 4 1109 4 
1824 8 736 8 734 6 1801 8 
1155 3 1681 2 609 4 1679 3 
1154 5 642 6 608 6 1678 3 
613 7 1681 6 1683 7 1161 5 
612 7 1680 6 1160 5 1678 2 
611 2 1683 4 1163 3 1685 4 
1682 4 1162 3 1680 7 610 6 
1157 3 1687 6 617 6 1685 3 
1156 7 1684 3 616 5 1682 4 
1687 7 1606 4 1528 6 1159 5 
1686 7 1684 6 614 7 1158 8 
1060 4 1800 6 1819 2 1689 3 
740 3 1799 3 1818 5 1688 3 
271 5 1691 3 2106 4 1699 4 
270 5 2105 5 1690 3 470 8 
267 3 1926 2 1693 2 2100 1 
266 3 1692 2 2099 3 1694 4 
1693 4 269 5 2098 3 1695 6 
1696 8 2097 7 268 7 1694 6 
1695 8 2104 7 1697 8 1305 9 
2103 7 262 5 1696 8 1698 6 
265 3 1697 6 2102 4 1699 6 
2101 5 264 5 1698 6 1690 4 
2074 4 2084 3 2359 4 2361 3 
2361 4 2076 5 2363 3 2082 4 
1703 3 1148 4 1386 7 1988 2 
1984 6 1702 3 1706 4 1385 5 
818 5 1705 3 1384 5 1707 4 
1383 5 1710 1 1704 3 2007 3 
820 3 1707 3 1703 4 1382 2 
1381 3 1706 3 819 4 1704 4 
814 3 1709 2 1380 8 1711 5 
2219 8 813 2 1708 2 1379 3 
1705 1 1378 3 1711 4 816 5 
815 10 1377 5 1710 4 1708 5 
1154 6 1655 6 1713 8 642 7 
641 5 1712 8 1714 10 1656 7 
1649 7 644 10 1715 7 1713 10 
1650 5 1714 7 1716 6 643 2 
2503 7 1715 6 1717 8 646 7 
1648 9 645 7 1716 8 1718 4 
648 2 1636 2 1719 4 1717 4 
1720 5 1639 6 1718 4 647 8 
1719 5 640 5 1552 3 1721 5 
309 5 639 8 1675 7 1720 5 
644 6 1723 3 1725 4 652 5 
643 2 1722 3 651 4 1728 5 
1725 6 608 7 654 5 642 7 
1724 6 641 3 653 4 1722 4 
1727 7 648 5 1729 5 656 7 
1726 7 1730 6 655 7 647 8 
1729 5 646 6 1723 5 658 4 
1728 5 645 5 657 4 1726 5 
1731 8 1727 6 640 6 650 5 
1730 8 649 7 639 10 240 9 
658 1 1739 4 1733 2 1135 2 
1915 4 1734 7 657 4 1732 2 
656 9 1918 10 1733 7 1735 9 
1740 8 1917 4 1734 9 655 7 
1920 9 654 7 1737 7 2003 11 
1738 3 653 3 1919 2 1736 7 
1737 3 1922 4 652 5 1739 5 
651 6 1732 4 1921 6 1738 5 
1735 8 1741 6 650 7 1914 5 
1740 6 649 3 
721 6 1487 10 1743 7 361 8 
1486 4 1744 3 720 5 1742 7 
1489 2 1745 5 719 7 1743 3 
718 7 1744 5 1488 7 1746 5 
1483 5 1747 3 1745 5 1493 3 
358 4 1492 3 1746 3 1482 4 
1749 6 1859 3 769 6 1952 2 
1860 6 1748 6 1750 6 1834 7 
759 5 1866 2 1751 5 1749 6 
847 6 1752 4 1750 5 758 6 
1751 4 757 1 1868 3 1753 4 
756 6 1754 7 1869 5 1752 4 
1862 7 1755 6 1753 7 1814 8 
1863 7 1754 6 1813 6 1756 8 
1757 8 1864 9 1755 8 761 6 
1756 8 760 8 2423 6 1865 6 
399 2 1759 5 2228 3 356 6 
1758 5 2227 5 1760 7 355 5 
2229 5 1759 7 
406 4 1762 4 1770 2 392 5 
1761 4 1763 5 405 5 391 5 
394 5 1762 5 404 6 1764 4 
1765 5 403 8 393 2 1763 4 
1764 5 402 6 396 10 1766 5 
1767 2 401 2 1765 5 395 4 
1766 2 2249 3 1768 1 398 3 
397 4 1767 1 399 1 356 5 
1664 4 1770 1 408 3 390 3 
389 5 1761 2 407 5 1769 1 
1778 4 1772 4 2004 5 
2003 8 1920 6 1771 4 
1774 4 1983 5 1776 4 1870 2 
1779 5 1773 4 1982 5 1867 4 
1597 7 1990 5 1776 5 1861 3 
1987 5 1775 5 1773 4 1858 4 
1977 4 1778 5 1780 5 
1771 4 1777 5 1540 4 
1780 5 1576 10 1774 5 1872 7 
1871 5 1779 5 1575 4 1777 5 
408 4 1782 4 440 5 2269 3 
1795 6 1781 4 439 6 407 7 
1033 6 1784 4 1884 5 573 5 
1785 4 1783 4 1032 4 1883 2 
1784 4 1886 3 1039 7 1786 5 
1787 4 1038 5 1785 5 1885 4 
1786 4 1037 5 893 4 1788 4 
888 6 1789 5 1787 4 1036 4 
1031 5 1790 4 1788 5 869 5 
1030 4 1789 4 1986 5 868 4 
402 5 442 6 1794 3 1792 3 
401 1 582 4 441 3 1791 3 
1794 2 448 4 1796 6 404 5 
1793 2 403 7 447 2 1791 3 
1782 6 406 6 1796 8 446 6 
1793 6 1795 8 405 7 445 8 
1798 6 816 9 741 7 1804 7 
740 3 1797 6 815 8 1799 3 
1689 3 1798 3 814 3 1800 6 
1688 6 1186 10 1799 6 813 6 
1802 6 1808 6 820 5 1677 8 
1801 6 1803 3 819 5 736 6 
1802 3 1804 3 739 4 818 3 
1803 3 2007 5 1797 7 738 6 
525 6 1806 7 2042 7 1812 7 
615 7 2041 4 1805 7 1341 4 
1998 4 1988 4 1808 5 735 4 
1801 6 734 4 1807 5 1984 6 
2046 4 1810 8 2272 6 1068 8 
1809 8 1811 6 1067 7 2045 7 
2048 5 1812 4 1810 6 1066 4 
2047 5 1811 4 1065 3 1805 7 
761 4 1821 7 1755 6 1814 8 
1820 8 756 7 1754 8 1813 8 
1368 2 1121 5 
735 4 1234 7 1817 3 769 7 
1824 4 1816 3 1834 3 734 2 
1819 4 1821 7 1689 5 761 4 
1174 3 1818 4 760 6 1688 2 
1814 8 741 6 1821 7 1823 6 
1813 7 1818 7 740 5 1820 7 
1823 7 1825 5 739 8 757 5 
738 6 1822 7 756 5 1820 6 
1677 8 1825 4 1817 4 759 7 
736 4 1824 4 1822 5 758 3 
1827 4 442 6 1833 5 458 6 
1826 4 441 4 1828 4 457 5 
444 3 456 8 1829 5 1827 4 
1628 3 455 3 1828 5 443 7 
1836 3 1831 2 446 3 454 2 
1830 2 1832 4 445 5 453 5 
452 5 1831 4 448 5 1833 5 
1826 5 447 4 451 5 1832 5 
769 7 759 6 1817 3 1749 7 
440 5 1880 3 450 5 1836 4 
439 6 1830 3 1835 4 449 7 
855 2 768 2 766 5 1535 5 
452 4 2058 4 1839 7 1841 4 
1844 10 451 8 1838 7 2059 8 
2060 7 1841 6 1847 4 454 5 
1840 6 2061 4 453 6 1838 4 
1843 5 456 8 2054 5 1845 4 
1842 5 455 3 2055 3 1006 6 
1839 10 2056 5 458 8 1845 6 
2057 3 457 5 1842 4 1844 6 
1849 7 450 8 1847 5 2062 6 
449 5 1846 5 1840 4 2063 2 
1851 2 1448 3 378 3 1849 4 
379 5 1846 7 1119 6 1848 4 
1853 8 380 3 999 5 1851 3 
998 4 1848 2 381 6 1850 3 
1855 5 374 2 1853 6 997 3 
375 9 1850 8 1852 6 995 9 
376 6 1855 10 1857 9 994 9 
1418 7 1852 5 1854 10 377 5 
1429 5 1857 6 372 7 1262 8 
373 4 1856 6 1428 5 1854 9 
1861 2 1870 2 1457 8 1776 4 
1860 3 2022 3 2193 5 1748 3 
1749 6 1859 3 2192 4 1866 2 
1858 2 928 3 1456 3 1775 3 
2187 5 1754 7 1869 5 1863 8 
1755 7 1864 8 1862 8 2186 8 
2185 5 1863 8 1756 9 1865 7 
1395 9 2184 4 1864 7 1757 6 
847 3 1750 2 2191 5 1860 2 
1870 2 1459 4 1774 4 1872 6 
1869 4 2189 4 847 5 1752 3 
1868 4 2188 5 1862 5 1753 5 
1858 2 1458 4 1867 2 1773 2 
1780 5 1454 5 1872 7 
1779 7 1871 7 1867 6 1453 7 
1874 5 994 7 1499 7 1888 7 
1873 5 1498 3 1418 4 1875 8 
1497 9 997 9 1876 10 1874 8 
1496 6 1875 10 995 7 1877 6 
1878 5 1503 5 999 5 1876 6 
1879 3 1877 5 1502 7 998 6 
1878 3 1448 2 1501 3 1880 2 
1835 3 1119 5 1500 5 1879 2 
573 7 1882 5 1911 6 1884 7 
1303 4 1881 5 571 3 1910 4 
1909 4 1884 3 1886 1 1784 2 
1883 3 1783 5 1908 5 1881 7 
893 4 1907 5 1886 2 1786 4 
1883 1 1785 3 1906 3 1885 2 
1888 6 2032 5 1495 6 1429 5 
1428 5 1873 7 1494 5 1887 6 
2002 3 2049 3 2208 4 
105 5 1891 5 1897 7 
1892 3 104 3 1890 5 
107 5 1891 3 1893 5 
106 6 26 4 1899 5 1892 5 
1895 5 2335 5 28 7 574 5 
1894 5 1896 3 27 2 108 5 
1897 5 111 6 1895 3 
1896 5 1890 7 110 7 
2260 5 434 6 1136 4 
102 4 25 5 1893 5 1900 4 
101 4 24 3 2053 4 1899 4 
1614 4 1136 3 742 3 
1903 6 1905 7 869 7 1361 9 
1902 6 868 4 2064 6 1075 5 
893 5 1907 6 1062 5 1905 5 
1902 7 1061 5 888 6 1904 5 
1907 6 525 4 1886 3 1909 6 
1906 6 1904 6 1885 5 1341 5 
1066 5 1911 4 1884 5 1909 6 
1883 4 1065 4 1906 6 1908 6 
1882 4 1659 8 1068 8 1911 5 
1908 4 1067 4 1910 5 1881 6 
2356 3 946 3 1913 3 2025 6 
2362 3 1916 4 945 4 1912 3 
1917 1 1740 5 
572 7 1733 4 1135 4 1918 7 
1913 4 948 5 901 3 2367 8 
1914 1 1918 5 1735 4 
1917 5 570 8 1734 10 1915 7 
1737 2 1922 3 1920 4 
1736 9 1919 4 1772 6 
1135 4 1739 6 1922 5 
1738 4 1919 3 1921 5 
1924 4 354 4 697 4 679 2 
1923 4 696 3 678 5 349 4 
350 6 2238 4 2465 3 348 4 
38 5 1692 2 1947 4 1124 4 
694 5 680 5 39 3 349 3 
1929 6 1629 5 1935 7 1941 7 
1930 6 274 5 1928 6 1940 4 
1929 6 285 6 1939 9 1931 7 
792 4 1938 6 1930 7 2073 7 
1945 3 1933 2 287 2 1124 4 
286 2 1944 4 1932 2 1934 1 
1943 3 36 1 1935 4 1933 1 
833 10 1928 7 1942 5 1934 4 
2469 8 2155 6 996 3 1937 5 
347 4 1936 5 2468 5 198 5 
185 4 2404 6 1939 8 1931 6 
1940 7 1930 9 1938 8 184 8 
187 2 1939 7 1929 4 1941 5 
186 6 1940 5 1928 7 1942 5 
1935 5 189 3 1943 4 1941 5 
188 3 1934 3 1942 4 1944 6 
1945 5 1933 4 191 8 1943 6 
1944 5 190 4 1932 3 1946 5 
183 11 1124 6 1945 5 1947 6 
2100 3 182 6 1926 4 1946 6 
2146 4 1949 7 1963 8 257 7 
2145 6 1948 7 256 5 2378 7 
1953 6 1223 2 1951 3 2020 3 
1956 7 2021 4 1222 4 1950 3 
1221 5 1953 6 2022 2 1748 2 
1950 6 2023 6 1220 7 1952 6 
1219 4 2016 3 1955 5 1957 5 
1958 4 1954 5 2017 9 1218 10 
1951 7 2018 8 1217 10 1957 8 
1954 5 2019 4 1956 8 1216 6 
1955 4 1959 3 1215 4 2014 2 
2015 6 2112 3 1958 3 1214 3 
2138 2 261 3 1963 6 
895 4 121 3 1971 3 1962 3 
2136 2 120 2 1961 3 894 3 
260 11 2137 10 1948 8 1960 6 
2451 4 115 3 5 4 1965 6 
887 7 1964 6 1966 6 114 8 
1967 4 890 4 581 4 1965 6 
1966 4 580 5 1968 3 889 7 
1967 3 884 3 119 1 1969 5 
883 7 1970 7 118 9 1968 5 
1971 4 1969 7 886 5 117 7 
885 4 1970 4 1961 3 116 4 
1001 3 1973 2 1975 4 1288 4 
1979 2 1972 2 1002 3 1287 5 
1003 4 1976 5 1975 5 1290 6 
1004 6 1972 4 1974 5 1289 4 
1000 4 1974 5 1286 5 
1777 4 1540 3 1575 3 976 8 
2391 3 271 5 2401 7 
1973 2 1980 4 1292 2 1005 3 
2055 3 1979 4 1291 4 1006 6 
1516 7 2390 12 2380 10 2392 9 
1576 10 973 6 1774 5 1983 6 
972 6 1987 6 1773 5 1982 6 
1703 6 820 5 1988 5 1808 6 
1986 5 903 2 
902 7 1985 5 1790 5 1635 4 
1776 5 1990 5 1983 6 971 3 
1807 4 1984 5 1271 4 1702 2 
1604 3 2277 1 2262 3 1602 4 
143 6 1775 5 1987 5 970 4 
932 8 737 6 1599 6 1601 4 
1995 10 593 9 1277 7 1605 6 
564 3 359 4 
1995 7 595 6 1997 7 135 4 
1994 7 1992 10 594 7 1274 7 
1997 7 132 3 589 2 1999 4 
1996 7 588 8 1994 7 1272 8 
1807 4 591 3 1271 4 1999 4 
590 6 1996 4 1270 6 1998 4 
1603 4 744 3 930 8 1601 3 
140 2 587 2 298 1 1605 2 
1889 3 597 7 915 3 
1772 8 2004 9 979 10 1736 11 
1540 5 2003 9 978 7 1771 5 
2006 4 120 2 193 3 2136 2 
2406 4 2005 4 192 4 2135 6 
816 7 1804 5 1705 3 818 5 
2172 4 817 6 2160 6 807 5 
2213 3 2010 5 2013 4 124 3 
2212 7 2011 7 123 9 2009 5 
2010 7 2214 4 122 4 
2013 5 2325 6 113 3 2216 6 
2012 5 2215 8 112 4 2009 4 
183 9 1958 2 2017 7 2015 5 
1959 6 2014 5 182 7 2198 7 
191 6 1954 3 2019 2 2017 7 
1955 9 2014 7 190 8 2016 7 
2019 4 1956 8 2021 5 189 5 
2018 4 1957 4 2016 2 188 1 
2021 4 187 3 2023 3 1950 3 
186 4 1951 4 2018 5 2020 4 
185 3 1859 3 2023 2 1952 2 
1953 6 2022 2 184 3 2020 3 
944 4 2025 6 2029 7 2491 5 
943 5 2492 7 2024 6 1912 6 
2035 6 2027 8 1233 8 2050 9 
2026 8 2208 5 1232 7 2049 4 
2029 7 942 3 2489 2 
2028 7 941 10 2024 7 2490 7 
2031 4 2033 2 1225 3 2048 4 
2030 4 2036 6 1224 8 2047 6 
1887 5 2046 3 2033 4 1227 4 
1226 6 2030 2 2045 4 2032 4 
2044 6 2035 4 1229 5 2037 6 
2026 6 2043 3 2034 4 1228 8 
2042 5 2031 6 2037 5 2440 4 
2041 4 2437 6 2036 5 2034 6 
1107 3 2483 5 2474 4 
1014 6 1011 8 53 5 45 4 
109 4 1338 7 1458 6 726 3 
1806 4 2037 4 2042 4 2044 4 
1805 7 2036 5 2041 4 2047 5 
2035 3 618 3 2050 6 2044 5 
2034 6 615 7 2041 4 2043 5 
2046 3 2033 4 2048 6 1810 7 
2045 3 1809 4 2032 3 1495 4 
1812 5 2042 5 2048 6 2031 6 
1811 5 2045 6 2047 6 2030 4 
2050 5 1889 3 597 7 2027 4 
2049 5 596 6 2043 6 2026 9 
2052 6 2396 3 
2053 7 2051 6 2399 8 
2052 7 2398 8 1900 4 
2055 3 1842 5 908 4 2057 4 
1980 3 2054 3 1843 3 907 4 
2057 2 2059 3 1844 5 910 3 
2056 2 1845 3 909 3 2054 4 
2059 5 2061 4 1838 4 912 3 
2058 5 2056 3 911 6 1839 8 
914 4 1840 7 2061 5 2063 5 
913 4 2060 5 2058 4 1841 4 
2063 3 379 4 1846 6 905 2 
2062 3 904 5 1847 2 2060 5 
915 6 1903 6 1635 5 
2123 8 2486 5 2066 6 1549 5 
2068 5 461 5 1553 4 2065 6 
2071 8 467 5 
2069 4 2323 6 2066 5 464 3 
2068 4 2324 4 2070 2 463 4 
466 3 2069 2 2071 5 1527 4 
1530 5 2067 8 2070 5 465 6 
2358 6 2073 5 2075 4 2405 4 
2072 5 2357 7 2404 7 1931 7 
2075 5 2416 4 2077 7 1700 4 
2359 5 2074 5 2415 3 2072 4 
2414 7 2077 7 2079 3 1701 5 
2076 7 2074 7 2361 6 2413 8 
2081 6 2412 5 2079 4 2364 7 
2363 1 2076 3 2411 4 2078 4 
1539 4 2081 5 2366 3 2410 5 
2409 6 2080 5 2078 6 2365 7 
2338 3 2089 3 1701 4 2083 4 
2084 4 2361 4 2082 4 2337 4 
2340 3 2083 4 1700 3 2085 4 
2359 5 2094 4 2084 4 2339 7 
2087 4 2342 2 2366 2 297 7 
2341 5 2086 4 2365 7 2088 5 
2089 4 2364 6 2087 5 2344 4 
2343 4 2088 4 2082 3 2363 2 
2091 3 2492 4 2093 4 2285 4 
2096 4 2090 3 2491 5 2194 4 
2334 5 2093 6 2362 5 844 9 
2090 4 2092 6 2356 4 843 6 
2358 6 2085 4 2095 5 2336 3 
2335 5 2357 7 574 5 2094 5 
2091 4 2490 4 2183 4 
2320 7 2104 6 1695 7 2098 4 
2482 3 2097 4 2099 2 1694 3 
2100 2 2485 8 1693 3 2098 2 
2099 2 1947 3 1692 1 2484 4 
2479 2 2106 5 2102 3 1699 5 
2478 3 2101 3 1698 4 2103 5 
1697 7 2481 7 2104 6 2102 5 
2097 6 1696 7 2103 6 2480 4 
511 7 1691 5 2106 6 2488 7 
2101 5 2487 7 2105 6 1690 4 
1076 2 383 1 2108 2 2110 2 
2113 5 823 4 2107 2 1634 4 
2110 5 1074 5 2120 5 388 7 
2109 5 1073 5 2107 2 328 7 
382 2 1072 4 2114 3 2112 2 
2198 4 1959 3 2111 2 1071 3 
1070 5 2114 5 2108 5 2199 5 
2113 5 1069 4 2200 3 2111 3 
779 6 747 7 2118 9 2116 4 
778 1 746 3 2448 5 2115 4 
2118 7 749 5 777 5 2463 5 
748 7 2117 7 2115 9 776 8 
2205 6 1342 4 896 2 2120 3 
2119 3 2109 5 2371 3 2206 3 
2460 3 753 3 773 5 2122 3 
2462 2 752 1 772 4 2121 3 
2065 8 2124 7 1091 7 773 7 
1092 5 2123 7 2125 8 772 6 
775 6 2126 9 2124 8 1089 6 
2127 6 2125 9 774 8 1090 7 
2128 6 1095 9 2126 6 777 6 
2127 6 776 6 1096 4 2129 5 
2130 6 1093 7 2128 5 779 4 
2131 6 2129 6 778 5 1094 8 
2130 6 1087 2 2132 3 771 4 
770 2 732 5 2131 3 1088 3 
715 6 2407 7 2134 7 
1490 6 2135 7 2406 5 2133 7 
2136 4 2134 7 717 7 2006 6 
1962 2 2135 4 716 4 2005 2 
2146 6 1963 10 1526 7 2138 6 
1960 2 2137 6 
2140 4 1675 5 2375 2 309 3 
2139 4 310 5 2374 5 2141 6 
2142 7 2373 8 307 6 2140 6 
2143 9 2372 6 2141 7 308 7 
2142 9 2144 9 2379 10 313 7 
314 7 2145 6 2143 9 2378 7 
1949 6 2144 6 311 4 2146 3 
1948 4 2137 6 312 5 2145 3 
996 5 322 9 2155 8 2148 8 
817 6 949 4 321 7 2147 8 
2150 5 497 6 2152 6 556 8 
498 3 2149 5 
2154 11 2152 7 555 6 495 6 
2151 7 2149 6 496 4 554 4 
553 4 100 6 73 4 2154 8 
2151 11 552 7 103 10 2153 8 
1936 6 198 6 2147 8 319 7 
2238 6 318 7 348 6 230 9 
2449 5 1093 7 2331 4 2447 2 
1098 6 363 5 2261 3 2159 5 
166 5 362 8 1097 7 2158 5 
2008 6 2161 6 804 7 2168 5 
803 4 2160 6 817 6 949 4 
2452 4 2238 4 316 2 350 6 
157 5 2164 4 812 6 796 7 
811 6 2169 4 2163 4 795 3 
157 5 798 4 810 5 1657 4 
1407 4 366 2 1103 4 2360 2 
808 3 2170 5 2168 5 800 5 
807 4 799 6 2167 5 2160 5 
806 2 2164 4 802 5 2170 4 
805 8 2167 5 2169 4 801 5 
2333 3 1181 3 1450 2 2210 6 
2008 4 2173 2 755 3 2177 2 
2172 2 754 3 321 5 817 4 
806 4 2181 4 749 7 2175 8 
2176 6 748 6 2174 8 805 10 
747 5 2177 3 2175 6 808 2 
746 4 2176 3 807 3 2172 2 
753 7 934 11 2179 13 810 10 
2180 11 752 7 2178 13 809 9 
2181 5 812 9 2179 11 751 8 
2174 4 2180 5 811 4 750 1 
2453 5 1087 3 2447 3 2321 5 
2194 4 1447 4 2096 4 
1865 4 2410 3 2185 2 276 2 
2186 5 1864 5 2409 5 2184 2 
2185 5 2187 5 2412 5 1863 8 
1862 5 2186 5 2188 5 2411 5 
2189 5 2414 8 1869 5 2187 5 
1868 4 2188 5 2190 6 2413 5 
2189 6 847 7 2416 6 2191 9 
2415 5 1866 5 2192 7 2190 9 
2405 5 1860 4 2193 6 2191 7 
185 5 2404 7 1859 5 2192 6 
1446 6 2183 4 2285 5 2091 4 
522 5 662 3 845 2 539 2 
42 2 51 2 1016 3 1029 4 
2204 7 556 8 
382 4 2484 7 2112 4 2015 7 
2200 3 2113 5 823 4 2320 5 
2482 4 2199 3 382 2 2114 3 
2477 5 63 6 553 4 2202 7 
552 6 2203 7 2476 6 2201 7 
2475 3 2204 5 2202 7 555 3 
2203 5 2197 7 554 5 
2119 6 2488 9 2296 6 2206 6 
2487 5 388 5 2205 6 2120 3 
2208 5 1368 4 
2027 5 1364 6 2207 5 1889 4 
762 3 849 4 142 5 851 6 
2334 6 844 10 1451 7 2171 6 
2305 6 1058 5 1193 5 1191 5 
2010 7 2213 5 2237 5 2214 4 
2236 4 2212 5 2009 3 2215 7 
2011 4 2212 4 2235 2 
2013 8 2213 7 2216 9 2233 6 
1197 7 2215 9 2012 6 2232 5 
2251 4 870 3 1203 3 1205 2 
1200 4 2331 4 1202 2 2300 5 
1709 8 2309 10 2220 8 2322 9 
2321 3 2308 2 2219 8 1202 1 
832 6 1334 4 2222 5 95 5 
2223 5 1335 6 2221 5 94 6 
93 3 2224 8 1332 5 2222 5 
2223 8 92 8 2230 9 1333 6 
99 4 1330 4 2226 4 2402 6 
1331 2 2225 4 906 4 98 2 
1374 3 2228 3 1759 5 2229 3 
2227 3 1758 3 583 5 1373 6 
1760 5 2227 3 1365 3 
2231 6 1336 4 91 4 2224 9 
2230 6 1337 8 
2306 3 532 4 2233 2 2216 5 
531 3 2236 3 2215 6 2232 2 
928 8 1456 8 23 8 675 8 
536 2 2237 3 2214 2 
2213 4 2233 3 2237 4 538 4 
537 5 2212 5 2235 3 2236 4 
1925 4 2156 6 315 8 2162 4 
1134 7 424 6 2240 4 2246 5 
423 3 2239 4 1133 3 2241 4 
426 6 1132 6 2240 4 2242 5 
2442 6 425 3 1131 4 2241 5 
1130 5 2244 6 420 6 2248 6 
1129 4 2243 6 2245 6 419 8 
1128 4 2246 5 2244 6 2345 5 
2245 5 1127 5 2239 5 421 6 
1126 4 2248 4 1567 4 428 4 
2247 4 427 7 1125 5 2243 6 
401 3 1767 3 399 3 582 6 
2251 5 1303 6 1203 4 571 5 
2258 3 2250 5 2217 4 1302 5 
1295 3 1211 4 2255 2 2253 7 
1210 7 2252 7 1294 7 598 8 
2255 2 2257 5 229 6 1209 4 
2254 2 2252 2 1208 3 1296 3 
1207 7 1299 7 2259 6 2257 8 
2254 5 1298 6 1206 5 2256 8 
2251 3 1205 1 2259 2 1301 4 
2258 2 1204 2 1300 5 2256 6 
1898 5 501 2 
2262 3 2158 3 1633 2 1602 4 
2261 3 2263 6 1989 3 1632 6 
1604 6 2262 6 1631 8 
1497 5 2267 6 1285 7 2265 4 
2270 5 2264 4 1496 4 1284 5 
2273 5 1499 6 1283 3 2267 6 
2264 6 1498 5 1282 8 2266 6 
2271 4 1501 5 2269 4 1281 5 
1781 3 1500 5 1280 3 2268 4 
1503 6 2265 5 1279 5 2271 5 
2268 4 2270 5 1502 6 1278 3 
1495 6 2273 5 1273 6 1809 6 
2272 5 2266 5 1297 6 1494 4 
1604 4 232 4 2275 3 2277 2 
2278 2 2274 3 231 3 
1438 5 1602 6 2277 3 234 5 
1989 1 2274 2 2276 3 233 4 
236 5 2275 2 
2280 3 1652 4 1290 5 
1651 3 2281 2 2279 3 1289 3 
1654 2 2280 2 2282 2 1288 3 
1653 4 1287 6 2281 2 926 5 
2501 4 324 3 850 5 2284 6 
323 6 848 7 2283 6 2290 7 
1445 3 2090 4 843 6 2194 5 
320 5 171 6 2287 6 2293 4 
319 6 170 4 2288 7 2286 6 
322 9 2289 7 2287 7 169 6 
168 5 2288 7 754 4 321 6 
175 4 316 3 2291 5 2284 7 
315 8 174 8 2292 3 2290 5 
318 4 846 4 2293 1 2291 3 
172 3 2292 1 2286 4 317 2 
728 4 1456 5 109 4 675 5 
575 5 900 4 2299 3 
579 5 896 2 2205 6 2297 2 
2298 5 2296 2 897 2 578 2 
2299 6 2297 5 898 9 577 7 
2298 6 899 6 576 4 2295 3 
1189 5 2303 6 2301 5 2218 5 
1202 2 1188 5 2308 3 2300 5 
1201 4 2305 6 2303 5 1191 5 
2300 6 2302 5 1190 3 1200 5 
2305 5 2307 8 1193 4 1199 6 
2211 6 2304 5 2302 6 1198 4 
2232 3 1197 5 2307 9 1195 8 
2306 9 1194 9 2304 8 1196 10 
2220 2 2301 3 2309 4 1187 8 
813 4 2219 10 1186 8 2308 4 
2317 8 1266 6 2311 7 624 8 
1267 7 2312 5 2310 7 623 7 
622 4 1268 5 2311 5 2313 3 
1269 4 2318 5 621 5 2312 3 
1262 8 2315 6 372 7 628 4 
1263 7 2316 4 627 7 2314 6 
2315 4 2317 5 626 3 1264 2 
2310 8 625 7 1265 6 2316 5 
2319 8 2313 5 620 4 1260 5 
2318 8 4 6 619 6 1261 5 
2482 6 2097 7 2480 5 2199 5 
2220 3 2332 4 2322 4 2182 5 
2453 4 2219 9 2321 4 1379 4 
2068 6 124 6 1553 5 2324 6 
2069 4 123 7 2323 6 1527 6 
2326 7 2012 6 2446 8 1197 7 
2325 7 1196 6 2445 5 2327 4 
1199 6 2326 4 2444 2 2328 5 
1198 4 2443 8 2327 5 2329 7 
2450 4 2330 7 1201 5 2328 7 
1200 6 2449 7 2331 6 2329 7 
2330 6 2157 4 2332 4 2218 4 
2447 2 1202 2 2331 4 2321 4 
2171 3 2368 7 2334 3 1043 4 
2092 5 2210 6 2333 3 2367 7 
2336 3 2095 5 261 3 1894 5 
2335 3 2339 6 2094 3 260 8 
2340 3 2338 3 259 5 2083 4 
2082 3 258 2 2337 3 2343 4 
2340 6 2336 6 257 8 2085 7 
2084 3 256 3 2339 6 2337 3 
2087 5 255 3 2344 4 2342 3 
2086 2 227 1 2341 3 254 1 
2089 4 253 4 2344 4 2338 4 
2343 4 2341 4 2088 4 252 5 
419 7 2348 2 2245 5 421 6 
723 5 2347 6 290 3 428 4 
2346 6 427 9 722 7 2350 6 
2349 2 719 6 2345 2 2351 2 
421 6 2354 3 718 5 2348 2 
420 4 2351 3 721 2 2347 6 
2350 3 419 7 2348 2 720 5 
426 3 2355 3 2353 4 1491 2 
2352 4 714 5 7 6 425 5 
2355 4 2349 3 424 4 1493 3 
2354 4 1492 4 2352 3 423 5 
1912 3 2093 4 2492 4 2362 3 
2095 7 792 4 2073 7 2358 8 
2072 6 2359 7 2357 8 2094 6 
2075 5 2358 7 2085 5 1700 4 
2166 2 1104 3 367 2 2370 2 
1701 4 2077 6 2083 4 1700 3 
1913 3 2092 5 2356 3 2367 7 
2079 1 2364 4 1701 3 2089 2 
2088 6 2363 4 2365 8 2078 7 
2366 5 2087 7 2081 7 2364 8 
2365 5 2086 2 2080 3 1397 6 
2368 11 1916 8 2362 7 2334 7 
2428 9 2333 7 2367 11 901 6 
2370 3 1102 2 369 4 167 4 
2369 3 1101 4 368 6 2360 2 
1439 4 1342 4 1074 3 2120 3 
2142 6 2379 7 2373 7 253 4 
2141 8 2374 7 252 8 2372 7 
2373 7 2375 3 2140 5 255 3 
209 4 254 1 2139 2 2374 3 
705 9 2383 10 2403 9 2377 11 
2402 8 704 8 99 6 2376 11 
2379 8 1949 7 2144 7 259 7 
2378 8 2372 7 258 5 2143 10 
2387 7 711 6 2381 8 1981 10 
2382 4 2380 8 2390 10 710 8 
2389 2 2381 4 713 3 2383 4 
712 7 2388 4 2376 10 2382 4 
2385 6 2395 8 707 6 491 6 
2384 6 2386 4 706 4 2394 3 
2385 4 2393 3 2387 5 709 3 
2380 7 2386 5 2392 6 708 5 
2403 3 2389 2 2383 4 1517 2 
2382 2 2388 2 1518 3 2390 8 
1981 12 1515 9 2381 10 2389 8 
1978 3 270 5 
1981 9 1521 5 2393 4 2387 6 
2386 3 1522 2 2394 2 2392 4 
2385 3 2393 2 1519 4 2395 5 
1520 5 2384 8 2394 5 145 6 
2397 5 269 5 2399 5 2051 3 
2396 5 268 6 125 7 
2053 8 267 9 2399 9 101 8 
2396 5 2052 8 266 4 2398 9 
2401 9 134 4 265 3 
2400 9 1978 7 264 8 
2377 8 2225 6 1523 10 2403 6 
2388 3 1524 4 2376 9 2402 6 
2405 6 1938 6 2193 7 2073 7 
2404 6 2192 5 2072 4 2415 3 
2006 4 195 5 2407 5 2134 5 
2408 5 2406 5 2133 7 194 7 
2407 5 197 3 
2081 6 2185 5 2412 5 2410 6 
199 4 2184 3 2080 5 2409 6 
2414 8 2079 4 2412 5 2187 5 
2078 5 2186 5 2411 5 2409 5 
2414 8 2416 5 2189 5 2077 8 
2413 8 2076 7 2411 8 2188 8 
2416 2 2191 5 2075 3 2405 3 
2415 2 2074 4 2413 5 2190 6 
1138 3 2418 6 662 3 522 5 
1137 7 661 5 2417 6 2419 5 
660 4 2420 2 2418 5 1140 3 
2419 2 1139 6 2421 3 659 3 
2420 3 2422 5 1142 4 664 4 
1141 7 663 7 2421 5 
1395 9 2424 5 1050 6 1757 6 
2429 3 2423 5 1396 8 1049 5 
1042 6 2426 4 1391 2 2432 5 
2425 4 1392 4 2427 6 1041 4 
2428 7 1044 5 2426 6 1393 4 
2427 7 2368 9 1394 4 1043 6 
2424 3 1046 3 2430 5 1387 3 
2431 6 2429 5 1388 9 1045 5 
2430 6 1048 5 1389 3 2432 6 
1047 5 1390 6 2431 6 2425 5 
2434 4 2439 3 263 4 993 4 
2433 4 2435 4 1304 6 992 6 
2434 4 1310 3 991 3 2436 4 
990 6 1306 9 2441 4 2435 4 
1229 5 2037 6 1267 7 2440 5 
2439 2 989 4 
988 6 1317 2 2433 3 2438 2 
1266 4 1224 6 2036 4 2437 5 
1340 5 987 3 2436 4 2442 6 
2242 6 1339 7 986 7 2441 6 
2450 5 1090 8 2444 5 2328 8 
1089 1 2445 3 2443 5 2327 2 
1092 5 2446 6 2326 5 2444 3 
1091 6 113 5 2445 6 2325 8 
2332 2 1094 4 2182 3 2157 2 
2454 6 771 7 755 7 2116 5 
2157 5 2330 7 2450 4 1096 4 
2443 5 2329 4 2449 4 1095 7 
1964 4 2452 5 324 4 346 7 
323 4 2162 4 345 6 2451 5 
1088 4 2182 5 1314 6 2322 4 
2448 6 754 3 168 4 770 2 
2457 4 467 2 
2457 7 466 6 1008 4 2459 7 
2456 7 1007 5 2455 4 465 5 
464 3 2459 6 2461 6 1010 4 
2458 6 1009 8 463 6 2456 7 
2121 3 2461 4 1013 2 2486 2 
2460 4 2458 6 1012 5 461 6 
2122 2 2463 5 775 2 751 5 
774 8 750 4 2462 5 2117 5 
2465 5 350 8 2473 7 785 6 
1925 3 784 5 2464 5 2466 4 
787 4 2467 3 2465 4 348 5 
786 3 2466 3 347 2 2468 3 
2469 8 781 5 1937 5 2467 3 
1936 8 2468 8 2470 8 780 7 
783 3 2469 8 2471 6 996 3 
949 4 803 4 2470 6 782 6 
160 5 346 7 2473 6 790 9 
789 6 2472 6 2464 7 345 7 
462 7 968 6 2038 4 1108 4 
2203 3 2476 2 
2475 2 2202 6 2477 4 
2201 5 2476 4 1184 5 
2102 3 2481 5 2479 2 328 7 
2101 2 2478 2 2487 4 388 4 
2320 5 823 4 2481 5 2104 4 
2478 5 2103 7 383 4 2480 5 
2200 4 2320 6 2485 9 2098 3 
462 8 2038 5 569 7 460 6 
2198 7 2485 10 182 7 2100 4 
2482 9 2099 8 2484 10 382 7 
461 4 773 4 2065 5 2460 2 
2206 5 2479 4 2106 7 2488 8 
2205 9 579 8 2487 8 2105 7 
2028 2 2490 2 
2491 5 2096 4 2489 2 2029 7 
2490 5 2091 5 2492 6 2024 5 
2090 4 2025 7 2491 6 2356 4 
121 3 705 4 2494 6 2496 3 
704 8 193 6 120 5 2493 6 
2498 3 2496 2 117 5 713 3 
2495 2 116 4 712 5 2493 3 
119 3 711 4 2498 5 2500 5 
2495 3 118 7 710 7 2497 5 
581 4 709 2 2502 4 2500 4 
580 5 2497 5 708 5 2499 4 
707 4 2283 4 115 4 2502 5 
706 5 114 6 2501 5 2499 4 
1716 7 1648 8 1650 6 214 6 
