39
39
39
39
39
39
30
30
30
30
24
5
24
1
1
1
45
1
1
1
1
5
0
0
3
5
5
27
27
27
27
27
32
33
33
33
33
33
37
37
31
31
33
31
31
31
31
31
31
31
31
29
29
29
29
39
39
29
39
9
9
39
38
9
9
9
9
1
41
43
43
43
43
44
44
44
44
44
44
13
13
12
12
13
12
12
12
1
30
30
30
30
18
8
8
4
4
20
19
4
3
3
3
3
5
5
5
5
5
24
22
22
23
23
22
22
22
22
22
22
4
32
6
6
21
21
6
6
6
6
4
37
6
6
6
6
4
36
36
36
14
12
12
36
36
14
4
48
48
44
44
44
48
44
44
44
44
11
11
22
22
11
22
24
24
24
24
41
41
30
41
41
38
38
39
39
41
41
41
41
4
4
4
4
4
4
4
4
1
1
48
48
37
37
37
30
30
30
30
30
37
37
41
41
41
41
17
48
38
48
48
38
38
38
38
48
48
29
15
15
15
15
15
15
12
12
10
10
3
3
2
3
2
2
10
10
18
17
17
16
17
17
29
44
44
25
34
34
34
34
34
34
34
34
14
14
13
13
13
14
14
14
14
14
14
39
39
37
37
37
37
30
30
30
30
32
32
38
33
33
33
33
32
33
10
10
10
10
10
10
3
3
11
11
22
22
8
8
8
8
8
8
7
7
19
19
19
19
21
21
21
21
21
21
0
0
0
0
19
19
19
19
19
19
19
14
14
14
14
13
13
14
14
14
14
0
0
0
0
34
34
34
34
34
34
34
34
34
25
39
39
30
30
29
30
39
29
39
39
31
7
7
8
8
11
11
8
8
8
8
41
41
42
15
47
47
47
47
48
48
48
47
47
47
37
37
37
37
37
41
41
13
40
39
40
40
41
41
41
41
13
38
38
39
29
39
39
29
29
29
29
37
49
49
49
49
49
49
49
49
37
24
24
13
13
13
13
15
13
13
13
3
3
5
5
5
5
5
5
3
3
7
7
7
7
9
23
23
18
20
18
18
20
20
20
20
25
25
26
26
26
26
26
26
26
25
36
36
36
36
32
32
32
32
9
9
9
9
9
9
35
35
9
9
9
9
9
9
7
7
7
25
25
26
26
26
26
26
26
25
25
2
12
12
12
13
12
12
13
13
25
25
25
25
25
25
27
27
27
25
27
27
41
41
41
28
46
28
28
28
28
27
46
46
30
30
13
46
46
43
43
39
39
37
37
37
37
30
30
30
30
28
29
27
28
27
27
28
28
28
28
7
7
7
7
14
14
13
13
14
14
14
14
14
14
23
22
22
26
22
22
7
8
8
8
8
8
11
11
7
7
45
45
45
35
1
45
45
45
1
1
20
18
18
43
43
35
44
44
44
44
43
44
43
43
31
20
46
46
37
10
10
10
10
10
11
10
11
11
46
10
10
34
34
34
34
25
34
34
34
34
44
27
27
1
1
4
4
4
7
4
35
4
4
0
0
0
0
9
27
26
27
41
0
0
0
47
40
40
39
39
41
41
41
41
41
41
7
42
42
42
42
42
17
29
10
20
38
30
30
30
49
49
49
49
49
49
49
7
7
11
11
10
11
10
10
37
37
37
37
30
37
30
30
30
11
11
11
11
22
22
24
24
24
24
28
49
12
12
12
12
12
13
13
13
11
11
24
24
5
24
5
5
11
11
12
12
14
14
14
14
14
14
14
14
22
22
11
11
24
24
24
24
11
11
1
46
46
46
46
46
0
0
0
0
47
47
47
47
43
47
43
43
47
47
37
37
28
37
43
45
45
24
45
45
45
45
3
3
43
43
10
0
0
1
1
1
1
1
1
1
1
2
2
2
2
2
2
1
3
1
1
16
0
35
35
7
8
8
21
8
8
8
8
8
8
39
39
38
38
42
42
42
42
42
42
48
48
38
38
38
38
48
48
38
48
23
23
23
23
20
17
17
17
23
23
12
12
12
12
12
12
12
12
11
11
11
11
5
5
24
24
24
24
7
7
10
10
10
7
11
11
11
10
27
27
37
10
10
11
10
11
11
30
30
30
37
30
27
27
12
12
12
12
12
12
12
12
9
9
9
9
45
44
31
31
35
35
35
0
35
0
26
26
26
26
31
31
26
26
26
31
31
6
6
6
8
6
6
6
21
6
6
6
21
6
6
6
6
6
6
6
6
46
46
46
46
43
43
46
46
46
46
27
26
27
44
34
34
34
34
34
34
25
34
34
3
3
4
4
4
4
4
3
4
4
22
21
22
22
22
22
23
23
21
21
5
5
3
3
4
4
5
4
3
3
20
17
23
23
22
22
22
22
22
22
21
21
49
14
14
14
14
14
14
12
13
17
17
14
14
23
23
24
24
13
15
15
15
24
13
13
13
36
36
7
7
7
7
36
36
32
32
16
16
41
15
15
15
40
40
40
41
37
40
40
40
2
2
2
1
1
1
1
1
37
37
2
2
2
2
2
2
2
3
2
2
2
2
48
43
44
44
44
7
7
44
44
44
31
1
35
35
35
34
34
2
44
44
21
21
21
21
13
15
22
22
12
12
15
15
21
21
12
12
1
1
26
26
26
26
26
26
31
31
31
31
21
21
19
19
19
19
31
31
26
26
41
26
26
26
41
41
41
41
40
39
31
31
25
25
26
26
26
26
25
25
26
26
0
0
0
20
20
20
17
23
20
20
20
23
23
26
26
25
25
26
26
26
26
25
25
2
2
3
2
2
2
46
46
2
2
40
40
37
40
40
40
40
40
27
27
27
18
20
20
20
47
8
7
4
4
8
8
8
8
8
8
5
5
5
14
3
3
5
5
3
3
15
15
40
40
40
40
40
37
16
16
16
16
15
15
15
41
40
40
41
40
40
37
40
40
15
15
29
29
29
29
38
13
24
24
4
4
4
4
4
4
4
4
1
1
3
3
4
4
5
5
5
5
3
3
11
11
5
5
11
5
24
24
5
24
31
31
24
24
46
46
13
14
13
46
14
14
14
14
42
42
42
42
38
38
38
38
42
42
19
19
35
45
35
35
35
18
35
35
20
31
47
43
43
43
47
47
47
47
41
47
41
26
47
47
49
47
47
48
48
49
48
0
0
46
43
46
46
46
46
46
46
26
16
16
16
17
17
17
17
17
26
34
34
34
34
34
34
34
34
34
44
36
36
36
36
36
36
32
32
4
36
25
25
20
20
23
20
23
23
27
27
25
27
25
25
25
25
17
17
2
2
16
16
2
2
17
17
17
16
3
3
2
2
2
2
2
2
2
2
3
25
25
25
25
25
25
27
25
27
27
10
10
11
11
11
11
10
10
10
10
26
43
43
45
45
45
43
45
45
45
45
49
49
49
49
42
42
49
49
18
18
43
43
45
45
45
45
43
18
18
18
45
45
44
44
44
43
43
43
43
43
19
19
19
48
48
44
44
44
44
48
48
44
44
16
16
17
45
43
45
45
45
45
45
45
16
43
43
16
16
44
44
48
48
44
44
44
44
48
48
17
17
17
17
16
16
16
16
16
16
4
19
19
20
20
20
18
18
18
18
18
45
45
45
45
45
45
43
45
43
43
34
34
34
34
29
29
25
29
32
32
34
38
6
17
17
17
17
16
17
16
16
23
23
0
0
0
0
20
20
23
23
9
9
9
9
2
9
9
37
25
28
28
28
28
27
27
27
37
29
25
37
49
49
49
49
49
49
49
49
0
0
2
0
9
9
2
0
9
9
0
23
23
24
23
15
15
23
17
42
24
24
37
40
40
18
40
40
40
3
43
31
45
45
46
46
43
43
43
47
47
47
46
46
21
21
21
21
21
21
21
22
23
31
15
15
15
18
18
18
32
32
32
32
35
35
35
32
35
35
48
48
48
48
47
47
47
47
47
24
24
23
23
23
23
17
17
17
23
42
42
49
42
49
49
49
10
10
10
10
11
11
3
3
46
46
46
46
46
46
43
10
44
38
38
38
48
48
48
44
48
48
7
7
8
8
8
22
8
8
8
8
42
42
39
39
38
38
42
42
42
42
7
7
7
15
15
15
16
15
15
16
16
16
16
29
29
29
38
29
29
29
29
38
38
48
48
38
38
38
38
38
48
48
48
21
21
19
19
19
19
21
21
21
21
16
16
16
16
15
15
16
16
49
49
15
15
49
49
42
42
46
46
31
31
31
31
6
6
31
31
6
6
6
6
21
6
6
6
9
9
9
9
9
9
9
49
7
19
19
20
20
18
20
18
18
18
18
31
31
33
33
33
33
32
32
32
39
39
39
39
30
30
30
30
39
39
32
32
32
32
36
36
36
36
35
35
42
31
42
42
42
42
38
38
38
38
5
5
32
3
5
5
5
5
33
31
31
3
3
33
33
48
48
49
49
49
49
49
47
47
34
22
22
49
49
42
42
42
42
23
23
22
22
22
22
22
22
23
23
24
24
15
13
15
15
13
24
13
13
27
8
8
8
8
8
22
8
8
7
7
6
6
6
6
6
6
21
21
6
42
10
42
42
42
10
38
38
38
38
7
7
20
20
20
20
18
18
20
20
23
23
19
35
35
31
31
35
35
35
35
6
35
45
27
20
13
13
13
13
13
13
13
13
21
24
24
21
21
33
21
21
32
32
19
19
19
19
21
21
19
19
28
28
28
30
33
30
33
33
32
32
33
32
33
33
33
33
33
46
38
39
33
46
29
29
29
33
39
39
39
29
35
35
32
32
32
32
32
35
35
35
28
28
28
27
28
28
28
28
30
30
42
19
19
19
19
19
40
40
42
41
41
41
41
41
41
40
40
37
40
36
36
36
36
36
32
36
36
4
36
24
24
23
23
22
22
38
38
38
29
29
29
29
29
29
29
1
18
18
18
18
18
21
16
17
17
16
17
17
17
20
20
27
5
14
5
5
5
5
3
3
3
3
15
15
15
15
12
12
15
15
13
36
35
21
21
6
6
6
6
6
32
17
17
16
16
16
16
16
16
17
17
19
19
18
18
18
18
20
18
19
20
0
0
46
1
1
1
0
1
1
46
28
29
27
28
28
28
28
28
28
28
9
9
9
9
9
9
7
7
7
0
0
0
0
30
29
29
29
29
39
39
39
39
39
45
32
32
33
33
33
33
33
33
7
7
7
4
36
36
36
36
36
36
36
36
32
28
28
28
28
28
30
28
30
30
41
41
33
33
33
33
33
33
32
32
25
29
25
25
25
25
27
27
27
25
18
18
18
40
18
20
20
19
19
19
45
35
35
35
35
35
31
31
35
35
28
28
28
28
27
27
28
27
29
28
40
40
40
37
40
40
40
40
43
43
47
43
47
47
47
47
47
47
10
10
10
10
10
10
3
11
3
3
19
20
20
1
1
23
23
20
23
20
20
17
17
23
23
18
18
18
18
40
37
40
47
47
47
48
48
1
1
48
35
45
45
48
45
4
4
1
12
12
12
12
33
33
2
12
12
36
4
47
36
36
32
36
36
36
36
36
32
32
33
33
33
33
33
33
