18
18
18
31
18
18
18
18
47
47
47
47
46
1
1
2
2
0
2
0
0
0
0
20
0
2
2
2
0
0
0
0
1
1
8
8
42
42
42
42
42
5
5
22
22
28
17
17
17
17
17
17
17
17
41
41
37
39
39
40
1
40
40
41
28
1
45
45
22
33
22
14
46
1
22
22
17
17
17
17
17
17
17
17
2
9
9
2
10
9
10
10
3
3
9
23
1
3
3
3
6
3
29
32
38
38
29
29
29
32
38
38
22
22
16
16
16
16
16
16
16
22
45
45
45
45
16
16
33
33
16
16
16
16
33
33
2
2
2
2
2
2
2
2
1
1
4
4
34
34
34
34
25
34
4
49
49
49
49
48
48
48
48
46
46
49
49
49
49
47
47
4
4
4
4
5
5
5
5
0
0
33
33
16
33
16
16
16
16
16
16
5
5
5
5
4
4
4
4
0
0
4
4
4
21
21
21
21
21
22
22
22
22
22
8
42
42
42
42
42
42
1
36
36
36
36
36
36
36
36
9
46
46
46
46
46
46
43
43
46
43
10
13
13
15
15
15
17
17
17
17
3
3
3
3
10
10
14
14
14
14
14
14
14
14
14
42
42
40
37
37
37
42
40
40
40
45
15
15
15
15
15
15
16
15
21
21
22
22
22
22
21
21
21
21
31
31
31
33
33
33
33
33
31
31
25
25
26
3
22
3
21
3
25
5
5
5
3
4
4
4
4
36
5
36
21
5
5
36
5
5
5
48
48
38
38
39
39
39
48
48
48
44
44
44
44
44
43
16
43
43
43
15
15
15
15
33
33
33
33
31
33
31
31
31
31
40
1
1
48
48
4
4
5
5
5
5
39
19
19
19
19
19
19
48
8
8
6
43
6
6
25
42
42
40
40
37
40
37
37
42
42
3
3
3
43
43
43
43
45
45
45
45
45
44
43
43
43
43
44
45
44
44
44
44
44
44
30
29
29
29
29
29
44
44
17
17
17
17
17
17
17
17
22
22
42
42
42
45
45
45
45
30
30
44
44
30
30
30
30
45
45
37
5
5
5
5
4
4
4
4
0
0
36
36
36
35
35
35
35
35
33
33
18
18
18
18
18
18
18
41
41
39
39
41
39
39
39
39
39
49
49
46
46
48
48
49
49
46
46
2
2
47
47
2
2
2
2
48
48
48
48
49
49
49
49
0
0
5
5
5
5
4
27
4
4
17
17
13
13
13
13
13
13
17
17
45
45
45
45
45
31
31
31
40
40
40
40
40
14
14
13
13
13
14
13
13
43
43
46
46
46
46
46
46
27
11
3
47
47
47
47
30
30
28
28
28
28
28
28
21
21
21
21
22
22
22
22
21
21
17
17
15
15
17
17
15
15
13
32
13
13
32
15
30
30
30
30
30
17
4
4
4
17
5
5
30
30
36
36
36
36
36
36
36
36
1
41
11
0
0
0
0
1
47
1
1
47
33
33
33
33
31
31
31
33
31
31
47
39
5
5
5
5
3
5
3
3
3
3
41
10
47
49
41
39
47
47
49
49
49
49
41
41
41
41
31
31
43
43
38
38
38
38
33
33
33
33
33
31
48
31
47
47
47
47
1
1
2
2
2
0
0
0
0
0
44
44
29
29
29
29
29
29
19
19
19
19
19
19
19
19
27
31
31
31
31
40
40
40
40
27
13
27
35
32
34
25
25
25
25
25
35
35
27
3
35
35
35
36
36
35
35
35
33
3
3
46
29
30
30
30
30
44
44
30
30
44
44
42
40
40
40
40
37
37
37
42
42
33
33
35
35
35
35
35
35
36
36
8
1
1
28
2
2
2
2
0
2
2
0
2
12
14
13
13
14
13
13
13
13
1
1
16
20
20
20
1
1
1
20
22
2
2
2
2
2
2
2
2
1
1
31
31
40
31
40
40
40
40
42
42
47
47
47
47
4
33
33
35
35
36
36
35
35
35
35
40
11
4
32
13
32
32
15
32
33
32
17
17
32
37
34
34
34
34
34
34
29
29
11
28
28
28
28
28
28
37
37
26
26
32
32
37
37
26
26
28
28
28
28
28
28
29
29
32
32
32
32
32
32
32
33
37
32
48
48
39
39
39
38
48
48
48
39
30
30
30
30
30
30
30
26
26
26
26
26
26
37
37
37
37
37
37
32
32
32
32
33
32
32
32
20
42
42
42
42
42
42
32
33
32
32
31
32
31
31
31
31
13
14
13
12
12
12
12
12
23
23
23
23
30
30
30
30
10
10
9
22
9
9
41
9
9
22
15
15
15
15
15
15
16
16
5
42
42
46
46
47
46
44
44
44
43
44
43
43
43
43
49
49
49
49
46
46
18
18
4
4
21
46
46
25
25
34
25
35
35
35
35
35
32
33
33
3
3
36
36
35
3
35
35
35
35
6
39
29
29
29
29
44
44
29
29
44
44
19
20
47
47
20
49
49
49
49
48
48
48
48
23
46
47
47
12
12
14
12
30
23
30
25
25
25
25
26
26
25
25
26
26
20
30
35
23
35
35
35
35
35
35
36
36
13
13
13
13
13
14
13
13
14
12
45
45
23
40
47
31
45
45
37
4
40
4
4
40
21
40
40
24
24
24
23
24
24
45
44
44
44
30
30
30
30
30
30
23
23
12
12
23
23
14
12
12
12
19
4
24
19
19
23
24
24
24
24
24
24
24
49
46
43
43
46
46
46
46
38
38
46
46
43
43
43
43
37
37
42
42
32
32
32
32
32
32
29
29
28
28
28
28
28
28
32
32
32
32
32
32
32
32
37
37
34
34
34
34
34
34
34
1
20
23
1
20
20
20
12
12
12
12
23
23
12
23
29
34
19
19
19
20
20
20
20
20
24
23
23
24
24
24
24
24
24
38
34
34
30
30
29
28
28
28
28
28
27
24
19
24
24
24
24
24
24
23
24
24
16
16
15
15
15
15
15
15
24
24
24
24
23
23
24
24
24
20
20
24
24
24
24
24
24
0
0
23
16
16
16
19
19
19
16
40
40
40
16
31
31
31
40
23
23
12
12
12
12
23
23
23
12
44
46
46
23
48
48
1
21
18
42
42
32
35
4
35
25
35
35
25
34
25
25
4
4
4
8
8
29
29
29
29
29
29
44
44
38
38
10
43
8
8
44
41
11
44
44
11
11
43
44
8
19
21
21
24
21
21
24
0
24
24
0
11
4
43
43
43
43
38
38
38
38
5
48
48
22
22
23
23
21
21
22
21
21
19
44
44
30
30
44
44
30
30
30
30
12
12
46
46
13
13
13
13
13
13
13
17
7
7
7
7
7
7
12
11
12
12
23
12
11
23
11
23
23
23
23
12
12
12
12
14
23
23
20
20
20
3
20
20
20
20
3
3
47
47
48
48
48
48
49
49
49
49
38
38
27
38
27
27
27
27
38
38
16
34
46
46
46
1
20
34
4
4
14
4
5
5
5
5
0
0
34
34
34
34
34
34
34
0
27
27
27
27
27
38
38
38
38
38
7
37
37
7
26
26
37
37
26
26
26
26
42
10
6
6
20
6
26
26
26
26
37
37
26
26
37
37
3
3
34
25
13
34
34
34
34
11
10
11
11
11
11
3
11
10
10
6
7
7
7
7
7
7
46
46
48
48
48
48
49
49
49
49
6
7
7
3
6
7
7
7
7
23
12
23
23
12
12
12
12
7
23
23
37
8
13
35
12
11
11
34
36
34
34
34
34
34
11
9
10
10
10
9
23
9
9
9
23
10
10
10
11
11
11
10
3
3
3
11
39
9
10
10
10
9
9
9
9
9
48
48
39
39
38
39
48
48
39
48
39
39
39
27
27
41
4
4
25
25
14
25
27
27
27
27
39
39
1
20
0
0
0
0
1
1
24
24
15
17
15
15
15
15
15
15
1
0
1
1
0
0
0
0
1
1
14
14
14
14
14
27
43
28
8
27
27
27
27
27
27
8
8
26
26
26
26
25
25
25
25
25
25
11
10
11
11
11
11
25
25
26
26
25
25
25
25
26
26
31
48
13
9
13
13
47
47
13
13
41
41
49
49
41
9
41
41
7
7
18
18
18
18
18
7
7
9
9
9
9
9
10
9
10
10
1
21
18
18
18
18
18
18
18
9
9
9
9
10
10
10
9
9
9
9
9
9
9
9
10
10
10
6
6
6
18
42
42
42
18
18
18
18
43
10
11
44
11
11
43
43
11
11
38
38
29
29
29
29
38
38
29
38
6
6
5
45
45
43
43
45
45
45
45
43
47
23
12
20
20
20
20
20
1
1
0
0
12
12
5
5
12
14
12
12
6
6
23
34
44
44
8
8
0
6
8
8
8
8
8
8
8
8
20
20
20
20
19
19
19
19
6
6
6
6
10
10
8
8
7
7
18
18
18
18
18
18
18
6
6
6
6
6
6
8
8
8
8
36
34
41
41
39
41
36
39
39
39
39
34
22
21
21
21
22
22
22
22
21
21
10
9
10
10
9
20
20
9
9
47
47
47
47
7
7
14
14
11
3
11
11
11
11
41
41
41
10
39
39
39
39
39
37
10
10
3
3
3
3
3
3
36
21
10
10
40
40
40
40
31
31
31
31
36
36
45
45
45
45
36
42
42
40
40
40
42
37
37
37
40
46
46
49
49
46
46
43
43
49
49
47
47
47
47
29
29
28
34
28
28
28
28
36
21
21
21
21
14
34
14
22
14
14
39
21
21
7
12
1
12
16
16
15
15
15
15
15
15
19
19
19
19
19
19
19
19
27
27
14
14
1
14
28
28
28
28
27
27
27
1
6
9
14
14
14
26
25
9
25
25
21
21
20
27
27
14
14
31
31
33
31
31
31
33
33
33
33
8
8
26
26
6
43
6
6
25
25
25
16
26
26
25
25
15
8
8
15
8
8
6
6
8
8
8
8
6
6
6
6
45
7
7
7
7
7
7
6
6
6
5
45
8
8
8
11
11
27
27
27
25
7
7
45
17
17
17
17
17
17
17
17
22
22
11
41
11
11
11
11
41
41
39
39
49
39
49
49
7
7
7
7
7
7
18
41
41
41
41
41
41
24
35
19
24
22
18
18
18
18
18
21
18
35
10
11
10
39
22
22
22
16
16
16
16
16
16
22
16
43
43
4
4
5
38
39
38
39
27
48
29
29
38
38
38
39
48
19
37
37
26
26
26
26
27
27
22
22
38
38
33
33
33
33
16
16
16
16
16
16
37
37
8
26
26
37
37
26
26
26
26
6
6
6
6
8
3
8
8
3
3
6
20
36
1
20
20
20
20
20
20
25
6
42
42
40
40
42
7
37
37
40
37
27
27
27
27
38
27
38
38
38
38
47
6
7
7
7
7
7
47
6
41
41
41
41
41
41
39
39
41
41
1
1
2
2
2
2
2
2
2
2
41
41
41
41
41
41
36
36
36
36
36
36
36
19
19
19
19
19
19
19
19
45
45
45
45
45
14
14
21
21
14
22
22
22
22
21
21
14
14
28
28
28
28
28
28
28
29
29
43
48
38
38
