38
38
37
27
37
37
27
27
27
27
48
36
12
1
16
16
16
17
17
17
17
17
14
7
41
13
41
12
41
41
0
13
13
32
32
33
32
26
26
32
32
26
26
19
19
19
19
19
19
18
18
19
18
48
48
48
48
48
48
48
48
15
15
15
45
45
45
45
45
15
15
15
15
15
9
9
36
28
28
28
28
35
35
35
35
29
47
43
43
43
43
43
43
30
30
30
30
30
30
30
30
25
25
22
22
22
22
22
1
17
16
16
17
16
17
17
17
17
6
6
6
6
49
44
26
26
26
49
49
49
49
49
8
8
8
8
7
7
8
7
10
8
22
22
22
43
45
22
22
19
45
19
44
45
22
44
22
22
22
22
27
37
37
37
37
25
25
25
37
38
38
10
10
45
44
16
16
16
45
16
16
21
21
21
10
3
3
9
18
41
18
18
20
18
20
20
42
42
42
42
41
41
41
41
49
49
49
49
26
26
27
27
49
49
17
28
28
28
28
28
28
28
28
28
14
12
12
12
14
14
14
14
6
14
41
13
41
12
14
14
41
46
41
41
41
41
41
41
42
42
42
42
45
45
43
43
44
44
44
45
44
44
39
42
25
25
40
40
40
40
42
40
43
45
43
43
15
15
42
42
42
42
41
41
41
41
41
2
2
1
1
1
1
2
2
2
2
7
18
7
16
18
43
43
43
43
43
5
5
26
26
32
32
32
33
26
26
32
32
13
13
13
13
13
13
15
15
22
21
21
21
21
16
7
16
7
7
8
7
8
8
8
8
2
2
23
21
21
22
21
16
16
16
16
45
16
16
43
25
25
25
25
31
31
31
31
25
25
25
37
37
37
37
37
37
37
39
39
31
43
22
21
22
22
22
11
11
11
11
11
11
9
9
9
9
19
20
1
20
20
0
0
1
1
0
0
19
26
26
32
32
32
32
31
32
27
27
12
11
11
7
7
7
7
6
7
6
6
43
6
6
6
6
6
6
6
6
18
18
18
19
11
11
19
19
28
28
28
28
28
28
28
28
28
40
40
25
40
40
42
40
40
42
42
46
46
46
46
46
46
44
46
24
24
24
24
18
23
23
46
45
38
38
36
25
36
36
29
15
45
45
15
45
45
45
45
40
42
40
40
40
40
19
40
12
42
42
12
3
3
5
5
5
5
5
5
2
2
44
45
44
44
45
45
45
45
44
44
37
37
17
17
17
17
17
17
16
16
16
16
16
13
15
16
13
13
13
13
13
7
11
9
29
29
29
29
29
29
29
29
25
29
4
4
4
4
4
4
0
0
9
4
9
0
0
4
0
4
4
4
4
4
4
48
33
42
42
33
40
40
40
42
25
34
40
40
30
33
34
34
29
29
14
7
12
14
12
12
14
14
14
14
42
42
40
40
40
19
42
40
40
40
30
30
30
30
30
30
30
30
36
30
40
30
30
30
30
30
30
30
30
46
12
25
30
30
35
35
28
28
28
28
28
28
28
34
34
31
31
36
36
34
34
31
31
27
27
27
27
27
37
37
37
38
38
3
47
47
47
47
47
47
47
49
44
44
47
47
47
47
47
47
10
10
3
3
10
10
10
10
3
2
2
2
2
1
1
1
1
17
1
19
19
3
18
18
19
18
19
19
19
19
47
32
47
38
38
38
38
38
38
38
38
0
25
25
9
29
29
29
29
29
25
25
25
28
28
28
28
28
28
28
28
28
44
46
46
46
46
46
46
46
46
46
9
35
35
36
36
36
35
9
35
35
34
34
25
30
30
30
30
34
30
30
30
30
3
14
7
9
41
41
41
41
41
42
42
42
42
24
24
24
42
40
40
40
40
11
40
40
6
6
6
6
6
6
42
42
19
19
19
19
18
19
18
18
31
31
31
31
26
26
26
31
27
27
44
44
43
43
45
45
45
44
44
44
49
49
27
27
26
27
49
49
49
49
16
5
5
5
2
5
5
5
5
2
2
3
3
3
3
3
3
18
18
23
23
23
18
24
24
24
24
3
5
5
5
5
5
5
2
5
5
39
39
39
39
39
39
39
39
39
9
9
11
9
11
11
11
11
37
25
25
25
37
37
9
9
39
29
29
29
29
29
29
34
34
29
25
33
33
20
20
20
20
16
16
16
23
20
20
39
6
6
6
6
21
33
33
33
33
34
34
34
34
34
34
39
3
3
3
3
3
3
10
3
10
10
21
23
27
11
11
11
11
11
11
9
9
9
9
39
39
39
39
39
39
39
39
39
18
23
24
24
24
24
23
23
23
23
41
42
42
42
42
41
41
41
41
14
6
14
14
14
14
12
14
12
12
10
10
10
10
10
10
10
10
10
10
41
41
41
41
42
42
42
42
41
15
1
38
38
38
38
38
38
38
38
21
22
21
21
21
21
23
23
2
41
0
4
4
41
41
41
41
41
43
43
43
43
43
26
26
32
32
26
26
32
33
32
32
24
49
33
33
33
33
33
33
33
27
27
27
23
27
23
38
38
38
38
38
38
38
40
49
49
34
34
34
37
37
37
37
37
37
37
25
39
39
7
7
12
12
13
13
13
13
13
13
12
12
14
14
14
14
6
41
39
41
41
42
42
39
42
41
11
11
15
15
15
15
6
6
6
6
6
6
6
6
8
7
7
7
8
8
8
8
10
8
15
15
21
21
21
21
15
15
15
15
0
0
20
20
1
1
1
1
1
0
37
37
25
25
37
37
37
37
42
39
20
20
19
19
19
20
18
18
18
19
9
8
8
8
8
8
7
7
7
10
10
39
39
37
37
37
37
25
37
25
25
22
22
39
22
48
38
48
48
48
31
48
31
21
22
22
22
22
4
46
13
31
7
31
33
33
34
33
48
48
33
33
33
33
17
16
16
16
17
17
17
17
17
17
36
36
22
22
22
24
22
36
44
44
49
48
49
49
49
49
27
27
27
44
8
10
7
8
7
7
8
8
8
8
38
39
39
39
39
39
39
38
12
13
13
13
13
14
6
13
16
14
14
14
14
12
12
12
14
13
13
13
13
15
15
13
13
7
7
21
22
22
22
22
22
29
29
29
29
29
12
29
29
38
38
12
12
38
38
38
38
0
0
0
0
0
0
20
20
20
20
18
18
9
9
11
11
11
11
24
24
24
24
23
23
23
23
19
19
23
46
30
18
30
30
30
30
30
20
20
46
46
46
12
12
13
13
13
13
13
14
15
15
19
19
15
15
15
15
21
21
21
21
44
44
46
46
46
46
46
46
46
46
25
25
29
29
29
29
29
29
25
25
23
23
21
21
21
21
49
22
49
49
27
49
27
27
27
23
15
21
21
21
15
15
15
4
1
17
15
15
2
1
2
2
2
2
2
2
17
1
1
1
2
2
36
35
36
36
35
35
35
35
4
35
35
4
21
21
23
23
24
21
21
21
36
36
36
36
23
23
35
35
27
26
26
26
32
32
32
32
32
33
10
10
10
10
10
10
10
10
10
10
8
8
8
8
7
8
7
7
8
10
12
12
23
23
23
23
21
21
21
21
22
21
4
4
0
4
4
4
4
4
4
24
24
24
46
46
42
0
46
46
46
46
46
46
40
40
28
28
24
45
45
45
45
45
45
45
12
12
12
20
19
20
20
0
0
0
0
0
0
44
44
45
44
44
44
43
45
45
45
35
35
35
35
35
35
36
36
36
35
31
31
32
31
26
32
26
26
27
27
38
17
17
16
17
16
16
17
21
17
17
39
22
22
22
22
22
34
34
34
25
33
33
33
33
29
29
33
33
29
29
29
29
42
43
3
3
43
3
3
10
10
3
3
3
3
40
43
40
40
32
40
40
19
5
3
3
5
2
46
3
3
46
3
3
18
18
23
18
23
23
24
24
24
24
43
43
25
25
25
25
25
25
31
31
31
31
39
3
3
44
44
44
44
10
10
10
45
43
43
11
11
18
18
23
23
18
23
24
24
24
24
6
36
36
36
36
31
31
35
35
43
43
31
8
33
33
33
8
24
24
24
4
4
4
0
4
4
4
4
4
43
43
43
43
32
32
32
32
3
3
34
34
31
31
34
34
34
34
31
31
19
30
15
15
34
19
34
34
0
0
1
1
0
1
20
20
1
1
48
48
48
48
48
48
48
48
39
39
37
37
37
37
25
25
37
37
3
36
3
24
24
25
25
27
27
37
27
37
37
38
38
32
43
32
43
43
43
43
3
12
9
9
9
10
9
9
11
10
10
10
5
5
5
5
5
5
2
5
4
4
12
12
36
36
36
32
32
32
43
33
33
32
32
43
43
18
23
23
23
24
24
24
24
18
18
28
28
28
28
28
28
28
0
0
0
1
1
20
20
20
34
34
34
31
31
31
31
31
26
26
26
27
27
2
5
5
5
5
5
5
5
5
5
47
47
47
47
47
47
47
44
44
33
33
34
34
34
34
33
34
33
33
20
20
20
20
18
20
18
18
23
18
48
48
48
38
38
48
48
35
35
35
35
35
35
36
36
35
36
1
17
17
16
16
15
17
17
17
17
3
20
20
0
0
19
20
20
20
0
0
36
36
36
36
36
35
36
35
35
35
7
7
13
13
13
35
13
13
15
15
29
35
6
14
14
14
14
14
12
12
14
12
9
17
44
44
44
45
45
45
45
43
44
44
18
18
18
18
18
20
20
20
20
20
47
47
47
47
47
44
47
47
35
2
2
1
1
1
17
2
1
1
1
11
11
11
9
11
9
9
9
9
27
27
27
27
49
49
49
27
38
49
38
9
35
9
38
26
45
26
26
49
49
49
49
44
44
26
26
32
32
26
26
33
32
32
32
30
22
22
3
3
16
16
39
2
2
8
8
2
2
1
1
1
8
5
5
2
2
5
5
5
5
3
3
19
19
19
19
19
18
18
18
19
19
19
40
40
40
40
40
40
42
42
42
47
47
49
47
47
47
31
35
35
35
36
36
36
36
31
31
2
4
4
4
4
4
4
4
0
4
7
7
7
8
8
8
8
8
8
10
48
39
11
11
6
6
6
6
6
6
6
6
13
13
12
12
14
13
13
13
7
14
47
47
47
44
47
47
47
47
47
23
21
23
23
24
24
24
24
23
23
29
39
39
39
39
17
17
39
39
17
17
17
17
23
16
16
16
4
48
48
48
48
48
48
48
49
32
32
26
26
32
33
32
32
49
26
26
48
49
49
49
49
49
27
27
27
27
1
2
33
33
4
4
0
0
0
4
34
34
34
34
34
33
33
33
26
27
31
31
31
31
26
26
31
26
15
15
15
29
31
31
35
31
35
35
36
36
36
36
29
29
2
2
2
2
1
1
1
1
7
7
7
7
8
7
2
2
30
30
30
30
12
12
30
30
19
12
0
0
20
20
20
20
0
0
0
0
48
48
11
40
48
48
48
48
11
11
11
11
9
9
9
11
9
9
8
8
8
8
7
7
7
7
6
10
10
9
9
9
11
9
9
11
11
11
11
24
24
24
14
14
14
14
14
12
12
12
6
14
16
16
21
21
21
22
16
16
16
16
47
47
48
48
47
47
47
47
34
34
46
46
46
46
46
46
44
44
46
46
