2459 4793 001
39 5 2192 6 97 4 2269 5 
2440 3 161 2 4 4 
2442 2 2293 5 21 7 4 5 
20 5 2 4 2441 6 3 5 
1404 4 385 8 14 6 6 4 
7 4 1431 4 5 4 1403 2 
1223 7 6 4 1406 5 8 4 
9 3 1429 4 7 4 1405 3 
8 3 1428 6 1408 4 10 3 
1427 3 11 2 1407 4 9 3 
10 2 12 4 1410 4 1426 6 
2244 6 11 4 1425 3 1409 5 
1929 4 1412 7 1434 6 14 5 
5 6 13 5 1411 6 1433 4 
584 3 217 2 1389 4 1481 3 
2444 3 17 2 896 5 19 1 
16 2 2306 4 2443 3 895 6 
573 4 19 2 2446 6 
18 2 2445 4 16 1 898 2 
4 5 21 7 161 3 90 2 
89 6 20 7 165 7 3 7 
26 3 2202 5 654 4 23 7 
2203 6 653 6 171 5 22 7 
1768 4 27 10 
2200 4 427 3 28 5 26 2 
22 3 1755 3 2201 2 25 2 
1754 12 28 12 24 10 2198 9 
25 5 2199 7 1753 4 27 12 
1189 6 48 5 30 7 32 7 
29 7 37 4 47 8 1153 7 
261 5 46 4 32 6 34 4 
531 5 29 7 31 6 45 5 
263 4 36 4 44 5 34 5 
43 5 33 5 31 4 262 3 
1113 2 42 6 36 2 1999 8 
33 4 41 4 2106 4 35 2 
2099 4 30 4 50 2 38 3 
49 5 2335 6 2098 6 37 3 
1 5 2266 6 810 6 2195 6 
2081 5 1042 4 2092 3 878 4 
522 7 42 8 36 4 44 5 
41 8 35 6 521 5 2352 7 
34 5 524 5 44 5 46 5 
523 4 33 5 43 5 41 5 
526 2 46 3 32 5 48 3 
31 4 45 3 43 5 525 7 
30 8 50 6 528 5 48 6 
527 4 29 5 45 3 47 6 
50 4 38 5 197 7 530 6 
49 4 529 3 37 2 47 6 
2059 2 1387 5 52 3 2167 4 
1386 2 2166 3 1903 2 51 3 
1047 4 2124 3 55 3 881 3 
2169 1 1385 6 56 2 2196 5 
2108 4 53 3 882 6 1046 4 
54 2 2062 6 1384 5 2168 4 
58 4 996 2 211 3 84 5 
57 4 83 3 59 6 995 5 
82 9 998 5 535 7 58 6 
67 8 2044 7 1643 8 534 9 
535 4 62 1 88 1 992 2 
61 1 87 4 991 4 221 4 
2325 6 2041 6 1648 5 
751 4 221 6 993 4 65 4 
66 2 990 4 80 3 64 4 
79 5 65 2 989 2 2366 3 
60 8 2047 5 1039 8 68 7 
543 8 2046 7 1038 4 67 7 
2081 5 880 5 1044 5 2108 3 
784 4 289 3 387 5 786 3 
2240 9 74 7 72 9 917 9 
71 9 2239 4 913 6 
2380 3 74 3 493 8 1187 5 
492 3 71 7 1186 3 73 3 
76 3 78 3 2195 5 
75 3 2194 2 
78 1 1998 2 594 2 2193 4 
75 3 77 1 2192 5 
924 5 66 5 231 10 80 6 
751 3 925 6 79 6 65 3 
535 5 930 3 82 7 88 2 
59 9 931 7 81 7 83 6 
58 3 932 4 84 4 82 6 
933 6 57 5 83 4 1402 5 
750 5 86 9 624 9 
85 9 749 6 229 8 2457 5 
928 5 62 4 88 4 752 5 
929 2 61 1 87 4 81 2 
21 6 90 1 2402 2 146 5 
91 7 89 1 20 2 145 2 
144 10 90 7 92 7 161 8 
143 5 91 7 160 2 
1958 6 94 9 142 7 108 5 
1957 6 246 9 93 9 141 5 
2117 6 96 5 1094 4 781 4 
2116 5 95 5 1093 7 1284 7 
1 4 2193 6 2270 5 2404 4 
99 7 1284 7 1099 3 2110 4 
98 7 100 8 2113 6 1098 8 
2112 7 99 8 260 4 1097 4 
1966 4 2408 3 102 4 941 5 
103 5 101 4 939 7 1965 6 
1964 7 950 6 102 5 104 8 
1963 7 737 7 103 8 105 7 
148 5 106 3 104 7 1962 5 
105 3 147 3 107 5 1961 3 
1960 8 108 5 150 7 106 5 
149 4 107 5 1959 2 93 5 
1200 8 1167 4 116 4 110 9 
2427 7 1824 8 1199 9 109 9 
1203 4 1948 3 112 6 114 1 
1947 8 111 6 117 8 1202 9 
2078 5 114 2 1802 4 1205 4 
1204 1 113 2 111 1 1801 5 
116 2 1800 3 1207 4 118 4 
115 2 109 4 1799 5 1206 3 
118 5 1068 7 112 8 1209 4 
117 5 1208 5 2304 3 115 4 
122 4 120 5 412 5 2217 6 
119 5 411 6 2216 5 125 4 
2219 3 122 2 2438 1 339 2 
119 4 338 4 121 2 2218 4 
124 7 126 5 408 8 2221 6 
123 7 127 8 2220 7 407 8 
1178 3 406 6 120 4 126 4 
123 5 405 3 1176 5 125 4 
124 8 1182 6 317 7 128 4 
314 2 127 4 274 3 1181 5 
2002 5 132 6 130 5 2312 7 
139 4 129 5 2311 3 2001 3 
132 9 2310 10 2004 8 134 8 
131 9 129 6 2003 3 2309 5 
2006 5 2308 7 134 6 136 5 
2005 3 2307 5 133 6 131 8 
136 3 2443 4 2306 5 2008 5 
135 3 2007 1 2305 4 133 5 
138 4 440 3 629 5 2091 3 
137 4 439 4 628 4 
130 4 140 3 2314 5 2000 5 
2313 2 1999 7 139 3 1113 1 
142 3 2451 3 94 5 822 1 
141 3 821 8 93 7 149 6 
92 5 845 6 144 8 
844 7 91 10 145 5 143 8 
847 4 146 6 144 5 90 2 
145 6 2022 7 89 5 846 8 
106 3 150 5 148 5 820 8 
105 5 819 7 147 5 737 5 
150 6 108 4 142 6 818 8 
149 6 147 5 817 5 107 7 
2284 1 155 2 
301 8 1430 7 2288 5 153 6 
2287 3 154 5 1222 5 152 6 
1432 7 153 5 2286 5 155 5 
2285 2 151 2 154 5 1226 4 
157 5 459 6 2240 7 159 7 
156 5 2239 2 458 2 
159 7 676 6 464 5 1187 7 
158 7 463 5 1186 5 156 7 
161 3 92 2 
20 3 160 3 2 2 91 8 
2384 4 703 6 2125 4 163 3 
2385 2 162 3 168 3 454 2 
2403 4 442 2 165 3 2294 6 
2402 3 2293 5 21 7 164 3 
2303 1 442 1 1193 4 2399 4 
2389 6 172 7 1904 4 1332 7 
169 5 685 4 2386 5 163 3 
168 5 684 5 2387 5 1904 4 
2392 5 171 3 173 4 
2393 4 23 5 170 3 
2390 5 167 7 173 5 675 6 
2391 2 600 2 172 5 170 4 
177 6 1063 7 
847 5 176 3 1066 4 178 7 
349 4 846 4 175 3 1067 3 
174 6 845 5 1064 5 178 8 
1065 8 177 8 175 7 844 8 
2038 6 1841 9 2019 10 2400 8 
181 5 1497 3 1180 3 
1179 3 180 5 1496 5 1416 4 
1211 4 185 4 357 5 1926 6 
544 3 1210 4 1216 2 307 2 
1924 2 185 3 359 2 1221 4 
1923 5 184 3 182 4 358 6 
187 5 1930 6 194 6 353 4 
1434 5 186 5 1929 3 352 4 
1211 4 1928 5 355 3 194 5 
1442 5 190 4 369 4 2327 6 
189 4 368 5 1806 2 2326 3 
365 5 1443 4 1442 4 2341 4 
400 6 382 4 384 8 660 6 
1443 3 367 3 196 2 2339 2 
1927 6 186 6 188 5 354 6 
361 6 198 4 2337 7 196 4 
360 5 195 4 193 2 2336 3 
363 9 198 6 2335 8 49 7 
362 3 197 6 2334 3 195 4 
200 8 1439 5 484 6 1650 8 
199 8 1649 5 483 4 205 6 
202 4 1037 4 2176 3 208 3 
201 4 203 6 1036 4 477 3 
204 4 202 6 476 8 774 7 
475 4 203 4 1634 5 351 5 
1631 3 482 8 206 5 200 6 
207 3 1630 4 481 5 205 5 
1035 4 208 2 480 1 206 3 
479 3 207 2 1034 5 201 3 
2044 4 1657 7 1651 6 1712 3 
1402 4 1482 6 589 7 212 3 
843 5 1402 3 212 2 57 3 
211 2 842 3 210 3 215 1 
216 8 591 7 839 7 214 7 
838 8 219 6 590 6 213 7 
311 1 216 5 589 5 212 1 
215 5 213 8 840 8 588 8 
225 6 218 3 220 2 15 2 
376 4 1389 5 217 3 834 3 
220 4 214 6 585 5 837 5 
836 3 217 2 219 4 584 3 
64 6 752 5 994 6 62 4 
823 6 2036 6 334 6 1342 6 
2094 2 774 5 1780 5 938 4 
2082 7 870 6 2091 6 951 8 
469 9 217 6 834 6 836 7 
1091 5 2372 8 227 6 1868 4 
2371 4 226 6 1118 6 1092 7 
229 6 2272 6 555 5 1866 3 
228 6 2271 7 554 5 86 8 
802 4 881 3 2355 3 1227 3 
1097 6 79 10 2366 8 232 10 
2365 7 1098 8 233 5 231 10 
1099 1 2364 3 232 5 234 4 
235 5 2363 7 233 4 1100 7 
234 5 1093 6 236 5 2370 4 
235 5 237 7 2369 4 1094 5 
1868 5 2368 5 236 7 1095 5 
2275 7 546 3 1865 4 1441 2 
1786 3 240 4 2454 5 249 4 
1785 6 239 4 241 4 2453 5 
2456 3 1784 2 242 3 240 4 
243 5 1783 7 241 3 2455 6 
244 6 242 5 2450 7 1782 6 
243 6 245 4 1781 5 2449 3 
1780 5 244 4 246 6 2452 4 
1779 7 245 6 94 9 2451 7 
878 4 1090 3 258 5 807 5 
2448 9 249 9 1788 9 1562 11 
1787 9 248 9 2447 4 239 4 
251 3 257 2 929 3 1068 6 
252 3 250 3 2304 2 928 3 
251 3 1800 3 253 4 927 4 
259 8 252 4 926 4 1799 7 
255 6 933 7 425 7 1802 7 
254 6 1801 6 932 5 256 5 
257 4 1948 6 931 5 255 5 
1947 3 930 2 256 4 250 2 
1111 6 808 6 247 5 875 8 
1167 6 253 8 925 10 260 6 
100 4 924 1 1824 3 259 6 
531 4 31 5 262 4 2142 3 
2149 3 263 2 261 4 34 3 
33 4 262 2 2106 4 2148 2 
640 4 2101 5 494 4 773 5 
610 5 266 5 428 5 1812 5 
265 5 267 4 609 7 1830 3 
268 4 664 4 604 5 266 4 
663 8 267 4 603 6 269 5 
2373 6 268 5 270 6 602 4 
601 5 271 5 1815 6 269 6 
272 5 270 5 668 2 608 4 
271 5 273 5 607 5 667 6 
606 7 272 5 274 4 670 3 
605 4 273 4 669 7 128 3 
1377 4 2413 1 282 1 276 2 
1376 2 2412 2 275 2 277 4 
2415 5 278 5 1375 7 276 4 
1374 4 2414 6 283 4 277 5 
1373 1 280 3 437 1 2417 4 
281 5 279 3 1372 6 2416 5 
2419 4 282 3 280 5 1371 6 
1370 4 281 3 2418 4 275 1 
2409 4 278 4 284 3 1369 2 
2408 2 283 3 1368 3 941 4 
1812 4 508 3 780 2 286 6 
293 5 779 10 285 6 1830 5 
288 7 290 5 670 4 783 3 
287 7 669 9 782 7 1942 6 
70 3 290 4 292 5 668 2 
287 5 289 4 667 5 784 5 
294 5 2373 4 787 3 292 4 
289 5 786 5 1815 6 291 4 
286 5 664 3 789 2 294 5 
788 8 291 5 663 10 293 5 
296 6 2261 9 1551 7 958 7 
295 6 2141 3 957 3 2260 3 
298 4 2191 8 720 5 629 8 
721 3 297 4 628 1 
961 8 2257 3 300 3 748 4 
771 3 2256 6 960 6 299 3 
152 8 1219 4 302 7 2130 6 
2129 5 301 7 303 4 1218 7 
1388 2 1215 2 302 4 304 2 
1214 4 2123 2 305 4 303 2 
2122 6 306 5 1217 5 304 4 
2121 6 305 5 307 3 1216 3 
2128 3 308 4 183 2 306 3 
2127 7 307 4 1210 6 309 10 
2126 8 1213 9 310 9 308 10 
1212 4 2125 5 309 9 703 7 
215 1 471 2 840 4 842 3 
316 7 313 2 917 4 
312 2 913 4 
605 3 1611 8 128 2 317 5 
1992 5 316 9 493 9 
312 7 492 8 315 9 
407 7 127 7 314 5 1610 5 
319 4 355 1 2322 2 325 2 
318 4 320 5 2321 6 354 7 
353 2 321 7 2324 3 319 5 
320 7 2323 10 1829 10 352 8 
323 3 327 3 2318 4 359 1 
358 7 2234 4 322 3 2317 4 
440 3 1583 3 
2234 3 2319 5 318 2 356 4 
475 5 327 4 351 6 2316 3 
326 4 350 5 322 3 2315 5 
335 4 1369 3 841 5 329 5 
1368 4 835 6 852 6 328 5 
1341 5 331 5 1371 4 333 4 
1340 6 330 5 336 8 1370 8 
1339 8 485 8 1373 4 333 7 
1372 7 1338 4 332 7 330 4 
337 5 335 5 222 6 1375 8 
328 4 334 5 823 5 1374 3 
1343 5 331 8 1377 7 337 5 
334 5 1376 2 1342 5 336 5 
1617 6 412 5 122 4 339 4 
587 5 338 4 1616 5 121 2 
1243 2 683 5 343 3 341 3 
682 4 340 3 346 4 1244 4 
343 2 1854 2 1241 1 495 3 
1185 4 342 2 1242 4 340 3 
347 4 1849 6 1239 4 345 9 
1240 9 348 6 1846 10 344 9 
1842 7 347 3 1237 3 341 4 
346 3 1238 2 344 4 1841 5 
349 4 345 6 674 3 1245 2 
176 4 348 4 673 6 1246 10 
327 5 1221 5 359 3 351 7 
1220 8 326 6 350 7 204 5 
518 5 187 4 321 8 353 3 
354 4 320 2 186 4 352 3 
353 4 355 4 194 6 319 7 
354 4 318 1 188 3 356 3 
357 5 1211 4 325 4 355 3 
358 7 356 5 2234 4 182 5 
357 7 323 7 185 6 359 5 
184 2 350 3 358 5 322 1 
2358 6 196 5 367 6 361 7 
362 5 195 6 360 7 2356 5 
198 3 361 5 759 5 363 6 
197 9 758 6 530 8 362 6 
1442 3 2362 4 369 2 365 4 
191 5 366 6 364 4 764 7 
763 4 365 6 1443 5 367 5 
360 6 193 3 2359 9 366 5 
754 5 190 5 1297 5 369 5 
368 5 364 2 189 4 753 4 
381 4 1920 6 2016 2 2205 5 
1432 5 373 2 
1684 5 536 8 1430 6 373 4 
1222 4 371 2 372 4 
519 2 1829 5 1826 3 862 1 
376 3 666 5 410 3 382 3 
218 4 409 4 375 3 665 4 
378 6 656 3 380 3 404 4 
377 6 383 8 403 6 655 8 
1679 5 402 7 380 5 658 6 
401 3 377 3 657 6 379 5 
370 4 2015 3 2383 5 1919 6 
659 4 399 4 192 4 375 3 
384 9 378 8 398 7 662 8 
383 9 192 8 397 10 661 8 
5 8 512 6 1433 6 1431 8 
1823 5 515 2 1887 2 1885 5 
394 9 1547 6 70 5 388 6 
389 5 1548 5 784 5 387 6 
388 5 783 3 390 6 1549 6 
389 6 1550 6 782 6 1345 7 
789 5 396 8 1543 7 392 4 
788 4 1544 3 393 2 391 4 
394 7 392 2 787 4 1545 4 
393 7 387 9 786 7 1546 8 
566 7 780 3 396 7 1552 4 
779 10 1553 7 391 8 395 7 
398 8 1272 6 400 8 384 10 
397 8 1273 6 403 5 383 7 
400 6 382 4 410 4 1274 5 
399 6 1275 4 192 6 397 8 
380 3 1268 3 404 4 402 5 
2067 4 1269 5 379 7 401 5 
1270 4 404 4 398 5 378 6 
403 4 1271 4 377 4 401 4 
126 3 408 6 406 5 1613 4 
405 5 125 6 411 8 1612 5 
317 7 1615 6 124 8 408 9 
123 8 1614 8 405 6 407 9 
376 4 1266 4 410 4 1389 5 
409 4 399 4 1267 3 375 3 
120 6 406 8 1619 7 412 6 
338 5 119 5 1618 5 411 6 
1248 3 431 3 414 4 
415 6 1247 6 430 5 413 4 
416 3 429 6 414 6 1250 5 
415 3 428 3 1249 3 610 3 
420 8 1727 5 1481 5 418 9 
612 10 1480 7 417 9 1726 6 
422 4 1729 2 1479 2 420 6 
417 8 1728 7 1478 5 419 6 
422 8 424 8 1477 7 1731 8 
419 4 421 8 1476 5 1730 4 
1475 4 424 6 1733 4 426 5 
421 8 423 6 1732 8 1474 7 
426 4 254 7 1483 3 1724 7 
425 4 1482 5 423 5 1723 4 
1755 4 25 3 1753 2 
416 3 265 5 429 6 716 4 
430 5 415 6 715 5 428 6 
431 4 429 5 461 3 414 5 
430 4 460 5 413 3 
507 5 625 5 462 4 
622 5 507 5 461 5 509 6 
435 4 505 2 1162 5 2224 5 
1161 4 436 6 434 4 2227 6 
1160 5 2226 4 435 6 
1159 6 438 2 279 1 2223 1 
437 2 1158 6 505 2 2222 6 
138 4 440 3 
137 3 324 3 1310 6 439 3 
1062 7 2355 7 879 7 804 7 
2398 4 166 1 2302 9 164 2 
1608 4 1658 7 1393 6 1909 6 
494 8 2101 9 805 7 445 10 
446 6 2100 8 444 10 804 7 
445 6 803 5 2103 3 447 3 
802 5 2102 2 446 3 456 5 
809 7 2105 5 848 5 449 5 
2104 5 808 4 448 5 450 5 
449 5 640 6 494 6 807 7 
1193 8 2401 7 2301 8 491 6 
453 7 1280 7 868 7 2228 7 
702 7 452 7 867 6 1281 7 
703 5 1039 5 685 3 163 2 
704 7 865 6 702 8 1279 7 
801 4 457 7 2097 6 447 5 
2096 8 456 7 644 6 800 7 
459 3 157 2 1682 3 
458 3 156 6 1681 3 463 4 
462 3 431 5 461 4 507 4 
715 3 433 5 430 3 460 4 
460 3 432 4 
464 3 1680 4 159 5 459 4 
463 3 158 5 1679 3 658 4 
1024 6 1912 8 843 7 466 9 
1911 6 471 7 842 8 465 9 
468 3 1918 6 837 4 474 3 
836 3 467 3 1917 3 469 5 
225 9 1920 8 470 6 468 5 
1919 6 834 3 672 7 469 6 
311 2 466 7 472 3 1914 5 
473 5 471 3 1913 5 840 5 
472 5 474 5 1916 5 839 7 
473 5 838 6 1915 2 467 3 
326 5 476 8 204 4 2153 4 
475 8 2152 5 477 5 203 8 
2176 2 476 5 202 3 2155 2 
2395 10 506 8 2299 10 491 8 
2176 3 2157 3 208 3 480 2 
481 3 207 1 2156 1 479 2 
480 3 2159 4 206 5 482 8 
2158 8 483 6 205 8 481 8 
2161 6 482 6 484 2 200 4 
1013 3 199 6 483 2 2160 6 
1152 9 332 8 1159 10 486 8 
1158 8 489 4 1151 8 485 8 
490 4 1161 3 488 2 901 4 
1160 2 487 2 2295 2 
1163 2 490 3 486 4 2292 3 
487 4 489 3 2291 8 1162 6 
2298 4 2394 2 478 8 451 6 
74 3 917 5 316 8 493 8 
492 8 73 8 315 9 1840 12 
444 8 806 5 450 6 264 4 
496 7 916 4 1050 3 342 3 
495 7 1051 7 915 8 497 9 
498 7 907 6 1056 7 496 9 
1057 4 906 6 497 7 499 7 
500 6 498 7 1054 7 905 8 
499 6 1055 3 501 5 904 5 
1060 5 502 4 500 5 911 6 
503 2 501 4 910 1 1061 3 
1058 3 502 2 504 5 909 4 
503 5 1059 8 908 7 706 8 
1163 2 434 2 438 2 2225 3 
2396 3 478 8 1201 4 2296 8 
433 5 432 5 621 6 460 4 
716 3 285 3 1509 6 509 4 
715 4 623 6 433 6 508 4 
1223 4 511 3 513 2 864 4 
1429 6 863 4 510 3 516 8 
519 3 862 2 513 3 385 6 
1431 5 512 3 510 2 861 2 
1887 4 517 5 515 4 1426 8 
386 2 1425 1 732 4 514 4 
517 7 1428 9 858 9 511 8 
1427 4 516 7 857 3 514 5 
352 5 519 4 1829 7 1434 6 
518 4 512 3 374 2 1433 3 
1772 8 1876 10 1144 11 1319 8 
738 3 42 5 522 4 561 2 
41 7 521 4 560 5 523 6 
44 4 559 7 524 4 522 6 
43 5 558 5 525 7 523 4 
526 6 524 7 565 6 46 7 
527 3 525 6 45 2 564 4 
526 3 48 4 563 4 528 3 
529 2 562 3 527 3 47 5 
50 3 530 5 528 2 557 4 
556 8 529 5 363 8 49 6 
2143 4 1189 4 261 4 32 5 
533 1 2043 4 1646 2 2325 4 
2042 5 1645 2 532 1 534 5 
2045 6 1644 6 533 5 60 9 
61 4 81 5 997 5 59 7 
537 10 1219 5 372 8 1499 5 
1218 9 536 10 540 8 1498 7 
541 3 1217 3 1505 2 539 2 
1504 4 1216 2 538 2 544 3 
1507 7 537 8 1215 4 541 5 
538 3 1214 5 1506 6 540 5 
543 7 1501 9 1213 5 545 5 
68 8 542 7 1500 7 1212 6 
183 3 545 4 1503 2 539 3 
1210 5 544 4 1502 5 542 5 
238 3 547 4 1121 4 549 4 
1441 3 552 5 546 4 1122 3 
555 5 1123 5 1866 3 549 5 
1124 6 1865 5 548 5 546 4 
553 6 1117 3 1864 4 551 3 
1118 5 1092 6 1863 5 550 3 
547 5 553 8 1390 5 1119 5 
1120 8 550 6 552 8 1855 9 
555 4 749 3 1115 3 229 5 
548 5 554 4 228 5 1116 6 
530 8 557 7 1582 6 758 6 
556 7 529 4 1581 5 562 5 
524 5 565 4 559 8 1574 4 
1573 6 560 6 523 7 558 8 
559 6 522 5 1576 7 561 3 
1575 4 521 2 560 3 1110 3 
528 3 563 4 1578 3 557 5 
1577 5 562 4 564 5 527 4 
1580 5 526 4 565 4 563 5 
1579 2 558 4 564 4 525 6 
395 7 1509 9 567 5 1735 5 
1736 4 568 2 566 5 623 4 
1737 3 622 3 567 2 569 4 
1738 7 568 4 570 4 621 7 
1734 6 625 3 569 4 
572 5 2083 3 
571 5 2082 7 951 8 
632 4 898 4 18 4 
2184 4 583 5 1615 5 575 3 
2183 1 576 6 574 3 1614 3 
577 8 575 6 1613 9 2186 10 
576 8 578 5 1612 3 2185 3 
577 5 1619 6 579 4 2188 7 
1618 4 580 3 2187 4 578 4 
1617 5 579 3 581 2 
770 2 580 2 1616 4 
2190 9 583 9 760 8 1611 13 
1610 4 574 5 2189 6 582 9 
1478 2 15 3 585 4 220 3 
590 5 1479 3 584 4 219 5 
587 5 1445 2 2439 2 597 4 
2438 4 339 5 586 5 1444 9 
1474 8 216 8 591 7 589 8 
210 7 215 5 588 8 1475 5 
591 6 585 5 1476 5 214 6 
590 6 213 7 588 7 1477 5 
1451 6 595 8 593 7 2437 6 
2436 4 592 7 1450 4 598 5 
2435 5 77 2 595 5 1453 3 
1452 5 592 8 594 5 2434 8 
2433 7 597 6 1447 5 599 7 
2432 5 596 6 1446 4 586 4 
2431 6 1449 4 599 6 593 5 
2430 5 1448 5 596 7 598 6 
1648 3 173 2 675 3 
270 5 1070 5 602 3 608 4 
601 3 1069 3 603 5 269 4 
1072 7 268 6 602 5 604 7 
609 8 267 5 1071 6 603 7 
274 4 314 3 606 7 1074 4 
605 7 273 7 607 7 1073 8 
608 4 606 7 272 5 1076 2 
607 4 601 4 271 4 1075 7 
1078 5 604 8 610 7 266 7 
265 5 609 7 416 3 1077 7 
1267 6 1534 6 612 9 614 6 
1533 8 418 10 1266 6 611 9 
1275 4 1540 7 616 9 614 5 
1274 4 613 5 1539 4 611 6 
1273 4 616 7 1542 3 618 4 
615 7 613 9 1541 8 1272 7 
1271 3 1536 2 618 4 620 3 
1270 5 617 4 615 4 1535 6 
1269 3 620 3 1538 4 775 3 
1537 3 1268 3 619 3 617 3 
622 6 507 6 569 7 625 6 
433 5 621 6 568 3 623 5 
1509 8 622 5 509 6 567 4 
2457 5 85 9 2441 7 2459 7 
432 5 570 3 621 6 
1180 2 1286 3 627 6 
1179 5 791 6 1285 7 626 6 
629 5 138 4 298 1 
628 5 871 8 297 8 137 5 
632 3 1512 4 
633 6 642 6 831 7 2342 9 
573 4 1508 3 630 3 634 3 
830 4 631 6 635 4 1419 4 
1510 6 912 2 898 3 632 3 
636 5 633 4 1418 4 833 8 
635 5 1940 7 1188 4 832 3 
912 7 1021 8 2095 11 895 11 
639 3 827 2 1765 3 1424 1 
638 3 826 7 2357 5 641 6 
264 4 2104 6 450 6 1789 6 
829 7 642 5 1422 6 639 6 
631 6 641 5 828 4 2346 6 
1932 3 772 4 644 4 646 5 
1931 5 1331 5 457 6 643 4 
648 5 1934 8 1330 5 646 7 
1329 4 645 7 1933 8 643 5 
648 3 1328 2 1936 3 650 5 
645 5 647 3 1935 2 1327 3 
1326 3 1938 3 652 5 650 5 
1325 8 649 5 1937 10 647 5 
1335 2 832 2 652 5 1940 6 
1334 5 649 5 651 5 1939 5 
23 6 654 3 
1755 4 22 4 653 3 
662 8 679 7 656 5 378 8 
377 3 657 6 655 5 678 3 
380 6 656 6 658 7 677 5 
657 7 676 5 464 4 379 6 
382 4 666 6 1862 8 660 6 
2182 7 661 6 659 6 192 6 
662 7 681 6 660 6 384 8 
661 7 655 8 383 8 680 6 
664 8 268 8 294 10 2373 9 
663 8 1830 3 267 4 293 3 
376 4 834 3 672 7 666 6 
659 6 671 9 375 5 665 6 
670 4 272 6 290 5 668 3 
271 2 1815 3 289 2 667 3 
1181 9 288 9 670 6 274 7 
669 6 667 4 273 3 287 4 
666 9 1862 11 672 10 1749 7 
470 7 671 10 665 7 1748 5 
349 6 674 5 2022 5 846 6 
1846 7 673 5 2021 4 348 3 
1332 6 172 6 600 3 1647 5 
1741 6 158 6 658 5 677 3 
678 2 1740 1 657 5 676 3 
679 5 677 2 656 3 1743 2 
680 5 678 5 655 7 1742 8 
679 5 681 5 662 6 1745 2 
680 5 1744 6 661 6 2182 7 
683 6 341 4 2029 6 1842 7 
1185 6 682 6 340 5 2026 5 
169 5 685 4 1644 3 1391 3 
1643 6 168 4 684 4 454 3 
1708 3 693 5 984 2 687 3 
983 5 688 3 1707 7 686 3 
687 3 1706 4 689 7 986 3 
698 9 985 9 688 7 1705 10 
1886 2 1704 1 859 4 980 8 
1996 3 696 4 2120 3 1885 4 
1886 6 693 9 1702 8 982 6 
692 9 686 5 1701 6 981 6 
695 3 697 5 729 4 1989 5 
728 6 694 3 1988 3 700 4 
691 4 727 6 1991 4 697 7 
1990 8 1019 8 694 5 696 7 
699 5 689 9 1699 6 988 3 
698 5 1698 4 987 7 
1995 6 2086 6 701 3 695 4 
1994 3 700 3 
866 8 453 7 455 8 1278 6 
454 5 162 6 310 7 1038 5 
455 7 1276 6 869 6 
734 7 710 7 706 9 1224 8 
733 6 1225 6 705 9 504 8 
1235 5 725 5 714 4 708 3 
724 1 1236 3 709 2 707 3 
723 6 710 4 1233 4 708 2 
709 4 705 7 722 4 1234 6 
712 5 2109 2 1231 3 873 5 
711 5 1232 5 713 5 1609 11 
714 3 712 5 2107 6 1229 3 
726 4 713 3 1230 2 707 4 
461 3 509 4 429 5 716 3 
1812 4 508 3 715 3 428 4 
1011 3 1752 3 718 7 
1010 7 719 8 1751 8 717 7 
1009 9 718 8 1596 7 1750 6 
297 5 1282 4 721 4 945 5 
298 3 720 4 944 5 
723 6 1326 3 734 4 710 4 
709 6 722 6 1325 9 724 5 
708 1 1328 1 725 3 723 5 
707 5 1327 4 724 3 726 5 
714 4 2107 7 1330 4 725 5 
1019 7 2120 5 696 6 1603 6 
2086 8 695 6 729 7 1606 7 
728 7 1019 7 1605 4 694 4 
1776 3 1859 3 1738 5 2020 2 
1231 4 2124 5 1033 7 873 6 
1885 7 2120 6 515 4 1601 7 
908 5 1335 2 706 6 734 4 
705 7 1334 4 733 4 722 4 
1736 7 1778 4 1776 6 1114 5 
1777 4 1771 6 2241 3 1871 5 
814 3 950 5 104 7 148 5 
1110 4 739 8 521 3 2352 5 
738 8 1109 7 742 8 2351 8 
2344 8 743 7 741 9 1108 8 
746 3 1107 3 740 9 2343 4 
743 3 1106 7 739 8 1857 5 
742 3 1105 1 740 7 2345 8 
2348 5 747 3 745 4 1104 4 
921 5 2347 7 1103 5 744 4 
741 3 747 2 2350 2 1102 1 
746 2 744 3 1101 2 2349 4 
2262 5 955 9 2141 4 299 4 
1285 4 554 3 86 6 750 2 
85 5 1286 2 749 2 
80 3 64 4 926 3 752 3 
87 5 751 3 221 5 927 4 
2362 6 1401 5 369 4 754 4 
368 5 1636 3 1400 5 753 4 
756 2 1078 2 2360 3 940 3 
1288 3 755 2 1077 5 
2115 8 812 6 1096 6 781 6 
759 5 363 6 1397 5 556 6 
758 5 1396 5 362 5 2356 5 
1074 4 761 5 945 5 582 8 
944 6 760 5 2353 6 1073 6 
2360 5 947 4 1072 7 765 10 
764 5 366 4 2359 8 1079 4 
763 5 2362 7 1395 7 365 7 
2361 9 1069 8 762 10 948 9 
767 1 1448 2 
1447 2 766 1 768 2 
767 2 1446 3 769 4 
768 4 770 4 1445 3 
581 2 1444 7 769 4 
300 3 959 2 2259 4 
1331 5 1609 10 643 4 1329 3 
2070 9 1789 7 1795 4 264 5 
223 5 1036 5 1634 8 203 7 
1853 4 1365 5 776 6 619 3 
1364 8 775 6 777 6 1852 9 
1851 4 778 6 1367 3 776 6 
777 6 1366 6 1850 7 
396 10 286 10 789 7 780 6 
395 3 1509 5 779 6 285 2 
1095 3 2114 2 757 6 95 4 
1669 5 783 3 288 7 390 6 
389 3 784 3 782 3 287 3 
783 3 70 4 388 5 290 5 
2076 6 1795 3 2100 6 1793 7 
787 4 292 5 70 3 394 7 
788 6 786 4 291 3 393 4 
787 6 392 4 789 5 294 8 
788 5 391 5 779 7 293 2 
791 2 1008 3 793 6 1116 4 
790 2 627 6 1007 4 1115 3 
1000 4 1124 6 795 7 793 8 
999 8 1123 8 790 6 792 8 
795 6 1122 2 797 6 1002 5 
794 6 792 7 1001 8 1121 7 
1004 6 1120 7 799 7 797 9 
1003 8 1119 7 794 6 796 9 
1118 4 2371 2 799 4 1006 6 
1117 5 1005 5 796 7 798 4 
801 4 1228 5 1331 6 457 7 
802 4 800 4 456 4 1227 3 
230 4 801 4 803 7 447 5 
802 7 2355 6 804 6 446 5 
805 4 803 6 441 7 445 7 
804 4 444 7 806 4 1062 4 
1090 4 494 5 807 6 805 4 
808 6 806 6 247 5 450 7 
807 6 449 4 258 6 809 6 
448 7 1111 6 954 6 808 6 
39 6 2194 4 2265 6 
1092 5 812 3 1863 4 2119 3 
1091 4 757 6 811 3 2118 2 
950 3 814 1 816 1 850 1 
737 3 813 1 849 2 819 5 
941 6 1368 5 816 4 852 7 
813 1 815 4 851 6 939 6 
818 7 820 8 854 4 150 5 
817 7 821 10 149 8 853 6 
148 7 820 10 814 5 856 6 
819 10 817 8 147 8 855 7 
142 8 818 10 822 6 860 7 
859 4 821 6 980 8 141 1 
222 6 841 6 335 5 2037 7 
827 4 1132 5 1765 5 825 4 
2397 2 1131 4 1764 3 824 4 
1140 6 639 7 829 8 827 6 
1139 4 824 4 638 2 826 6 
642 4 831 5 829 6 1138 4 
641 7 828 6 1137 5 826 8 
633 4 1136 4 831 5 833 8 
830 5 631 7 1135 5 828 5 
833 6 651 2 636 3 1134 5 
832 6 830 8 1133 6 635 8 
225 6 470 3 665 3 218 3 
841 6 2028 6 1519 6 329 6 
468 3 220 3 225 7 837 4 
836 4 838 7 467 4 219 5 
839 8 214 8 837 7 474 6 
838 8 213 7 840 7 473 7 
311 4 216 8 839 7 472 5 
2027 4 835 6 823 6 328 5 
843 6 311 3 466 8 212 3 
211 5 996 4 842 6 465 7 
144 7 845 5 847 6 178 8 
143 6 844 5 177 5 
176 4 847 6 146 8 673 6 
145 4 175 5 846 6 844 6 
448 5 2252 4 954 4 1551 4 
856 3 850 2 814 2 1522 4 
1521 5 849 2 851 6 813 1 
852 9 850 6 1520 7 816 6 
1519 6 851 9 815 7 329 6 
1518 5 860 3 854 3 818 6 
1517 4 817 4 855 3 853 3 
1516 3 854 3 856 3 820 7 
849 3 1515 4 855 3 819 6 
1821 5 517 3 858 5 1887 2 
863 5 1820 8 857 5 516 9 
1514 6 822 4 690 4 860 5 
1513 4 821 7 853 3 859 5 
862 1 1817 3 513 2 864 4 
861 1 512 2 1816 4 374 1 
511 4 858 5 1819 4 864 5 
1818 5 510 4 863 5 861 4 
866 6 869 5 455 6 
865 6 702 8 867 7 2080 6 
868 6 866 7 453 6 2083 4 
867 6 2082 7 870 6 452 7 
865 5 704 6 
224 6 2228 6 868 6 871 6 
629 8 2191 8 2091 6 870 6 
1289 5 1807 6 1454 7 1811 7 
874 7 1228 5 731 6 711 5 
873 7 1227 6 881 6 2124 6 
876 7 2092 6 878 7 258 8 
875 7 1111 5 1021 4 2095 7 
1090 2 2081 4 878 3 880 4 
247 4 877 3 875 7 40 4 
882 6 2108 4 441 7 880 6 
1062 6 69 5 877 4 879 6 
230 3 882 6 874 6 53 3 
881 6 2355 6 879 6 55 6 
1980 4 2338 5 1309 4 1318 5 
1175 4 1555 5 887 6 885 4 
1174 2 1554 4 890 6 884 4 
1557 3 893 4 887 5 1173 5 
884 6 886 5 1556 5 1172 6 
1559 8 1171 7 891 6 889 6 
1170 6 1558 6 1031 3 888 6 
891 7 1561 7 885 6 1169 7 
1168 4 890 7 1560 3 888 6 
893 4 1565 6 1421 3 1166 5 
886 4 1564 5 892 4 1165 6 
897 2 914 4 2276 4 2301 5 
637 11 896 9 1040 6 17 6 
912 5 895 9 16 5 898 6 
894 2 2275 6 899 4 2300 3 
573 4 634 3 896 6 19 2 
2274 5 2303 4 897 4 900 8 
918 6 2273 5 2302 13 899 8 
2212 5 2295 4 2291 8 487 4 
2280 8 903 7 2420 4 2297 7 
2296 11 902 7 1333 5 2279 6 
905 7 911 6 1138 5 500 5 
904 7 906 7 1137 5 499 8 
498 6 907 5 905 7 1140 5 
906 5 1139 4 497 6 915 5 
733 5 1134 8 909 6 504 7 
503 4 908 6 1133 3 910 3 
1136 2 909 3 502 1 911 3 
1135 5 904 6 501 6 910 3 
896 5 637 7 1020 3 634 2 
313 4 917 6 72 6 
2298 5 894 4 2277 4 1333 3 
916 5 1132 6 496 8 907 5 
915 5 495 4 1131 4 1854 3 
492 5 71 9 312 4 913 6 
900 6 919 5 2272 5 2294 6 
918 5 2271 7 2442 4 2293 7 
921 5 923 5 2181 6 937 4 
920 5 936 6 745 5 2180 6 
923 6 2179 5 935 8 
922 6 920 5 2178 6 934 7 
79 5 925 5 1097 1 260 1 
80 6 924 5 926 6 259 10 
927 4 751 3 925 6 253 4 
926 4 252 4 928 4 752 4 
929 3 87 5 927 4 251 3 
928 3 88 2 250 3 930 3 
931 3 257 2 81 3 929 3 
930 3 82 7 256 5 932 5 
933 6 83 4 931 5 255 5 
254 7 932 6 84 6 1483 3 
935 9 937 6 1157 6 923 7 
934 9 922 8 1156 7 
921 6 1103 6 937 5 1155 6 
936 5 934 6 1154 3 920 4 
1922 5 1779 5 1634 7 223 4 
941 8 102 7 950 8 816 6 
755 3 946 3 
939 8 815 6 284 4 101 5 
949 4 2354 5 943 3 
2353 3 944 3 942 3 
761 6 945 6 721 5 943 3 
2190 6 760 5 944 6 720 5 
2360 3 940 3 947 2 
762 4 948 3 946 2 
949 4 765 9 947 3 
942 4 948 4 2361 4 
813 3 103 6 737 5 939 8 
1584 5 1310 8 224 8 572 8 
1484 5 2160 6 1683 5 1085 2 
958 8 1551 8 954 8 1714 6 
1709 6 848 4 953 8 809 6 
956 7 961 13 1696 12 748 9 
2141 2 955 7 1693 5 957 2 
956 2 958 4 296 3 1053 5 
953 8 957 4 1052 5 295 7 
771 2 960 5 
961 11 300 6 1049 6 959 5 
955 13 299 8 960 11 1048 7 
963 2 1358 1 1316 1 966 3 
962 2 1359 4 1315 9 964 4 
965 4 1314 5 1360 7 963 4 
1313 4 1361 2 967 4 964 4 
1357 5 1317 5 962 3 
968 4 1312 5 1362 8 965 4 
967 4 1363 5 1311 3 1142 6 
970 7 1110 6 1363 8 1575 7 
969 7 975 6 1109 4 1362 8 
1102 2 972 3 978 6 1357 4 
1101 2 973 5 971 3 1356 2 
1104 6 972 5 1355 9 974 4 
1354 1 973 4 1103 3 1155 3 
1361 4 970 6 976 7 1106 8 
977 7 1105 4 1360 8 975 7 
978 8 976 7 1359 6 1108 5 
977 8 1358 5 1107 5 971 6 
1886 2 2452 3 982 2 980 8 
979 8 2451 10 690 8 822 8 
984 3 982 3 2450 5 693 6 
2449 2 979 2 692 6 981 3 
687 5 986 5 984 4 2456 4 
981 3 2455 6 983 4 686 2 
2454 6 988 3 689 9 986 5 
983 5 2453 5 985 5 688 3 
2448 7 988 5 699 7 
985 3 2447 2 698 3 987 5 
1170 5 990 4 66 2 1031 2 
989 4 993 4 65 4 1030 5 
1029 6 992 5 62 4 994 6 
997 3 1028 3 991 5 61 2 
994 4 990 4 1027 4 64 4 
1026 3 993 4 221 6 991 6 
1025 5 996 3 58 5 998 4 
1024 3 843 4 57 2 995 3 
992 3 535 5 998 3 1023 5 
997 3 59 5 1022 5 995 4 
1420 5 793 8 1000 4 1008 5 
1191 7 792 4 999 4 1001 5 
1002 7 1190 4 1000 5 795 8 
1003 7 1001 7 1417 5 794 5 
797 8 1002 7 2458 7 1004 5 
796 6 1005 4 1423 5 1003 5 
1004 4 1198 6 799 5 1006 7 
1421 6 1166 8 798 6 1005 7 
1008 5 791 4 1179 3 1416 4 
1415 5 1007 5 790 3 999 5 
719 9 2258 9 1010 8 
718 7 1009 8 1011 3 
717 3 1010 3 
1013 4 1440 7 1567 8 1015 6 
484 3 1439 2 1566 6 1012 4 
1017 5 1015 5 1438 5 1569 2 
1568 5 1014 5 1437 7 1012 6 
2069 7 1017 6 1436 5 1018 4 
1014 5 1016 6 1435 7 2068 5 
1572 5 1016 4 
727 7 697 8 1604 6 729 7 
1510 7 1714 3 1021 4 912 3 
637 8 1020 4 876 4 1709 5 
1025 6 1023 7 1383 5 998 5 
1022 7 1028 5 997 5 1382 6 
465 6 1025 5 996 3 1385 8 
1022 6 1384 6 1024 5 995 5 
1027 3 994 3 1379 7 1029 3 
1378 4 1026 3 1030 5 993 4 
1381 3 992 3 1023 5 1029 4 
991 6 1026 3 1028 4 1380 7 
1027 5 1031 3 1387 6 990 5 
1030 3 1386 1 989 2 889 3 
1033 6 2124 4 1047 5 2314 4 
2313 6 1032 6 1261 7 731 7 
1035 7 208 5 1037 6 2088 6 
207 4 2087 5 1034 7 1630 5 
774 5 2094 2 1037 4 202 4 
201 4 1034 6 1036 4 2093 4 
1212 2 68 4 1039 5 703 5 
454 5 1643 8 67 8 1038 5 
2306 4 1041 4 895 6 2095 6 
2092 4 1042 5 2305 6 1040 4 
1043 4 40 4 1041 5 2308 5 
1042 4 1044 5 2081 5 2307 5 
1045 5 1043 5 2310 7 69 5 
2309 4 1046 3 1044 5 2108 3 
1045 3 2312 5 1047 5 55 4 
53 4 2311 5 1046 5 1032 5 
1696 6 961 7 1049 2 
1048 2 960 6 
1051 3 1473 2 1241 1 495 3 
1050 3 1056 5 496 7 1472 6 
1714 3 1510 7 1053 6 958 5 
1508 5 1693 8 1052 6 957 5 
1471 7 1057 4 499 7 1055 4 
1060 3 500 3 1470 5 1054 4 
1051 5 1469 5 1057 4 497 7 
1056 4 498 4 1054 4 1468 4 
503 3 1059 6 1467 7 1061 4 
1058 6 1225 6 504 8 1466 6 
1055 3 1465 3 501 5 1061 4 
1058 4 502 3 1464 4 1060 4 
441 7 880 6 1090 4 805 4 
1064 6 174 7 1843 6 
1065 5 1063 6 177 5 1848 2 
1064 5 178 8 1847 11 1066 5 
2177 4 175 4 1067 4 1065 5 
1246 9 1845 5 176 3 1066 4 
117 7 2304 5 250 6 1947 7 
602 3 765 8 1072 5 1070 5 
601 5 1075 8 1069 5 2361 6 
1072 6 2360 4 1078 3 604 6 
1071 6 603 7 762 7 1069 5 
1074 5 761 6 1076 3 606 8 
1073 5 1611 9 760 4 605 4 
1070 8 2354 7 1076 5 608 7 
2353 3 607 2 1075 5 1073 3 
1078 5 756 5 1249 7 610 7 
755 2 1077 5 609 5 1071 3 
1722 4 763 4 1080 4 1395 6 
2359 8 1398 6 1721 4 1079 4 
1086 5 1694 7 
1089 12 1083 9 1569 6 1686 6 
1568 5 1084 9 1082 9 1685 5 
1083 9 1688 9 1085 6 1567 11 
1687 3 1566 5 952 2 1084 6 
1081 5 1690 6 1087 2 
1689 3 1088 2 1086 2 1572 4 
1692 4 1089 8 2069 6 1087 2 
1691 9 1082 12 2068 8 1088 8 
877 2 806 4 247 3 1062 4 
812 4 226 5 1092 6 1096 4 
551 6 811 5 227 7 1091 6 
235 6 1094 6 1100 8 96 7 
1093 6 1095 3 95 4 236 5 
1096 3 781 3 1094 3 237 5 
1095 3 757 6 1868 3 1091 4 
231 6 1098 4 924 1 100 4 
232 8 1097 4 1099 4 99 8 
233 1 1098 4 1100 4 98 3 
1093 8 1099 4 1284 8 234 7 
972 2 1104 3 747 2 1102 1 
971 2 1107 1 1101 1 746 1 
936 6 1104 5 974 3 745 5 
1101 3 973 6 1103 5 744 4 
743 1 1106 5 976 4 1108 2 
1109 6 1105 5 742 7 975 8 
978 5 741 3 1102 1 1108 2 
977 5 1105 2 740 8 1107 2 
1106 6 739 7 970 4 1110 3 
738 4 969 6 1109 3 561 3 
876 5 1709 6 258 6 809 6 
1393 4 1287 4 
35 2 2146 2 140 1 2106 4 
1125 4 1858 3 1860 3 735 5 
1285 4 1116 5 554 3 791 3 
1123 6 555 6 1115 5 790 4 
1120 5 1118 5 550 3 799 5 
798 4 1117 5 551 5 227 6 
1122 3 797 7 552 5 1120 5 
1117 5 553 8 796 7 1119 5 
1122 3 1124 6 546 4 795 7 
1121 3 1119 3 794 2 547 3 
1116 6 548 5 1124 6 793 8 
549 6 792 6 1123 6 1121 6 
1974 5 1126 4 1128 3 1114 4 
1125 4 1290 3 1860 3 1973 9 
1128 1 1129 2 1976 1 1859 3 
1127 1 1975 2 1125 3 1858 2 
1856 4 1127 2 1977 2 
2448 3 1562 5 
916 4 2024 5 1132 5 825 4 
915 6 824 5 1131 5 1139 5 
833 6 909 3 1134 5 1136 2 
908 8 1133 5 1335 5 832 5 
1136 4 831 5 1138 4 911 5 
1135 4 830 4 910 2 1133 2 
1138 3 829 5 905 5 1140 3 
1137 3 1135 4 904 5 828 4 
827 4 1140 4 907 4 1132 5 
826 6 1139 4 906 5 1137 3 
1529 4 1144 8 1876 7 1142 8 
1875 7 1530 7 968 6 1141 8 
1146 6 1319 5 1531 6 1144 8 
1532 6 520 11 1143 8 1141 8 
1525 2 1148 5 1146 4 1872 3 
1871 6 1143 6 1145 4 1526 3 
1150 6 1148 4 1870 4 1527 2 
1145 5 1869 9 1147 4 1528 6 
1523 4 1150 7 1352 5 1337 5 
1524 6 1147 6 1336 7 1149 7 
2292 7 2215 6 486 8 1152 9 
485 9 2214 6 1339 9 1151 9 
2145 6 30 7 1189 6 2099 7 
1157 3 937 3 1155 4 
1154 4 936 6 974 3 
1157 4 935 7 
1156 4 1154 3 934 6 
486 8 1163 6 1159 10 438 6 
1158 10 437 6 485 10 1373 6 
436 5 1161 3 488 2 
435 4 487 3 1160 3 1162 5 
1163 5 490 6 434 5 1161 5 
1162 5 1158 6 489 2 505 2 
1254 5 1970 5 1177 5 1766 5 
1166 7 1173 7 893 6 2372 9 
1165 7 2371 4 1006 8 892 5 
1799 5 1824 3 259 6 109 4 
891 4 1169 4 1171 5 2364 4 
1168 4 1174 3 2363 6 890 7 
989 5 889 6 1171 7 2366 6 
1168 5 888 7 1170 7 2365 6 
1175 4 1173 6 2368 4 887 6 
1165 7 1172 6 886 5 2367 4 
885 2 1169 3 1175 2 2370 3 
1172 4 884 4 2369 2 1174 2 
126 5 1954 5 1178 4 2221 6 
1969 5 1253 3 1697 3 1164 5 
125 3 2216 4 1176 4 1953 3 
627 5 181 3 1180 1 1007 3 
626 2 180 3 1179 1 
669 9 1182 7 1942 6 128 5 
127 6 2220 5 1181 7 1941 5 
1184 4 1571 5 1563 5 
1570 3 1183 4 1562 5 1788 3 
343 4 683 6 1854 4 2025 3 
74 3 2240 5 159 5 1187 5 
1741 7 73 5 158 7 1186 5 
1199 5 1418 3 636 4 2427 3 
29 6 531 4 2144 4 1153 6 
1001 4 1191 6 1417 2 1301 2 
1304 10 1420 8 1000 7 1190 6 
1591 3 2233 6 1541 4 2235 4 
2300 6 451 8 166 4 2400 7 
1438 4 1195 3 
1437 6 1196 5 1194 3 
1440 7 1195 5 1571 4 1197 7 
1439 5 1570 7 1650 8 1196 7 
1305 6 1421 5 1005 6 1423 7 
1200 8 110 9 1188 5 1940 8 
1206 7 1199 8 109 8 1939 6 
1764 4 2297 7 506 4 2397 3 
1209 5 1934 8 1203 7 112 9 
111 4 1933 8 1204 4 1202 7 
1203 4 114 1 1932 2 1205 3 
1931 5 1798 7 1204 3 113 4 
1200 7 1938 4 1207 5 116 3 
115 4 1208 5 1206 5 1937 9 
1936 4 1209 4 118 5 1207 5 
1208 4 1202 5 117 4 1935 2 
183 4 545 5 308 6 1213 5 
188 4 182 4 356 4 1925 6 
1213 4 310 4 1038 2 543 6 
1212 4 309 9 542 5 1210 5 
541 5 304 4 1217 5 1215 4 
303 2 540 4 1218 5 1214 4 
1217 3 183 2 539 2 306 3 
1216 3 538 3 1214 5 305 5 
1219 4 537 9 302 7 1215 5 
301 4 1218 4 536 5 1430 3 
1922 6 351 8 1221 6 1634 8 
350 5 1220 6 184 4 1921 5 
1432 7 1430 6 373 4 153 5 
7 7 510 4 1429 7 1431 7 
1265 6 1225 5 1234 7 705 8 
1224 5 1059 6 706 6 1264 2 
1432 6 155 4 
1228 4 230 3 874 6 801 3 
1227 4 2109 2 873 5 800 5 
1232 3 1263 3 713 3 1230 2 
714 2 1235 3 1262 4 1229 2 
731 4 711 3 1232 3 1261 4 
1229 3 712 5 1231 3 1260 3 
709 4 1236 5 1234 6 1259 3 
1258 6 1233 6 1224 7 710 6 
707 5 1257 7 1230 3 1236 5 
708 3 1233 5 1256 6 1235 5 
346 3 1244 3 1625 2 1238 2 
1239 2 347 2 1237 2 1624 3 
1240 4 1623 3 1238 2 344 4 
345 9 1239 4 1622 6 1245 5 
1242 3 1629 2 342 1 1050 1 
1241 3 1628 3 343 4 1243 3 
340 2 1244 3 1627 3 1242 3 
1626 4 1243 3 1237 3 341 4 
1240 5 1246 8 348 2 1621 5 
1067 9 349 10 1620 9 1245 8 
414 6 1250 5 1248 5 
413 3 1247 5 
1288 5 1250 5 416 3 1077 7 
1249 5 1247 5 415 5 
1252 2 1976 2 1255 4 1700 3 
1251 2 1697 2 1253 2 1975 2 
1974 4 1177 3 1252 2 1254 3 
1973 9 1164 5 1455 2 1253 3 
1251 4 1977 3 1725 4 
1236 6 1259 4 1257 8 2143 6 
1235 7 2142 5 1256 8 1262 8 
1265 5 2145 5 1234 6 1259 3 
1233 3 1256 4 2144 2 1258 3 
2147 6 1261 4 1263 3 1232 3 
1260 4 1033 7 1231 4 2146 4 
2149 5 1263 5 1230 4 1257 8 
1260 3 1229 3 2148 3 1262 5 
1265 3 2151 4 1225 2 1466 2 
1258 5 1264 3 2150 4 1224 6 
409 4 612 6 1480 3 1267 3 
1274 4 611 6 410 3 1266 3 
401 3 1269 3 1271 3 620 3 
619 3 402 5 1268 3 1853 4 
1273 5 403 4 618 5 1271 4 
1270 4 1268 3 617 3 404 4 
397 6 1275 2 1273 4 616 7 
615 4 1270 5 1272 4 398 6 
1267 4 614 4 1275 3 399 5 
613 4 1272 2 400 4 1274 3 
1279 6 704 6 2188 8 1277 4 
2187 3 1276 4 
1281 6 702 6 1279 5 2186 7 
1276 6 2185 3 455 7 1278 5 
452 7 2184 5 1281 7 1283 4 
1278 6 2183 4 453 7 1280 7 
720 4 2190 5 1283 3 2191 7 
1282 3 2228 4 2189 4 1280 4 
96 7 98 7 2111 10 1100 8 
749 4 1115 4 627 7 1286 4 
750 2 626 3 1285 4 
2023 3 1112 4 1796 4 
756 3 1249 5 
1633 2 1292 2 872 5 1290 2 
1632 2 1126 3 1289 2 1811 4 
1642 5 1292 6 1808 8 1294 5 
1291 6 1641 6 1289 2 1807 3 
1640 6 1294 4 1296 4 1810 8 
1809 5 1639 5 1293 4 1291 5 
1638 4 1296 1 1298 1 1804 4 
1295 1 1637 5 1803 3 1293 4 
368 5 1636 3 1806 2 1298 2 
1635 2 1297 2 1805 3 1295 1 
1300 7 1416 5 1496 6 1695 6 
1299 7 1303 6 1415 6 1694 7 
1304 6 1302 5 1692 4 1190 2 
1301 5 1307 8 1691 6 1417 5 
1420 5 1690 7 1300 6 1304 7 
1191 10 1301 6 1303 7 1689 7 
1198 6 1688 6 1308 4 1306 7 
1687 7 1305 7 1565 9 1421 6 
1302 8 1686 5 2458 8 1308 6 
1305 4 1423 5 1685 3 1307 6 
1324 5 1981 2 2339 3 883 4 
2091 6 1583 6 440 6 951 8 
2270 4 1312 4 968 3 1875 4 
967 5 1311 4 1313 5 2269 6 
1314 5 965 4 2266 5 1312 5 
2265 6 1315 10 1313 5 964 5 
1314 10 1316 8 963 9 2268 8 
962 1 1317 3 1315 8 2267 2 
2264 4 1316 3 966 5 
2341 5 1979 4 1320 5 883 5 
1143 5 1871 5 520 8 1771 6 
2340 4 1978 3 1318 5 2253 7 
1985 3 2335 4 1322 5 2098 4 
1984 7 1321 5 1323 9 2334 6 
2337 9 1322 9 1983 8 1324 8 
1309 5 2336 5 1323 8 1982 5 
1328 5 650 8 1326 6 723 9 
649 3 1334 3 1325 6 722 3 
1328 2 1330 3 725 4 648 3 
1327 2 1325 5 724 1 647 2 
646 4 2107 5 1330 2 772 3 
1327 3 726 4 645 5 1329 2 
772 5 2109 3 644 5 800 6 
167 7 1646 5 1391 5 675 6 
2278 2 903 5 2299 4 914 3 
1326 3 734 4 652 5 1335 2 
651 2 733 2 1134 5 1334 2 
1870 5 1150 7 1770 4 1337 5 
1769 5 1672 5 1336 5 1149 5 
1341 5 333 4 2031 5 1339 5 
332 8 1152 9 1338 5 2030 7 
2033 4 331 6 1343 3 1341 6 
330 5 1340 6 2032 8 1338 5 
2035 5 1343 5 337 5 222 6 
336 5 2034 6 1340 3 1342 5 
1347 4 1670 5 1345 5 1710 2 
1711 7 1344 5 1669 6 390 7 
1349 3 1347 3 1719 6 1678 3 
1720 6 1344 4 1346 3 1677 6 
1351 7 1349 6 1676 4 1721 6 
1722 4 1346 3 1348 6 1675 3 
1674 8 1715 8 1351 9 1353 7 
1673 5 1348 7 1350 9 1716 7 
1672 5 1149 5 1717 7 1353 5 
1718 4 1671 4 1350 7 1352 5 
974 1 1355 6 
1354 6 973 9 1356 6 
1355 6 972 2 1357 3 
1358 3 966 5 971 4 1356 3 
1359 3 1357 3 962 1 978 5 
1358 3 1360 7 963 4 977 6 
1359 7 976 8 1361 5 964 7 
975 4 965 2 1360 5 1362 6 
1363 9 967 8 970 8 1361 6 
1530 6 1362 9 968 5 969 8 
776 8 1751 7 1365 7 1367 5 
775 5 1750 6 1364 7 1538 6 
1367 3 778 6 
1752 2 1366 3 777 3 1364 5 
1369 2 329 4 815 5 284 3 
1368 2 328 3 283 2 1374 2 
282 4 1377 7 331 8 1371 7 
1372 7 281 6 330 4 1370 7 
333 7 1373 4 1371 7 280 6 
332 4 279 1 1372 4 1159 6 
278 4 1375 6 335 3 1369 2 
1376 5 1374 6 277 7 334 8 
1375 5 337 2 276 2 1377 4 
1370 7 275 4 336 7 1376 4 
1027 4 1379 8 1387 5 2059 2 
1378 8 1026 7 1380 11 2058 8 
1381 6 2057 6 1379 11 1029 7 
1380 6 1028 3 1382 4 2056 3 
1381 4 2063 6 1383 4 1023 6 
2062 6 1384 5 1382 4 1022 5 
1025 6 1383 5 56 5 1385 9 
1912 10 54 6 1024 8 1384 9 
1558 4 52 2 1031 1 1387 4 
1378 5 51 5 1030 6 1386 4 
303 2 2129 3 2123 2 1889 2 
218 5 1480 4 15 4 409 5 
2277 4 1441 3 552 5 1855 6 
1645 3 1332 5 684 3 1904 2 
1393 4 1608 2 
1392 4 1112 4 1796 4 443 6 
1720 6 2362 6 1401 5 1395 6 
1394 6 764 7 1719 9 1079 6 
759 5 1399 5 1397 5 1718 4 
1717 7 1582 5 758 5 1396 5 
1080 6 1399 8 2358 7 1716 8 
1396 5 1715 6 1398 8 2356 5 
1861 7 1401 6 754 5 1711 7 
1394 5 1400 6 753 5 1710 3 
211 3 210 4 1483 2 84 5 
2415 4 1406 3 1404 2 6 2 
5 4 1411 4 1403 2 2414 4 
2413 3 8 3 1408 4 1406 4 
2412 2 7 5 1403 3 1405 4 
2419 5 10 4 1410 6 1408 5 
2418 5 9 4 1407 5 1405 4 
1410 5 1589 4 2417 6 12 5 
2416 5 1409 5 1407 6 11 4 
1412 8 1404 4 14 6 2409 6 
1411 8 13 7 2408 5 1966 6 
2421 9 1424 5 1765 7 1414 8 
2420 5 1764 5 2297 8 1413 8 
1008 5 1420 5 1300 6 1416 4 
1299 5 181 4 1415 4 1007 4 
2458 5 1190 2 1002 5 1302 5 
2426 5 635 4 1188 3 1419 4 
2429 6 633 4 2342 7 1418 4 
1191 8 999 5 1303 5 1415 5 
1198 5 1006 6 892 3 1306 6 
2422 4 641 6 2346 7 2357 5 
2458 7 1308 5 1004 5 1198 7 
2357 3 2424 2 1413 5 638 1 
515 1 12 3 1601 4 1426 5 
1427 7 1425 5 11 6 514 8 
517 4 10 3 1428 6 1426 7 
9 6 1429 7 1427 6 516 9 
511 6 1428 7 1223 7 8 4 
1222 6 152 7 372 6 1219 3 
513 5 1223 7 6 4 385 8 
154 7 371 5 1226 6 1222 7 
1434 5 385 6 519 3 14 4 
187 5 1433 5 13 6 518 6 
1438 7 1436 6 1017 7 
1435 6 1016 5 
1195 6 1440 8 1438 7 1015 7 
1194 4 1435 7 1437 7 1014 5 
199 5 1013 2 1197 5 1440 5 
1196 7 1012 7 1437 8 1439 5 
547 3 1390 3 238 2 2276 3 
364 3 189 5 2340 4 191 4 
2338 5 191 4 193 3 366 5 
587 9 1616 9 770 7 1445 6 
586 2 1446 2 1444 6 769 3 
768 3 597 4 1445 2 1447 3 
596 5 767 2 1448 3 1446 3 
1449 3 766 2 599 5 1447 3 
1448 3 598 4 1450 3 
1451 3 1449 3 593 4 
592 6 1450 3 1452 3 
595 5 1453 3 1451 3 
1998 3 1452 3 594 3 
1455 3 1767 6 1463 6 872 7 
1454 3 1766 2 1254 2 1811 3 
2326 3 1457 3 1806 2 1761 3 
1805 4 1458 2 1760 6 1456 3 
1804 4 1457 2 1459 3 1763 3 
1460 4 1762 4 1803 5 1458 3 
1459 4 1757 3 1810 6 1461 2 
1809 5 1462 6 1756 2 1460 2 
1463 9 1808 9 1461 6 1759 7 
1462 9 1454 6 1758 7 1807 5 
1465 3 1983 5 1061 4 1467 7 
1982 3 1060 3 1464 3 1470 5 
1059 6 1985 4 1467 7 1264 2 
1058 7 1984 8 1464 7 1466 7 
1979 4 1057 4 1471 7 1469 5 
1056 5 1978 3 1468 5 1472 6 
1981 4 1471 8 1055 5 1465 5 
1470 8 1054 7 1980 6 1468 7 
1473 5 1987 5 1051 6 1469 6 
1050 2 1986 4 1472 5 1629 3 
1475 5 1477 6 588 8 424 7 
1474 5 423 4 1482 4 589 5 
590 5 1479 3 422 5 1477 4 
1474 6 421 7 1476 4 591 5 
1479 1 420 5 584 2 1481 2 
1478 1 419 2 1476 3 585 3 
1389 4 418 7 1481 3 1266 3 
1478 2 1480 3 417 5 15 3 
1483 4 1475 4 426 5 210 6 
1482 4 1402 2 933 3 425 3 
1565 8 952 5 1687 6 1485 7 
1683 7 1564 6 1896 4 1484 7 
1493 7 1908 6 1487 6 1503 3 
1486 6 1907 7 1488 7 1502 6 
1910 6 1501 10 1489 8 1487 7 
1500 7 1658 8 1488 8 1909 7 
1491 4 1507 7 
1492 5 1506 5 1490 4 
1491 5 1906 4 1505 5 1493 8 
1486 7 1504 7 1905 7 1492 8 
1495 7 1874 7 2129 5 1889 4 
1494 7 2053 6 1873 6 2130 6 
1497 3 181 5 1299 6 
1496 3 180 3 
1499 2 1507 6 537 7 
1684 2 1498 2 536 5 
1501 9 1489 7 543 7 2046 6 
1500 9 1488 10 542 9 1502 9 
1503 3 545 5 1501 9 1487 6 
1504 3 1502 3 544 2 1486 3 
1503 3 539 4 1493 7 1505 4 
1492 5 538 2 1504 4 1506 5 
1507 8 541 6 1491 5 1505 5 
1506 8 540 7 1498 6 1490 7 
1053 5 632 3 1512 4 1510 6 
623 8 566 9 780 5 508 6 
1020 7 1052 7 634 6 1508 6 
1512 4 1696 7 
1508 4 1511 4 1693 7 630 4 
1518 6 860 4 1874 6 1514 5 
1873 5 1704 3 859 6 1513 5 
856 4 1878 5 1516 4 1522 5 
1517 4 1877 3 1515 4 855 3 
854 4 1518 6 1516 4 1880 6 
1513 6 1517 6 1879 6 853 5 
852 6 835 6 1520 4 1882 5 
1521 6 1519 4 851 7 1881 3 
850 5 1520 6 1522 7 1884 10 
1515 5 1521 7 849 4 1883 5 
1149 4 1582 4 1717 6 1524 3 
1150 6 1527 2 1581 3 1523 3 
1145 2 1580 2 1528 3 1526 1 
1146 3 1525 1 1531 3 1579 2 
1578 2 1524 2 1528 4 1147 2 
1525 3 1577 6 1148 6 1527 4 
1576 6 1530 3 1141 4 1532 2 
1363 6 1529 3 1575 5 1142 7 
1143 6 1574 3 1526 3 1532 4 
1573 3 1144 6 1529 2 1531 4 
612 8 2238 6 1726 4 1534 5 
1539 4 611 6 2237 4 1533 5 
2232 8 1542 5 1536 4 618 6 
1535 4 1537 2 617 2 2231 3 
1538 4 620 3 1536 2 2230 2 
1537 4 1365 6 2229 5 619 4 
1540 6 1534 4 614 4 2236 5 
613 7 1541 6 1539 6 2235 6 
1542 4 1540 6 616 8 1192 4 
1541 4 1535 5 615 3 2233 6 
1844 5 1553 6 1544 6 391 7 
1951 6 1543 6 392 3 1545 5 
1814 4 1546 5 1544 5 393 4 
1547 5 1949 6 1545 5 394 8 
1546 5 387 6 1548 5 1956 6 
1955 5 1549 6 388 5 1547 5 
1867 4 1548 6 1550 6 389 6 
1711 6 390 6 1861 6 1549 6 
2251 5 953 8 295 7 848 4 
1735 2 1946 5 1553 4 395 4 
396 7 1543 6 1945 4 1552 4 
1899 5 1555 5 1561 5 885 4 
1556 4 1554 5 884 5 1898 5 
1555 4 1897 3 887 5 1557 3 
886 3 1564 4 1896 2 1556 3 
1386 4 1559 8 889 6 1903 4 
1558 8 888 8 1902 7 1560 5 
1901 3 1561 3 891 3 1559 5 
1900 4 1554 5 890 7 1560 3 
1563 6 1130 5 1184 5 248 11 
1562 6 1183 5 
1485 6 1565 7 893 5 1557 4 
1484 8 1564 7 892 6 1306 9 
1013 6 1085 5 2160 9 1567 10 
1568 7 1566 10 1084 11 1012 8 
1083 5 1015 5 1567 7 1569 2 
1082 6 1568 2 2068 2 1014 2 
2084 6 1571 4 1184 3 1197 7 
1570 4 1196 4 1183 5 
1018 5 2069 8 1087 4 
1574 2 1576 7 559 6 1532 3 
1573 2 1531 3 1579 2 558 4 
561 4 1530 5 1576 8 969 7 
1573 7 1529 6 560 7 1575 8 
563 5 1528 6 1580 5 1578 4 
1527 2 1577 4 562 3 1581 3 
565 2 1580 3 1574 2 1526 2 
564 5 1525 2 1577 5 1579 3 
557 5 1582 4 1524 3 1578 3 
1397 5 556 6 1523 4 1581 4 
1310 6 324 3 1584 3 
951 5 1583 3 
2227 7 1586 6 1588 4 2247 5 
2246 6 1585 6 2226 3 
1588 4 2225 6 1590 4 2249 6 
1587 4 1585 4 2224 4 2248 6 
2223 2 2244 5 1409 4 1590 2 
2243 3 1589 2 1587 4 2222 5 
1594 3 2263 5 1192 3 1592 3 
2262 4 2233 6 1591 3 1597 5 
1600 10 2236 10 2261 12 1594 9 
2235 4 1591 3 2260 3 1593 9 
1598 6 2259 5 1596 6 2230 3 
2258 7 1595 6 719 7 2229 6 
2232 8 2257 5 1598 7 1592 5 
1595 6 1597 7 2231 6 2256 8 
1791 3 2238 4 2252 4 1600 4 
1593 10 2251 5 2237 5 1599 4 
2244 7 1425 4 1602 4 732 7 
1603 4 2120 3 2243 3 1601 4 
1602 4 727 6 2249 6 1604 5 
1605 3 2248 7 1019 6 1603 5 
1604 3 2247 3 1606 4 729 4 
2246 6 728 7 1607 5 1605 4 
2086 6 2245 5 1606 5 
443 4 1712 2 1392 2 1657 6 
772 10 2109 8 2107 12 712 11 
583 4 1611 8 1615 4 317 5 
1074 9 1610 8 314 8 582 13 
1613 4 577 3 1619 4 406 5 
1612 4 1614 6 576 9 405 4 
408 8 1613 6 1615 5 575 3 
1610 4 574 5 407 6 1614 5 
1617 7 1444 9 581 4 339 5 
1616 7 580 5 338 6 1618 6 
579 4 412 5 1617 6 1619 6 
578 6 1612 4 411 7 1618 6 
2132 4 1845 5 1246 9 1621 6 
2131 5 1620 6 1622 6 1245 5 
1240 6 1623 5 2138 4 1621 6 
1239 3 2137 3 1624 4 1622 5 
2140 5 1625 3 1623 4 1238 3 
1624 3 2139 5 1626 3 1237 2 
1244 4 2134 5 1625 3 1627 4 
1243 3 1628 3 1626 4 2133 6 
1242 3 1629 2 1627 3 2136 2 
1241 2 1628 2 2135 3 1473 3 
2090 4 1631 2 206 4 1035 5 
205 3 1649 2 2089 3 1630 2 
1290 2 1860 2 1633 2 1946 4 
1945 3 1289 2 1632 2 1641 6 
774 8 938 7 1220 8 204 5 
1298 2 1638 5 1636 3 1867 2 
754 3 1297 3 1635 3 1861 5 
1296 5 1956 8 1640 7 1638 8 
1635 5 1295 4 1955 6 1637 8 
1642 5 1814 6 1640 7 1294 5 
1949 6 1639 7 1293 6 1637 7 
1292 6 1633 6 1844 6 1642 5 
1291 5 1639 5 1951 4 1641 5 
685 6 1039 8 1644 5 60 8 
534 6 1645 3 1643 5 684 3 
1646 3 533 2 1391 3 1644 3 
1645 3 1332 5 1647 4 532 2 
2325 6 1648 5 675 5 1646 4 
600 3 1647 5 63 5 
1650 5 200 5 2085 5 1631 2 
1649 5 2084 7 199 8 1197 8 
1654 8 1713 6 2045 6 209 6 
1897 4 2159 4 2329 5 1656 6 
1655 3 2043 6 1654 6 
1651 8 1653 6 2042 8 
1653 3 2040 3 
1896 4 2158 6 1683 7 1652 6 
209 7 2047 7 1658 9 1608 6 
2046 7 1489 8 443 7 1657 9 
1662 8 1699 8 1660 6 2061 7 
2060 3 1698 3 1659 6 
2051 7 1706 7 1662 7 1664 6 
1659 8 1705 7 1661 7 2050 10 
1664 4 1666 4 1708 4 2049 6 
1707 7 2048 3 1663 4 1661 6 
1666 4 1668 2 2055 6 1702 5 
1665 4 2054 9 1663 4 1701 4 
1668 2 1873 4 1704 2 2053 4 
1665 2 1667 2 2052 1 1703 2 
782 5 1942 4 1670 6 1345 6 
1669 6 1344 5 1677 7 1941 6 
1950 7 1674 5 1353 4 1672 4 
1352 5 1337 5 1813 6 1671 4 
1674 4 1351 5 1676 2 1952 4 
1739 4 1350 8 1673 4 1671 5 
1676 1 1678 3 1349 3 1954 3 
1675 1 1953 2 1348 4 1673 2 
1678 6 1670 7 1347 6 1828 4 
1675 3 1677 6 1346 3 1827 4 
379 5 464 3 1680 4 2067 2 
2066 4 1681 3 463 4 1679 4 
1680 3 2065 4 1682 3 459 3 
2064 3 1681 3 458 3 
1485 7 2161 9 952 5 1656 7 
372 5 1499 2 
1686 2 1083 5 1308 3 1688 5 
1307 5 1691 3 1685 2 1082 6 
1306 7 1688 6 1484 6 1085 3 
1687 6 1305 6 1084 9 1685 5 
1690 7 1692 5 1087 3 1304 7 
1689 7 1303 7 1086 6 1694 8 
1089 9 1692 5 1686 3 1302 6 
1691 5 1088 4 1301 4 1689 5 
1696 10 956 5 1053 8 1512 7 
1081 7 1695 6 1690 8 1300 7 
1694 6 1299 6 
1693 10 1048 6 955 12 1511 7 
1700 3 1252 2 1177 3 1972 5 
1660 3 1699 5 699 4 
1659 8 1698 5 698 6 1705 7 
1697 3 1971 3 1251 3 1725 3 
1702 5 693 6 1666 4 1708 4 
1701 5 692 8 1703 5 1665 5 
1886 3 1704 2 1702 5 1668 2 
1514 3 1667 2 690 1 1703 2 
1662 7 1699 7 1706 7 689 10 
1707 8 1661 7 688 4 1705 7 
1664 7 1706 8 687 7 1708 7 
686 3 1663 4 1701 4 1707 7 
954 6 1714 4 1111 6 1021 5 
1720 4 1711 4 1401 3 1344 2 
1550 6 1345 7 1710 4 1400 7 
1713 3 1608 2 209 3 
1712 3 1651 6 
1020 3 1052 3 1709 4 953 6 
1399 6 1350 8 1718 5 1716 6 
1721 6 1351 7 1715 6 1398 8 
1718 6 1397 7 1523 6 1352 7 
1717 6 1353 4 1715 5 1396 4 
1346 6 1722 7 1720 9 1395 9 
1394 6 1347 6 1710 4 1719 9 
1722 4 1080 4 1716 6 1348 6 
1721 4 1349 4 1079 4 1719 7 
1724 7 1733 3 2079 5 426 4 
2078 8 1723 7 1802 7 425 7 
1968 3 1255 4 1700 3 
2073 1 1533 4 1727 2 418 6 
1728 4 2072 4 417 5 1726 2 
420 7 2071 5 1727 4 1729 3 
419 2 1730 2 2070 6 1728 3 
1731 4 1729 2 422 4 2077 2 
1730 4 1732 8 2076 6 421 8 
1733 6 1731 8 424 8 2075 8 
2074 5 1723 3 1732 6 423 4 
570 6 1738 9 2020 6 
1736 4 1552 2 1778 1 566 5 
1735 4 735 7 567 4 1737 5 
1738 6 568 3 1776 4 1736 5 
1737 6 569 7 1734 9 730 5 
1674 4 1952 4 1950 6 2217 5 
2381 4 677 1 1741 4 1743 1 
1187 7 676 6 1740 4 2380 5 
2379 6 1745 5 679 8 1743 5 
2378 2 1742 5 1740 1 678 2 
681 6 2377 9 1747 5 1745 3 
2376 2 1742 5 680 2 1744 3 
2375 6 1749 2 1862 6 1747 3 
2182 6 1744 5 2374 5 1746 3 
2383 3 1919 4 1749 2 672 5 
671 7 1746 2 1748 2 2382 5 
2229 5 1751 6 1365 6 719 6 
1750 6 1364 7 718 8 1752 4 
717 3 1367 2 1751 4 
1754 4 28 4 427 2 
1768 6 1753 4 27 12 
26 3 654 4 427 4 
1757 3 2140 5 1461 2 1759 3 
1756 3 2139 5 1762 3 1460 3 
1463 7 1759 5 2138 5 1767 7 
1758 5 2137 2 1462 7 1756 3 
1761 6 1457 6 2136 6 1763 7 
1760 6 2135 3 2254 2 1456 3 
1757 3 1459 4 2134 5 1763 4 
2133 6 1760 7 1762 4 1458 3 
1765 4 1201 4 1414 5 825 3 
1764 4 824 5 638 3 1413 7 
1455 2 2132 3 1767 5 1164 5 
1454 6 1766 5 2131 5 1758 7 
1754 6 24 4 
1337 5 1770 4 2255 3 1813 6 
1336 4 2250 7 1775 6 1769 4 
736 6 2407 6 1772 6 1319 6 
520 8 2406 4 1771 6 1773 4 
1876 6 1772 4 2405 5 1774 6 
2270 6 2404 5 1773 6 1875 6 
1870 7 1967 6 1770 6 2411 6 
1858 4 730 3 1737 4 735 6 
1967 5 2242 5 736 4 1872 4 
735 4 1735 1 1860 2 1946 4 
1957 4 938 5 246 7 1780 6 
245 5 223 5 1781 6 1779 6 
244 5 1782 5 1780 6 2094 3 
1783 8 1781 5 2093 4 243 6 
1782 8 242 7 2088 8 1784 6 
241 2 1785 4 1783 6 2087 2 
1784 4 2090 6 240 6 1786 5 
1787 8 239 3 1785 5 2089 4 
1786 8 249 9 2085 10 1788 9 
2084 6 1787 9 248 9 1184 3 
2071 6 1792 8 773 7 640 6 
1944 11 2023 8 1910 10 1796 9 
2105 3 1792 6 1599 3 2073 2 
1791 6 1789 8 2104 8 2072 7 
785 7 1794 7 2103 6 2075 7 
2102 3 1797 4 2074 7 1793 7 
785 3 2077 1 773 4 2101 4 
1909 4 1393 4 1287 4 1790 9 
1794 4 1798 6 2079 4 2097 4 
1205 7 2096 9 1797 6 2078 8 
1167 5 1800 6 116 5 253 7 
115 3 252 3 1799 6 2304 2 
1948 7 255 6 1802 7 114 5 
1724 7 113 4 254 7 1801 7 
1810 7 1296 3 1459 5 1804 6 
1458 4 1805 6 1295 4 1803 6 
1457 4 1804 6 1298 3 1806 3 
1297 2 190 2 1456 2 1805 3 
1463 5 1808 5 872 6 1292 3 
1462 9 1291 8 1807 5 1809 8 
1461 5 1294 5 1810 9 1808 8 
1803 7 1809 9 1460 6 1293 8 
1973 10 1455 3 872 7 1290 4 
1830 3 285 4 716 4 265 5 
2219 7 1950 9 1672 6 1769 6 
1545 4 1639 6 1951 5 1949 5 
270 6 668 3 2373 6 292 6 
2014 6 1826 6 1817 6 862 4 
1818 4 1816 6 2013 7 861 3 
864 5 1819 4 1817 4 2012 3 
1818 4 2011 8 863 4 1820 7 
1821 8 858 8 2018 6 1819 7 
857 5 2017 6 1820 8 1822 7 
1821 7 1887 4 2016 4 1823 7 
2015 4 386 5 1997 6 1822 7 
1167 3 110 8 2112 6 260 3 
2010 5 2323 8 1826 6 1829 8 
1816 6 2009 3 1825 6 374 3 
2221 5 1954 4 1678 4 1828 2 
2220 3 1941 3 1677 4 1827 2 
518 7 374 5 1825 8 321 10 
1812 3 664 3 286 5 266 3 
2383 6 1832 8 1997 6 2015 4 
1996 7 1831 8 1833 9 2382 8 
1834 6 2375 10 1991 5 1832 9 
1833 6 2374 4 1835 4 1990 6 
1989 6 2377 9 1834 4 1836 5 
1837 5 2376 4 1988 4 1835 5 
1995 6 1836 5 1838 5 2379 4 
1837 5 1839 3 1994 5 2378 4 
1838 3 1840 6 1993 4 2381 4 
1839 6 1992 8 2380 7 493 12 
1842 9 179 9 1849 7 347 5 
1841 9 346 7 682 7 2019 10 
1968 3 1848 2 1063 6 
1951 5 1543 5 1945 3 1641 6 
1970 4 1620 5 1067 5 2177 5 
674 7 2039 8 1849 7 345 10 
2177 10 1065 11 1972 11 1848 8 
1843 2 1971 2 1064 2 1847 8 
1841 7 1846 7 344 6 2038 4 
2064 3 1851 5 778 7 
777 4 1852 7 2065 6 1850 5 
1853 7 2066 6 1851 7 776 9 
1852 7 775 4 1269 4 2067 3 
2024 4 342 2 1185 4 916 3 
2278 5 1864 7 1390 6 553 9 
1129 4 2020 4 1859 5 
2345 10 2001 4 2351 5 742 5 
1776 4 1128 2 1859 4 1114 3 
1856 5 730 3 1858 4 1127 3 
1632 2 1126 3 1778 2 1114 3 
1400 7 1550 6 1867 4 1636 5 
671 11 659 8 1746 6 2182 9 
551 5 2280 8 811 4 1864 6 
2279 5 1855 7 550 4 1863 6 
1866 3 549 5 238 4 2274 4 
1865 3 228 3 548 3 2273 1 
1549 4 1955 3 1635 2 1861 4 
237 5 1096 3 2367 2 226 4 
1967 8 1148 9 1870 9 1872 7 
1336 5 1775 7 1147 4 1869 9 
1146 6 1872 5 1319 5 736 5 
1145 3 1871 5 1777 4 1869 7 
1495 6 1514 5 1874 6 1667 4 
1494 7 1879 6 1873 6 1513 6 
1876 6 1142 7 1311 4 1774 6 
1875 6 1773 6 520 10 1141 7 
1516 3 1878 4 1880 5 1891 4 
1515 5 1890 4 1877 4 1883 5 
1880 6 1874 6 1518 6 1889 3 
1879 6 1888 5 1517 6 1877 5 
1882 4 1884 7 1895 6 1520 3 
1881 4 1894 5 2028 5 1519 5 
1884 8 1893 5 1522 5 1878 5 
1883 8 1881 7 1892 8 1521 10 
732 7 1997 6 386 5 691 4 
690 2 692 6 979 2 1703 3 
514 4 386 2 1822 4 857 2 
2123 2 1880 5 1891 4 1889 2 
1494 4 1879 3 1888 2 1388 2 
1878 4 1891 4 1893 4 2121 5 
1890 4 1888 4 2122 6 1877 4 
1893 5 2127 6 1884 8 1895 7 
1890 4 2128 5 1892 5 1883 5 
2384 5 1895 7 2125 5 1882 5 
1894 7 2126 6 1881 6 1892 7 
1656 4 1485 4 1557 2 1897 2 
1556 3 1652 4 1896 2 1898 4 
1899 5 2329 5 1897 4 1555 5 
1898 5 1554 5 2328 5 1900 4 
1561 4 2331 6 1899 4 1901 4 
2330 5 1560 3 1902 5 1900 4 
1903 3 1559 7 1901 5 2333 5 
1902 3 1558 4 2332 1 52 2 
167 4 2388 3 169 4 1391 2 
1906 3 1908 6 1493 7 
1905 3 1492 4 
1910 6 1944 7 1487 7 1908 7 
1486 6 1905 6 1907 7 1943 4 
1796 4 1910 5 1489 7 443 6 
1488 6 1909 5 1907 6 1790 10 
2197 4 1912 5 466 6 1914 4 
1911 5 1385 10 2196 9 465 8 
2209 4 1914 7 1916 5 472 5 
2208 7 1913 7 1911 4 471 5 
1918 5 474 2 2207 4 1916 2 
1913 5 2206 3 473 5 1915 2 
2205 5 1918 6 1920 6 468 3 
1915 5 1917 6 2204 10 467 6 
470 6 1748 4 1920 8 381 6 
469 8 370 6 1917 6 1919 8 
1221 5 1958 4 1924 3 1922 5 
938 5 1220 6 1957 4 1921 5 
185 5 1924 4 1926 7 1960 7 
184 2 1923 4 1959 2 1921 3 
1211 6 1926 8 1962 7 1928 7 
1961 6 1925 8 1923 7 182 6 
194 6 1928 6 1964 7 1930 6 
1963 5 1927 6 188 5 1925 7 
1930 4 13 4 187 3 1966 3 
1929 4 186 6 1927 6 1965 7 
644 5 1205 5 1932 4 2096 7 
1931 4 643 3 1933 6 1204 2 
1203 8 1932 6 646 8 1934 9 
1935 5 645 8 1202 8 1933 9 
1934 5 648 2 1936 2 1209 2 
1208 4 1937 8 647 3 1935 2 
1936 8 1938 8 650 10 1207 9 
649 3 1937 8 1206 4 1939 3 
1940 6 1200 6 1938 3 652 5 
1939 6 1199 8 636 7 651 6 
1670 6 1182 5 1942 4 1828 3 
1669 4 1181 6 288 6 1941 4 
1944 4 1908 4 
1790 11 1943 4 1907 7 
1633 3 1553 4 1844 3 1946 5 
1552 5 1632 4 1778 4 1945 5 
112 8 257 3 1948 5 1068 7 
111 3 1947 5 1801 7 256 6 
1956 7 1640 6 1814 5 1546 6 
1671 7 1813 9 2218 7 1739 6 
1844 5 1544 6 1642 4 1814 5 
1953 4 1739 4 2216 5 1673 4 
1952 4 1954 4 1676 2 1178 3 
1176 5 1953 4 1675 3 1827 4 
1548 5 1638 6 1867 3 1956 6 
1949 7 1637 8 1955 6 1547 6 
1779 4 94 6 1922 4 1958 3 
93 6 1957 3 1959 3 1921 4 
1960 5 108 2 1924 2 1958 3 
1959 5 1961 6 107 8 1923 7 
1926 6 1960 6 1962 5 106 3 
1961 5 1925 7 105 5 1963 5 
1928 5 104 7 1964 6 1962 5 
103 7 1927 7 1965 8 1963 6 
102 6 1964 8 1966 6 1930 7 
101 4 1929 3 1412 6 1965 6 
1777 5 1869 8 2410 5 1775 6 
1843 3 1725 3 1971 3 
1177 5 1972 7 2177 6 1970 5 
1845 4 1164 5 2132 3 1969 5 
1700 3 1972 5 1848 2 1968 3 
1969 7 1971 5 1847 11 1697 5 
1254 9 1811 10 1126 9 1974 10 
1125 5 1253 4 1975 4 1973 10 
1128 2 1976 2 1974 4 1252 2 
1251 2 1975 2 1977 1 1127 1 
1255 3 1976 1 1129 2 
1469 3 1320 3 1987 2 1979 2 
1318 4 1468 4 1980 3 1978 2 
883 4 1979 3 1471 6 1981 2 
1470 4 1982 2 1980 2 1309 2 
1465 3 1981 2 1983 5 1324 5 
1464 5 1984 6 1982 5 1323 8 
1985 5 1322 7 1983 6 1467 8 
1321 3 1984 5 2151 6 1466 4 
2135 4 2254 3 1473 4 1987 4 
2253 6 1472 5 1978 2 1986 4 
695 3 1836 4 1989 5 1995 5 
1990 8 1835 6 1988 5 694 5 
1989 8 697 8 1834 6 1991 5 
1996 3 1833 5 696 4 1990 5 
315 5 1840 8 1993 6 
1994 6 1992 6 1839 4 
1993 6 1838 5 701 3 1995 6 
1837 6 700 6 1994 6 1988 5 
1832 7 1997 5 1991 3 691 3 
1996 5 1823 6 1885 6 1831 6 
1453 3 77 2 
2352 9 2000 9 140 7 35 8 
2351 5 1999 9 2001 4 139 5 
1857 4 130 3 2000 4 2002 3 
129 5 2345 9 2003 2 2001 3 
2004 2 2344 2 2002 2 132 3 
2003 2 2005 3 131 8 2343 3 
134 3 2006 2 2350 3 2004 3 
2005 2 133 5 2007 1 2349 3 
2348 4 136 1 2006 1 2008 3 
2347 7 2163 6 135 5 2007 3 
1826 3 2014 3 2197 4 2010 2 
2169 2 1825 5 2009 2 2196 6 
2018 7 2012 7 1819 8 2207 9 
2011 7 2013 6 2206 3 1818 3 
1817 7 2012 6 2014 7 2209 5 
1816 6 2009 3 2013 7 2208 6 
1823 4 2016 1 381 3 1831 4 
2015 1 370 2 1822 4 2017 3 
1821 6 2018 4 2016 3 2205 6 
2011 7 2204 7 2017 4 1820 6 
179 10 2029 9 2401 8 1842 10 
1856 4 730 2 1734 6 
2039 5 674 4 2403 4 2022 4 
146 7 673 5 2021 4 2402 4 
1287 3 1790 8 
1854 4 1131 5 2397 3 2025 3 
2396 2 1185 3 2026 2 2024 3 
2029 5 2025 2 2395 5 683 5 
841 4 2385 2 2037 5 2028 4 
835 6 2384 5 1882 5 2027 4 
2026 5 2394 4 2019 9 682 6 
2214 4 1339 7 2031 7 2393 6 
2392 7 2032 8 1338 5 2030 7 
2031 8 2033 6 1341 8 2391 4 
2034 7 1340 4 2390 4 2032 6 
2389 7 2033 7 2035 6 1343 6 
2034 6 1342 5 2036 5 2388 4 
2035 5 222 6 2387 5 2037 7 
2386 7 2027 5 823 7 2036 7 
179 6 2399 5 2039 5 1849 4 
1846 8 2021 5 2038 5 2398 7 
2043 6 2041 6 2325 6 1655 3 
2040 6 63 6 
533 5 2045 6 2043 8 1654 8 
2040 6 1653 6 532 4 2042 8 
2045 4 60 7 209 4 2047 4 
534 6 2044 4 1651 6 2042 6 
1658 7 68 7 1500 6 2047 5 
67 5 1657 7 2044 4 2046 5 
2283 1 1664 3 2051 4 2049 5 
2048 5 2284 5 1663 6 2054 11 
2051 10 2281 7 2061 9 1662 10 
1661 7 2048 4 2050 10 2282 4 
2053 3 1668 1 2055 5 2287 2 
1495 6 2052 3 1667 4 2288 3 
1666 9 2285 7 2055 11 2049 11 
1665 6 2054 11 2286 6 2052 5 
2173 5 2057 3 2063 5 1381 3 
2056 3 1380 6 2172 4 2058 3 
2175 4 1379 8 2059 2 2057 3 
51 2 1378 2 2174 2 2058 2 
1660 3 2289 3 2061 4 
2290 5 1659 7 2050 9 2060 4 
1383 6 2063 8 56 6 2171 6 
1382 6 2062 8 2056 5 2170 5 
1682 3 1850 3 2065 4 
1681 4 2066 5 1851 6 2064 4 
1680 4 1852 6 2065 5 2067 2 
402 4 1853 3 2066 2 1679 2 
2069 6 1089 8 1017 5 1569 2 
2068 6 1016 7 1088 6 1572 8 
2077 6 2071 8 773 9 1729 6 
2070 8 1728 5 1789 6 2072 5 
2073 3 1727 4 2071 5 1792 7 
2072 3 1791 2 1726 1 2238 3 
2079 7 1733 5 2075 7 1794 7 
2076 6 2074 7 1732 8 1793 7 
785 6 2075 6 2077 4 1731 6 
2070 6 1795 1 2076 4 1730 2 
113 5 1724 8 2079 6 1798 8 
2074 7 1723 5 2078 6 1797 4 
2083 3 866 6 
40 5 877 4 69 5 1043 5 
224 7 572 7 2083 5 868 7 
2082 5 571 3 2080 3 867 4 
1570 6 1650 7 2085 7 1788 6 
1649 5 2084 7 1787 10 2089 6 
1607 6 728 8 700 6 
1035 5 2088 4 2090 4 1784 2 
2087 4 1783 8 1034 6 2093 4 
2090 5 1631 3 2085 6 1786 4 
1785 6 2089 5 1630 4 2087 4 
1310 6 871 6 224 6 137 3 
1041 4 875 6 40 3 2095 6 
2094 2 1782 4 2088 4 1037 4 
223 2 1036 2 1781 3 2093 2 
637 11 2092 6 1040 6 876 7 
457 8 1798 9 1931 7 2097 7 
456 6 2096 7 2102 3 1797 4 
2151 7 1321 4 38 6 2099 7 
37 4 2150 5 2098 7 1153 7 
785 6 2103 5 2101 7 445 8 
2100 7 444 9 264 5 1795 4 
1794 3 447 2 2097 3 2103 2 
2100 5 1793 6 446 3 2102 2 
449 5 640 6 1792 8 2105 5 
1791 3 2252 4 448 5 2104 5 
263 4 2147 8 36 4 1113 4 
726 7 1329 5 713 6 1609 12 
55 4 879 4 1045 3 69 3 
1331 3 1228 2 711 2 1609 8 
2113 3 2111 7 98 4 2429 5 
2116 8 2428 7 2110 7 1284 10 
2427 5 100 7 2113 5 1824 6 
2110 3 2112 5 2426 5 99 6 
2425 3 781 2 2115 4 2117 4 
757 8 2114 4 2118 4 2424 5 
96 5 2423 4 2117 6 2111 8 
95 6 2116 6 2422 5 2114 4 
2119 2 2115 4 2421 5 812 2 
2420 3 2118 2 2280 7 811 3 
727 5 732 6 1602 3 691 3 
306 6 2122 7 1890 5 2128 6 
2123 4 305 6 2121 7 1891 6 
2122 4 1888 2 1388 2 304 2 
53 3 731 5 1032 4 874 6 
2126 4 310 5 1894 5 162 4 
2125 4 309 8 1895 6 2127 5 
308 7 1892 6 2128 6 2126 5 
307 3 1893 5 2127 6 2121 6 
2130 4 302 5 1388 3 1494 5 
2129 4 2288 3 301 6 1495 6 
2132 3 2138 3 1621 5 1767 5 
1620 4 1766 3 2131 3 1970 3 
1763 6 2134 7 1627 6 2136 5 
2139 7 1626 5 2133 7 1762 5 
1986 4 2136 3 1629 3 1761 3 
2135 3 1760 6 1628 2 2133 5 
1623 3 2140 4 2138 2 1759 2 
2137 2 2131 3 1758 5 1622 4 
2134 7 2140 7 1757 5 1625 5 
2139 7 1756 5 1624 5 2137 4 
956 2 2263 5 296 3 748 4 
2143 3 1257 5 2149 2 261 3 
531 4 2142 3 1256 6 2144 4 
2145 4 1189 4 2143 4 1259 2 
1258 5 2150 4 1153 6 2144 4 
2313 3 1113 2 2147 6 1261 4 
1260 6 2148 6 2106 8 2146 6 
2147 6 263 2 2149 3 1263 3 
262 3 2142 2 1262 5 2148 3 
1265 4 2145 4 2099 5 2151 5 
1985 6 1264 4 2098 7 2150 5 
2155 2 476 5 2153 1 2333 3 
2332 1 475 4 2316 2 2152 1 
2155 5 2176 5 2331 8 2157 5 
2154 5 2330 4 2152 2 477 2 
480 1 2329 3 2159 2 2157 2 
479 3 2154 5 2328 4 2156 2 
2161 8 482 8 2159 4 1656 6 
481 4 2158 4 2156 2 1652 4 
2161 10 952 6 1566 9 484 6 
2158 8 483 6 2160 10 1683 9 
2444 5 2181 6 2165 4 2163 6 
2008 6 2443 5 2162 6 2180 7 
2179 6 2446 9 2165 6 
2162 4 2178 5 2164 6 2445 5 
52 3 2316 3 2167 4 2332 2 
51 4 2315 5 2174 4 2166 4 
2169 3 2171 4 56 4 2324 4 
54 1 2010 2 2168 3 2323 5 
2322 3 2171 3 2173 5 2063 5 
2168 4 2062 6 2321 4 2170 3 
2057 4 2173 6 2320 4 2175 5 
2056 5 2172 6 2319 7 2170 5 
2318 5 2175 4 2059 2 2167 4 
2058 4 2174 4 2317 4 2172 5 
479 3 2154 5 201 3 477 2 
1066 4 1969 6 1845 5 1847 10 
2179 5 2165 5 2181 7 923 6 
2164 6 2178 5 922 5 
2181 7 2347 8 921 6 2163 7 
2162 6 2180 7 2178 7 920 6 
660 7 1747 6 681 7 1862 9 
575 1 2184 2 1281 4 2186 5 
574 4 2183 2 2189 5 1280 5 
2186 5 1279 3 577 3 2188 5 
2185 5 576 10 2183 5 1278 7 
2188 7 1277 3 579 4 
2187 7 2185 5 578 7 1276 8 
583 6 2190 6 2184 5 1283 4 
582 9 945 6 1282 5 2189 6 
297 8 871 8 2228 8 1282 7 
2195 7 1 6 78 5 2193 8 
97 6 2192 8 2435 7 77 4 
810 4 2195 4 76 2 
2192 7 75 5 2194 4 39 6 
1912 9 54 5 2197 8 2010 6 
1911 4 2009 4 2196 8 2208 7 
2213 3 2199 4 27 9 
2200 6 2198 4 28 7 2212 6 
25 4 2199 6 2201 4 2211 3 
26 2 2200 4 2210 3 2202 4 
2215 4 2203 4 22 5 2201 4 
23 6 2202 4 2393 5 2214 3 
2207 9 1918 10 2018 7 2205 9 
1917 5 370 5 2204 9 2017 6 
2207 5 2209 2 1916 3 2012 3 
2206 5 2204 9 2011 9 1915 4 
1914 7 2014 6 2197 7 2209 4 
1913 4 2206 2 2013 5 2208 4 
2292 4 2201 3 2211 2 2215 3 
2212 3 2210 2 2291 6 2200 3 
901 5 2211 3 2199 6 2213 5 
2198 3 2295 4 2212 5 
1152 6 2203 3 2030 4 2215 3 
2202 4 1151 6 2214 3 2210 3 
2217 6 120 5 1178 4 1952 5 
2216 6 2218 6 119 6 1739 5 
2217 6 1950 7 122 4 2219 5 
1813 7 121 3 2255 4 2218 5 
1828 3 124 7 2221 6 1182 5 
2220 6 1827 5 123 6 1176 6 
2225 7 2223 5 438 6 1590 5 
1589 2 2417 4 2222 5 437 1 
2227 7 1588 4 2225 6 434 5 
2222 7 1587 6 2224 6 505 3 
2227 4 436 4 1586 3 
1585 7 2226 4 2224 7 435 6 
2191 8 870 6 1283 4 452 7 
1750 5 1596 6 1538 5 2230 3 
1537 2 1595 3 2231 3 2229 3 
2232 7 1598 6 2230 3 1536 3 
1535 8 1597 8 2231 7 2233 9 
1542 6 1192 6 1592 6 2232 9 
325 3 357 4 323 4 2320 3 
1594 4 2236 5 1192 4 1540 6 
2235 5 1593 10 1539 5 2237 5 
1534 4 1600 5 2238 5 2236 5 
1599 4 1533 6 2237 5 2073 3 
157 2 2240 4 72 4 
71 9 156 7 1186 5 2239 4 
2242 4 2407 3 736 3 2431 5 
2430 4 2410 5 2241 4 1777 5 
2249 5 1590 3 2244 6 1602 3 
12 6 1601 7 1589 5 2243 6 
2246 6 1607 5 
1586 6 1606 6 2245 6 2247 5 
1605 3 2246 5 1585 5 2248 7 
2249 8 1588 6 1604 7 2247 7 
2248 8 2243 5 1603 6 1587 6 
2411 7 2255 6 1770 7 2439 5 
1551 5 2252 5 2261 7 1600 5 
2105 4 2251 5 1599 4 848 4 
1987 6 2254 5 2327 8 1320 7 
2326 2 2253 5 1986 3 1761 2 
2250 6 2219 4 2438 2 1769 3 
2257 6 2259 7 300 6 1598 8 
2262 4 1597 5 2256 6 299 3 
1596 7 1009 9 2259 6 
1595 5 2256 7 2258 6 771 4 
2261 6 2263 5 1594 3 296 3 
295 9 2260 6 2251 7 1593 12 
2257 4 2263 6 1592 4 748 5 
2262 6 1591 5 2260 5 2141 5 
1317 4 2267 3 
1314 6 810 6 2266 6 2268 4 
2269 6 39 6 2265 6 1313 5 
2264 3 1316 2 2268 2 
2265 4 2267 2 1315 8 
2266 6 2270 6 1 5 1312 6 
1311 4 1774 6 2269 6 97 5 
2272 7 919 7 229 7 2457 4 
2271 7 2273 4 228 6 918 5 
900 5 2272 4 2274 2 1866 1 
2275 7 2273 2 899 5 1865 4 
2274 7 238 7 2276 8 897 6 
2277 4 2275 8 1441 3 894 4 
1390 4 2276 4 914 4 2278 3 
1855 5 1333 2 2279 3 2277 3 
1864 5 2278 3 2280 7 903 6 
902 8 2279 7 2119 7 1863 8 
2290 3 2282 1 2050 7 
2283 1 2281 1 2051 4 
2048 1 2282 1 2284 1 
2285 1 2283 1 151 1 2049 5 
2284 1 155 2 2054 7 2286 2 
2287 3 154 5 2285 2 2055 6 
153 3 2286 3 2288 2 2052 2 
2130 3 2287 2 152 5 2053 3 
2290 4 2060 3 
2289 4 2061 5 2281 3 
490 8 901 8 2211 6 2292 8 
2210 4 1151 7 489 3 2291 8 
165 5 3 5 919 7 2294 8 
164 6 2302 13 2293 8 918 6 
901 4 488 2 2213 4 
2297 11 2299 10 903 11 506 8 
2296 11 1201 7 1414 8 902 7 
491 4 2299 6 914 5 2301 6 
2296 10 2298 6 478 10 1333 4 
2301 6 1193 6 2303 3 897 3 
2300 6 2298 6 451 8 894 5 
442 9 900 13 2303 9 2294 13 
166 1 2300 3 2302 9 899 4 
1068 5 1800 2 251 2 118 3 
2308 6 2306 6 1041 6 136 4 
1040 4 2305 6 17 4 135 5 
2310 7 2308 6 134 5 1043 5 
2305 6 2307 6 133 7 1042 5 
1045 4 132 5 2310 6 2312 6 
2307 7 131 10 1044 7 2309 6 
2312 5 1047 5 2314 4 130 3 
2311 5 1046 5 129 7 2309 6 
1033 6 140 2 2146 3 2314 4 
2311 4 139 5 2313 4 1032 4 
2316 4 2167 5 2318 6 327 5 
2315 4 326 3 2153 2 2166 3 
2175 4 323 4 2318 5 2320 3 
2174 5 2317 5 322 4 2315 6 
325 5 2173 7 2320 5 2322 5 
2172 4 2319 5 2317 3 2234 3 
2324 4 319 6 2171 4 2322 4 
2170 3 318 2 2319 5 2321 4 
1825 8 2169 5 2324 6 321 10 
2323 6 320 3 2321 4 2168 4 
63 6 1647 6 2040 6 532 4 
1456 3 2254 2 2327 5 190 3 
2253 8 2340 5 189 6 2326 5 
2329 5 2331 7 1899 5 2157 4 
2328 5 2156 3 1898 5 1652 5 
2155 4 2331 7 1901 5 2333 5 
1900 6 2328 7 2330 7 2154 8 
2153 1 1903 1 2166 2 2333 3 
2330 5 1902 5 2152 3 2332 3 
2337 6 198 3 2335 5 1322 6 
1321 4 38 6 2334 5 197 8 
2339 3 1324 5 2337 6 196 3 
1323 9 2334 6 195 7 2336 6 
1443 5 2341 5 883 5 2339 4 
2336 3 2338 4 1309 3 193 2 
1442 4 1320 4 2341 4 2327 5 
1318 5 2338 5 2340 4 191 4 
1419 7 631 9 2428 6 2346 9 
2004 3 741 4 2344 3 2350 3 
740 8 2003 2 2343 3 2345 9 
1857 10 2002 9 743 8 2344 9 
2423 6 642 6 1422 7 2342 9 
2008 7 2180 8 745 7 2348 8 
2007 4 2349 6 744 5 2347 8 
2348 6 2350 4 2006 3 747 4 
2349 4 2005 3 746 2 2343 3 
2000 5 2352 5 1857 5 739 8 
1999 9 42 7 2351 5 738 5 
1076 3 2354 5 761 6 943 3 
2361 5 2353 5 942 5 1075 7 
230 3 882 6 803 6 441 7 
759 5 2358 4 1399 5 361 5 
1424 3 2425 5 639 5 1422 5 
360 6 1398 7 2356 4 2359 9 
1080 8 763 8 367 9 2358 9 
762 5 1071 4 946 3 755 3 
2354 5 765 9 949 4 1070 6 
1394 6 364 4 764 7 753 6 
234 7 2364 6 2370 6 1169 6 
233 3 2363 6 1168 4 2365 5 
232 7 2366 5 1171 6 2364 5 
2365 5 231 8 66 3 1170 6 
1868 2 2372 6 2368 2 1173 4 
1172 4 237 5 2369 2 2367 2 
1175 2 236 4 2368 2 2370 3 
235 4 2363 6 2369 3 1174 3 
1166 4 798 2 2372 6 227 4 
2371 6 226 8 2367 6 1165 9 
269 6 663 9 291 4 1815 6 
2377 9 2375 8 1834 4 1747 5 
2382 9 2374 8 1833 10 1746 6 
1745 2 2379 3 1836 4 2377 8 
2374 9 1744 9 1835 9 2376 8 
1743 2 1838 4 2379 3 2381 5 
2376 3 1742 6 2378 3 1837 4 
73 3 2381 5 1840 7 1741 5 
1740 4 2380 5 1839 4 2378 5 
2383 6 2375 9 1832 8 1749 5 
2382 6 1831 6 1748 3 381 5 
2385 3 1894 5 162 4 2028 5 
2384 3 2027 2 163 2 2386 4 
2037 7 2385 4 2387 5 168 5 
2388 4 169 5 2386 5 2036 5 
2387 4 2035 4 1904 3 2389 5 
2034 7 2390 4 167 6 2388 5 
172 5 2033 4 2389 4 2391 2 
2392 3 173 2 2032 4 2390 2 
170 5 2391 3 2031 7 2393 6 
171 4 2392 6 2203 5 2030 6 
2395 4 2029 4 491 2 2401 3 
478 10 2394 4 2026 5 2396 5 
2397 2 506 3 2025 2 2395 5 
2396 2 825 2 2024 3 1201 3 
442 4 2403 6 2039 7 2399 7 
166 4 2038 5 2400 7 2398 7 
2401 6 1193 7 179 8 2399 7 
2400 6 451 7 2019 8 2394 3 
165 3 2403 4 89 2 2022 4 
2398 6 164 4 2402 4 2021 4 
2405 4 1774 5 97 4 2435 5 
2406 5 2434 7 2404 4 1773 5 
2405 5 2437 4 1772 4 2407 4 
2241 3 1771 6 2406 4 2436 3 
284 2 101 3 1412 5 2409 3 
283 4 2414 6 1411 6 2408 3 
2242 5 1967 5 2411 5 2433 6 
2432 5 2250 7 2410 5 1775 6 
2415 3 1406 2 276 2 2413 1 
1405 3 275 1 2418 4 2412 1 
2415 6 278 6 2409 6 1404 4 
277 5 1403 4 2414 6 2412 3 
1410 5 2419 4 2417 6 280 5 
2223 4 2416 6 1409 6 279 4 
1408 5 2419 5 2413 4 282 4 
1407 5 281 4 2418 5 2416 4 
1414 5 2119 3 902 4 2421 6 
2424 6 2118 5 1413 9 2420 6 
2423 3 2425 4 1422 4 2117 5 
2428 3 2116 4 2422 3 2346 6 
2421 6 2115 5 2425 4 1424 2 
2114 3 2424 4 2357 5 2422 4 
2427 5 2429 7 2113 5 1418 5 
2426 5 110 7 2112 5 1188 3 
2423 3 2111 7 2342 6 2429 5 
2426 7 1419 6 2110 5 2428 5 
2242 4 2433 5 599 5 2431 5 
2430 5 598 6 2241 5 2436 5 
2411 5 597 5 2439 3 2433 6 
596 7 2430 5 2432 6 2410 6 
2405 7 2437 6 2435 8 595 8 
594 5 2434 8 2193 7 2404 5 
593 4 2437 3 2407 3 2431 5 
2436 3 2406 4 2434 6 592 6 
2439 1 587 4 121 1 2255 2 
2438 1 2432 3 586 2 2250 5 
2 3 2459 5 2441 5 
624 7 2442 3 2440 5 4 6 
2441 3 2457 1 919 4 3 2 
2163 5 2444 4 135 4 17 3 
2162 5 16 3 2443 4 2445 6 
19 4 2446 8 2444 6 2165 5 
2164 9 2445 8 18 6 
2448 4 2454 5 988 2 249 4 
1130 3 2447 4 248 9 987 7 
2452 3 982 2 244 3 2450 4 
2455 8 243 7 2449 4 981 5 
141 3 980 10 246 7 2452 5 
2449 3 979 3 2451 5 245 4 
2454 6 2456 4 986 5 240 5 
2447 5 2453 6 985 6 239 5 
2456 6 2450 8 984 6 242 6 
241 3 2455 6 2453 4 983 4 
624 5 2442 1 86 5 2271 4 
1003 7 1423 7 1417 5 1307 8 
2440 5 624 7 
