7
48
47
47
8
45
8
8
7
7
7
8
28
38
7
38
38
38
38
38
38
38
38
45
8
48
45
45
45
45
45
45
13
13
13
13
13
4
4
21
21
21
21
35
35
35
35
31
4
35
31
13
13
13
13
13
46
46
46
46
48
48
46
45
46
46
26
21
21
21
21
21
21
5
41
42
42
42
41
41
41
41
42
37
5
5
4
10
10
10
10
10
10
5
5
7
42
42
42
42
42
41
41
41
41
41
8
12
12
13
12
26
26
11
11
26
5
5
11
11
6
6
11
11
11
11
41
41
37
37
41
41
39
37
8
8
19
19
19
19
20
19
20
20
37
39
37
37
37
37
37
17
17
24
24
24
23
17
23
23
23
36
37
37
16
17
17
17
12
12
16
16
12
12
47
34
47
47
46
46
34
34
46
48
46
35
48
48
48
48
26
26
23
23
1
22
22
22
23
48
48
18
49
38
38
38
38
38
38
0
0
0
0
0
0
2
2
5
5
49
49
43
21
35
21
21
34
34
34
34
47
47
34
47
41
42
42
42
41
41
41
41
42
42
5
5
31
4
4
4
4
4
4
5
23
23
22
22
22
22
5
5
5
5
4
4
10
10
10
10
43
43
17
17
24
24
24
24
24
24
21
21
21
19
8
19
19
19
19
20
20
20
19
40
40
40
40
40
40
40
42
27
25
25
26
10
27
30
30
30
30
27
30
30
27
6
6
6
6
6
6
49
49
6
49
8
8
8
8
8
8
7
7
7
7
18
18
39
39
18
18
20
39
39
39
39
39
39
39
33
22
22
22
22
22
22
32
32
32
32
32
32
31
32
45
45
45
45
46
46
32
46
37
38
37
37
37
44
44
44
44
43
44
44
44
44
25
31
35
31
31
27
27
35
35
20
18
31
31
26
26
1
15
15
15
14
14
14
14
14
13
7
38
10
37
37
10
10
10
5
5
5
5
38
37
5
5
3
3
3
3
40
4
40
40
40
40
40
42
5
5
25
25
21
21
21
21
21
3
5
5
3
3
5
3
3
3
3
3
3
3
6
6
6
16
17
16
16
16
16
16
16
46
49
4
4
26
26
4
4
7
7
26
7
25
25
8
8
8
8
6
6
34
34
26
26
25
25
26
26
47
47
47
47
47
34
34
34
15
2
2
2
2
0
0
0
0
0
0
2
48
21
34
49
34
45
22
22
22
22
23
22
38
38
38
38
38
38
38
38
38
38
43
43
43
43
22
22
43
43
0
0
0
0
2
2
2
2
21
28
0
0
2
2
2
29
14
19
20
20
20
19
19
19
12
14
14
14
14
14
14
15
15
22
22
22
22
29
21
23
29
21
21
21
24
25
25
40
40
42
42
40
40
40
40
4
4
4
4
5
4
4
4
26
26
5
5
26
26
26
26
3
3
3
3
5
5
3
3
22
22
8
13
13
14
14
14
14
14
14
15
15
3
3
5
5
3
3
3
3
44
22
44
22
44
3
3
3
6
3
3
3
5
30
11
30
30
30
44
15
26
44
15
11
14
15
30
30
30
30
30
30
14
26
4
4
41
35
35
35
35
4
9
31
9
10
5
10
10
2
2
10
5
2
2
4
4
4
4
4
22
4
22
26
49
49
49
49
49
49
48
48
48
48
7
7
8
8
8
8
8
8
2
2
2
2
0
0
0
0
23
17
23
23
23
23
23
23
9
7
9
9
9
9
17
17
28
28
28
28
29
29
28
28
36
36
29
29
31
31
36
31
2
1
1
1
1
1
1
10
10
10
26
49
10
2
10
10
10
10
10
10
2
2
18
23
18
23
23
18
15
15
15
15
18
20
15
15
23
23
29
29
23
23
28
28
29
29
28
28
28
28
9
37
37
9
37
38
8
42
42
42
41
42
42
41
41
41
33
36
30
30
36
36
30
30
30
30
16
16
16
16
16
16
17
16
12
25
25
40
40
40
40
42
40
40
40
23
23
23
23
23
23
15
15
15
15
19
15
15
5
5
4
4
5
5
4
4
4
4
20
18
20
20
18
18
20
20
26
26
28
28
28
28
26
26
26
28
45
29
23
48
49
6
49
49
6
6
6
6
6
6
8
8
20
20
19
20
19
19
19
19
2
2
1
1
2
2
10
10
10
10
49
12
12
7
17
17
14
17
14
14
14
14
47
47
47
47
47
47
34
34
34
34
35
35
27
27
35
27
25
25
27
25
12
13
2
2
26
26
10
10
10
10
18
10
2
2
49
49
48
48
48
49
49
49
49
49
9
13
24
24
24
24
21
24
24
24
17
17
38
38
38
38
38
38
38
38
0
0
2
2
2
2
0
0
0
0
33
33
33
33
33
33
33
33
33
17
17
18
24
21
24
48
24
24
24
24
13
13
42
42
42
42
42
41
41
41
14
41
13
6
6
34
35
35
35
9
9
9
9
9
4
8
6
39
39
40
40
40
40
40
40
42
40
45
45
45
45
45
45
46
46
47
46
28
1
29
29
28
7
28
7
11
11
11
11
6
6
11
11
11
11
1
1
1
1
1
1
7
1
7
7
6
6
11
11
11
11
11
11
11
11
1
1
1
1
7
10
10
1
1
2
49
37
39
39
39
39
29
39
39
39
39
29
0
0
33
36
2
2
2
2
0
0
0
0
36
48
36
49
36
28
36
34
34
36
36
35
33
32
32
46
33
33
33
33
36
32
12
12
1
47
30
30
30
30
30
30
30
47
47
47
47
34
34
34
47
34
34
33
33
41
33
33
33
33
3
33
33
41
41
41
37
41
42
37
37
37
30
30
10
10
10
10
1
1
1
1
7
2
2
7
1
45
7
6
6
43
43
43
49
6
6
6
6
6
6
6
6
49
49
6
6
6
6
6
6
0
0
0
0
0
2
2
8
8
8
25
23
32
32
32
31
32
38
32
32
23
41
41
37
37
37
41
38
37
37
38
41
41
42
15
41
42
42
42
7
7
11
11
11
11
8
8
8
8
37
37
41
41
41
37
37
37
6
34
49
46
14
14
14
14
15
15
15
14
13
13
39
10
26
26
26
26
25
25
26
26
26
26
10
33
47
35
33
33
33
46
46
45
46
45
45
45
45
46
47
44
44
36
36
36
36
17
17
36
26
9
9
9
9
9
9
9
9
9
9
37
28
0
28
28
28
29
29
2
29
29
45
45
45
45
46
46
46
46
47
46
11
11
44
44
11
11
8
44
44
11
11
43
11
49
49
49
49
48
49
48
48
49
49
30
30
30
30
29
30
40
40
40
40
42
42
40
42
25
25
20
49
20
20
15
15
6
6
19
19
15
15
23
23
23
19
22
22
22
22
22
22
32
32
32
32
32
31
31
32
32
39
39
39
39
39
37
39
39
39
39
9
14
33
12
12
16
16
16
12
17
16
16
16
8
8
16
15
15
23
32
23
23
23
33
33
33
33
33
33
33
33
33
16
17
0
0
21
21
22
22
21
22
43
43
45
7
7
0
34
34
47
47
47
47
47
46
34
34
30
30
30
29
30
30
34
34
47
34
47
47
47
47
34
34
25
27
25
25
35
35
27
48
35
35
31
0
31
48
29
29
28
28
28
28
29
28
29
29
32
2
31
31
1
35
31
31
31
35
35
35
35
17
17
9
13
13
14
14
14
24
17
17
15
15
10
33
9
33
33
33
33
33
1
33
33
36
36
36
36
36
36
31
31
31
31
1
0
34
29
29
29
29
28
29
28
28
28
28
18
18
31
18
18
18
18
18
17
17
24
24
24
24
18
18
24
21
35
18
35
18
18
18
18
16
16
27
36
4
16
44
16
25
25
42
42
42
40
40
40
40
25
16
4
9
41
37
41
41
34
34
9
9
9
9
9
9
31
31
31
31
35
35
36
36
49
49
31
31
46
46
48
46
48
48
46
46
46
46
48
9
26
27
27
34
35
25
25
25
27
35
35
32
32
31
32
32
32
32
32
32
35
35
34
12
34
27
27
47
47
25
12
12
16
16
12
12
17
17
16
16
27
27
25
25
27
27
27
27
27
27
29
29
30
30
30
30
22
22
22
22
22
21
22
22
31
21
22
25
35
35
25
25
27
27
27
27
27
35
9
25
18
18
18
18
18
18
18
23
18
32
23
18
41
43
43
43
43
42
23
13
10
23
23
42
42
18
42
42
41
18
39
39
15
20
39
37
39
39
40
39
39
39
37
21
48
48
48
48
48
20
49
49
49
20
20
0
1
1
1
1
1
7
7
7
1
31
31
31
31
35
35
35
35
31
31
8
8
7
7
8
8
8
8
7
7
44
44
45
45
45
45
45
45
44
44
17
16
16
16
16
16
11
12
12
12
12
36
44
12
18
18
11
44
44
44
11
44
44
43
44
25
25
31
32
32
32
32
32
13
13
32
15
14
15
15
14
14
14
14
46
46
31
31
36
36
36
36
31
31
31
36
20
19
20
20
19
19
19
19
15
15
28
28
28
28
28
28
29
29
29
44
44
42
42
25
44
12
44
9
11
25
25
9
9
9
9
27
3
24
24
3
22
3
14
14
5
15
24
24
27
34
34
36
33
47
7
34
34
36
47
47
47
33
49
43
43
43
21
21
24
24
24
24
24
17
17
17
6
19
19
6
20
19
20
20
19
8
1
27
30
30
29
29
29
30
13
3
12
12
12
13
19
19
19
19
19
20
20
20
8
19
43
43
43
43
45
43
17
24
24
21
21
26
27
18
43
43
27
35
43
43
43
35
18
18
17
16
17
17
12
12
16
16
12
12
43
43
43
43
15
15
19
19
19
19
20
20
19
20
12
12
12
12
43
43
43
43
43
43
25
14
14
14
14
15
15
14
15
13
13
13
13
13
13
13
27
27
27
27
27
27
25
27
34
34
47
47
47
49
26
26
13
36
13
13
13
36
36
36
46
36
26
36
24
2
24
45
45
45
45
45
45
45
45
47
47
36
27
25
27
27
27
27
26
27
26
26
9
9
9
9
9
9
21
21
21
15
23
16
16
16
17
16
16
16
1
29
1
1
1
28
7
28
29
29
48
37
49
49
48
48
48
10
29
29
29
28
28
10
28
28
20
20
48
48
48
48
20
20
48
20
0
33
32
0
7
7
21
21
21
21
21
21
8
8
7
7
32
5
17
24
17
17
24
22
24
24
44
44
44
44
44
43
44
44
12
12
12
12
7
1
7
7
1
1
1
38
38
38
38
38
38
38
38
44
43
44
44
44
44
44
44
25
44
12
12
12
43
45
20
20
20
19
19
19
19
19
11
11
11
11
11
11
9
9
11
11
37
37
37
36
36
36
36
36
36
37
38
48
48
48
48
46
46
46
46
46
46
42
45
4
40
4
4
4
45
5
4
4
5
27
3
3
3
3
25
25
5
21
40
25
40
40
42
40
40
40
30
30
29
29
29
3
3
3
3
3
5
3
3
3
39
39
39
39
39
39
39
39
39
39
48
39
20
20
18
18
20
18
18
18
31
37
37
46
38
37
32
31
32
32
4
32
32
32
5
32
5
13
13
13
12
12
12
12
17
17
17
16
16
14
14
14
49
5
13
13
13
13
13
22
24
24
24
24
23
23
17
17
17
