2478 4821 001
2 5 12 5 598 3 1557 3 
1 5 1556 8 576 8 2334 7 
697 4 4 2 6 3 1163 2 
1162 5 3 2 9 2 696 2 
699 3 6 4 1161 6 
698 5 3 3 1160 4 5 4 
1463 6 8 6 1553 4 49 5 
1462 6 1552 7 13 6 7 6 
1165 8 695 5 10 3 4 2 
1808 3 9 3 694 2 1164 3 
14 4 1551 6 12 6 1459 4 
1550 5 1458 7 1 5 11 6 
1549 3 1461 4 8 6 14 5 
11 4 1460 5 13 5 1548 6 
16 3 378 5 1501 2 18 2 
15 3 377 3 1500 4 21 3 
2349 8 1503 9 376 10 18 6 
1502 2 15 2 375 3 17 6 
22 3 1505 3 374 4 20 3 
1504 6 373 5 23 4 19 3 
1507 3 22 4 372 4 16 3 
19 3 21 4 371 5 1506 5 
24 6 370 3 20 4 1509 4 
23 6 2006 8 1508 8 369 8 
26 6 2205 5 32 4 2226 9 
25 6 2204 5 2000 5 2360 6 
2197 3 1989 3 28 3 30 5 
1990 5 701 5 27 3 33 4 
30 9 859 8 1991 6 704 7 
29 9 703 8 27 5 1992 8 
34 6 32 3 1985 4 2201 6 
705 6 25 4 1986 1 31 3 
34 5 1737 2 708 5 28 4 
33 5 31 6 707 6 1738 5 
549 5 36 6 38 6 1444 6 
1443 3 35 6 548 4 1281 3 
551 6 1278 5 856 5 38 3 
1441 6 35 6 550 3 37 3 
44 10 40 4 488 6 1761 5 
39 4 487 2 1760 1 1342 1 
1763 8 48 7 494 8 42 7 
1762 8 41 7 43 5 493 2 
42 5 44 10 496 7 1765 5 
39 10 495 10 43 10 1764 7 
490 6 2381 4 46 6 1767 6 
47 4 45 6 489 6 1766 8 
492 2 46 4 48 2 1769 3 
1768 5 41 7 491 5 47 2 
1027 6 7 5 
2184 3 319 7 53 4 1662 3 
2186 3 566 2 
1670 5 55 5 602 5 53 6 
601 4 50 4 1669 4 52 6 
607 4 57 3 55 4 1668 2 
603 5 54 4 1667 6 52 5 
233 2 2336 1 235 1 1471 3 
1665 2 330 8 54 3 2179 3 
2389 6 2182 7 59 6 1664 7 
1663 6 330 9 2181 6 58 6 
439 8 1003 5 75 5 61 4 
438 4 1004 6 2068 4 60 4 
924 3 1045 5 63 5 1525 2 
393 6 62 5 1044 7 1524 6 
65 3 1043 4 1527 4 67 3 
64 3 1042 2 405 3 1526 2 
1041 3 1529 4 394 4 67 3 
64 3 1528 2 1040 2 66 3 
445 5 2413 7 69 5 1001 6 
1002 6 444 5 68 5 70 5 
71 6 447 6 999 7 69 5 
1000 8 70 6 72 9 446 6 
73 8 71 9 441 6 997 8 
72 8 440 4 74 4 998 5 
443 4 75 4 995 5 73 4 
74 4 996 3 442 5 60 5 
1206 4 77 5 566 4 2186 5 
1205 3 2185 6 76 5 80 4 
1214 7 2193 5 79 9 81 6 
1213 6 84 6 2192 10 78 9 
1212 4 81 3 2195 2 77 4 
80 3 1211 4 78 6 2194 3 
1210 4 2189 5 85 5 83 3 
2188 2 1209 4 82 3 268 5 
2191 3 79 6 1208 4 85 5 
1207 10 84 5 82 5 2190 5 
87 2 1625 3 281 4 771 3 
770 5 1624 6 86 2 99 4 
89 3 1035 5 2416 4 2147 8 
88 3 1034 4 2146 5 479 2 
2149 6 1033 6 93 7 91 5 
1032 4 2148 5 90 5 2375 3 
1031 4 93 5 482 3 2151 6 
92 5 1030 8 2150 7 90 7 
766 4 96 3 1633 6 
96 3 98 6 768 5 1631 4 
95 3 94 3 1630 5 767 3 
100 6 763 3 1629 5 98 7 
762 9 95 6 97 7 1628 6 
1627 6 100 6 765 5 87 4 
97 6 99 6 764 5 1626 7 
1236 8 102 5 551 8 108 4 
1235 5 101 5 103 7 550 3 
549 6 102 7 1238 8 104 8 
1237 5 548 5 103 8 
2007 4 555 7 106 5 1240 4 
554 4 1239 7 105 5 107 3 
108 1 1242 1 553 6 106 3 
107 1 552 1 1241 3 101 4 
110 5 421 2 124 6 159 2 
109 5 158 7 111 5 420 7 
423 7 157 2 112 2 110 5 
113 3 422 2 156 3 111 2 
112 3 163 5 425 4 114 5 
162 6 113 5 115 5 424 4 
161 7 116 6 114 5 427 4 
426 5 115 6 160 5 288 6 
2119 5 745 4 118 6 2051 6 
744 5 2118 6 117 6 119 4 
120 6 2117 6 747 4 118 4 
121 5 119 6 746 6 2116 6 
120 5 2123 2 741 1 122 3 
557 7 2122 4 121 3 740 8 
154 4 124 7 458 5 419 7 
418 9 123 7 109 6 153 9 
795 7 1228 6 2430 5 126 5 
125 5 794 4 129 6 1227 5 
128 3 797 2 130 1 1232 4 
127 3 131 5 1231 5 796 3 
130 4 2293 8 799 8 126 6 
798 2 1229 4 129 4 127 1 
801 6 128 5 132 4 1233 5 
800 4 131 4 
1375 4 140 2 134 5 1299 3 
133 5 1374 5 1298 8 135 8 
1373 8 136 8 1301 7 134 8 
141 7 135 8 1300 10 1372 7 
1379 7 2438 3 138 2 1303 8 
139 4 1378 4 1302 3 137 2 
140 4 138 4 1377 4 1305 7 
139 4 1376 4 133 2 1304 3 
1307 6 136 7 1371 7 142 4 
1306 3 855 4 141 4 1370 4 
582 4 981 4 144 3 146 4 
980 3 143 3 149 5 583 2 
2441 10 146 8 2025 8 584 10 
982 4 143 4 145 8 585 4 
586 5 150 5 2248 8 148 7 
2247 6 587 6 147 7 151 6 
588 6 144 5 150 5 2250 4 
589 3 147 5 149 5 2249 3 
578 5 152 6 2242 4 148 6 
579 8 2241 7 151 6 973 4 
159 5 1449 7 124 9 154 6 
1448 3 123 4 1430 6 153 6 
1116 2 831 6 760 6 1921 4 
112 3 1451 5 163 5 157 3 
1450 3 158 4 111 2 156 3 
1453 6 159 4 157 4 110 7 
158 4 109 2 153 5 1452 2 
2444 4 161 6 116 5 1455 5 
162 8 1454 8 115 7 160 6 
161 8 1457 6 114 6 163 6 
113 5 156 5 162 6 1456 5 
1317 4 1726 3 1963 7 165 4 
408 7 1316 6 164 4 1962 4 
180 3 1315 3 1726 2 1965 2 
1544 4 168 5 2458 5 
167 5 1543 6 
1757 5 172 5 170 3 460 3 
1999 6 459 3 169 3 175 4 
1998 8 172 8 462 5 179 7 
169 5 171 8 1997 6 461 6 
464 5 1996 7 176 7 174 4 
463 5 2477 3 1995 2 173 4 
176 6 1994 9 466 5 170 4 
175 6 1993 7 173 7 465 4 
180 5 1967 3 182 5 1313 5 
1988 5 317 9 468 5 179 7 
1987 11 467 8 178 7 171 7 
1312 4 177 5 166 3 1966 3 
1969 5 1311 5 1720 5 182 5 
1310 5 1968 4 177 5 181 5 
455 4 1499 2 186 2 184 3 
183 3 454 3 1498 2 
457 11 188 6 1497 8 186 6 
456 3 183 2 1496 3 185 6 
451 4 1495 6 190 5 188 4 
185 6 450 3 187 4 1494 6 
453 6 331 7 190 5 1493 5 
1492 4 452 2 189 5 187 5 
2114 10 192 9 786 14 246 12 
785 2 191 9 2115 3 
2185 7 198 6 
1250 9 2191 4 201 5 195 6 
196 9 1249 7 194 6 2190 5 
1252 6 195 9 2189 9 197 6 
2188 1 1251 4 346 3 196 6 
1246 4 2195 3 199 4 193 6 
200 4 198 4 2194 3 1245 5 
1248 5 201 5 199 4 2193 3 
200 5 2192 8 194 5 1247 4 
211 6 203 5 1311 5 876 7 
875 7 1310 5 202 5 204 6 
205 8 874 5 203 6 1313 6 
873 6 206 8 1312 6 204 8 
207 9 880 6 205 8 1315 6 
208 7 206 9 1314 8 879 6 
209 5 1317 4 207 7 878 3 
1810 7 208 5 877 6 1316 7 
361 3 1309 4 211 6 882 4 
202 6 881 5 210 6 1308 4 
246 6 213 4 2114 4 
214 3 212 4 247 5 
2128 4 213 3 215 1 
214 1 2129 3 216 2 
215 2 217 4 2130 4 
2131 3 216 4 218 7 
2054 6 217 7 2124 7 219 5 
2125 3 218 5 2053 3 220 1 
248 4 221 1 2056 4 219 1 
2213 2 220 1 2168 2 2055 7 
1467 7 223 8 226 9 2340 9 
1466 5 222 8 2339 8 1749 6 
233 3 1469 5 226 5 2338 3 
1943 4 228 3 
1468 4 2337 4 224 5 222 9 
228 3 230 4 484 3 1942 4 
227 3 1941 4 483 3 225 3 
486 2 232 4 230 4 1940 3 
227 4 1939 8 229 4 485 6 
1938 6 481 7 232 6 381 6 
229 4 231 6 480 6 1937 5 
2335 4 224 3 56 2 1470 3 
2334 3 1556 4 235 1 1473 2 
56 1 234 1 2333 6 1472 2 
237 6 2236 4 1658 6 239 4 
236 6 2235 7 404 5 1657 9 
1660 2 239 4 2234 3 241 7 
2233 6 238 4 236 4 1659 6 
243 4 1654 8 2232 6 241 8 
2231 6 1653 9 240 8 238 7 
245 5 243 5 1656 7 2230 4 
242 5 1655 4 240 4 2229 4 
1652 5 245 3 731 3 905 3 
1651 4 242 5 244 3 2227 7 
247 7 212 6 984 7 191 12 
246 7 213 5 2128 6 983 3 
220 4 2168 5 988 4 2125 6 
927 2 2278 2 413 2 250 4 
926 7 253 5 2277 6 249 4 
1155 5 929 6 252 7 256 4 
2283 10 928 7 251 7 
933 6 254 3 250 5 2280 4 
255 2 932 3 253 3 2279 3 
254 2 256 2 2282 3 931 7 
255 2 930 2 2281 4 251 4 
258 6 288 3 469 3 426 2 
257 6 287 9 470 7 261 10 
262 5 473 3 260 5 294 4 
265 6 259 5 293 6 474 7 
471 5 296 7 258 10 262 9 
259 5 261 9 295 5 472 5 
264 7 266 6 290 7 477 7 
478 4 263 7 721 6 289 7 
292 5 266 4 475 5 260 6 
476 4 263 6 265 4 291 5 
268 5 1893 4 1006 2 270 2 
1005 4 267 5 2173 6 83 5 
272 2 270 1 2034 2 1014 1 
1013 5 269 1 2033 7 267 2 
272 3 1012 5 2157 3 274 4 
271 3 2035 3 269 2 1011 6 
1010 6 276 4 274 5 2038 5 
1009 4 2037 5 273 5 271 4 
2183 3 2040 1 1008 3 276 2 
275 2 273 4 2039 3 1007 5 
284 4 1449 5 600 6 278 5 
1149 4 1448 4 277 5 599 3 
282 7 591 6 1457 7 280 6 
1456 4 279 6 285 3 590 4 
1455 7 593 6 282 6 86 4 
279 7 1454 6 592 8 281 6 
595 4 286 4 284 3 1453 4 
277 4 283 3 594 4 1452 3 
286 4 1451 4 280 3 597 7 
285 4 283 4 596 7 1450 5 
288 6 2153 7 258 9 296 6 
287 6 257 3 116 6 2444 5 
2453 6 2239 8 290 7 264 7 
291 6 289 7 263 7 2452 5 
2451 5 290 6 292 6 266 5 
2450 5 291 6 265 5 293 5 
2170 4 294 5 292 5 260 6 
295 4 293 5 2456 6 259 4 
294 4 296 3 2455 5 262 5 
295 3 287 6 261 7 2454 4 
1976 6 2478 6 663 7 298 6 
851 6 565 5 1975 4 297 6 
2457 3 300 5 448 5 1716 3 
299 5 2169 6 1715 5 301 4 
302 3 2443 5 300 4 1714 4 
303 5 1713 6 301 3 2442 3 
302 5 2445 6 304 5 1712 7 
2152 2 1711 3 303 5 305 6 
2447 9 304 6 306 7 1710 7 
305 7 307 4 1709 6 2446 6 
2449 3 308 4 1708 2 306 4 
1707 6 307 4 784 4 2448 4 
1542 4 310 5 1851 4 
2304 6 1541 7 309 5 1850 7 
312 4 314 5 327 2 1848 5 
1847 3 311 4 326 3 320 3 
1846 4 314 6 316 5 329 3 
328 7 311 5 313 6 1845 6 
1844 5 316 5 318 6 323 8 
315 5 313 5 1843 8 322 6 
318 8 325 8 1842 5 178 9 
324 4 317 8 1841 5 315 6 
50 7 2183 9 2040 7 1661 7 
321 1 1834 2 332 5 312 3 
320 1 331 4 1833 3 453 3 
323 9 329 4 2018 7 316 6 
324 6 2017 7 322 9 315 8 
323 6 318 4 2016 3 325 4 
317 8 2015 5 468 4 324 4 
312 3 332 5 2022 2 327 1 
2021 3 328 4 311 2 326 1 
314 7 2020 5 327 4 329 4 
328 4 322 4 2019 3 313 3 
59 9 57 8 1666 10 610 8 
321 4 332 8 189 7 2024 4 
331 8 2023 6 320 5 326 5 
1995 7 2477 8 334 9 388 8 
339 5 2476 6 333 9 2284 6 
2471 7 342 5 336 7 380 8 
2470 5 335 7 379 4 337 5 
2469 7 338 4 382 3 336 5 
481 6 337 4 2468 5 381 5 
384 4 334 5 2475 4 340 5 
2474 9 341 6 383 5 339 5 
386 6 2473 5 340 6 342 4 
335 5 2472 3 385 4 341 4 
745 2 860 6 1797 5 1079 3 
859 4 869 4 1465 3 1360 2 
346 5 1039 7 1893 5 350 5 
1038 7 345 5 197 3 2173 5 
348 2 2157 3 354 3 1041 2 
347 2 349 3 2035 2 1040 2 
350 5 348 3 2034 4 1043 4 
1042 4 2033 9 349 5 345 5 
2040 2 352 5 1661 2 1045 5 
2039 5 351 5 1044 7 353 6 
1047 5 2038 5 354 4 352 6 
1046 3 2037 4 347 3 353 4 
1363 2 356 2 2036 5 
355 2 2156 2 
868 5 749 6 862 5 1789 8 
867 5 1353 3 802 3 1473 4 
1128 7 368 6 360 5 692 7 
691 5 359 5 1127 6 2342 5 
1135 1 362 2 210 3 686 2 
363 3 361 2 1134 5 685 6 
362 3 684 3 1137 3 364 4 
683 6 365 6 1136 7 363 4 
366 6 690 8 1131 6 364 6 
365 6 1130 4 367 6 689 5 
1133 9 366 6 368 8 688 6 
687 6 367 8 1132 5 359 6 
370 5 1381 7 1273 6 24 8 
1380 5 373 4 369 5 23 3 
372 5 22 5 374 6 1383 4 
371 5 21 4 1382 4 377 4 
370 4 20 5 374 6 1385 4 
1384 8 19 4 373 6 371 6 
1387 5 18 3 376 7 378 6 
527 6 17 10 1386 7 375 7 
16 3 1389 5 378 5 372 4 
15 5 1388 7 377 5 375 6 
380 5 382 2 1769 3 336 4 
379 5 1768 8 385 7 335 8 
382 4 1767 6 338 5 231 6 
1766 6 381 4 379 2 337 3 
1765 3 340 5 386 5 384 4 
339 4 2284 5 1764 3 383 4 
342 4 386 6 380 7 1763 5 
341 6 385 6 1762 10 383 5 
1155 7 2287 5 1515 6 390 7 
2284 5 1266 4 333 8 1760 3 
1511 3 392 5 2282 5 390 5 
1510 4 2281 5 387 7 389 5 
1513 7 392 6 2280 6 2264 4 
2279 4 391 6 1512 5 389 5 
63 6 1047 5 394 4 1523 6 
1046 3 393 4 1522 7 66 4 
1483 6 398 3 396 4 2086 4 
1482 5 2085 3 395 4 401 7 
1485 2 2084 5 398 2 1326 3 
1484 1 395 3 397 2 2083 4 
402 5 1083 4 2082 2 400 5 
1081 6 403 6 2081 5 399 5 
402 9 2080 8 396 7 1489 6 
399 5 401 9 1488 7 2079 5 
2078 3 400 6 404 3 1064 5 
403 3 237 5 693 6 2077 4 
1039 7 406 5 65 3 1520 4 
1519 3 405 5 2401 7 1038 7 
408 6 738 5 2105 2 412 4 
165 7 407 6 2104 8 737 8 
726 5 2107 6 416 7 410 8 
2106 7 725 11 409 8 411 10 
2109 8 412 7 724 7 410 10 
723 5 411 7 2108 5 407 4 
2111 3 249 2 414 3 730 7 
415 4 729 3 413 3 2110 5 
414 4 416 7 2113 4 728 5 
415 7 727 7 2112 5 409 7 
2308 6 2228 7 894 5 888 3 
629 8 124 9 421 5 419 9 
123 7 418 9 630 5 2412 10 
627 4 423 9 421 4 110 7 
628 5 109 2 418 5 420 4 
112 2 425 3 625 4 423 7 
420 9 111 7 626 8 422 7 
425 3 623 3 427 3 114 4 
424 3 422 3 624 6 113 4 
116 5 427 3 621 3 257 2 
426 3 424 3 622 5 115 4 
429 6 2166 5 1563 4 435 6 
428 6 430 3 1562 4 2165 4 
1565 4 429 3 431 3 2164 3 
2163 3 1564 5 430 3 2027 5 
2162 5 433 2 
2161 3 434 3 1566 2 432 2 
433 3 435 4 2160 3 1568 3 
434 4 1567 4 428 6 2159 4 
606 9 2100 8 604 4 2154 3 
584 9 1125 6 2441 9 
61 4 439 8 1605 7 959 3 
60 8 1604 8 438 8 442 8 
443 4 441 2 73 4 1613 4 
440 2 72 6 446 3 1612 3 
75 5 1611 4 443 5 439 8 
74 4 440 4 442 5 1610 4 
445 5 447 6 69 5 1609 5 
444 5 581 4 68 5 1608 4 
1607 3 447 6 441 3 71 6 
444 6 1606 8 446 6 70 6 
2273 7 449 4 299 5 
448 4 2272 7 
2308 6 451 3 188 3 457 8 
2307 2 187 4 450 3 452 1 
190 2 2306 4 453 3 451 1 
189 6 2305 3 452 3 321 3 
2312 5 455 4 184 3 
183 4 456 5 2311 6 454 4 
186 3 455 5 2310 3 457 8 
185 11 2309 7 450 8 456 8 
123 5 1430 7 2412 8 1243 4 
170 3 1871 4 460 3 466 4 
461 4 1870 4 459 3 169 3 
460 4 462 3 1869 8 172 6 
461 3 467 6 171 5 1868 4 
1875 6 1819 8 174 5 464 6 
173 5 463 6 1874 5 465 2 
466 3 1873 1 464 2 176 4 
1872 5 465 3 459 4 175 5 
462 6 468 6 1867 9 179 8 
1866 6 178 5 467 6 325 4 
257 3 621 4 2323 6 470 4 
2322 4 258 7 469 4 471 2 
261 5 2319 2 472 1 470 2 
2318 2 471 1 473 3 262 5 
474 5 259 3 2321 6 472 3 
473 5 475 6 2320 4 260 7 
476 5 474 6 265 5 2316 6 
266 4 477 5 475 5 2315 2 
2317 6 476 5 263 7 478 4 
264 4 477 4 
482 3 2145 2 89 2 1037 9 
481 7 2289 5 486 4 232 6 
480 7 338 6 231 7 2288 8 
479 3 2144 4 92 3 1036 2 
484 3 228 3 
2292 4 483 3 485 5 227 3 
484 5 2291 8 486 4 230 6 
229 2 2290 2 485 4 480 4 
488 4 1928 4 40 2 1783 2 
39 6 487 4 495 6 1927 5 
492 4 1930 8 46 6 490 6 
1679 8 1929 5 45 6 489 6 
48 5 1932 7 494 6 492 5 
47 2 1931 2 489 4 491 5 
494 3 1934 4 496 4 42 2 
493 3 41 8 1933 5 491 6 
1936 4 488 6 44 10 496 7 
495 7 1935 4 493 4 43 7 
938 7 1028 3 2142 7 2375 4 
575 6 501 8 1403 4 499 6 
574 5 615 4 498 6 1402 7 
654 6 1405 2 573 2 501 7 
498 8 1404 11 572 9 500 7 
1261 4 1216 2 833 4 1433 3 
1400 6 615 5 570 7 
506 3 2056 4 505 3 
656 4 2055 9 504 3 
504 3 2053 5 
510 2 508 5 2295 3 992 7 
2294 5 507 5 513 6 991 6 
510 8 990 9 520 14 2297 9 
509 8 507 2 989 2 2296 3 
1338 5 512 6 2323 6 927 4 
517 11 511 6 2322 6 926 7 
986 3 2301 3 508 6 514 4 
2300 5 985 5 653 5 513 4 
2321 5 516 4 518 4 931 8 
2320 4 930 3 515 4 521 6 
2319 9 512 11 518 10 933 12 
2318 4 517 10 932 4 515 4 
2304 5 1850 6 520 9 984 5 
519 9 983 7 509 14 2303 8 
929 7 522 6 516 6 2316 6 
521 6 928 5 2315 3 
1024 5 524 4 1877 7 681 6 
1876 2 523 4 525 2 1023 4 
524 2 1026 4 
1192 5 529 6 527 3 2350 4 
376 6 526 3 2349 4 1191 5 
529 7 1198 6 2348 5 531 4 
526 6 528 7 1197 8 2347 8 
531 3 2346 4 533 2 1200 5 
530 3 2345 2 528 4 1199 3 
533 3 2344 6 1194 6 535 6 
532 3 2343 3 1193 3 530 2 
535 6 691 4 1196 7 2342 4 
534 6 1195 7 2341 5 532 6 
2105 4 1327 5 543 5 537 6 
1485 3 2104 6 536 6 1326 4 
539 10 2113 6 541 7 1319 8 
538 10 1318 9 544 9 2112 6 
2263 6 541 4 1321 3 2111 3 
540 4 2110 6 538 7 1320 5 
1323 5 2109 6 545 5 543 4 
1322 3 2108 4 542 4 536 5 
1325 5 539 9 2107 7 545 6 
542 5 1324 5 544 6 2106 4 
2127 4 559 4 749 4 547 2 
2397 3 546 2 2126 3 748 3 
549 3 556 3 36 4 104 5 
550 2 35 5 548 3 103 6 
549 2 38 3 551 6 102 3 
552 5 550 6 37 6 101 8 
553 6 108 1 551 5 1278 4 
552 6 554 7 1277 10 107 6 
106 4 553 7 555 6 1280 2 
561 6 554 6 1279 5 105 7 
1281 2 548 3 
122 7 2121 6 559 7 743 6 
1822 4 2276 5 560 3 
742 5 2120 3 546 4 557 7 
558 3 2275 5 
1092 9 555 6 832 4 2007 3 
1836 2 852 3 563 4 1369 5 
565 7 851 8 562 4 1835 6 
1401 10 569 6 
563 7 298 5 618 7 2478 5 
51 2 1405 2 567 2 76 4 
1404 6 566 2 568 2 
569 4 1403 3 567 2 
1402 6 568 4 564 6 
571 3 1676 6 503 7 
574 2 570 3 1675 3 615 1 
1672 6 575 7 573 4 501 9 
572 4 1865 2 500 2 1671 4 
499 5 571 2 1674 5 575 5 
498 6 572 7 1673 6 574 5 
598 6 1636 5 2 8 771 6 
2042 4 1154 6 2380 5 619 12 
151 5 925 5 587 5 579 7 
924 6 152 8 578 7 1525 5 
581 3 814 3 2414 3 1222 3 
580 3 445 4 1421 3 2413 6 
143 4 585 4 583 3 917 4 
144 2 916 5 588 3 582 3 
585 6 919 6 437 9 145 10 
584 6 582 4 146 4 918 3 
147 5 587 4 921 6 589 3 
578 5 148 6 586 4 920 3 
149 6 589 4 923 7 583 3 
150 3 922 4 586 3 588 4 
597 8 591 4 280 4 1639 8 
279 6 1638 5 592 7 590 4 
282 8 593 8 591 7 1637 8 
281 6 592 8 771 5 1636 4 
600 6 1643 4 595 5 284 4 
1642 8 283 4 594 5 596 7 
286 7 597 10 595 7 1641 9 
590 8 596 10 1640 7 285 7 
576 6 770 6 1 3 1458 5 
600 4 1635 2 2198 3 278 3 
599 4 594 6 1634 6 277 6 
53 4 2184 3 602 3 2258 2 
2257 5 603 5 601 3 52 5 
607 5 55 5 602 5 2256 5 
2036 5 2099 3 436 4 605 3 
2098 5 2156 3 604 3 
2101 10 436 9 2155 8 609 8 
603 5 54 4 2179 4 2255 5 
781 4 2042 1 609 2 2103 3 
2041 5 608 2 2102 3 606 8 
2181 5 330 8 2261 5 2179 3 
613 7 2363 5 1369 8 1836 5 
2180 4 614 3 1419 3 
1368 5 611 7 1839 7 2364 5 
1916 1 2175 4 1418 3 612 3 
1401 7 499 4 503 5 571 1 
1169 6 1156 4 891 6 
2478 4 618 6 2351 4 
617 6 2352 5 1835 6 565 7 
761 10 2379 13 2041 12 577 12 
1849 8 1125 6 834 7 
426 3 622 5 469 4 2133 6 
621 5 427 5 623 5 2132 7 
624 6 424 3 2135 6 622 5 
623 6 625 7 425 6 2134 7 
624 7 422 4 626 5 2137 4 
2136 7 625 5 423 8 627 3 
420 4 628 5 2139 5 626 3 
2138 6 421 5 627 5 629 8 
418 8 628 8 630 4 2141 5 
808 2 2140 4 629 4 419 5 
644 3 1724 4 632 3 2437 4 
1723 5 633 6 631 3 2436 6 
2032 6 632 6 634 5 2435 7 
633 5 635 4 1725 4 2434 6 
636 7 634 4 1728 3 2433 4 
635 7 2432 7 1727 8 637 6 
1730 3 638 3 2431 4 636 6 
1729 4 2430 4 1228 5 637 3 
1756 6 2384 3 640 7 
2383 6 639 7 1690 5 1755 8 
1691 7 642 6 2386 5 1752 5 
1751 5 641 6 1678 5 2385 3 
1722 9 815 9 2428 5 644 6 
1721 3 2427 7 631 3 643 6 
1212 7 1141 8 2440 7 646 8 
647 8 1854 6 1211 6 645 8 
1139 6 646 8 1214 7 648 9 
649 7 1138 7 647 9 1213 6 
648 7 1208 5 650 3 1145 4 
1144 6 1207 7 651 5 649 3 
652 7 650 5 1210 7 1143 7 
651 7 1142 6 1209 5 820 6 
514 5 2299 5 655 8 988 4 
500 6 1865 6 1206 6 2440 7 
987 7 672 7 2298 6 653 8 
505 4 1897 3 
660 2 2121 3 792 4 658 3 
791 3 671 4 2120 2 657 3 
660 3 2123 4 662 5 
659 3 790 2 657 2 2122 2 
2117 6 664 4 662 4 
2116 4 659 5 661 4 
297 7 2119 4 664 5 789 4 
661 4 663 5 2118 6 
668 3 2139 7 2187 7 724 5 
2174 3 2422 6 1087 5 736 5 
668 2 726 4 670 4 2137 3 
667 2 725 6 2136 5 665 3 
728 7 1349 9 670 7 2135 9 
727 5 667 4 669 7 2134 5 
2127 5 788 4 672 5 658 4 
655 7 787 4 671 5 2126 5 
952 10 1547 7 676 8 674 10 
868 7 1546 7 951 7 673 10 
950 3 678 3 676 5 1957 4 
1956 8 675 5 673 8 949 6 
948 4 678 4 680 4 1959 5 
677 4 675 3 947 4 1958 4 
682 4 1961 4 946 6 680 4 
677 4 945 5 1960 7 679 4 
682 5 1559 9 954 5 523 6 
681 5 1558 5 679 4 953 3 
690 8 364 6 684 5 1000 8 
363 3 999 6 685 6 683 5 
1002 8 362 6 686 6 684 6 
1001 5 685 6 361 2 882 3 
996 2 692 7 368 6 688 4 
995 6 689 5 687 4 367 6 
688 5 690 7 998 5 366 5 
689 7 365 8 997 7 683 8 
534 4 1004 6 360 5 692 7 
687 7 1003 8 691 7 359 7 
1657 10 1955 7 1064 8 404 6 
895 1 10 2 2103 3 695 4 
2102 5 9 5 694 4 696 5 
2101 5 697 4 4 2 695 5 
698 6 3 4 696 4 2100 8 
2099 5 697 6 6 5 699 4 
5 3 2098 4 698 4 
1701 5 1221 4 1219 6 887 4 
708 6 1055 3 28 5 2197 5 
2202 8 1831 5 1146 3 2196 8 
1053 6 30 8 2197 6 704 6 
29 7 703 6 1052 4 1361 4 
32 6 1051 6 2205 7 2201 9 
714 4 1827 6 2200 6 1150 6 
708 6 1049 6 2201 6 34 6 
701 6 33 5 1048 5 707 6 
710 9 712 7 1774 8 1673 7 
709 9 715 8 1674 8 1773 7 
1776 3 1671 4 712 3 906 4 
1672 5 711 3 709 7 1775 5 
1677 4 716 7 1770 4 
706 4 1824 4 717 3 1855 2 
710 8 1772 8 716 7 1675 6 
1771 4 713 7 1676 7 715 7 
1140 6 1823 5 2044 8 714 3 
719 2 2238 4 
718 2 720 4 2237 4 
721 5 719 4 2240 5 
264 6 2239 7 720 5 
2206 3 1437 3 2208 5 1502 3 
2187 7 412 5 724 5 738 6 
723 5 411 7 725 8 665 5 
668 6 724 8 726 8 410 11 
409 5 667 4 727 5 725 8 
728 5 416 7 670 5 726 5 
727 5 669 7 729 4 415 5 
414 3 730 7 1349 6 728 4 
1338 8 927 7 729 7 413 7 
244 3 2420 3 1089 3 732 3 
1088 5 733 5 2419 3 731 3 
734 8 2418 4 732 5 1091 8 
1090 7 733 8 2417 6 735 8 
2424 6 736 7 1085 6 734 8 
1084 6 735 7 666 5 2423 6 
1316 7 1810 7 738 7 408 8 
1809 7 723 6 737 7 407 5 
1504 7 2214 8 1443 5 2212 5 
743 7 864 7 741 6 122 8 
746 2 121 1 863 3 740 6 
749 5 559 5 862 4 743 4 
740 7 861 6 742 4 557 6 
118 5 745 3 860 7 747 5 
343 2 117 4 1329 3 744 3 
747 4 741 2 120 6 858 5 
746 4 857 6 119 4 744 5 
868 4 749 5 951 4 547 3 
742 5 748 5 357 6 546 4 
757 9 1957 5 2217 5 751 4 
752 6 2216 3 1956 6 750 4 
2219 8 751 6 753 8 1547 7 
1546 5 752 8 964 5 2218 5 
755 6 2221 6 1961 4 759 4 
754 6 756 5 1960 9 2220 6 
1959 4 755 5 757 8 2223 4 
2222 9 1958 9 756 8 750 9 
967 6 1559 8 759 4 2225 5 
754 4 2224 3 1558 5 758 4 
1922 10 1117 7 155 6 772 7 
619 10 2378 2 2155 3 1363 2 
98 9 768 8 763 5 1461 6 
97 3 762 5 1460 3 764 2 
100 5 1459 4 765 4 763 2 
770 6 764 4 1458 5 99 5 
94 4 767 4 1027 6 
768 5 766 4 1463 5 96 3 
767 5 762 8 95 5 1462 6 
1920 8 1119 7 774 5 772 7 
87 5 598 6 765 6 771 6 
593 5 770 6 576 6 86 3 
1118 6 769 7 1919 3 760 7 
1121 7 774 4 1918 5 1415 7 
769 5 773 4 1917 3 1120 4 
778 6 776 3 1947 4 1889 5 
1946 5 1888 4 775 3 783 5 
778 7 1887 6 1949 5 780 6 
777 7 1948 6 775 6 1886 11 
780 4 782 3 1951 3 1124 2 
779 4 1950 5 777 6 1892 7 
1891 5 608 4 782 6 1953 7 
779 3 1890 7 781 6 1952 4 
1895 6 776 5 784 5 1945 6 
308 4 1894 8 783 5 1944 6 
192 2 1851 3 786 7 
191 14 1850 10 785 7 984 9 
987 4 1297 4 672 4 788 3 
1296 4 671 4 787 3 791 3 
2478 3 663 4 
660 2 792 4 
658 3 2302 2 792 4 788 3 
790 4 791 4 657 4 
1649 8 802 3 1076 4 1165 9 
795 6 2242 3 799 6 126 4 
2090 6 794 6 125 7 2241 8 
797 2 2250 1 801 4 128 3 
2249 3 127 2 798 3 796 2 
799 6 130 2 2248 6 797 3 
798 6 2247 7 794 6 129 8 
801 6 981 5 132 4 
800 6 980 5 131 6 796 4 
1164 2 1650 1 358 3 793 3 
874 6 806 8 2407 8 804 7 
873 4 803 7 2408 6 809 4 
2405 5 812 6 806 5 876 6 
875 8 803 8 805 5 2406 8 
878 4 2411 8 810 6 808 4 
630 2 2412 7 877 4 807 4 
2409 3 880 4 804 4 810 5 
879 4 809 5 2410 5 807 6 
812 7 1001 6 882 4 2413 7 
811 7 805 6 2414 6 881 6 
1424 4 2422 6 1422 3 1700 4 
833 4 580 3 1253 3 1421 3 
643 9 2254 7 1544 6 816 6 
817 7 2253 7 1543 5 815 6 
816 7 2252 8 818 8 1545 7 
993 4 817 8 
828 3 1006 2 820 5 944 6 
943 7 1005 4 652 6 819 5 
1028 1 938 5 822 2 1008 3 
821 2 937 8 1007 5 823 4 
1010 6 936 5 824 4 822 4 
825 3 935 5 823 4 1009 3 
1012 5 824 3 826 7 942 4 
827 8 941 6 825 7 1011 10 
940 6 1014 3 826 8 828 4 
1013 6 819 3 827 4 939 4 
841 2 925 4 830 3 1662 4 
1661 2 829 3 924 3 1045 5 
1924 8 855 7 155 6 1115 6 
2174 4 1093 3 561 4 1717 5 
814 4 1262 4 1222 4 502 4 
835 5 1664 6 919 4 620 7 
836 4 834 5 1663 6 918 4 
835 4 837 4 1666 5 917 3 
836 4 838 3 916 7 1665 3 
837 3 839 5 923 5 1668 1 
922 7 1667 8 838 5 840 8 
841 4 839 8 921 8 1670 6 
829 2 840 4 1669 1 920 1 
1859 8 843 7 846 9 1283 9 
842 7 1858 1 844 3 1282 3 
1285 7 845 6 2395 4 843 3 
2394 6 844 6 1284 6 1061 6 
1852 8 842 9 
854 8 1982 7 848 7 1367 5 
1366 6 849 6 1981 6 847 7 
1984 4 850 5 848 6 1365 7 
849 5 1362 4 1364 5 1983 5 
852 7 298 6 563 8 1978 8 
851 7 562 3 853 5 1977 5 
1980 3 854 7 1369 7 852 5 
1979 7 847 8 853 7 1368 6 
1114 4 831 7 142 4 1923 6 
1439 5 1441 8 37 5 2210 5 
747 6 858 7 1795 5 860 8 
863 6 857 7 746 5 1794 8 
29 8 1464 10 344 4 1361 5 
1796 11 343 6 744 7 857 8 
862 6 743 6 1791 7 864 6 
861 6 357 5 742 4 1790 4 
858 6 864 4 741 3 1793 6 
740 7 1792 5 863 4 861 6 
866 12 872 13 1352 10 1470 11 
865 12 1471 5 1351 5 867 5 
358 5 1354 4 1472 4 866 5 
357 5 748 4 1788 3 674 7 
1466 6 1356 6 344 4 870 7 
871 4 1355 7 1467 5 869 7 
870 4 872 4 1358 2 1468 1 
865 13 871 4 1357 4 1469 7 
804 4 205 6 874 3 880 4 
803 6 873 3 875 6 204 5 
203 7 806 8 876 9 874 6 
875 9 881 6 202 7 805 6 
209 6 878 4 2140 6 808 4 
807 4 877 4 879 2 208 3 
810 4 880 3 878 2 207 6 
879 3 809 4 206 6 873 4 
882 3 876 6 211 5 812 6 
881 3 811 4 686 3 210 4 
2027 5 884 5 2163 3 1129 7 
2026 4 893 4 1126 4 883 5 
1082 6 2314 6 1224 5 886 6 
1223 3 889 4 2313 4 885 6 
890 3 2310 1 700 4 888 1 
417 3 1221 1 2309 2 887 1 
890 5 886 4 2312 6 1220 6 
889 5 887 3 1219 5 2311 6 
2030 5 616 6 1718 6 
1159 1 1487 1 1217 3 2305 1 
2029 4 884 4 1718 3 1157 4 
2307 4 1215 6 417 5 1159 3 
1953 4 896 2 694 1 1808 2 
895 2 1952 3 1787 3 897 5 
2328 7 1951 6 898 6 896 5 
897 6 899 5 2327 3 1950 4 
900 8 898 5 2330 5 1949 5 
1948 7 2329 8 901 7 899 8 
902 4 900 7 2332 4 1947 4 
901 4 2331 7 903 5 1946 6 
1945 5 1521 5 904 4 902 5 
1518 2 1944 6 1099 2 903 4 
2420 3 1594 5 244 3 2227 7 
907 7 1104 7 711 4 1593 5 
906 7 1105 7 1592 7 908 9 
1589 7 907 9 1112 8 909 6 
910 2 1113 3 1588 4 908 6 
1110 3 1591 3 911 5 909 2 
1111 6 1590 7 910 5 912 5 
1585 7 911 5 1108 3 913 3 
914 5 1584 5 912 3 1109 5 
913 5 1587 8 915 6 1106 4 
1586 3 914 6 1107 4 1123 5 
923 9 917 6 583 5 837 7 
916 6 836 3 918 3 582 4 
919 3 917 3 585 3 835 4 
918 3 584 6 834 4 1125 3 
925 3 587 3 841 1 921 5 
922 7 586 6 840 8 920 5 
921 7 589 4 839 7 923 7 
916 9 922 7 838 5 588 7 
62 3 579 6 925 4 830 3 
578 5 920 3 829 4 924 4 
250 7 927 5 512 7 933 8 
730 7 926 5 249 2 511 4 
522 5 929 6 252 7 
521 7 928 6 930 4 251 6 
256 2 516 3 929 4 931 7 
930 7 932 8 255 7 515 8 
254 3 933 6 518 4 931 8 
253 6 932 6 926 8 517 12 
2001 6 2031 3 2012 2 1564 4 
1289 7 942 6 824 5 936 6 
937 9 823 5 935 6 1288 5 
936 9 822 8 1291 9 938 11 
497 7 821 5 1290 8 937 11 
940 6 828 4 944 7 1293 4 
1292 8 827 6 939 6 941 4 
1295 2 942 3 826 6 940 4 
935 6 941 3 1294 6 825 4 
1142 7 820 7 944 8 1287 7 
943 8 1286 9 939 7 819 6 
2391 6 948 5 946 7 680 5 
953 5 2390 6 945 7 679 6 
678 4 948 4 2393 5 950 4 
677 4 945 5 2392 4 947 4 
1857 4 950 4 676 6 952 8 
675 3 1856 5 949 4 947 4 
952 7 2397 4 748 4 674 7 
673 10 2396 7 951 7 949 8 
2399 6 954 3 946 5 682 3 
1877 6 681 5 953 3 2398 3 
1793 8 956 6 962 6 2072 6 
957 6 1792 5 955 6 2071 4 
958 6 956 6 2074 11 1791 7 
957 6 1790 4 2073 5 963 3 
438 3 960 3 2068 3 1797 4 
961 3 2067 5 1796 9 959 3 
2070 2 960 3 1795 2 962 2 
2069 4 1794 6 955 6 961 2 
964 3 1789 6 958 3 2076 4 
1788 3 2075 9 963 3 753 5 
1026 6 1734 5 968 4 966 5 
1025 3 1733 5 965 5 
1736 5 758 6 1024 6 968 5 
1735 3 1023 4 965 4 967 5 
1896 8 1911 6 2013 6 1563 4 
1393 8 971 9 1522 11 977 8 
972 7 1523 7 970 9 1392 4 
973 4 1524 6 971 7 1395 6 
972 4 1525 1 1394 4 152 4 
975 3 1526 3 979 3 1397 3 
974 3 1396 6 1527 3 976 4 
1399 3 1528 4 977 5 975 4 
1529 4 976 5 970 8 1398 8 
1171 10 1519 6 1391 7 979 7 
974 3 1520 3 978 7 1390 3 
144 3 801 5 2250 2 981 4 
143 4 800 5 980 4 982 4 
146 4 2025 4 981 4 
520 7 984 3 990 2 247 3 
246 7 983 3 786 9 519 5 
514 5 2125 6 988 4 986 4 
513 3 2124 3 985 4 991 3 
655 7 787 4 2168 4 988 3 
248 4 987 3 985 4 653 4 
992 7 990 3 2129 4 510 2 
989 3 509 9 983 2 2128 5 
2131 3 508 6 992 8 986 3 
989 7 2130 8 991 8 507 7 
818 4 2244 4 2252 4 
1028 4 2183 6 2251 4 1008 6 
688 6 996 4 74 5 998 6 
995 4 687 2 1003 3 75 3 
1000 7 690 7 998 5 72 8 
997 5 689 5 73 5 995 6 
1000 9 1002 8 684 6 70 7 
999 9 71 8 997 7 683 8 
1002 7 811 6 686 5 68 6 
1001 7 999 8 685 8 69 6 
996 3 692 8 60 5 1004 7 
61 6 691 6 1003 7 1196 9 
268 4 820 4 1006 1 1209 3 
1005 1 267 2 819 2 1013 5 
1010 7 1008 6 822 5 276 5 
275 3 1007 6 994 6 821 3 
274 4 1012 5 824 3 1010 5 
1007 7 273 6 823 6 1009 5 
272 6 826 10 1012 8 1014 5 
271 5 825 5 1009 5 1011 8 
270 5 828 6 1014 5 1006 5 
827 3 269 1 1013 5 1011 5 
1018 5 1879 5 1016 8 
1878 6 1224 6 1015 8 1082 7 
1020 4 1881 4 1018 6 
1015 5 1880 6 1017 6 
1020 1 1022 3 1883 4 
1019 1 1017 4 1882 6 
1885 4 1022 4 
1019 3 1021 4 1884 6 
968 4 524 4 1024 5 1026 6 
523 5 1559 8 967 6 1023 5 
1026 4 966 3 
965 6 1025 4 525 4 1023 6 
1463 7 49 6 766 6 
821 1 994 4 497 3 1029 3 
1032 5 2375 4 2251 3 1028 3 
1031 7 93 8 2256 7 1033 7 
2255 5 1036 3 92 4 1030 7 
1029 5 1033 5 91 4 2258 4 
1032 5 2257 5 90 6 1030 7 
1037 11 89 4 2260 6 1035 6 
88 5 1244 4 1034 6 2259 6 
1031 3 1037 8 482 2 2262 5 
1036 8 1034 11 479 9 2261 11 
1039 9 346 7 406 7 1251 8 
1038 9 405 7 1042 6 345 7 
1041 2 1043 3 67 2 348 2 
66 3 1040 2 1046 2 347 2 
350 4 1043 3 65 2 1039 6 
1042 3 1040 3 64 4 349 4 
1045 7 1047 6 352 7 63 7 
1044 7 62 5 830 5 351 5 
394 3 354 3 1047 4 1041 2 
353 5 393 5 1044 6 1046 4 
1095 3 708 5 1055 2 1049 5 
1050 5 1094 5 707 6 1048 5 
2201 5 1097 2 1051 2 1049 5 
1096 3 1060 2 705 6 1050 2 
1053 4 1099 2 1518 2 704 4 
1054 5 703 6 1098 4 1052 4 
1053 5 1055 3 2197 5 1101 6 
1054 3 701 3 1100 3 1048 2 
1057 5 1063 3 1826 3 1186 3 
1056 5 1058 6 1185 5 1825 7 
1057 6 1184 4 1828 5 1059 3 
1183 1 1359 1 1058 3 1827 3 
1051 2 1061 4 1103 7 2205 3 
1102 3 1060 4 845 6 2204 5 
1188 5 1832 6 1179 3 1063 3 
1056 3 1187 3 1831 4 1062 3 
403 5 693 8 1954 4 1081 5 
1066 4 1611 4 1540 4 1333 3 
1065 4 1610 3 1067 5 1332 3 
1331 5 1066 5 1613 6 1068 8 
1330 7 1069 6 1612 7 1067 8 
1607 2 1068 6 1337 4 1070 4 
1071 7 1069 4 1606 7 1336 6 
1335 6 1070 7 1072 7 1609 7 
1608 4 1254 9 1071 7 1334 4 
1161 9 1074 6 1645 7 1080 7 
1073 6 1075 1 1646 1 1160 3 
1647 1 1163 1 1074 1 1076 2 
1648 3 1162 6 793 4 1075 2 
1151 7 1078 6 1895 6 
1077 6 1561 5 1894 9 
1329 4 1605 6 343 3 1540 3 
1644 3 1073 7 
400 6 1083 5 1969 5 1064 5 
885 6 1016 7 
399 4 1081 5 1488 6 1968 4 
736 6 1087 6 1085 5 1621 6 
1620 3 1090 5 1084 5 735 6 
2174 6 1087 8 1093 5 1619 9 
666 5 1084 6 1086 8 1618 6 
732 5 1617 4 1089 5 1091 8 
1652 5 1088 5 731 3 1616 3 
1091 7 734 7 1615 8 1085 5 
1090 7 1614 6 733 8 1088 8 
561 9 1623 8 1093 8 1279 8 
832 3 1092 8 1622 4 1086 5 
1097 2 1095 3 2445 4 1049 5 
1048 3 1094 3 2152 2 1100 4 
1051 3 1097 3 2443 6 1103 8 
1094 2 1096 3 2442 2 1050 2 
1101 5 1099 2 1053 4 2449 3 
1098 2 904 2 1052 2 2448 2 
1101 6 1095 4 1055 3 2447 7 
2446 7 1098 5 1100 6 1054 6 
1284 3 1061 3 2457 1 1103 6 
2169 9 1060 7 1096 8 1102 6 
1105 7 906 7 1671 7 1865 5 
907 7 1104 7 1112 6 1860 5 
914 4 1143 3 1109 4 1107 2 
1142 5 915 4 1287 5 1106 2 
1145 3 1111 4 912 3 1109 5 
1106 4 1108 5 1144 9 913 5 
910 3 1111 4 1113 4 1139 3 
911 6 1108 4 1110 4 1138 5 
1113 5 908 8 1105 6 1141 6 
1112 5 1854 5 909 3 1110 4 
855 4 1306 3 1115 3 1290 5 
1116 2 1291 4 1114 3 831 6 
1115 2 1288 3 155 2 1117 3 
760 7 1116 3 1289 6 1118 6 
772 6 1294 7 1119 6 1117 6 
769 7 1118 6 1120 6 1295 4 
1121 7 1119 6 1292 8 774 4 
1293 5 773 7 1120 7 1122 4 
1286 5 1415 4 1123 3 1121 4 
1287 6 1414 6 915 5 1122 3 
779 2 1892 5 1442 3 1890 6 
437 6 919 3 620 6 
884 4 1176 5 1157 4 1129 6 
1902 4 1128 8 1684 6 360 6 
1901 11 1127 8 359 7 1132 6 
1175 7 883 7 2465 5 1126 6 
1133 7 1910 3 366 4 1131 4 
365 6 1909 4 1130 4 1136 7 
1908 2 1133 6 368 5 1128 6 
1130 7 1132 6 367 9 1907 8 
1906 6 1137 5 362 5 1135 4 
361 1 1905 2 1309 2 1134 4 
1904 6 1137 6 364 7 1131 7 
1903 4 1134 5 1136 6 363 3 
648 7 1139 4 1145 4 1111 5 
647 6 1138 4 1854 4 1110 3 
717 6 1855 5 1334 5 1254 10 
645 8 1854 6 1860 5 1112 6 
943 7 1107 5 652 6 1143 6 
1106 3 1144 8 651 7 1142 6 
650 6 1143 8 1145 7 1109 9 
1108 3 1144 7 649 4 1138 4 
1147 3 702 3 1153 2 1258 2 
1148 3 1146 3 1257 5 2196 8 
1147 3 2199 4 1149 2 1256 4 
1255 5 278 4 2198 4 1148 2 
1855 4 1350 8 706 6 1262 4 
1077 7 1888 6 1420 8 
1350 7 1260 5 2203 5 1153 3 
1259 4 1146 2 1152 3 2202 7 
2178 7 577 6 1158 6 1891 4 
387 7 251 5 2283 8 2281 5 
1157 5 616 4 1718 4 1168 5 
1156 5 1167 7 893 4 1126 4 
1890 8 2177 6 1442 5 1154 6 
892 1 2306 4 894 3 1218 1 
1163 3 6 4 1161 6 1074 3 
1073 9 1160 6 5 6 
1163 5 1165 11 1076 6 4 5 
1162 5 1160 3 1075 1 3 2 
802 2 1165 8 1353 2 10 3 
1162 11 9 8 1164 8 793 9 
2325 5 1179 3 1190 3 1830 2 
2293 9 1176 8 1157 7 1168 7 
1156 5 1169 7 1229 6 1167 7 
616 6 1170 7 1168 7 1232 8 
1169 7 1231 5 
978 10 1202 5 1172 6 1693 5 
1173 4 1201 4 1171 6 1694 3 
1172 4 1204 4 1174 5 1695 6 
1696 6 1203 8 1173 5 
1129 7 1729 5 1228 6 1176 6 
1227 6 1167 8 1126 5 1175 6 
1178 6 2421 4 1862 3 1180 7 
1177 6 1861 7 2003 9 
1189 7 1166 3 1062 3 1829 4 
2426 9 2031 7 1177 7 1863 9 
1182 7 2000 6 1362 5 1364 6 
1359 4 1181 7 1183 4 2226 9 
1059 1 1986 1 1184 2 1182 4 
1183 2 1185 3 1985 3 1058 4 
1184 3 1738 3 1186 3 1057 5 
1187 3 1185 3 1737 2 1056 3 
1186 3 1188 5 1063 3 1990 4 
1062 5 1189 9 1989 6 1187 5 
1188 9 1179 7 1190 7 1992 9 
1189 7 1750 5 1166 3 1991 3 
1192 7 1386 6 527 5 2075 11 
526 5 1191 7 2076 6 1197 7 
1200 6 1194 6 533 3 2069 5 
1195 7 1193 6 532 6 2070 5 
1194 7 535 7 1196 8 2067 6 
2068 7 534 7 1195 8 1004 9 
529 8 1192 7 1198 7 2073 7 
528 6 1199 5 2074 10 1197 7 
1198 5 2071 4 531 3 1200 5 
1193 6 1199 5 2072 5 530 5 
1204 4 1202 3 1172 4 2246 5 
2245 4 1171 5 1201 3 1391 2 
2244 7 1174 8 1204 7 
1201 4 1203 7 1173 4 2243 4 
2440 3 77 3 1206 2 1212 3 
1405 2 1205 2 76 4 654 6 
85 10 1208 9 650 7 1210 9 
1213 4 84 4 1207 9 649 5 
1210 5 83 4 652 5 1005 3 
1209 5 82 4 1207 9 651 7 
646 6 1212 5 1214 5 81 4 
645 7 80 4 1211 5 1205 3 
79 6 1208 4 1214 4 648 6 
78 7 647 7 1211 5 1213 4 
894 6 2228 8 1218 4 1704 6 
2406 5 1226 2 1222 2 502 2 
1706 4 1416 5 1218 3 892 3 
1217 3 1159 1 1215 4 1705 1 
1220 6 700 6 1700 5 890 5 
1219 6 1699 7 889 6 1223 5 
1702 1 2228 5 700 4 888 1 
1216 2 580 3 833 4 2405 5 
1698 4 886 3 1224 2 1220 5 
1697 3 1016 6 1223 2 885 5 
1226 3 2408 5 1234 4 1434 3 
1433 3 1216 2 1225 3 2407 5 
1176 6 2293 7 1228 6 126 5 
125 6 1227 6 638 5 1175 6 
130 4 2293 8 1232 7 1168 6 
1243 3 1234 4 2410 3 1432 6 
128 5 1233 5 1232 6 1170 5 
1229 7 1231 6 127 4 1169 8 
1231 5 131 5 
2409 4 1225 4 1431 7 1230 4 
1236 8 102 5 1883 7 1238 6 
1235 8 1882 10 101 8 1241 7 
1885 5 104 5 1238 5 
1237 5 1884 6 1235 6 103 8 
1879 7 106 7 1240 6 1242 5 
1436 4 1239 6 1878 2 105 4 
1881 3 108 3 1236 7 1242 3 
107 1 1880 4 1241 3 1239 5 
2411 7 1230 3 458 4 1429 4 
1035 4 2416 3 2097 5 
1248 6 1246 5 199 5 
198 4 1245 5 
2404 2 201 4 1248 4 1250 8 
1245 6 200 5 1247 4 
1252 4 2403 7 1250 10 195 7 
194 9 1249 10 1247 8 2402 10 
197 4 1252 4 2401 8 1038 8 
1249 4 196 6 1251 4 2400 3 
1855 3 814 3 1262 3 1254 8 
1072 9 1253 8 1140 10 1421 8 
1149 5 1430 8 1256 7 1448 5 
1257 6 1255 7 1429 6 1148 4 
1432 7 1147 5 1258 4 1256 6 
1431 6 1257 4 1146 2 1259 4 
1153 4 1260 6 1258 4 1434 4 
1152 5 1259 6 1433 5 1261 6 
1262 4 502 4 1260 6 1350 8 
1261 4 1253 3 833 4 1150 4 
1264 6 1270 5 1994 9 1579 3 
1263 6 1578 6 1265 6 1993 7 
1266 4 1264 6 1577 5 1996 6 
1576 5 388 4 1265 4 1995 3 
1268 9 1998 9 1272 8 1583 7 
1267 9 1997 6 1582 4 1269 5 
1270 4 1581 4 1757 5 1268 5 
1269 4 1263 5 1580 5 1999 7 
1575 6 1272 4 1478 4 1988 2 
1271 4 1267 8 1574 3 1987 11 
2006 6 1570 7 369 6 1274 5 
1275 8 2005 5 1569 3 1273 5 
1276 6 1274 8 1572 11 2004 6 
1275 6 1571 4 
1280 5 1440 8 1278 8 553 10 
1439 5 1277 8 37 5 552 4 
1438 1 555 5 1092 8 1280 1 
1277 5 554 2 1437 2 1279 1 
556 2 1446 4 36 3 
1285 7 2274 3 1283 5 843 3 
1282 5 842 9 
1102 3 1285 7 845 6 2273 7 
1284 7 1282 7 844 7 2272 10 
1122 5 944 9 1293 6 1287 8 
1123 6 1107 5 1286 8 943 7 
1116 3 1289 6 1291 5 936 5 
935 7 1288 6 1294 7 1117 6 
938 8 2142 8 1291 6 1114 5 
937 9 1288 5 1115 4 1290 6 
940 8 1293 6 1295 6 1120 8 
1292 6 1121 5 1286 6 939 4 
1118 7 1289 7 1295 5 942 6 
1292 6 941 2 1119 4 1294 5 
788 4 1297 5 2302 3 2207 6 
2213 4 1296 5 787 4 2168 4 
1299 6 2150 7 1301 7 134 8 
1304 4 1298 6 2151 7 133 3 
1307 9 1301 9 136 10 2148 9 
1300 9 1298 7 2149 6 135 7 
2146 6 1303 9 138 3 1305 6 
2147 13 1302 9 1491 11 137 8 
2144 4 1299 4 140 3 1305 6 
2145 5 1302 6 1304 6 139 7 
142 3 2142 6 1114 3 1307 5 
141 6 2143 6 1300 9 1306 5 
1309 2 1311 3 211 4 1720 3 
1135 2 1719 7 210 4 1308 2 
182 5 203 5 1311 5 1313 5 
181 5 202 5 1310 5 1308 3 
180 4 1313 4 205 6 1315 4 
1312 4 177 5 204 6 1310 5 
1315 5 1726 4 207 8 1317 5 
1314 5 166 3 1312 4 206 6 
209 7 1317 6 737 7 165 6 
208 4 1316 6 164 4 1314 5 
539 9 1325 5 1319 7 1932 7 
1320 6 1931 4 1318 7 538 8 
1319 6 1321 4 1930 8 541 5 
1320 4 540 3 1517 5 1929 3 
543 3 1323 4 1327 3 1936 2 
542 5 1935 3 1322 4 1324 5 
1934 6 545 5 1323 5 1325 4 
544 5 1933 4 1318 5 1324 4 
1327 3 537 4 397 3 1928 4 
1927 4 536 5 1326 3 1322 3 
1540 4 1333 3 2052 7 1329 5 
2051 5 1079 4 1328 5 745 3 
1068 7 2048 6 1331 4 1337 5 
1067 5 2047 4 1330 4 1332 3 
2050 5 1331 3 1333 2 1066 3 
1328 3 1332 2 2049 3 1065 3 
1140 5 2044 7 1335 3 1072 4 
1071 6 1334 3 1336 5 2043 4 
1337 6 1335 5 2046 8 1070 6 
1069 4 1336 6 1330 5 2045 4 
730 8 511 5 2133 7 1349 7 
1534 4 1778 5 1340 3 1575 6 
1777 3 1574 2 1339 3 1347 3 
1342 3 1577 5 1344 6 1784 4 
1576 4 1341 3 40 1 1783 1 
1786 3 1344 4 1579 1 1346 1 
1785 7 1343 4 1578 6 1341 6 
1581 3 1348 2 1346 1 1780 7 
1779 2 1580 3 1345 1 1343 1 
1782 3 1348 3 1340 3 1583 3 
1582 2 1347 3 1345 2 1781 3 
729 6 669 9 1338 7 2132 8 
2200 8 1152 7 1150 8 1261 8 
2328 6 1352 3 866 5 1354 4 
2327 1 865 10 1351 3 1357 1 
1808 2 1354 2 358 3 1164 2 
1353 2 1787 3 867 4 1351 4 
2332 6 870 7 1356 6 1358 5 
2331 7 1360 4 869 6 1355 6 
1358 2 872 4 2330 3 1352 1 
1357 2 2329 4 871 2 1355 5 
1182 4 1059 1 1362 2 1824 4 
1356 4 1521 4 1361 3 344 2 
1360 3 1518 2 859 5 704 4 
1181 5 850 4 1823 4 1359 2 
2154 1 355 2 761 2 
1181 6 850 5 1838 4 1365 7 
1366 7 1837 6 849 7 1364 7 
1367 4 848 6 1365 7 1840 4 
1368 3 1366 4 1839 5 847 5 
1367 3 1369 6 613 5 854 6 
1368 6 853 7 562 5 611 8 
1923 6 1371 7 142 4 2377 3 
1372 7 1370 7 141 7 2376 8 
1371 7 2368 3 1373 7 136 7 
2367 6 135 8 1374 5 1372 7 
2370 4 1373 5 1375 4 134 5 
133 4 1376 6 2369 10 1374 4 
1377 4 140 4 1375 6 2372 6 
1378 4 1376 4 139 4 2371 6 
138 4 1377 4 1379 9 2374 5 
137 7 1555 11 1378 9 2373 8 
2224 5 370 5 1381 7 1385 5 
1380 7 1570 8 2225 6 369 7 
2222 4 372 4 1383 3 1389 5 
1384 6 1382 3 2223 4 371 4 
374 8 1383 6 1385 6 2220 7 
1384 6 373 4 2221 5 1380 5 
1387 5 1191 6 376 7 2218 4 
375 5 1386 5 2219 6 1388 6 
378 7 1389 7 2216 5 1387 6 
1388 7 377 5 2217 6 1382 5 
2088 5 1397 3 979 3 1391 3 
978 7 2087 3 1202 2 1390 3 
971 4 1395 3 1393 3 2092 4 
970 8 2091 6 1392 3 1398 8 
2241 7 1395 6 973 4 2090 5 
972 6 1392 3 1394 6 2089 5 
975 6 1397 6 1399 5 2096 8 
1390 3 1396 6 974 3 2095 6 
1399 6 1393 8 2094 8 977 8 
1398 6 976 3 1396 5 2093 2 
503 6 1401 8 
564 10 615 7 1402 10 1400 8 
569 6 1403 5 1401 10 499 7 
1404 7 1402 5 568 3 498 4 
1403 7 1405 6 501 11 567 6 
1404 6 1206 2 500 2 566 2 
1537 3 1407 4 1417 1 1477 3 
1408 7 1476 7 1536 4 1406 4 
1475 8 1409 6 1407 7 1539 5 
1408 6 1538 7 1410 6 1474 5 
1533 7 1411 5 1481 5 1409 6 
1532 3 1410 5 1412 5 1480 3 
1479 5 1413 7 1411 5 1535 5 
1575 8 1412 7 1478 6 1534 6 
1926 5 1415 7 1123 6 1586 4 
1414 7 1925 4 1122 4 773 7 
1217 5 1531 3 1417 3 1487 3 
1486 1 1416 3 1530 4 1406 1 
1419 3 1447 6 614 3 1887 6 
1420 5 1418 3 1886 7 612 3 
1419 5 1889 8 2180 6 1151 8 
814 3 1608 3 1254 8 581 3 
1699 5 1435 4 813 3 2002 5 
2424 6 1426 5 1702 4 1424 6 
813 4 2423 5 1423 6 1701 4 
1426 4 2418 3 1428 4 1704 5 
1703 3 1423 5 1425 4 2417 3 
1428 2 1594 4 1706 2 2420 2 
1427 2 2419 3 1705 2 1425 4 
1432 7 1256 6 1430 7 1243 4 
1255 8 154 6 458 7 1429 7 
1258 6 1432 9 1234 7 1434 6 
1429 7 1257 7 1431 9 1230 6 
1226 3 1434 3 1260 5 502 3 
1433 3 1225 3 1259 4 1431 6 
1717 5 1436 5 1698 5 1422 4 
2007 4 1435 5 1240 4 1697 5 
722 3 1440 5 1438 2 1280 2 
2206 2 1279 1 1623 1 1437 2 
856 5 1278 5 2209 5 1440 5 
1277 8 2208 7 1437 5 1439 5 
1444 6 38 6 2211 9 856 8 
2176 6 1447 5 1124 3 1158 5 
36 3 1444 3 1446 4 739 5 
1441 6 2212 3 1443 3 35 6 
2215 4 1446 3 
1281 4 1443 4 1445 3 2214 7 
1418 6 1892 7 1442 5 2175 7 
154 3 1449 4 278 4 1255 5 
1448 4 1452 4 277 5 153 7 
157 3 1453 5 1451 5 286 5 
285 4 156 5 1450 5 1456 5 
1453 4 1449 4 159 2 284 3 
1452 4 158 6 1450 5 283 4 
1455 7 282 6 161 8 1457 6 
1454 7 281 7 160 5 1625 6 
280 4 1457 5 163 5 1451 5 
162 6 279 7 1456 5 1454 6 
12 7 765 5 1459 5 598 5 
764 4 1458 5 1460 5 11 4 
1461 4 14 5 763 3 1459 5 
1460 4 1462 4 13 4 762 6 
8 6 1463 6 1461 4 768 6 
1462 6 1027 7 7 6 767 5 
1750 10 859 10 1465 9 1991 8 
1749 6 1464 9 344 3 1466 5 
1467 4 223 5 869 6 1465 5 
1466 4 1468 2 222 7 870 5 
226 4 1467 2 871 1 1469 4 
224 5 1470 5 872 7 1468 4 
1471 4 233 3 1469 5 865 11 
1470 4 866 5 1472 4 56 3 
1471 4 1473 3 867 4 235 2 
1472 3 358 4 1650 2 234 2 
1475 7 1481 4 1409 5 1846 4 
1408 8 1845 7 1476 8 1474 7 
1477 6 1848 7 1475 8 1407 7 
1476 6 1847 3 1486 3 1406 3 
1479 4 1271 4 1842 3 1413 6 
1412 5 1478 4 1480 3 1841 3 
1479 3 1411 3 1481 3 1844 4 
1410 5 1843 7 1474 4 1480 3 
396 5 1965 5 1489 4 1483 7 
395 6 1964 6 1484 4 1482 7 
398 1 1485 1 1483 4 1963 6 
1484 1 397 2 537 3 1962 2 
1417 1 1834 2 1487 1 1477 3 
1833 3 892 1 1486 1 1416 3 
1967 4 1083 6 1489 4 402 7 
1966 1 1482 4 1488 4 401 6 
2439 2 1491 4 
1303 11 2438 6 1490 4 2324 6 
1493 4 190 4 1495 5 2269 5 
1492 4 2024 2 2268 6 189 5 
1497 8 1495 8 2271 7 188 6 
1492 5 1494 8 187 6 2270 5 
1499 3 2266 6 186 3 1497 5 
1494 8 2265 6 185 8 1496 5 
1499 1 184 2 
183 2 1498 1 1496 3 2267 2 
1507 4 16 4 1501 3 2209 6 
1502 2 15 2 1500 3 2208 4 
1501 2 1503 5 18 2 722 3 
1689 6 17 9 1502 5 2206 5 
739 7 20 6 1505 6 1509 6 
1506 5 2212 4 19 3 1504 6 
1505 5 22 5 2211 7 1507 4 
1500 4 21 3 2210 3 1506 4 
24 8 1509 6 1692 4 2215 7 
2214 7 1508 6 1504 6 23 4 
390 4 1511 2 1754 5 1515 3 
1510 2 1753 2 389 3 1512 3 
1513 6 392 5 1752 4 1511 3 
391 7 1751 6 1512 6 1516 9 
1515 2 2287 1 1756 4 
1514 2 387 6 1510 3 1755 5 
2264 6 1759 8 1513 9 1517 9 
2263 8 1321 5 1758 4 1516 9 
904 2 1521 3 1052 2 1361 2 
406 3 978 6 1520 2 1693 1 
1519 2 979 3 1526 3 405 4 
1518 3 903 5 1360 4 2331 7 
1523 9 1529 7 394 7 970 11 
1524 6 971 7 1522 9 393 6 
972 6 1523 6 63 6 1525 3 
973 1 62 2 579 5 1524 3 
974 3 1520 3 1527 3 65 2 
975 3 64 4 1526 3 1528 3 
1529 3 976 4 67 2 1527 3 
977 4 1522 7 66 4 1528 3 
1531 4 1537 6 1417 4 1595 5 
1706 2 1416 3 1530 4 1594 4 
1411 3 1535 3 1597 3 1533 5 
1410 7 1596 6 1532 5 1538 8 
1339 4 1599 4 1413 6 1535 4 
1598 3 1532 3 1412 5 1534 4 
1601 3 1537 3 1407 4 1539 2 
1406 3 1536 3 1530 6 1600 3 
1603 8 1409 7 1533 8 1539 6 
1408 5 1602 3 1536 2 1538 6 
1328 4 1604 4 1065 4 1079 3 
2398 5 310 7 1542 6 1877 8 
309 4 1541 6 1876 3 
1544 5 168 6 816 5 1545 5 
167 4 1543 5 1722 6 815 6 
817 7 1543 5 
753 5 1547 4 1788 3 674 7 
752 7 673 7 1546 4 1956 7 
1549 4 1551 8 1646 4 14 6 
13 3 1548 4 1645 2 1552 4 
1557 3 12 5 1551 5 1648 2 
1550 5 1548 8 1647 5 11 6 
1553 5 8 7 1549 4 1644 5 
1552 5 7 4 
2172 7 2439 3 1555 6 
2438 7 1379 11 1554 6 2171 8 
1650 4 234 4 1557 6 2 8 
1649 8 1550 3 1556 6 1 3 
1559 9 682 5 1961 5 759 5 
681 9 1558 9 1024 8 758 8 
1708 2 1561 4 2354 4 
1707 6 1560 4 1078 5 
1565 5 1563 2 429 4 1911 4 
1567 2 1562 2 428 4 969 4 
2425 9 431 5 1565 6 934 4 
430 4 1562 5 2001 8 1564 6 
1568 2 433 2 1900 2 
1563 2 1568 3 435 4 1896 6 
1899 5 1566 2 1567 3 434 3 
1735 2 1570 5 1572 6 1274 3 
1569 5 1381 8 1273 7 1736 6 
1572 9 1276 4 1733 6 
1734 8 1571 9 1275 11 1569 6 
1715 3 2357 2 
1340 2 1583 2 1575 5 1272 3 
1271 6 1413 8 1574 5 1339 6 
1266 5 1342 4 1577 6 1760 4 
1341 5 1576 6 1578 5 1265 5 
1264 6 1344 6 1577 5 1579 3 
1580 3 1263 3 1343 1 1578 3 
1579 3 1581 5 1270 5 1346 3 
1345 3 1580 5 1582 3 1269 4 
1348 2 1268 4 1581 3 1583 2 
1574 2 1582 2 1347 3 1267 7 
1587 8 913 5 1746 6 1585 9 
1745 9 912 7 1590 9 1584 9 
915 3 1587 5 1414 4 1744 3 
1743 5 1586 5 1584 8 914 8 
1589 5 1742 7 909 4 1591 5 
908 7 1741 5 1588 5 1592 5 
1591 5 1585 9 911 7 1740 4 
1590 5 1739 4 910 3 1588 5 
907 7 1593 5 1589 5 1748 6 
1747 3 906 5 1592 5 1776 4 
1427 4 1595 5 905 5 1531 4 
1594 5 1600 2 1530 5 2227 7 
2234 4 1597 4 1533 6 1603 6 
1596 4 1598 3 1532 3 2233 5 
1535 3 1597 3 2236 4 1599 3 
2235 4 1598 3 1534 4 1778 5 
2230 1 1601 3 1595 2 1537 3 
1602 4 1536 3 1600 3 2229 5 
1601 4 2232 5 1603 5 1539 3 
1538 8 1596 6 2231 4 1602 5 
439 8 1540 4 1611 4 1605 7 
1604 7 1797 8 1079 6 438 7 
1607 5 1609 7 447 8 1070 7 
1069 2 1606 5 446 3 1612 3 
1072 4 1609 4 445 4 1421 3 
1608 4 1606 7 444 5 1071 7 
1611 3 1066 3 1613 4 443 4 
1604 4 1610 3 1065 4 442 4 
1068 7 1613 5 1607 3 441 3 
1610 4 1612 5 440 4 1067 6 
2064 2 1091 6 1615 7 1617 2 
1614 7 1620 6 1090 8 2063 6 
2066 3 1617 2 1089 3 1806 9 
1088 4 1614 2 1616 2 2065 2 
1621 6 1619 7 2060 5 1087 6 
2059 7 1618 7 1622 8 1086 9 
1085 3 1621 4 1615 6 2062 5 
2061 4 1618 6 1620 4 1084 6 
1619 8 1093 4 1623 4 2058 4 
1092 8 1438 1 2057 6 1622 4 
87 6 2153 8 1627 8 1625 7 
2444 5 86 3 1624 7 1455 6 
1627 7 1629 6 2455 8 100 7 
99 6 1626 7 2454 5 1624 8 
2170 4 98 6 1629 4 1631 4 
1626 6 97 5 1628 4 2456 5 
1633 8 1631 6 2451 6 96 5 
2450 4 1630 6 95 4 1628 4 
1633 7 1821 5 2453 5 
1632 7 1630 8 94 6 2452 6 
1643 4 600 6 1635 4 2326 4 
1830 2 599 2 2325 5 1634 4 
576 5 2334 4 1637 4 593 4 
1638 6 2333 8 592 8 1636 4 
1639 9 2336 4 1637 6 591 5 
2335 8 1640 7 1638 9 590 8 
2338 3 1639 7 1641 6 597 7 
1640 6 1642 10 2337 5 596 9 
595 8 1641 10 1643 7 2340 9 
1634 4 594 4 1642 7 2339 7 
1080 3 1645 3 1552 5 
1644 3 1549 2 1073 7 1646 2 
1647 1 1548 4 1645 2 1074 1 
1646 1 1075 1 1551 5 1648 2 
1076 3 1550 2 1649 7 1647 2 
1557 8 1650 6 793 8 1648 7 
1556 4 1649 6 802 1 1473 2 
1652 6 245 4 1656 6 1807 6 
244 5 1651 6 1089 5 1806 11 
1660 4 1801 6 1654 9 241 9 
1800 6 1655 8 240 8 1653 9 
1656 6 243 4 1654 8 1799 3 
1655 6 1798 8 1651 6 242 7 
693 10 1658 9 237 9 1805 6 
1659 8 236 6 1804 5 1657 9 
1658 8 1803 10 239 6 1660 4 
238 2 1653 4 1802 4 1659 4 
830 2 351 2 1662 3 319 7 
1669 3 1661 3 829 4 50 3 
59 6 1664 7 835 6 1666 7 
1663 7 834 6 1849 7 58 7 
57 2 1666 4 1668 1 837 3 
836 5 1665 4 330 10 1663 7 
1670 6 1668 4 839 8 55 6 
1667 4 838 1 1665 1 54 2 
1662 3 841 1 1670 3 53 4 
1667 6 1669 3 52 5 840 6 
711 4 1104 7 573 4 1672 6 
572 6 712 5 1673 5 1671 6 
1674 6 575 6 1672 5 709 7 
574 5 1673 6 1675 6 710 8 
1674 6 1676 6 571 3 715 6 
1677 4 716 7 570 6 1675 6 
713 4 1676 4 
1759 5 642 5 2382 5 1679 7 
490 8 1758 5 2381 6 1678 7 
2062 7 2346 5 1687 5 1681 4 
2345 2 2061 2 1682 5 1680 4 
1681 5 2060 6 2348 6 1683 6 
1688 7 2059 5 2347 6 1682 6 
2066 5 1127 6 1685 7 2342 5 
2341 5 2065 5 1686 6 1684 7 
2064 3 1685 6 2344 6 1687 5 
2063 3 2343 5 1680 5 1686 5 
1689 7 1683 7 2058 5 2350 7 
1503 6 1688 7 2349 5 2057 8 
1754 4 2388 5 1691 4 640 5 
641 7 1753 5 1690 4 2387 5 
2006 4 1508 4 
2401 5 1694 2 1519 1 1171 5 
2400 4 1695 5 1693 2 1172 3 
1694 5 2403 7 1696 7 1173 6 
1174 6 2402 7 1695 7 
1224 3 1878 3 1436 5 1698 5 
1223 4 1435 5 1699 6 1697 5 
1422 5 1698 6 1220 7 1700 6 
1219 5 1701 4 813 4 1699 6 
700 5 1702 2 1424 4 1700 4 
1221 1 1703 2 1423 4 1701 2 
1426 3 1702 2 1704 4 2228 6 
1703 4 1705 3 1215 6 1425 5 
1704 3 1428 2 1218 1 1706 2 
1217 4 1531 2 1427 2 1705 2 
1894 10 1561 6 1708 4 308 6 
1560 2 1707 4 1709 4 307 2 
2354 6 1708 4 1710 6 306 6 
2353 4 1709 6 305 7 1711 4 
2356 4 304 3 1710 4 1712 5 
2355 4 1713 8 303 7 1711 5 
2358 7 302 6 1712 8 1714 7 
2357 4 1715 5 1713 7 301 4 
1573 3 300 5 1714 5 1716 3 
299 3 1715 3 
1435 5 832 5 2007 4 2002 6 
1156 4 2028 3 893 3 891 6 
1309 7 1720 8 1955 7 1905 7 
1954 4 1719 8 181 5 1308 3 
1722 6 644 3 1724 4 2459 1 
1721 6 643 9 2458 7 1544 6 
632 5 1724 6 2463 3 2032 5 
1723 6 1721 4 631 4 2462 6 
2032 5 2461 3 634 4 1728 3 
166 2 1314 4 164 3 1964 4 
1730 5 636 8 1728 4 2467 7 
2466 1 1727 4 635 3 1725 3 
638 4 1730 4 1175 5 2465 3 
1729 4 1727 5 637 3 2464 4 
2380 3 1732 2 1914 3 
2379 5 1731 2 
1571 6 966 5 1734 5 
965 5 1572 8 1733 5 1735 4 
1569 2 968 3 1736 3 1734 4 
967 5 2225 4 1570 6 1735 3 
33 2 1990 3 1186 2 1738 2 
1185 3 1737 2 1985 3 34 5 
1742 6 1591 4 1740 3 2020 4 
2019 3 1739 3 1590 4 1745 4 
1589 5 1742 7 2022 5 1748 6 
1739 6 1741 7 1588 7 2021 6 
1587 5 2016 3 1746 3 1744 3 
1926 4 2015 4 1586 3 1743 3 
1585 9 2018 7 1746 6 1740 4 
2017 4 1745 6 1584 6 1743 3 
1593 3 1748 4 2024 2 2268 6 
2023 4 1747 4 1741 6 1592 6 
1465 6 1750 7 223 6 2326 5 
1464 10 1190 5 1749 7 2325 7 
1513 6 1759 5 642 5 1752 4 
1512 4 1751 4 1753 3 641 5 
1754 5 1511 2 1691 5 1752 3 
1690 4 1753 5 1510 5 1755 7 
640 8 1754 7 1515 5 1756 7 
639 6 1514 4 1755 7 
169 5 1269 5 1999 8 1997 6 
1679 5 1759 3 1929 2 1517 4 
1751 5 1758 3 1678 5 1516 8 
1761 2 1576 4 388 3 40 1 
2284 4 1760 2 39 5 1764 2 
42 8 1763 9 386 10 1765 8 
41 8 1762 9 1768 6 385 5 
1761 2 384 3 44 7 1765 2 
383 3 43 5 1764 2 1762 8 
382 6 1767 8 1769 7 46 8 
1938 6 1766 8 381 6 45 6 
48 5 380 8 1769 6 1763 6 
379 3 47 3 1768 6 1766 7 
1771 1 2267 2 713 4 
716 4 1770 1 2266 4 1772 5 
1773 7 715 8 2265 8 1771 5 
2271 4 1772 7 710 7 1774 6 
2270 6 1775 6 709 8 1773 6 
1774 6 2269 5 1776 5 712 5 
711 3 1775 5 2268 7 1593 4 
1340 3 1782 3 2078 2 1778 5 
1339 5 1777 5 2077 7 1599 5 
2080 4 1346 2 1780 8 1786 4 
1781 8 1779 8 1345 7 2079 8 
2082 2 1780 8 1782 3 1348 3 
1777 3 2081 3 1781 3 1347 3 
2084 4 1784 2 487 2 1342 1 
1783 2 1785 5 2083 5 1341 4 
1344 7 1784 5 2086 5 1786 6 
2085 4 1343 3 1785 6 1779 4 
2328 5 896 3 1354 3 1808 3 
964 3 868 3 1546 3 1789 6 
1790 7 963 6 357 8 1788 6 
1789 7 1791 5 958 4 862 4 
1790 5 1792 6 861 7 957 7 
1791 6 1793 7 864 5 956 5 
1792 7 1794 8 955 8 863 6 
1795 6 1793 8 962 6 858 8 
1796 8 1794 6 961 2 857 5 
1795 8 860 11 960 9 1797 10 
343 5 1605 8 1796 10 959 4 
1908 6 1807 8 1656 8 1799 5 
1907 3 1800 1 1655 3 1798 5 
1654 6 1799 1 1910 2 1801 3 
1802 6 1909 4 1800 3 1653 6 
1801 6 1803 10 1660 4 1904 5 
1659 10 1802 10 1804 7 1903 9 
1805 2 1906 3 1658 5 1803 7 
1905 3 1955 3 1804 2 1657 6 
1902 9 1652 11 1807 11 1616 9 
1798 8 1901 9 1651 6 1806 11 
1353 2 10 3 895 2 1787 3 
738 7 2187 8 1810 7 2141 5 
2140 7 209 7 737 7 1809 7 
1812 6 2374 4 2469 7 1814 3 
1811 6 2373 6 1974 6 2468 7 
2471 5 1816 4 1814 3 2372 5 
1813 3 2371 6 1811 3 2470 3 
1818 5 2473 5 2370 6 1816 5 
2369 9 1813 4 1815 5 2472 4 
2475 4 1818 4 1820 3 2368 2 
2474 8 1815 5 1817 4 2367 4 
2377 4 1820 5 463 8 2477 6 
1819 5 2476 4 1817 3 2376 5 
1822 5 1632 5 2286 5 
1821 5 2285 7 558 4 
1824 6 1983 5 1362 4 717 5 
1823 6 714 4 1827 6 1359 4 
1826 5 1828 6 2203 7 1057 7 
1825 5 1056 3 1831 4 2202 7 
1824 6 706 6 1059 3 1828 5 
1825 6 2200 5 1058 5 1827 5 
1830 3 2199 6 1832 7 1179 4 
1829 3 1635 2 2198 3 1166 2 
702 5 1832 7 1826 4 1063 4 
2196 10 1062 6 1829 7 1831 7 
1487 3 2305 3 1834 4 321 3 
1847 2 1486 2 1833 4 320 2 
1836 4 618 6 563 6 2365 7 
1835 4 562 2 2366 2 611 5 
2359 2 1838 3 1365 6 1840 3 
2000 4 1837 3 1364 4 2360 5 
1840 5 1367 5 2361 5 613 7 
1839 5 2362 2 1837 3 1366 4 
1844 4 318 5 1479 3 1842 2 
317 5 1841 2 1478 3 1988 1 
1846 7 1481 7 1844 8 316 8 
315 5 1841 4 1843 8 1480 4 
1475 7 1848 6 314 6 1846 4 
1843 7 313 4 1474 4 1845 4 
312 3 1477 3 1834 2 1848 4 
1476 7 311 5 1847 4 1845 6 
620 8 1664 7 2389 6 
1851 6 519 6 786 10 310 7 
1850 6 785 3 309 4 
2364 7 1859 7 846 8 1853 7 
1852 7 2363 3 
646 6 1113 5 1141 6 1139 4 
1253 3 1150 4 1140 5 714 2 
2301 4 950 5 1857 5 2393 6 
2300 5 949 4 2396 3 1856 5 
2395 2 843 1 1859 2 2362 1 
1852 7 842 8 1858 2 2361 3 
1865 3 1141 5 2440 4 1105 5 
1862 4 1178 7 
1861 4 1863 5 1177 3 
1864 7 1862 5 1180 9 
1863 7 2012 4 2031 5 
1860 3 654 6 573 2 1104 5 
2015 7 468 6 1926 7 1867 9 
1868 7 1925 4 467 9 1866 9 
1867 7 1869 9 1918 5 462 4 
461 8 1917 8 1868 9 1870 8 
460 4 1869 8 1871 5 1920 6 
1919 3 1872 5 459 4 1870 5 
1871 5 1873 3 466 5 1922 8 
1921 3 1872 3 465 1 1874 4 
1875 5 1924 7 464 5 1873 4 
1874 5 2377 2 463 6 1923 5 
524 2 1877 5 1542 3 
954 6 1876 5 523 7 1541 8 
1879 3 1016 6 1697 3 1240 2 
1878 3 1015 5 1880 6 1239 7 
1879 6 1018 6 1242 4 1881 4 
1241 3 1882 6 1017 4 1880 4 
1236 10 1881 6 1020 6 1883 9 
1882 9 1884 7 1235 7 1019 4 
1883 7 1885 6 1238 6 1022 6 
1237 5 1884 6 1021 4 
1889 10 1887 10 778 11 1419 7 
777 6 1886 10 1418 6 1892 7 
776 4 1151 6 1895 5 1889 6 
1420 8 1886 10 1888 6 775 5 
782 7 1158 8 1891 6 1124 6 
2042 2 781 5 1890 6 1154 4 
1447 7 1124 5 780 7 1887 7 
267 4 2173 5 2033 9 345 5 
1707 10 1895 9 784 8 1078 9 
783 6 1894 9 1077 6 1888 5 
969 8 1899 8 2009 7 1567 6 
2055 8 2213 3 656 3 1898 2 
2207 4 1897 2 
2008 6 1896 8 1568 5 1900 5 
2010 4 1566 2 1899 5 
1128 11 1902 7 1807 9 1908 7 
1127 4 1806 9 1901 7 2066 3 
1904 4 1137 4 1906 5 1803 9 
1909 3 1903 4 1136 6 1802 5 
1805 3 1135 2 1906 4 1719 7 
1134 6 1804 3 1903 5 1905 4 
1799 3 1908 4 1910 4 1133 8 
1132 2 1907 4 1798 6 1901 7 
1904 3 1910 3 1801 4 1131 4 
1130 3 1909 3 1800 2 1907 4 
2014 4 969 6 1562 4 2001 7 
1915 6 2176 10 1913 8 
1916 3 2175 6 1912 8 
2178 6 1731 3 1915 2 
1912 6 2177 3 1914 2 
1913 3 614 1 
1869 8 1918 4 1920 6 774 3 
1925 2 1917 4 1868 5 773 5 
1920 4 1871 3 1922 6 772 3 
1919 4 769 8 1917 6 1870 6 
1924 6 1873 3 1922 8 155 4 
760 10 1919 6 1921 8 1872 8 
1370 6 1924 7 1875 5 855 6 
1921 6 1923 7 831 8 1874 7 
1918 2 1867 4 1415 4 1926 2 
1414 5 1744 4 1866 7 1925 2 
1327 4 488 5 1936 3 1928 5 
487 4 2084 6 1927 5 1326 4 
1930 7 490 5 1758 2 1321 3 
1929 7 1931 6 1320 8 489 8 
492 2 1930 6 1319 4 1932 4 
1931 4 491 7 1933 6 1318 7 
1325 4 494 5 1932 6 1934 6 
493 4 1324 6 1935 4 1933 6 
1323 3 496 4 1934 4 1936 1 
495 4 1927 3 1935 1 1322 2 
2382 5 1938 5 1940 4 232 5 
231 6 1937 5 1767 6 2381 4 
1940 7 230 8 2386 7 1942 8 
1939 7 2385 2 1937 4 229 3 
1943 5 1942 5 228 4 2388 7 
1941 5 227 4 1939 8 2387 4 
2383 4 1941 5 225 4 
2448 6 904 6 1945 7 784 6 
903 5 1944 7 783 6 1946 6 
776 5 1947 6 902 6 1945 6 
775 4 1948 4 901 4 1946 6 
900 7 778 6 1949 4 1947 4 
1948 4 1950 4 777 5 899 5 
780 5 1949 4 1951 4 898 4 
1950 4 779 3 897 6 1952 4 
896 3 1953 5 1951 4 782 4 
895 4 1952 5 781 7 2103 6 
1720 4 1955 3 1064 4 1969 4 
1805 3 693 7 1954 3 1719 7 
676 8 1957 7 751 6 1547 7 
1956 7 1958 5 750 5 675 4 
757 9 1959 5 1957 5 678 4 
1960 8 756 4 1958 5 677 5 
1959 8 1961 7 755 9 680 7 
1960 7 1558 5 679 4 754 4 
1963 7 2104 5 165 4 1485 2 
1962 7 164 7 1964 8 1484 6 
1965 4 1483 6 1963 8 1726 4 
1964 4 1966 2 166 2 1482 5 
1965 2 1489 1 1967 1 180 3 
1488 4 177 3 1966 1 1968 2 
1969 4 182 4 1083 4 1967 2 
1968 4 181 5 1081 5 1954 4 
2291 7 1972 3 1971 4 
1970 4 1973 3 2290 3 2167 2 
1970 3 2292 3 
2172 7 1974 3 2289 3 1971 3 
1973 3 1812 6 2288 6 2171 5 
1976 4 2052 7 298 4 1978 6 
297 6 1975 4 2119 3 2051 4 
1978 6 852 5 1980 3 2050 6 
1977 6 851 8 2049 6 1975 6 
854 7 1980 3 1982 6 2048 6 
853 3 1979 3 2047 3 1977 3 
1984 4 2046 7 848 6 1982 6 
2045 5 847 7 1979 6 1981 6 
2044 8 1984 4 1823 5 850 5 
2043 4 1983 4 1981 4 849 4 
1986 2 31 4 1184 3 1738 3 
2226 6 1183 1 32 1 1985 2 
1988 9 179 11 1998 12 1272 11 
178 5 1987 9 1271 2 1842 1 
27 3 1188 6 1990 5 1992 6 
28 5 1737 3 1989 5 1187 4 
1992 5 1464 8 29 6 1190 3 
1991 5 1189 9 1989 6 30 8 
176 7 1994 10 1996 7 1264 7 
175 9 1263 9 1999 11 1993 10 
333 7 1996 5 1266 3 174 2 
1995 5 173 7 1265 6 1993 7 
1268 6 1998 6 172 6 1757 6 
1997 6 1267 9 171 8 1987 12 
170 6 1994 11 1757 8 1270 7 
26 5 1838 4 1181 6 2226 8 
2011 6 934 6 1565 8 1911 7 
2174 5 1422 5 1717 6 2422 8 
2028 6 2421 7 1178 9 
1275 6 2005 3 
2006 6 1274 5 2004 3 
1273 6 1692 4 24 8 2005 6 
1436 4 105 4 561 3 1717 4 
1899 6 2010 5 2009 5 
2013 5 1896 7 2008 5 
1900 4 2008 5 
2001 6 2014 3 2012 2 
2011 2 1864 4 934 2 
2009 5 2014 4 969 6 
2011 3 1911 4 2013 4 
1866 7 325 5 1744 4 2016 4 
2017 4 324 3 1743 3 2015 4 
323 7 2016 4 1746 4 2018 5 
2019 6 1745 7 2017 5 322 7 
1740 3 2018 6 329 3 2020 4 
328 5 2021 4 2019 4 1739 4 
327 3 2022 4 2020 4 1742 6 
2021 4 1741 5 326 2 2023 3 
2024 2 1748 4 332 6 2022 3 
2023 2 1493 2 1747 2 331 4 
2429 4 982 4 145 8 
884 4 2029 4 2027 4 2426 5 
883 5 2026 4 431 5 2425 9 
2029 4 2003 6 2030 2 1718 3 
2028 4 893 4 2026 4 2421 5 
891 5 2028 2 
1180 7 2425 8 934 3 1864 5 
1725 5 633 6 2460 5 1723 5 
350 9 2034 8 1893 9 270 7 
269 2 2033 8 2035 3 349 4 
272 3 2034 3 348 2 2157 3 
604 5 2154 4 355 5 2156 5 
2038 5 274 5 2157 4 354 4 
2039 4 2037 5 273 5 353 5 
2038 4 352 5 2040 2 276 3 
351 2 275 1 2039 2 319 7 
609 5 2155 5 619 12 2042 4 
1891 2 608 1 577 4 2041 4 
1984 4 2044 8 1335 4 2046 7 
1983 8 1334 7 2043 8 717 8 
1982 5 2048 5 1337 4 2046 6 
1981 7 2043 7 1336 8 2045 6 
2048 6 1331 4 1980 3 2050 6 
2047 6 1330 6 2045 5 1979 6 
2050 6 2052 7 1978 6 1333 3 
1332 5 2049 6 2047 6 1977 6 
1329 5 2052 7 1976 4 117 6 
2049 7 1975 7 2051 7 1328 7 
2056 6 2054 4 506 5 219 3 
218 6 2053 4 
1897 8 2056 10 505 9 221 7 
2053 6 2055 10 220 4 504 4 
2058 6 1623 6 2206 7 1689 8 
2057 6 1688 5 2059 3 1622 4 
2060 5 1619 7 1683 5 2058 3 
2059 5 2061 3 1682 6 1618 5 
1621 4 2060 3 1681 2 2062 5 
1680 7 2063 5 2061 5 1620 5 
2064 1 1687 3 2062 5 1615 6 
2063 1 1614 2 1686 3 2065 2 
2064 2 1685 5 2066 3 1617 2 
1684 5 1902 3 1616 3 2065 3 
2068 5 960 5 2070 4 1195 6 
1196 7 2067 5 61 4 959 3 
2072 4 962 4 2070 4 1193 5 
961 2 2069 4 2067 4 1194 5 
2074 9 2072 4 1199 4 956 4 
2069 4 2071 4 1200 5 955 6 
2076 6 958 5 2074 10 1197 7 
2071 9 1198 10 2073 10 957 11 
964 9 2076 10 2218 9 1191 11 
2073 6 1192 6 2075 10 963 4 
2235 6 1778 7 2078 4 404 4 
403 3 1777 2 2077 4 2081 2 
2080 4 2082 2 402 5 1780 8 
2079 4 1779 4 401 8 2085 4 
1782 3 400 5 2078 2 2082 2 
1781 2 2079 2 399 2 2081 2 
2086 5 2084 7 398 4 1784 5 
1783 4 397 5 1928 6 2083 7 
1786 4 2086 3 396 3 2080 4 
2083 5 2085 3 1785 5 395 4 
1391 3 2088 5 2428 3 2245 5 
1390 5 2087 5 2095 8 2427 8 
2092 6 2090 4 2431 5 1395 5 
2430 4 795 6 2089 4 1394 5 
2094 6 1393 6 2092 7 2433 5 
2432 6 2089 6 1392 4 2091 7 
2096 5 2094 4 1399 2 2435 5 
2434 7 2093 4 2091 6 1398 8 
2096 8 2437 8 2088 8 1397 6 
2093 5 2095 8 1396 8 2436 7 
2415 5 2259 7 1244 5 
2099 5 699 4 605 5 
698 5 2098 5 2100 7 604 3 
2101 9 2099 7 436 8 697 8 
2100 9 606 10 2102 5 696 5 
2101 5 2103 4 695 5 609 3 
2102 4 694 3 1953 6 608 3 
2105 4 537 6 408 8 1962 5 
536 4 2104 4 2108 3 407 2 
2107 5 410 7 2109 5 545 4 
2106 5 409 6 2112 4 544 7 
543 4 2105 3 2109 6 412 5 
411 8 542 6 2108 6 2106 5 
2113 5 541 6 414 5 2111 5 
2278 3 413 3 540 3 2110 5 
416 5 539 6 2107 4 2113 2 
538 6 415 4 2110 5 2112 2 
2115 4 191 10 212 4 
2114 4 192 3 
2123 3 2117 6 662 4 120 6 
661 6 2118 8 2116 6 119 6 
2119 5 118 6 2117 8 664 6 
2118 5 1976 3 663 4 117 5 
2127 3 2121 2 559 3 658 2 
2120 2 657 3 2122 3 557 6 
2123 3 122 4 2121 3 660 2 
2116 3 121 2 2122 3 659 4 
2125 5 986 3 218 7 2131 3 
2124 5 219 3 985 6 248 6 
2127 5 2298 4 672 5 547 3 
546 4 2126 5 2120 3 671 5 
214 4 2129 6 247 6 990 5 
215 3 2130 5 2128 6 989 4 
2129 5 2131 3 992 8 216 4 
217 3 2130 3 991 3 2124 3 
2133 8 2135 8 1349 8 622 7 
2323 8 1338 7 2132 8 621 6 
624 7 2137 4 2135 7 670 5 
623 6 2132 8 2134 7 669 9 
626 7 668 5 2139 9 2137 6 
667 3 2136 6 625 4 2134 4 
2187 6 628 6 2139 6 2141 3 
2136 9 627 5 665 7 2138 6 
1810 7 2141 5 630 4 877 6 
2140 5 2138 3 629 5 1809 5 
2143 7 1306 6 497 7 1290 8 
2375 4 1307 6 2148 6 2142 7 
1304 4 2151 7 482 4 2145 3 
479 2 1305 5 2146 5 2144 3 
1302 6 2145 5 89 5 2147 10 
1303 13 2324 8 88 8 2146 10 
2143 6 2149 6 1300 9 91 5 
90 6 2148 6 1301 6 2150 6 
2151 8 1298 7 93 7 2149 6 
2144 7 1299 7 2150 8 92 6 
304 2 2445 3 1095 2 2447 5 
287 7 2454 5 1624 8 2444 6 
2155 2 1363 1 2036 4 436 3 
2154 2 2041 5 761 3 606 8 
605 3 2036 5 356 2 
271 3 347 3 2037 4 2035 3 
2459 4 2162 8 
2166 3 2160 3 2461 2 435 4 
2161 3 2460 4 2159 3 434 3 
433 3 2160 3 2463 2 2162 6 
2462 7 432 5 2158 8 2161 6 
431 3 2164 3 883 3 2465 1 
2163 3 2464 5 2165 4 430 3 
2467 5 2166 3 429 4 2164 4 
2159 3 2165 3 2466 2 428 5 
2172 6 1971 2 
987 4 248 5 1297 4 221 2 
1103 9 300 6 2443 7 2457 4 
293 4 1628 4 2450 4 2456 5 
2373 5 2172 9 1974 5 1555 8 
1554 7 1973 7 2167 6 2171 9 
268 6 1893 5 2188 3 346 5 
832 4 2002 5 666 3 1086 6 
1913 6 614 4 2176 8 1447 7 
1442 6 2175 8 1912 10 2177 7 
2178 7 1915 3 1158 6 2176 7 
1914 6 1154 7 2177 7 2380 6 
607 4 57 3 2262 6 610 3 
612 4 1420 6 
610 5 2260 6 2182 7 59 6 
2415 5 58 7 2181 7 2259 7 
275 3 994 6 2184 5 319 9 
50 3 2183 5 601 3 2251 3 
77 6 2195 4 2186 6 193 7 
51 3 2185 6 76 5 
2138 6 723 7 1809 8 665 7 
83 2 2189 4 197 1 2173 3 
2188 4 196 9 82 5 2190 5 
2191 3 2189 5 195 5 85 5 
84 3 2192 7 194 4 2190 3 
2191 7 79 10 2193 6 201 8 
2194 2 78 5 2192 6 200 3 
2195 2 2193 2 199 3 81 3 
2194 2 198 3 2185 4 80 2 
1832 10 702 8 1147 8 2199 9 
27 3 703 6 1054 5 701 5 
1830 3 1149 4 2199 6 599 3 
1829 6 1148 4 2198 6 2196 9 
1350 8 1828 5 2203 6 706 6 
1050 5 31 6 705 9 707 6 
702 8 1153 7 1826 7 2203 9 
1152 5 2200 6 2202 9 1825 7 
26 5 2205 4 2394 5 1061 5 
25 5 2204 4 705 7 1060 3 
722 3 1438 2 1503 5 2057 7 
1898 4 2213 5 1296 6 
1440 7 722 5 2209 7 1501 4 
2208 7 1439 5 2210 5 1500 6 
1507 3 2209 5 2211 6 856 5 
2212 6 1441 9 1506 7 2210 6 
2211 6 1444 3 1505 4 739 5 
1297 4 221 2 1897 3 2207 5 
1509 7 2215 8 739 8 1446 7 
2214 8 1445 4 1508 7 
1388 5 751 3 2219 5 2217 4 
2222 5 1389 6 750 5 2216 4 
1386 4 2219 5 2075 9 753 5 
752 8 1387 6 2218 5 2216 5 
2221 6 2223 5 755 6 1384 7 
2220 6 754 6 2224 5 1385 5 
757 9 2217 5 1382 4 2223 5 
2220 5 2222 5 756 4 1383 4 
1380 5 2221 5 2225 4 759 3 
1736 4 2224 4 1381 6 758 5 
1986 6 2000 8 1182 9 25 9 
245 7 905 7 2230 6 1595 7 
1221 5 417 7 1215 8 1703 6 
243 4 2232 6 2230 3 1601 5 
1600 1 2229 3 2227 6 242 4 
2232 4 241 6 1603 4 2234 2 
2231 4 2229 6 1602 5 240 6 
2236 6 239 6 2234 5 1597 5 
1596 4 238 3 2233 5 2231 2 
2236 5 237 7 1599 4 2077 6 
2235 5 2233 6 236 4 1598 4 
2240 5 2238 6 2276 6 719 4 
2275 7 718 4 2237 6 
721 7 2240 7 289 8 2286 7 
2285 7 2237 5 2239 7 720 5 
2242 5 1394 7 795 8 152 7 
2241 5 2247 4 794 3 151 4 
2244 4 2246 5 2252 4 1204 4 
1203 7 2243 4 993 4 
1202 4 2254 5 2246 6 2087 5 
2253 9 2245 6 1201 5 2243 5 
148 6 799 7 2242 4 2248 7 
798 6 147 8 2247 7 2249 6 
797 3 2250 2 150 3 2248 6 
980 2 2249 2 796 1 149 4 
994 4 1029 3 2258 2 2184 3 
817 8 993 4 2253 8 2243 4 
816 7 2246 9 2254 8 2252 8 
2428 3 2245 5 2253 8 815 7 
1031 5 2256 5 2262 7 607 5 
2255 5 1030 7 603 5 2257 5 
1033 5 602 5 2258 4 2256 5 
1032 4 2251 2 2257 4 601 2 
2097 7 2182 7 2260 6 1035 6 
2181 6 1034 6 2259 6 2261 6 
2262 8 2260 6 610 5 1037 11 
2261 8 2179 6 2255 7 1036 5 
2264 5 540 6 2278 6 1517 8 
2263 5 1516 6 391 4 2277 3 
2271 5 1497 6 2266 7 1772 8 
2267 5 1496 6 2265 7 1771 4 
1499 2 1770 2 2266 5 
1493 6 2269 7 1776 7 1747 6 
1775 5 2268 7 1492 5 2270 5 
1774 6 1495 5 2271 4 2269 5 
1773 4 2265 5 2270 4 1494 7 
2273 10 2274 6 449 7 1285 10 
448 7 2272 10 2457 5 1284 7 
2272 6 1282 3 
2238 7 2276 7 560 5 
2275 7 558 5 2237 6 2285 8 
2278 4 250 6 2264 3 2280 5 
2111 3 2263 6 2277 4 249 2 
392 4 254 3 2280 4 2282 4 
391 6 2279 4 2277 5 253 4 
390 5 256 4 2282 5 1155 5 
2281 5 255 3 389 5 2279 4 
252 10 1155 8 2287 6 
1761 4 388 5 384 5 334 6 
2240 7 1822 7 2286 7 2276 8 
2453 5 2285 7 1821 5 2239 7 
387 5 1514 1 2283 6 
2289 6 2468 7 1974 6 481 8 
2288 6 2290 3 480 5 1973 3 
486 2 2289 3 2291 6 1971 3 
2292 7 1970 7 485 8 2290 6 
484 4 2291 7 1972 3 
1167 9 1227 7 129 8 1229 8 
2301 2 508 5 2295 3 2393 4 
2296 4 2294 3 2392 4 507 3 
2391 5 2295 4 2297 4 510 3 
2303 3 2390 4 509 9 2296 4 
655 6 2299 3 2397 4 2126 4 
653 5 2300 5 2298 3 2396 3 
1857 5 2301 4 514 5 2299 5 
1856 4 513 3 2294 2 2300 4 
791 2 1296 3 
2399 6 2297 3 2304 4 520 8 
310 6 519 5 2303 4 2398 4 
453 3 1833 3 2306 4 892 1 
452 4 2307 5 1159 4 2305 4 
894 4 451 2 2306 5 2308 5 
417 6 450 6 2307 5 2309 5 
2310 2 457 7 2308 5 888 2 
2311 4 2309 2 887 1 456 3 
2310 4 455 6 2312 7 890 6 
454 5 2313 6 889 6 2311 7 
2312 6 886 4 2314 4 
885 6 2313 4 
522 3 476 2 2316 3 2317 3 
2320 4 2315 3 521 6 475 6 
477 6 2315 3 
518 4 2319 3 2321 5 472 2 
517 9 471 2 2318 3 2322 4 
516 4 2316 4 2321 5 474 4 
515 5 2320 5 473 6 2318 5 
2323 6 470 4 512 6 2319 4 
2133 8 2322 6 511 6 469 6 
2147 8 1491 6 2416 4 
1166 5 1635 5 2326 5 1750 7 
2325 5 2339 7 1634 4 1749 5 
2330 3 1352 1 898 3 2328 4 
897 7 1787 5 1351 6 2327 4 
900 8 2332 5 1358 4 2330 5 
2327 3 2329 5 1357 3 899 5 
1356 7 902 7 2332 7 1521 7 
1355 6 2329 5 901 4 2331 7 
1637 8 2336 6 2334 8 235 6 
234 3 1636 4 2 7 2333 8 
2338 4 1639 8 233 4 2336 3 
2335 3 56 1 1638 4 2333 6 
226 4 2340 4 1641 5 2338 2 
2335 4 1640 3 2337 2 224 3 
223 8 2326 7 1643 7 2340 9 
2337 4 2339 9 222 9 1642 9 
1685 5 2342 3 2344 5 535 5 
2341 3 1684 5 360 5 534 4 
2344 6 1687 5 533 3 2346 5 
2343 6 532 6 1686 6 2341 5 
2346 3 1681 2 531 2 2348 3 
2345 3 1680 5 530 4 2343 5 
2350 6 2348 6 529 8 1683 6 
528 5 2345 3 2347 6 1682 6 
17 8 1689 5 527 4 2350 5 
2347 6 526 4 2349 5 1688 7 
617 4 2352 3 
618 5 2351 3 2365 6 
1710 4 2356 4 2354 4 
1709 6 1560 4 2353 4 
2356 3 1712 4 2358 3 
1711 4 2353 4 2355 3 
2358 4 1714 4 1573 2 
2357 4 1713 7 2355 3 
1837 2 2362 1 2395 2 2360 4 
26 6 1838 5 2394 6 2359 4 
2362 2 1839 5 2364 3 1859 3 
2361 2 2359 1 1840 2 1858 1 
611 5 2364 3 2366 2 1853 3 
1852 7 2363 3 2361 3 613 5 
2352 6 2366 5 1835 7 
2365 5 1836 2 2363 2 
2368 2 1373 6 2370 5 1818 4 
2376 4 2367 2 1372 3 1817 2 
2370 10 2372 10 1816 9 1375 10 
2369 10 1374 4 1815 6 2367 5 
2372 8 1814 6 1377 6 2374 7 
2369 10 2371 8 1813 5 1376 6 
2171 5 1812 6 2374 4 1379 8 
1811 4 1378 5 2373 4 2371 7 
2143 4 1029 4 497 4 91 3 
2377 4 2368 4 1371 8 1820 5 
2376 4 1819 4 1875 2 1370 3 
761 2 2379 5 
619 13 1732 5 2380 6 2378 5 
577 5 1731 3 2379 6 2178 6 
2382 4 45 4 1938 4 1679 6 
1937 5 2381 4 2385 3 1678 5 
1943 4 2388 6 640 6 2384 2 
2383 2 639 3 
2382 3 2386 2 642 3 1940 2 
2387 3 1939 7 2385 2 641 5 
2386 3 2388 6 1691 5 1942 4 
1690 5 2387 6 2383 6 1941 7 
58 6 2415 4 1849 6 
946 6 2297 4 2399 7 2391 5 
945 6 2296 5 2392 5 2390 5 
948 4 2295 4 2391 5 2393 5 
2294 4 1856 6 2392 5 947 5 
845 6 2204 5 2395 4 2360 6 
1858 2 2359 2 2394 4 844 4 
2397 4 1857 3 952 7 2299 3 
2396 4 547 3 2298 4 951 4 
2399 6 1541 5 954 3 2304 4 
2303 6 953 6 2398 6 2390 7 
1694 4 2401 7 2403 6 1252 3 
2400 7 1693 5 406 7 1251 8 
1696 7 2403 7 2404 4 1250 10 
1249 7 2400 6 1695 7 2402 7 
1247 2 2402 4 
805 5 2414 5 2406 8 1222 5 
1216 5 2407 8 2405 8 806 8 
2408 7 2406 8 803 8 1226 5 
2409 5 2407 7 1225 5 804 6 
1234 4 2408 5 809 3 2410 3 
2411 7 810 5 1230 3 2409 3 
1243 7 807 8 2412 11 2410 7 
808 7 2411 11 458 8 419 10 
2414 6 68 7 811 7 581 6 
2413 6 580 3 2405 5 812 6 
2182 5 2097 5 2389 4 
88 4 1244 3 2324 4 
2418 2 2424 4 1426 3 734 6 
2417 2 1425 3 733 4 2419 2 
1428 3 2420 3 2418 2 732 3 
905 3 731 3 2419 3 1427 2 
2029 5 2003 7 2426 6 1177 4 
666 6 813 6 2423 7 2002 8 
2424 5 1424 5 2422 7 736 6 
1423 6 735 6 2417 4 2423 5 
1564 9 2031 8 2027 9 2426 10 
1180 9 2421 6 2026 5 2425 10 
2437 8 2428 6 644 7 2088 8 
2427 6 2254 3 2087 3 643 5 
2441 6 2025 4 
2090 4 638 4 125 5 2431 5 
2432 5 2089 5 637 4 2430 5 
2431 5 2092 6 2433 4 636 7 
2434 6 2432 4 635 4 2091 5 
2094 7 2433 6 634 6 2435 8 
633 7 2436 7 2434 8 2093 5 
2096 7 2437 7 2435 7 632 6 
2427 8 2095 8 2436 7 631 4 
1555 7 1491 6 137 3 2439 4 
1490 2 1554 3 2438 4 
1205 3 645 7 1860 4 654 7 
145 10 2429 6 437 9 
2443 5 2445 4 302 3 1097 2 
2442 5 2169 7 301 5 1096 6 
1625 5 160 4 288 5 2153 6 
2152 3 2442 4 303 6 1094 4 
1101 7 2447 8 2449 5 306 6 
2446 8 305 9 2152 5 1100 7 
1944 6 2449 3 308 4 1099 2 
307 3 2446 5 2448 3 1098 3 
1631 4 292 5 2170 4 2451 4 
291 5 2452 4 1630 6 2450 4 
2451 4 2453 4 1633 6 290 5 
2286 5 289 6 2452 4 1632 5 
2455 6 2153 5 296 4 1627 5 
2454 6 295 5 1626 8 2456 7 
294 6 1629 5 2170 5 2455 7 
299 3 2169 4 2273 5 1102 1 
167 5 1722 7 2459 2 
1721 1 2158 4 2462 3 2458 2 
2463 3 2032 5 2160 4 2461 3 
1725 3 2466 1 2159 2 2460 3 
2463 3 2162 7 2459 3 1724 6 
2460 3 2462 3 2161 2 1723 3 
2465 3 2164 5 1730 4 2467 6 
2464 3 2163 1 1729 3 1129 5 
2166 2 1728 1 2461 1 2467 4 
2165 5 2466 4 1727 7 2464 6 
2469 8 2288 7 338 5 1812 7 
2468 8 337 7 1811 7 2470 7 
336 5 2471 5 2469 7 1814 3 
335 7 2470 5 1813 5 2472 5 
342 3 2473 4 2471 5 1816 4 
2474 8 341 5 1815 5 2472 4 
1818 8 340 9 2473 8 2475 8 
1817 4 2476 5 2474 8 339 4 
334 6 1820 4 2475 5 2477 5 
333 8 174 3 2476 5 1819 6 
617 4 789 3 297 6 565 5 
