2519 4882 001
4 2 2 2 801 4 814 3 
800 1 1 2 5 1 2135 1 
4 1 816 1 799 2 7 1 
3 1 798 1 1 2 815 2 
2 1 812 2 795 1 
803 3 562 2 7 2 2108 2 
285 2 6 2 802 1 3 1 
1985 2 1188 3 9 3 114 3 
113 2 1984 2 10 3 8 3 
2469 3 116 2 11 4 9 3 
10 4 1982 3 115 3 12 3 
13 1 1988 1 118 4 11 3 
12 1 117 1 1987 1 14 2 
119 2 13 2 1986 2 
16 2 1832 4 576 1 1222 2 
15 2 1221 2 1831 3 29 2 
18 1 164 1 423 1 1081 2 
19 1 17 1 1080 1 422 1 
18 1 20 1 425 3 1087 2 
19 1 424 2 1086 3 21 1 
1085 1 22 1 426 1 20 1 
1084 1 21 1 
1228 2 24 4 1840 1 26 2 
1227 4 23 4 1839 4 1048 4 
1230 3 26 3 1838 4 28 2 
25 3 1229 2 23 2 1837 2 
30 1 1844 1 1224 2 28 1 
1223 2 1843 1 25 2 27 1 
1842 2 1226 1 30 1 16 2 
27 1 1225 1 29 1 1841 2 
2195 2 238 2 52 2 32 2 
51 3 39 3 2194 3 31 2 
36 3 34 3 2200 3 54 4 
215 1 53 2 33 3 2199 2 
56 2 38 4 2198 3 36 2 
2197 1 33 3 55 1 35 2 
58 1 38 3 2204 2 40 1 
57 4 2203 3 37 3 35 4 
60 2 32 3 2202 2 40 2 
59 5 39 2 37 1 2201 1 
42 1 2258 2 244 2 480 3 
41 1 479 2 2257 1 43 1 
482 1 44 1 2266 1 42 1 
45 1 2265 3 43 1 481 4 
44 1 2264 2 46 1 484 1 
45 1 2263 2 47 2 483 1 
48 3 486 3 46 2 2262 2 
47 3 2261 2 485 3 49 4 
50 5 488 3 2260 3 48 4 
2259 3 49 5 1845 3 487 4 
32 3 52 3 60 2 862 3 
861 2 2400 2 51 3 31 2 
2385 2 34 2 54 3 1423 3 
2381 3 55 2 53 3 33 4 
54 2 2378 2 56 1 36 1 
35 2 55 1 853 3 57 2 
852 3 38 4 58 2 56 2 
37 1 59 5 57 2 851 1 
40 5 58 5 850 5 60 5 
39 2 2365 2 51 2 59 5 
66 2 62 3 770 3 717 3 
1793 2 61 3 716 3 769 3 
541 2 64 2 720 1 70 2 
773 2 65 4 719 3 63 2 
722 3 64 4 66 3 772 4 
61 2 771 2 65 3 721 1 
778 1 1240 1 68 1 1639 2 
723 2 69 3 777 2 67 1 
68 3 726 3 776 4 70 4 
775 4 725 3 63 2 69 4 
72 2 1878 3 1219 3 
71 2 2132 2 1880 1 73 2 
1879 2 281 3 72 2 1217 3 
1939 2 76 1 1696 2 2248 1 
83 2 79 3 2179 3 
1938 2 1695 3 74 1 
2182 4 78 2 86 3 80 2 
2183 2 85 3 77 2 2416 2 
2180 4 80 2 75 3 88 3 
79 2 2181 1 87 2 77 2 
82 4 401 3 1756 4 2475 2 
2474 3 81 4 1751 3 400 3 
75 2 88 2 84 1 727 2 
83 1 724 2 
731 3 1441 4 78 3 86 4 
87 3 85 4 77 3 730 2 
88 3 729 2 86 3 80 2 
87 3 83 2 79 3 728 2 
685 4 849 2 100 3 1372 2 
91 3 2228 3 93 3 2323 3 
2346 2 90 3 2227 1 2324 2 
2220 2 2319 1 95 2 93 1 
2219 1 90 3 92 1 2320 1 
97 2 2222 3 95 3 2321 2 
2322 3 2221 4 92 2 94 3 
97 1 99 1 2224 1 2315 3 
96 1 94 2 2316 2 2223 1 
99 2 2317 2 2226 2 2417 3 
96 1 98 2 2225 2 2318 1 
688 2 2376 2 89 3 1371 4 
1051 1 403 1 1750 2 1764 4 
2482 3 1763 4 1806 2 1757 3 
106 2 104 3 1313 2 2232 2 
2231 2 1312 2 103 3 109 2 
106 1 2435 1 1311 2 2234 2 
105 1 2277 4 103 2 2233 1 
1303 3 110 2 108 3 2236 3 
111 2 107 3 2235 3 2256 2 
2238 1 104 2 1293 2 110 1 
2237 1 107 2 109 1 1292 1 
108 2 2230 1 1335 2 2349 1 
2438 2 2409 2 713 2 1016 2 
114 2 788 3 116 1 9 2 
787 2 113 2 459 3 8 3 
118 4 11 3 116 1 786 1 
10 2 113 1 785 1 115 1 
13 1 119 1 118 4 784 1 
115 4 12 4 783 4 117 4 
781 1 117 1 14 2 
690 2 1730 3 1369 2 854 3 
1025 2 122 3 2441 3 1513 2 
888 3 2442 3 121 3 1024 4 
1957 1 1490 2 124 1 130 2 
1491 1 125 3 1956 1 123 1 
124 3 1488 3 126 3 1959 4 
1958 2 1489 2 125 3 135 3 
1953 1 2142 1 128 1 1486 2 
1952 1 1487 3 129 1 127 1 
1955 1 1484 1 128 1 130 2 
1954 3 1485 4 129 2 123 2 
1073 3 1854 1 134 1 132 1 
375 3 131 1 1853 1 1072 1 
1071 1 623 4 134 1 1856 1 
1070 1 131 1 133 1 1855 1 
1951 3 1482 4 136 4 126 3 
2458 2 135 4 1950 3 1483 2 
1075 2 1852 2 138 1 2459 2 
1851 1 1074 2 622 2 137 1 
1592 3 140 5 148 4 477 3 
139 5 2163 3 478 3 1591 3 
1584 3 142 2 2196 3 473 3 
1583 1 141 2 143 1 474 1 
144 1 475 1 1586 3 142 1 
143 1 1585 3 476 1 145 1 
1580 1 469 3 144 1 146 2 
147 2 1579 4 145 2 470 2 
1582 3 146 2 148 2 471 1 
139 4 147 2 1581 2 472 2 
2215 2 150 2 2101 2 
2214 1 2100 1 149 2 151 2 
2217 3 2103 3 150 2 154 4 
1983 3 2003 2 158 2 153 3 
1578 3 2002 4 1621 2 152 3 
2102 4 2216 3 2466 4 151 4 
2009 2 156 3 162 3 1594 2 
157 2 2008 3 1593 2 155 3 
156 2 1608 2 158 1 2011 1 
157 1 1607 1 2010 1 152 2 
2480 2 160 2 2005 3 1590 2 
1589 2 161 1 159 2 2004 1 
160 1 1588 1 162 2 2007 1 
2006 3 161 2 155 3 1587 4 
421 2 1083 3 164 1 1332 1 
17 1 163 1 420 3 1082 2 
1015 2 172 3 166 2 395 3 
394 1 165 2 1014 1 167 1 
397 2 1013 2 168 1 166 1 
396 2 1012 1 167 1 173 2 
399 2 170 3 1011 5 903 3 
169 3 1010 2 171 3 398 2 
1009 3 401 3 172 3 170 3 
171 3 165 3 400 2 1008 2 
174 4 403 2 168 2 1007 2 
173 4 1006 3 402 3 2494 3 
176 1 1017 2 180 1 255 3 
175 1 2512 2 254 1 1016 1 
184 2 178 2 1021 1 257 2 
179 4 256 2 177 2 1020 3 
259 4 178 4 180 3 1019 4 
258 1 175 1 1018 2 179 3 
370 3 182 3 261 3 1025 3 
1024 3 183 3 181 3 260 3 
182 3 184 3 1023 2 263 3 
262 2 1022 3 177 2 183 3 
186 1 945 1 194 1 1738 1 
185 1 187 3 944 2 1737 3 
188 3 186 3 947 4 1736 3 
187 3 189 1 946 1 1735 2 
1734 1 190 2 188 1 941 2 
940 2 189 2 191 2 1733 3 
1732 1 943 3 192 1 190 2 
191 1 942 1 374 2 1731 2 
194 1 1369 1 937 3 1730 2 
936 3 185 1 193 1 1729 1 
201 2 1642 2 
683 2 197 2 1913 3 
1912 3 684 3 196 2 198 1 
681 1 199 2 197 1 1915 1 
682 3 1914 2 1805 2 198 2 
201 3 1106 3 1201 4 1377 2 
1376 2 1200 2 195 2 200 3 
1207 3 1379 4 1252 3 203 3 
1378 2 202 3 1206 2 204 3 
1381 2 1205 2 205 3 203 3 
504 2 1204 2 204 3 1380 2 
1939 3 827 2 207 2 331 3 
828 2 206 2 1938 2 
1340 3 1341 3 2243 3 2313 2 
210 2 2337 2 212 1 1161 1 
209 2 2336 3 1160 2 
2346 2 1159 1 212 1 2227 1 
209 1 211 1 1158 1 2343 1 
214 1 1422 1 1989 2 
213 1 215 1 1991 3 1424 3 
34 1 214 1 1990 2 1423 2 
219 2 563 2 217 3 703 2 
702 3 562 2 216 3 2108 2 
565 1 701 1 221 2 219 1 
564 1 216 2 700 1 218 1 
559 3 699 2 221 3 223 3 
698 2 218 2 220 3 558 2 
223 2 561 1 697 1 225 1 
222 2 560 2 220 3 696 3 
227 3 1664 2 1321 3 1009 3 
704 1 556 3 222 1 1315 1 
227 2 1662 1 1011 4 235 2 
224 3 226 2 1661 2 1010 2 
229 2 1013 3 1668 3 231 2 
228 2 1299 1 1667 1 1012 1 
1015 2 1321 3 231 2 1666 3 
1014 1 1665 1 228 2 230 2 
2077 2 1768 1 1694 1 233 2 
1767 3 234 4 2076 2 232 2 
2078 3 233 4 1766 4 
1338 3 2002 4 2407 2 226 2 
2398 1 237 2 239 1 2007 1 
242 2 2397 4 2006 3 236 2 
239 2 2400 2 31 2 2005 3 
2004 1 238 2 2399 1 236 1 
2394 2 243 2 2011 1 241 1 
1338 2 2010 1 240 1 2393 3 
237 2 2396 1 243 2 2009 1 
240 2 2008 3 2395 2 242 2 
307 2 2118 2 41 2 245 2 
244 2 246 1 306 1 2117 3 
247 4 309 1 2116 2 245 1 
308 5 246 4 248 4 2115 4 
249 1 2114 2 303 2 247 4 
250 2 248 1 2113 2 302 2 
249 2 305 2 251 3 2112 5 
250 3 304 2 2111 2 252 2 
2120 2 301 2 251 2 253 1 
2119 1 2244 2 300 3 252 1 
176 1 602 2 255 3 2437 2 
601 4 175 3 254 3 258 3 
178 2 259 2 610 2 257 2 
262 2 609 2 177 2 256 2 
259 2 608 2 180 1 255 3 
179 4 258 2 256 2 607 2 
263 3 261 3 606 2 182 3 
1260 2 605 4 181 3 260 3 
184 2 257 2 604 2 263 2 
260 3 262 2 183 3 603 2 
500 2 1285 2 273 1 265 1 
266 3 264 1 1284 1 976 2 
979 3 265 3 1283 4 267 4 
1282 3 501 2 266 4 268 2 
514 4 267 2 269 2 1289 1 
1288 2 270 2 508 3 268 2 
271 2 1287 2 516 1 269 2 
270 2 428 2 1286 2 515 2 
985 3 1291 3 1901 3 273 2 
1290 1 264 1 984 1 272 2 
1646 1 1451 1 1003 3 283 1 
1450 2 1809 3 1492 3 1553 2 
1005 2 277 2 2383 1 1451 1 
278 2 276 2 1004 2 2382 3 
2389 3 999 2 277 2 279 3 
998 3 2388 3 280 4 278 3 
1001 2 2387 4 279 4 281 3 
1000 2 2386 2 73 3 280 3 
441 3 283 3 1641 4 997 3 
282 3 996 1 2380 2 274 1 
1647 2 2272 2 502 3 
916 4 7 2 2108 2 816 2 
505 3 950 3 507 3 1098 2 
2474 1 288 2 294 4 
2475 2 287 2 289 3 
2476 3 288 3 290 2 
2477 3 289 2 1425 1 
2470 4 2071 4 296 2 292 3 
293 2 2471 3 2070 3 291 3 
292 2 2472 1 294 4 2073 2 
2473 4 293 4 287 4 2072 4 
296 3 2196 4 2075 3 473 4 
1051 1 295 3 291 2 2074 2 
916 4 1993 2 2108 2 702 3 
310 3 744 3 1669 2 915 2 
511 1 1131 2 513 3 952 1 
301 4 874 3 833 3 253 3 
304 2 873 3 300 4 252 2 
305 2 2519 3 303 3 249 2 
2518 2 248 2 308 3 302 3 
251 2 301 2 2517 1 305 1 
250 2 863 3 302 2 304 1 
309 1 870 1 245 1 307 1 
869 2 480 3 244 2 306 1 
247 5 309 2 303 3 868 4 
308 2 867 2 246 1 306 1 
921 2 298 3 743 3 1672 2 
1994 2 815 3 920 2 922 3 
1867 2 313 2 1166 2 1112 3 
312 2 318 1 1866 2 1165 2 
1861 2 1172 3 315 2 321 2 
1171 2 1860 2 314 2 316 3 
1174 2 1859 2 317 4 315 3 
490 3 1858 4 316 4 1173 4 
313 1 1865 1 1168 1 319 1 
1167 1 320 1 318 1 1864 2 
1863 2 319 1 321 2 1170 1 
1862 3 320 2 314 2 1169 2 
1395 2 860 2 1506 3 869 2 
324 4 527 3 1880 3 
323 4 2428 4 1879 2 
1913 2 326 1 
1989 2 325 1 525 1 1912 3 
328 3 646 3 334 3 2079 3 
2080 1 329 3 645 1 327 3 
328 3 330 3 648 4 
335 1 329 3 647 1 
206 3 650 2 332 2 
649 2 333 3 331 2 
652 3 334 3 332 3 
333 3 327 3 651 3 
330 1 654 3 
337 1 1351 1 1798 1 675 1 
1799 1 1350 1 336 1 521 2 
339 2 1768 2 1694 2 1069 3 
1068 2 338 2 340 1 1680 3 
341 1 339 1 1065 1 
342 1 1064 2 340 1 
1067 2 341 1 343 1 
344 2 342 1 1066 2 
343 2 1061 2 345 3 
1060 3 346 2 344 3 
347 4 1063 4 345 2 
1675 4 346 4 540 4 1062 4 
1159 1 550 2 1399 1 349 2 
350 4 1158 2 348 2 1398 2 
1161 3 349 4 1397 3 351 3 
352 2 1396 5 1160 1 350 3 
351 2 353 2 1162 2 1402 2 
352 2 1401 4 
372 2 355 2 2174 2 1215 1 
1971 2 354 2 2173 2 358 2 
1921 1 357 1 
1920 2 356 1 
1908 2 359 1 355 2 
938 2 1907 2 358 1 
1906 3 2176 3 361 4 758 3 
1905 3 2175 2 360 4 367 2 
363 1 365 1 1916 1 
1251 3 362 1 
1254 2 1808 2 365 2 417 3 
416 1 362 1 364 2 1253 3 
369 2 1256 1 1808 1 2299 1 
372 2 1904 1 2178 2 361 2 
1917 2 369 2 413 1 371 1 
366 2 368 2 1257 3 412 2 
1260 2 181 3 371 2 411 4 
370 2 1259 1 2287 1 368 1 
1903 3 367 2 354 2 2177 2 
757 1 383 2 374 2 1577 1 
1576 3 192 2 756 2 373 2 
132 3 619 3 1846 3 1079 4 
377 2 1575 3 1814 3 1671 2 
376 2 1574 1 378 1 760 3 
1573 1 1816 2 377 1 379 2 
1815 3 380 4 378 2 1572 2 
1571 3 381 3 379 4 1911 3 
1894 2 382 2 380 3 1570 1 
383 3 1569 3 381 2 1828 2 
382 3 1568 2 766 3 373 2 
1176 1 385 2 415 2 2055 1 
414 2 384 2 1175 2 390 4 
1181 1 2273 3 393 2 387 3 
2271 3 388 4 1180 4 386 3 
389 2 387 4 1179 3 2278 2 
2274 1 388 2 1178 1 557 2 
391 4 1185 3 385 4 1797 3 
390 4 1794 2 392 2 1184 4 
1812 1 391 2 1183 2 393 2 
1182 2 386 2 1811 2 392 2 
1752 1 395 2 166 1 397 2 
394 2 1751 2 165 3 400 2 
168 2 397 3 403 2 1750 3 
1749 3 167 2 396 3 394 2 
401 2 399 1 1756 3 170 2 
169 2 740 2 1755 1 398 1 
82 3 172 2 401 2 395 2 
171 3 81 3 398 2 400 2 
572 1 1764 4 403 1 174 3 
101 1 173 2 402 1 396 2 
1518 1 405 1 407 3 2434 2 
418 2 404 1 1517 2 2433 2 
409 1 407 3 2432 1 
406 3 2431 3 1519 3 404 3 
2430 1 409 1 2288 3 
408 1 406 1 2429 1 
2428 3 2288 3 
2287 3 1513 4 1025 4 370 4 
413 1 1516 1 369 2 2299 1 
1515 1 2287 1 368 1 412 1 
385 2 1797 1 551 3 415 2 
550 3 384 2 1399 2 414 2 
365 1 417 2 
416 2 364 3 695 4 
405 2 2436 3 419 2 1521 4 
418 2 2435 1 1311 2 1520 1 
1937 4 421 4 164 3 423 3 
1936 3 163 2 1658 2 420 4 
423 1 425 3 1935 2 18 1 
422 1 17 1 1934 3 420 3 
425 4 1933 3 20 2 426 2 
424 4 422 3 19 3 1930 3 
1164 2 21 1 424 2 
805 1 428 1 1039 3 438 1 
804 2 271 2 965 1 427 1 
2508 3 460 2 432 2 430 1 
787 1 459 2 2507 1 429 1 
2514 3 432 3 434 3 468 4 
431 3 429 2 467 2 2513 2 
2392 2 434 3 2516 2 466 3 
433 3 2515 2 431 3 465 2 
2510 1 2392 1 2404 2 464 3 
437 3 1028 3 
436 3 797 3 1027 3 438 3 
1026 1 796 1 427 1 437 3 
2230 2 440 3 807 3 448 2 
439 3 2229 3 595 2 806 3 
282 3 2234 2 442 2 2131 2 
809 3 2233 2 443 2 441 2 
444 1 442 2 2134 2 2232 1 
443 1 445 3 811 1 2231 1 
444 3 2238 3 2136 3 446 3 
2237 1 447 1 813 3 445 3 
446 1 2236 2 448 1 808 2 
2138 1 2235 2 447 1 439 2 
1254 1 450 2 456 1 2311 1 
1253 4 449 2 451 2 2484 2 
1916 1 1262 1 450 2 452 2 
1251 4 600 2 451 2 1261 2 
1917 3 1268 3 454 3 458 2 
1257 3 453 3 1265 2 455 2 
1256 1 1270 3 456 1 454 2 
449 1 1255 1 1269 3 455 1 
2379 2 605 4 458 2 1260 2 
2366 2 1259 1 457 2 453 2 
1188 3 114 3 460 3 430 2 
1187 3 429 2 459 3 467 2 
1194 1 464 3 2404 2 462 2 
2437 3 602 3 461 2 1193 2 
1196 1 466 2 464 3 2392 1 
461 3 1195 4 435 3 463 3 
466 2 1190 2 468 3 434 2 
465 2 463 2 433 3 1189 2 
1192 2 432 2 468 3 460 2 
1191 4 431 4 465 3 467 3 
145 3 470 3 476 3 1873 4 
1872 1 469 3 146 2 471 1 
472 1 1875 2 147 1 470 1 
477 1 471 1 1874 2 148 2 
474 2 1869 3 295 4 141 3 
1868 2 473 2 475 1 142 1 
476 1 143 1 474 1 1871 1 
475 1 469 3 144 1 1870 2 
472 1 1877 1 139 3 478 1 
1876 1 2424 1 140 3 477 1 
480 4 694 4 482 2 42 2 
479 4 307 3 693 3 41 3 
484 4 688 4 44 4 482 4 
43 1 479 2 687 1 481 4 
486 2 484 1 46 1 686 2 
483 1 481 4 685 3 45 1 
486 3 48 3 692 2 488 2 
691 3 485 3 483 2 47 3 
619 2 488 2 690 2 50 4 
487 2 689 1 49 3 485 2 
490 3 1698 3 967 4 494 4 
317 3 489 3 966 1 1697 3 
1702 2 498 2 492 2 969 2 
1701 1 493 2 491 2 968 2 
494 3 1700 2 492 2 971 2 
493 3 489 4 1699 2 970 3 
637 3 496 2 1706 4 973 3 
972 1 1705 1 495 2 497 2 
975 3 498 2 496 2 1704 4 
491 2 1703 1 974 1 497 2 
530 1 1681 1 977 1 561 1 
984 2 264 2 1888 3 976 3 
267 2 979 1 1885 2 514 4 
667 3 1648 4 912 2 284 3 
980 1 1682 2 978 2 558 1 
1203 1 205 2 1106 2 1375 1 
286 3 957 2 1093 2 506 3 
1092 3 956 3 505 3 
1135 3 286 3 510 2 951 4 
514 5 1883 3 269 3 516 2 
512 3 949 3 1137 3 510 2 
948 1 1136 2 509 2 507 2 
299 1 512 2 955 3 1095 2 
509 3 1129 2 954 2 511 2 
2206 3 665 5 299 3 953 3 
268 4 508 5 1884 4 501 4 
1881 1 271 2 516 1 804 2 
1882 1 270 1 508 2 515 1 
518 1 1806 1 1343 1 524 1 
1807 3 517 1 1342 2 519 1 
2391 1 520 1 1804 1 518 1 
1805 1 519 1 682 2 1344 2 
1347 3 522 2 1802 4 337 2 
1803 1 521 2 523 1 1346 2 
1800 1 1349 4 524 1 522 1 
1801 1 523 1 1348 1 517 1 
1991 3 1915 1 526 2 326 1 
2485 2 525 2 1990 3 1914 2 
323 3 1878 2 
2390 2 1247 1 533 1 2490 2 
1674 2 557 3 1178 2 530 2 
499 1 1673 3 556 3 529 2 
532 3 2367 2 1525 3 2121 2 
2390 3 533 2 1524 2 531 3 
528 1 534 1 532 2 1258 3 
535 1 1522 2 2490 2 533 1 
1529 2 534 1 552 1 536 1 
2377 3 1528 2 535 1 537 1 
538 1 1527 1 536 1 554 2 
1526 2 537 1 539 2 553 1 
1857 2 858 3 540 2 538 2 
1271 2 539 2 347 4 857 2 
63 2 773 2 775 4 783 2 
543 2 2339 2 1812 2 545 5 
542 2 1811 1 548 2 2338 1 
1797 1 2341 1 545 4 551 3 
1794 4 544 4 542 5 2340 4 
549 1 2278 1 547 1 1339 1 
2342 2 705 1 2274 1 546 1 
2273 4 543 2 549 2 2345 2 
546 1 2344 1 2271 1 548 2 
415 3 2348 2 551 4 348 2 
2347 4 550 4 544 3 414 3 
535 1 2377 3 1245 2 2490 2 
858 2 1244 2 554 2 538 1 
2377 4 1243 2 537 2 553 2 
2350 2 1719 2 
557 4 561 3 225 3 530 3 
1315 2 556 4 529 3 389 2 
565 1 559 2 503 1 221 2 
978 3 220 3 558 2 560 2 
561 1 223 2 559 2 977 1 
222 1 560 1 556 3 499 1 
6 2 983 1 563 1 217 2 
982 1 216 2 562 1 564 1 
219 1 981 2 565 1 563 1 
218 1 980 1 558 1 564 1 
1582 3 567 1 569 2 2496 1 
1581 1 574 2 2495 2 566 1 
571 2 2498 2 1580 2 569 3 
2497 2 566 2 1579 4 568 3 
2492 3 573 2 571 2 1586 4 
568 2 1585 3 2491 1 570 2 
573 1 1584 2 2494 1 402 1 
572 1 2493 2 1583 1 570 2 
567 2 1592 2 575 2 2500 3 
763 1 1591 1 2499 2 574 2 
577 2 2042 1 15 1 616 3 
615 2 576 2 578 2 2041 2 
579 2 577 2 618 1 2040 2 
578 2 580 3 2039 3 617 3 
2038 3 579 3 612 3 581 2 
2037 1 580 2 582 2 611 1 
581 2 2036 2 614 2 583 3 
2035 3 613 2 582 3 584 2 
2034 1 621 2 585 1 583 2 
2033 1 584 1 620 3 2312 2 
587 1 959 2 
780 2 586 1 958 3 
589 2 1406 2 2061 1 
588 2 2060 2 592 2 1405 4 
591 3 593 4 1414 3 2063 3 
1413 1 590 3 2062 1 596 1 
2065 1 1412 2 593 2 589 2 
2064 3 590 4 592 2 1411 2 
597 2 595 2 2067 3 1410 2 
1409 1 2066 1 594 2 440 2 
2069 1 1408 2 597 1 591 1 
1407 2 594 2 2068 3 596 1 
1042 1 599 3 1382 2 
1385 4 1041 3 600 3 598 3 
452 2 599 3 1384 2 1040 1 
608 3 602 3 255 4 987 3 
601 3 254 2 462 3 986 2 
604 2 606 1 989 2 263 2 
262 2 988 3 603 2 609 2 
261 4 606 3 457 4 991 3 
605 3 990 1 603 1 260 2 
610 2 259 2 608 2 993 1 
601 3 258 2 992 2 607 2 
995 1 610 2 257 2 604 2 
609 2 994 3 256 2 607 2 
2330 4 612 2 614 1 581 1 
580 3 611 2 2329 2 617 3 
614 1 583 2 621 2 2328 2 
613 1 2327 1 582 2 611 1 
618 1 616 3 577 2 2334 1 
1222 4 615 3 2333 4 576 3 
618 2 2332 2 612 3 579 3 
615 1 2331 1 617 2 578 1 
1845 1 1078 2 487 2 375 3 
621 4 2326 3 824 4 585 3 
584 2 620 4 2325 2 613 2 
1077 2 1850 3 623 5 138 2 
622 5 1849 4 1076 5 133 4 
2101 2 1670 3 625 4 
2100 3 1669 3 627 4 624 4 
1492 2 1595 2 
628 3 1672 2 2103 3 625 4 
627 3 1575 3 1671 2 2102 3 
1157 3 632 2 630 2 1882 2 
1881 1 629 2 1220 1 1156 2 
632 2 1884 2 1155 4 634 2 
631 2 629 2 1154 1 1883 2 
1886 3 1153 1 636 1 634 1 
1152 1 1885 2 631 2 633 1 
638 2 636 1 1888 2 1151 3 
1150 1 635 1 1887 3 633 1 
1149 2 638 3 1890 2 495 3 
637 3 1148 2 635 2 1889 3 
640 2 1891 2 1365 1 2442 1 
639 2 2441 4 1267 4 1421 2 
2444 1 2048 2 642 1 875 3 
2443 2 1970 1 641 1 643 1 
2446 1 644 3 642 1 2046 2 
2445 3 2045 5 643 3 1362 4 
2253 2 648 2 328 1 646 1 
2252 1 327 3 645 1 651 3 
2251 3 330 1 648 2 654 3 
645 2 2250 2 647 2 329 4 
2249 3 332 2 652 2 650 2 
2248 1 1939 2 649 2 331 2 
652 3 334 3 2247 4 646 3 
333 3 649 2 2246 2 651 3 
654 3 2255 1 
2254 4 653 3 335 3 647 3 
1509 3 1393 3 662 3 868 5 
2337 2 657 1 
2343 1 656 1 658 2 
1049 3 657 2 2324 3 2346 3 
1505 2 660 1 2517 1 666 1 
863 3 659 1 1504 1 661 1 
660 1 1503 2 662 1 2519 2 
1502 1 2518 1 661 1 655 3 
2124 1 664 1 670 3 1778 1 
663 1 1777 1 2123 2 789 2 
513 5 874 3 1501 3 666 3 
873 2 659 1 1500 1 665 3 
502 3 2128 2 668 4 1782 2 
669 3 2127 3 1781 4 667 4 
668 3 1780 1 2130 1 670 3 
1779 3 663 3 2129 4 669 3 
678 2 1976 3 1143 2 672 2 
1142 1 673 1 671 2 1977 3 
672 1 1974 1 1145 1 674 1 
1975 2 679 1 1144 2 673 1 
1980 1 676 1 336 1 1139 2 
677 2 1138 3 675 1 1981 3 
676 2 1978 2 1141 2 678 2 
1979 2 671 2 1140 1 677 2 
674 1 680 2 1972 2 1147 1 
1783 2 1973 2 679 2 1146 2 
198 1 682 2 743 2 684 3 
199 3 742 2 681 2 520 2 
196 2 684 3 745 1 
197 3 744 4 683 3 681 3 
89 4 484 3 688 3 686 4 
849 2 691 3 483 2 685 4 
2376 1 688 1 482 1 694 3 
100 2 687 1 481 4 685 3 
690 1 488 1 692 1 854 2 
120 2 689 1 1078 2 487 2 
486 3 686 3 692 2 856 3 
855 1 485 2 689 1 691 2 
860 2 480 3 694 3 869 2 
859 3 479 4 687 3 693 3 
2299 3 1808 3 417 4 
2189 3 699 2 697 2 223 3 
696 2 704 1 222 1 2188 1 
701 1 2191 1 221 2 699 1 
696 2 220 2 698 1 2190 1 
701 1 2185 1 219 1 703 1 
698 1 218 1 700 1 2184 2 
217 3 2187 3 703 2 297 3 
702 2 2186 3 216 2 700 1 
225 1 705 1 697 1 2193 2 
704 1 1315 1 547 1 2192 1 
1240 1 707 3 2275 1 1639 2 
1239 4 710 4 706 3 2276 5 
711 3 709 3 1236 3 2283 4 
708 3 714 2 2284 2 1235 1 
711 2 1238 3 707 4 2285 2 
708 3 710 2 2286 1 1237 2 
715 3 2279 4 713 3 1232 3 
2280 2 1231 1 712 3 112 2 
2281 3 709 2 715 2 1234 3 
712 3 714 2 2282 1 1233 1 
1960 4 717 3 62 3 900 3 
1961 2 716 3 721 2 61 3 
1164 2 724 2 
722 2 720 2 64 3 1966 2 
725 2 719 2 63 1 1967 1 
722 1 1968 2 66 1 717 2 
719 2 721 1 65 3 1969 2 
68 2 1962 2 1639 3 726 2 
727 3 1933 3 84 2 718 2 
720 2 70 3 726 2 1964 2 
69 3 723 2 1965 2 725 2 
724 3 728 2 83 2 1930 2 
729 1 1935 2 88 2 727 2 
728 1 87 2 730 1 1934 3 
731 1 1937 2 729 1 86 2 
85 3 730 1 1936 2 1941 3 
1057 1 735 2 1710 1 733 1 
1056 1 738 1 732 1 1709 1 
1769 3 1708 2 1059 3 735 3 
1707 2 732 2 1058 2 734 3 
1714 2 737 2 739 4 1053 2 
914 3 1713 1 736 2 1052 1 
739 3 733 1 1055 2 1712 2 
738 3 736 4 1054 4 1711 3 
399 2 1716 3 903 3 1769 3 
1898 5 1830 3 968 4 2363 4 
743 2 682 2 1344 2 921 1 
742 2 310 3 744 3 681 2 
298 3 743 3 684 4 745 2 
915 1 744 2 683 1 
1352 2 1334 3 747 3 1501 2 
746 3 1333 3 754 3 1500 2 
1507 2 751 1 749 1 1327 2 
748 1 925 3 1326 1 1506 3 
1325 3 753 3 751 2 1509 2 
1508 2 748 1 750 2 1324 2 
753 2 1503 2 1331 1 755 3 
1502 2 752 2 750 3 1330 3 
747 3 755 4 1505 3 1329 2 
1328 3 752 3 754 4 1504 3 
942 1 1351 1 757 1 374 2 
1350 1 373 1 756 1 766 2 
759 2 2326 1 2089 2 360 3 
2088 2 2325 2 758 2 764 3 
1816 4 2391 3 1814 4 377 3 
762 4 2096 1 2331 1 1813 2 
763 4 2095 5 761 4 2334 4 
762 4 575 1 2333 2 2094 1 
765 4 2093 2 759 3 2328 3 
764 4 2327 3 1827 3 2092 3 
1828 2 1347 3 757 2 383 3 
1827 2 2090 3 2329 2 1813 3 
2025 2 1910 4 966 2 774 2 
770 3 780 3 958 4 62 3 
769 3 779 2 61 3 771 3 
772 3 66 2 770 3 782 3 
771 3 781 2 773 2 65 4 
64 2 541 2 772 2 784 1 
1909 1 1829 2 768 2 967 2 
70 4 776 4 786 3 541 4 
775 4 777 3 785 2 69 4 
776 3 778 2 68 2 788 4 
67 1 787 1 777 2 2507 1 
782 2 770 2 780 2 
587 2 769 3 779 2 
784 1 119 1 782 2 772 2 
779 2 781 2 771 3 
784 1 118 4 786 1 541 2 
781 1 783 1 117 1 773 1 
786 1 776 2 116 1 788 3 
785 1 775 3 783 1 115 1 
114 2 778 1 430 1 788 3 
113 3 777 4 785 3 787 3 
1776 3 2126 2 1415 3 664 2 
1108 3 1043 3 794 3 
1112 2 792 1 1867 1 1045 2 
791 1 793 1 1044 2 1111 1 
792 1 1047 1 1110 1 794 2 
790 3 1046 3 1109 3 793 2 
800 1 826 1 5 1 
797 1 805 1 1719 2 438 1 
796 1 437 3 1720 1 
818 1 4 1 801 3 799 2 
802 2 798 2 3 2 817 4 
795 1 2 1 801 3 821 2 
798 3 800 3 1 4 819 3 
799 2 1848 2 7 1 803 2 
6 3 983 2 1847 2 802 2 
805 2 428 2 1717 4 515 2 
804 2 427 1 1718 1 796 1 
807 3 2066 2 440 3 1817 2 
1818 2 806 3 2138 2 439 3 
1820 3 2138 2 813 4 447 2 
442 3 2131 3 2134 3 1825 4 
919 1 2133 2 
2136 1 1823 1 444 1 2134 2 
917 2 2135 2 2133 3 5 2 
2136 3 1821 4 446 3 808 4 
815 3 2135 2 922 3 1 3 
814 3 816 2 311 3 4 2 
815 2 3 1 920 1 285 2 
1848 4 818 3 2086 3 799 4 
798 1 819 1 817 3 2085 2 
821 2 2084 2 818 1 801 3 
823 2 902 2 2174 2 
826 2 819 2 2083 2 800 2 
825 2 823 3 2309 2 2178 3 
822 3 2303 2 820 2 2177 2 
2176 2 825 2 2312 3 620 4 
822 2 2310 1 824 2 2175 1 
821 2 795 1 
828 2 206 2 
827 2 207 2 
836 3 1137 4 830 3 
1136 2 829 3 831 1 
1135 2 830 1 832 1 
1098 1 837 1 831 1 
2206 1 834 1 300 3 2244 2 
833 1 1131 2 2243 2 835 4 
836 4 2245 4 1095 5 834 4 
1129 1 835 4 829 3 
832 1 1093 1 838 1 
1092 2 837 1 
840 4 1846 2 844 3 2276 4 
1845 3 839 4 2275 3 2259 3 
2284 3 842 4 1856 2 848 2 
841 4 843 3 2283 4 1855 3 
844 2 842 3 1854 1 2286 1 
843 2 839 3 2285 2 1853 2 
846 1 864 1 2280 2 1852 2 
847 3 845 1 2279 2 1851 1 
846 3 848 3 1850 4 2282 3 
847 3 1849 1 841 2 2281 2 
1373 1 89 2 686 2 856 2 
851 1 2365 2 59 5 904 1 
850 1 852 2 907 4 58 1 
57 3 906 3 853 4 851 2 
909 3 56 3 852 4 2378 4 
855 2 1368 3 120 3 689 2 
854 2 856 2 692 1 1367 4 
855 2 1366 3 849 2 691 3 
1062 2 1242 2 858 3 540 2 
1241 2 553 2 539 3 857 3 
694 3 2376 1 1364 2 860 2 
693 2 1363 2 322 2 859 2 
1052 1 52 2 914 3 862 2 
2365 3 913 2 861 2 51 3 
660 3 2517 3 305 3 2519 4 
845 1 2438 1 875 3 2044 2 
872 2 2415 3 866 3 2107 3 
865 3 2106 2 2416 3 2183 3 
309 2 868 4 1393 2 870 2 
2518 3 655 5 867 4 308 4 
870 2 307 2 322 2 693 2 
869 2 1395 2 306 1 867 2 
872 1 2413 3 
2109 1 2414 2 865 2 871 1 
2517 2 666 2 301 3 874 2 
2206 1 300 3 665 3 873 2 
2043 3 864 3 2022 3 641 3 
1192 2 1309 1 891 1 877 1 
1191 2 876 1 1308 4 878 1 
879 2 2172 1 1190 2 877 1 
878 2 880 3 1189 2 1310 3 
1305 3 879 3 1196 2 881 2 
1195 2 1304 1 882 1 880 2 
883 1 1194 1 1307 2 881 1 
882 1 1306 1 1199 1 1193 1 
885 3 887 4 1019 3 2443 3 
2409 2 884 3 2444 2 1018 3 
2445 2 1021 2 889 3 887 4 
2446 3 884 4 1020 4 886 4 
122 3 2439 2 889 2 1023 1 
1022 3 2440 2 886 3 888 2 
1188 2 2137 1 1985 1 891 1 
1302 2 876 1 1187 2 890 1 
895 2 1772 3 893 3 2152 4 
1771 2 2153 2 892 3 1133 4 
2158 2 2406 4 897 3 895 2 
892 2 2159 1 894 2 2405 1 
1796 2 897 3 2160 4 899 3 
894 3 2161 3 1795 2 896 3 
899 2 901 1 2402 1 2154 2 
898 2 2155 3 2401 2 896 3 
1793 2 2156 3 901 2 716 3 
898 1 2157 2 900 2 2403 2 
2212 2 820 2 2303 2 
1050 2 2407 2 740 3 169 3 
1551 2 907 4 850 1 905 3 
1550 4 904 3 2365 4 913 3 
909 2 852 3 907 5 1549 2 
1548 4 906 5 904 4 851 4 
2378 2 1555 3 909 1 911 2 
906 2 1554 3 853 3 908 1 
2385 4 911 5 1809 5 1553 4 
910 5 1552 3 908 2 2381 3 
502 2 2272 1 2128 1 
914 3 862 2 905 3 1557 2 
737 3 913 3 1556 3 861 3 
1670 2 745 1 298 2 
285 4 920 3 297 4 1992 4 
923 1 812 2 1999 2 918 2 
1998 4 919 2 917 2 2133 3 
810 1 2001 1 918 2 
1995 2 916 3 311 2 816 1 
310 2 742 1 1671 1 1814 2 
923 2 1997 3 814 3 311 3 
2135 1 1996 1 917 1 922 2 
1122 1 1364 2 925 3 933 1 
924 3 749 3 1363 3 1216 4 
1220 1 927 2 1648 3 1156 2 
926 2 2350 3 1647 2 
929 3 931 1 1116 1 1367 4 
928 3 1366 4 934 3 1115 3 
1369 1 937 3 931 1 1114 1 
1113 1 928 1 1368 2 930 1 
1120 2 933 1 935 1 1371 3 
1119 2 932 1 1370 1 924 1 
929 3 1118 3 1373 1 935 1 
1117 2 934 1 1372 1 932 1 
1147 3 194 3 945 3 937 5 
930 3 193 3 1146 3 936 5 
1177 3 359 2 939 2 
2087 2 938 2 2218 1 
190 2 941 2 943 3 1141 1 
946 2 1140 2 940 2 189 2 
1139 2 943 3 756 1 192 1 
1138 5 942 3 191 3 940 3 
1145 2 947 3 945 2 186 2 
1144 2 185 1 944 2 936 3 
941 2 188 1 1143 1 947 2 
944 3 1142 2 187 4 946 2 
510 1 951 3 1357 2 949 2 
509 3 1356 2 954 2 948 2 
957 2 286 3 1359 2 951 4 
1358 5 950 4 948 3 507 4 
955 3 953 1 1353 1 299 1 
1352 1 952 1 513 3 1501 1 
1355 3 512 2 949 2 955 3 
1354 3 952 3 511 3 954 3 
1163 2 1361 2 957 2 506 3 
505 2 950 2 956 2 1360 1 
1793 3 769 4 587 3 959 4 
2403 3 586 2 960 4 958 4 
959 4 2402 3 961 4 
960 4 962 3 2401 2 
963 3 1796 2 961 3 
962 3 964 3 1795 2 
963 3 2406 4 
1039 3 428 1 1286 1 2506 1 
967 2 490 1 1173 2 768 2 
966 2 489 4 970 3 774 2 
969 2 741 4 971 2 492 2 
2363 2 968 2 974 1 491 2 
1829 3 967 3 971 2 494 3 
968 2 1830 1 970 2 493 2 
496 1 975 2 1835 1 973 2 
1890 2 1836 2 972 2 495 3 
975 2 969 1 1833 2 498 1 
972 2 974 2 497 3 1834 4 
1887 4 979 2 265 2 500 3 
978 2 560 1 499 1 1345 2 
559 3 977 2 503 2 1683 2 
266 3 501 1 1886 3 976 2 
503 1 565 1 981 2 1677 2 
564 2 980 2 1676 3 982 2 
563 1 983 1 1679 2 981 2 
1678 2 562 1 982 1 803 2 
500 2 985 2 273 1 1889 2 
272 3 1836 2 984 2 1890 2 
987 2 1193 1 602 2 1199 1 
1197 3 986 2 992 2 601 3 
604 3 1124 3 995 2 989 3 
1123 2 603 2 990 2 988 3 
1218 3 606 1 991 1 989 2 
2379 1 990 1 1121 1 605 3 
993 1 987 2 608 2 1128 2 
1127 3 994 2 992 1 607 1 
995 2 1126 4 993 2 610 3 
609 1 994 2 1125 1 988 2 
2020 3 997 1 1003 3 283 1 
2131 2 996 1 282 3 2021 1 
279 3 999 2 2014 1 1001 1 
2015 3 998 2 278 2 1004 2 
281 2 2012 1 1001 1 1217 2 
2013 3 280 2 1000 1 998 1 
1003 4 2018 3 1005 3 1451 2 
1002 4 996 3 2019 3 274 3 
2016 2 999 2 277 2 1005 2 
276 2 1002 3 2017 2 1004 2 
1227 1 1048 1 1007 1 174 3 
1299 1 1012 1 1006 1 173 2 
1015 1 1321 2 1009 2 172 2 
171 3 1010 2 1008 2 224 3 
1009 2 227 2 170 2 1011 4 
226 4 2407 4 169 5 1010 4 
1007 1 168 1 229 1 1013 2 
228 3 167 2 1014 2 1012 2 
231 1 1013 2 166 1 1015 1 
230 2 165 2 1008 1 1014 1 
1017 2 176 1 1231 1 112 2 
2409 2 175 2 1016 2 1018 3 
1017 3 180 2 1019 3 885 3 
1020 3 884 3 1018 3 179 4 
1019 3 178 3 1021 2 887 4 
886 2 177 1 1020 2 1022 2 
184 3 889 3 1023 2 1021 2 
183 2 1022 2 1024 2 888 1 
182 3 122 4 1023 2 1025 3 
121 2 181 3 411 4 1024 3 
1039 3 438 1 2503 2 1027 1 
437 3 1028 3 1026 1 2502 3 
436 3 1027 3 2504 3 
1045 2 1030 2 1069 2 1867 1 
1866 3 1029 2 1068 3 1033 3 
1067 2 1032 3 1863 2 1034 2 
1031 3 1037 4 1862 4 1066 4 
1865 2 1030 3 1034 3 1065 2 
1064 3 1031 2 1033 3 1864 3 
1063 4 1038 3 1036 2 1859 1 
1858 3 1035 2 1242 2 1062 2 
1861 3 1038 4 1061 2 1032 4 
1037 4 1860 3 1035 3 1060 4 
1026 3 965 3 427 3 2505 5 
1251 3 1041 1 600 1 
599 3 1040 1 1042 1 
598 1 1041 1 
790 3 1420 2 1046 3 
1047 2 1419 3 792 2 1045 3 
1029 2 1418 3 791 2 1044 3 
794 3 1417 3 1047 2 1043 3 
793 1 1044 2 1416 2 1046 2 
1659 1 1006 1 24 4 1299 1 
658 3 2218 2 2087 3 
1059 2 1769 2 903 2 2408 1 
101 1 296 1 2196 2 2470 3 
861 1 737 1 2400 1 1053 1 
2399 1 1054 2 736 2 1052 1 
1055 3 1053 2 739 4 2398 2 
1056 2 1054 3 738 2 2397 4 
1055 2 2396 1 733 1 1057 1 
2395 1 732 1 1058 1 1056 1 
1059 2 2394 2 1057 1 735 2 
1050 2 1058 2 2393 4 734 3 
345 3 1063 5 1061 2 1038 4 
344 2 1066 2 1037 2 1060 2 
1063 4 857 2 347 4 1036 2 
1062 4 346 4 1060 5 1035 4 
1065 2 1034 3 341 2 1067 3 
1064 2 1068 2 340 1 1033 2 
1061 2 343 2 1067 3 1032 4 
1031 2 342 2 1064 3 1066 3 
339 2 1065 2 1069 3 1030 3 
1029 2 1418 3 1068 3 338 3 
1736 1 134 1 1073 3 1071 1 
1735 2 133 1 1070 1 1076 2 
1073 3 132 1 1079 2 1738 1 
1737 5 131 3 1070 3 1072 3 
138 2 1077 2 1732 2 1075 3 
137 2 1731 3 1074 3 1281 3 
1734 2 1077 2 623 5 1071 2 
622 2 1733 2 1076 2 1074 2 
1730 3 690 2 619 2 1079 3 
1729 2 1078 3 1072 2 375 4 
1081 2 18 1 1408 2 1087 2 
1407 3 1082 3 1080 2 17 2 
1083 4 1081 3 1410 2 164 2 
1409 3 1082 4 163 3 2349 3 
22 1 1412 2 1085 1 1089 1 
21 1 1411 1 1084 1 1086 3 
1087 4 1414 3 1085 3 20 3 
1413 2 1086 4 1080 2 19 2 
1089 1 1406 2 
1088 1 1084 1 1405 3 
1306 1 1199 1 1091 1 1910 3 
1100 2 1090 1 1909 1 1197 2 
838 2 506 3 1093 2 
1098 1 505 2 837 1 1092 2 
1097 1 1130 2 1902 1 1218 3 
1129 2 835 5 1131 3 511 2 
1900 2 1124 3 1097 2 1099 3 
1094 1 1899 1 1123 1 1096 2 
1135 2 1093 1 832 1 286 2 
1125 2 1134 2 1897 2 1096 3 
1128 3 1091 2 1101 2 1896 2 
1127 3 1895 1 1134 1 1100 2 
2209 2 1105 4 1103 2 2141 2 
2140 2 1323 2 1102 2 2208 1 
1105 3 2211 1 
1104 3 2210 4 2139 3 1102 4 
504 2 1202 2 200 3 1374 5 
1108 2 1495 2 
1109 3 790 3 1107 2 1494 3 
1108 3 1497 2 1110 2 794 3 
1496 1 1111 1 1109 2 793 1 
1110 1 792 1 1112 2 1499 2 
791 2 1498 2 312 3 1111 2 
931 1 1116 1 1784 1 1114 1 
1146 1 930 1 1113 1 1783 1 
1116 1 929 3 1786 2 1118 3 
1785 1 1113 1 1115 1 928 1 
935 2 1120 3 1788 2 1118 4 
1787 3 934 3 1117 4 1115 3 
933 2 1122 2 1790 3 1120 3 
1789 3 932 2 1117 3 1119 3 
2359 1 1218 3 991 1 1130 2 
924 1 1791 2 1119 2 1216 2 
989 2 1124 2 1218 3 1097 1 
1125 2 1123 2 988 3 1096 3 
1099 2 1124 2 995 1 1126 3 
1127 5 994 4 1125 3 1134 3 
1126 5 993 3 1101 3 1128 4 
1100 3 1127 4 992 2 1197 3 
1137 2 836 1 1095 2 512 2 
1291 3 1094 2 1901 3 1121 2 
2206 2 299 2 1095 3 834 2 
2313 2 1133 4 
2314 4 1132 4 893 4 
1099 2 1898 3 1101 1 1126 3 
507 3 1098 2 831 2 1136 3 
510 2 830 2 1135 3 1137 3 
1129 2 829 4 509 3 1136 3 
943 5 676 3 1141 3 1139 4 
942 2 1351 2 1138 4 675 2 
1141 1 941 2 1143 1 678 1 
1140 1 677 2 1138 3 940 1 
1143 1 672 1 947 2 1145 1 
1142 1 1140 1 671 2 946 1 
945 2 1147 2 674 2 1145 2 
944 2 1142 1 673 1 1144 2 
1114 1 937 3 1147 1 680 2 
936 3 1144 2 1146 1 679 1 
1151 3 638 2 1149 1 1774 1 
1773 4 1706 3 637 2 1148 1 
1151 3 636 1 1153 1 1776 2 
1775 3 1150 3 1148 3 635 3 
1778 1 634 1 1155 3 1153 1 
633 1 1150 1 1152 1 1777 1 
1780 1 1157 2 632 1 1155 3 
1779 3 1152 3 1154 3 631 4 
1157 3 1782 2 926 2 630 2 
1156 3 1154 2 629 3 1781 3 
1159 1 349 2 1161 1 212 1 
1158 1 211 1 348 1 2348 1 
1161 1 1162 1 351 1 210 2 
350 3 1160 1 209 1 1158 1 
1160 1 352 2 
956 2 1643 2 
426 2 718 2 1933 3 
1168 2 313 2 2023 3 1166 2 
2024 2 1498 1 312 2 1165 2 
319 1 1170 1 2031 1 1168 1 
1165 2 1167 1 318 1 2032 2 
2029 1 1170 1 1172 3 321 2 
2030 2 1167 1 1169 1 320 1 
315 2 1174 1 1172 3 2027 2 
1171 3 314 3 2028 4 1169 3 
2025 2 1174 2 966 2 317 4 
1171 1 316 2 1173 2 2026 1 
385 2 1176 1 1523 2 1185 1 
1252 2 384 1 1379 3 1175 1 
938 3 2087 3 1907 3 2323 2 
529 2 389 1 1179 2 1531 1 
1180 3 1530 3 388 3 1178 2 
1181 2 1179 3 1533 3 387 4 
1180 2 386 1 1532 1 1182 1 
393 2 1535 1 1183 2 1181 1 
1534 2 1182 2 392 2 1184 4 
1185 3 391 4 1183 4 1537 3 
390 3 1184 3 1536 2 1175 1 
1601 2 1612 2 1564 1 1603 1 
1188 3 460 3 1192 3 891 2 
1187 3 459 3 890 2 8 3 
879 2 1196 1 1190 2 466 2 
465 2 878 2 1189 2 1191 3 
1192 3 877 2 468 4 1190 3 
467 2 1191 3 876 2 1187 3 
883 1 986 1 1194 1 462 2 
461 1 882 1 1195 2 1193 1 
1196 2 1194 2 464 4 881 2 
1195 2 463 1 880 2 1189 1 
987 3 1199 2 1091 2 1128 3 
1642 2 2362 1 
883 1 1090 1 1197 2 986 1 
1642 2 201 2 1201 3 1387 1 
1386 3 1200 3 200 4 1202 3 
1203 1 1389 2 1106 2 1201 3 
504 1 1202 1 1204 1 1388 3 
1205 1 1391 1 1203 1 205 2 
1204 1 1390 1 204 2 1206 1 
1394 1 1207 2 203 2 1205 1 
1693 2 202 3 1206 2 1392 3 
1444 1 1209 2 1494 2 1214 1 
1210 2 1208 2 1495 3 1443 2 
1493 1 1209 2 1445 2 
1498 2 1212 3 1447 3 2024 3 
1211 3 1213 3 1446 2 1499 3 
1496 2 1214 2 1212 3 1449 2 
1208 1 1497 1 1213 2 1448 1 
1903 2 1971 1 2321 1 354 1 
1326 2 1792 3 925 4 1122 2 
1510 3 2132 3 1000 2 73 3 
990 3 1123 3 1094 3 1121 3 
1512 2 71 3 2132 3 
926 1 2350 2 1717 3 630 1 
2500 2 1226 1 16 2 1222 2 
616 4 1221 2 15 2 2499 3 
1224 3 2498 2 28 2 1230 3 
1223 3 1225 2 27 2 2497 2 
2496 1 30 1 1224 2 1226 1 
1221 1 29 1 1225 1 2495 2 
24 4 1228 2 1006 1 2494 1 
23 2 1227 2 2493 3 1229 2 
1230 2 26 2 2492 2 1228 2 
2491 2 25 3 1229 2 1223 3 
713 1 1232 1 2512 2 1016 1 
1233 1 2511 3 1231 1 712 3 
1232 1 2510 1 715 1 1234 2 
2509 2 1235 2 714 3 1233 2 
2516 1 1234 2 709 1 1236 1 
708 3 1237 2 1235 1 2515 1 
711 2 2514 3 1238 3 1236 2 
710 3 2513 2 1239 3 1237 3 
2508 4 707 4 1238 3 1240 2 
2507 1 706 1 1239 2 67 1 
858 2 1698 1 1242 1 1244 2 
857 2 1241 1 1036 2 1697 3 
1700 1 554 2 1244 2 1246 1 
553 2 1243 2 1241 2 1699 2 
1246 2 1248 3 552 2 1702 2 
1701 1 1245 2 1243 1 2377 3 
528 1 1704 3 1248 2 1250 1 
2490 3 1245 3 1247 2 1703 2 
1773 4 1250 1 1706 3 2367 1 
1705 1 2390 2 1249 1 1247 1 
363 3 452 4 1916 3 1040 3 
1176 2 1523 3 202 3 1693 2 
450 4 1916 3 365 3 1254 3 
449 1 364 2 1255 1 1253 3 
1254 1 1808 1 456 1 1256 1 
455 1 366 1 1255 1 1257 2 
454 3 1917 3 369 3 1256 2 
533 3 1522 4 1524 3 2246 4 
371 1 458 1 1917 2 1260 1 
370 2 261 2 457 2 1259 1 
1384 2 1262 1 452 2 2356 2 
451 1 1261 1 2484 1 2355 3 
1264 4 2268 3 2215 1 
1263 4 2267 4 2214 4 1266 4 
1268 2 2354 1 1270 3 454 2 
2217 2 2270 1 1264 4 1267 3 
2216 3 2269 4 640 4 1266 3 
1265 2 2353 2 2366 3 453 3 
2352 3 1270 5 456 3 2311 3 
1269 5 1265 3 455 3 2351 3 
1857 2 1675 2 540 2 2255 2 
1275 1 2464 2 1273 2 1569 2 
1280 2 1568 2 2463 3 1272 2 
1571 1 1277 2 2462 1 1275 1 
2461 2 1272 1 1570 1 1274 1 
1277 2 2468 1 1573 1 1279 2 
1572 2 1276 2 2467 4 1274 2 
1575 3 2466 3 2102 3 1279 3 
2465 3 1574 2 1278 3 1276 2 
2460 1 1577 1 1281 2 1273 2 
2459 3 1280 2 1075 3 1576 3 
267 3 1289 2 2352 2 1283 3 
2351 2 1284 2 266 4 1282 3 
1285 2 1283 2 265 1 2354 1 
1284 2 264 2 2353 2 1290 2 
1287 2 271 2 965 1 2356 2 
2355 4 270 2 1286 2 1288 2 
2358 2 269 2 1289 1 1287 2 
1282 2 1288 1 2357 1 268 1 
1291 2 273 1 1285 2 2360 1 
2359 2 1290 2 1130 3 272 3 
1303 2 1650 1 110 1 1293 2 
1312 2 109 2 1649 2 1292 2 
1449 1 1295 1 2469 2 1297 1 
1982 1 1294 1 1300 3 1448 1 
1985 2 1447 3 1297 2 2137 2 
1446 1 1984 1 1296 2 1294 1 
1445 2 1986 1 1301 2 
1007 1 229 1 1660 1 1048 1 
1988 3 1301 4 1295 3 1444 3 
1300 4 1443 2 1298 2 1987 2 
891 2 1748 2 2137 2 1309 2 
107 3 1292 2 1651 2 2256 2 
1746 2 1305 2 1307 2 881 1 
1310 3 880 3 1745 3 1304 2 
1090 1 1307 2 883 1 1744 1 
1306 2 882 2 1743 3 1304 2 
2172 4 877 4 1742 4 1309 4 
876 1 1741 3 1302 2 1308 4 
1740 3 1305 3 879 3 2172 2 
1653 3 2277 5 105 2 419 2 
1293 2 1313 1 1656 2 104 2 
1312 1 103 2 2277 4 1655 2 
1317 3 2205 2 1955 2 2040 3 
557 2 705 1 225 1 2274 1 
2042 3 1470 3 1953 3 1317 4 
1314 3 1952 2 1316 4 2041 2 
1319 1 1959 2 2036 1 2207 3 
1318 1 1958 2 1322 1 2035 2 
2207 4 1957 2 2038 3 2205 2 
1663 3 1008 2 230 3 224 3 
1323 2 1951 1 1319 1 2034 1 
1322 2 2033 2 1950 3 1103 2 
1325 3 1636 2 751 2 1327 3 
1324 3 750 3 1635 2 1330 3 
1216 2 1327 2 749 1 1638 1 
1637 2 1326 2 748 2 1324 3 
1329 1 1632 3 1331 1 755 3 
1631 1 1333 2 1328 1 754 2 
1634 2 1325 3 753 3 1331 2 
1633 1 1328 1 752 1 1330 2 
1658 1 1335 2 2349 1 163 1 
747 3 1329 2 1630 2 1334 3 
746 3 1479 2 1629 2 1333 3 
1657 4 2256 2 111 2 1332 2 
2457 1 1645 1 1337 2 
2458 2 1644 3 1336 2 1483 2 
241 2 235 3 2003 2 2408 2 
2344 1 546 1 2225 2 2342 2 
208 3 2245 2 
208 3 2244 3 2314 3 2119 2 
2391 2 518 2 1343 2 1816 3 
1815 2 517 1 1342 2 1348 1 
1814 3 742 2 520 2 2391 2 
1541 3 1681 2 1683 2 977 2 
1349 5 1347 3 1828 2 522 2 
521 3 766 3 1346 3 1350 2 
1911 1 1343 1 524 1 1349 4 
1346 5 523 4 1894 5 1348 4 
1351 1 757 1 337 1 1347 2 
1350 1 756 1 1139 2 336 1 
1353 1 746 2 953 1 1479 1 
1352 1 1354 1 1478 2 952 1 
955 3 1477 1 1353 1 1355 3 
1356 3 954 3 1476 4 1354 3 
1357 2 1355 3 949 2 1475 2 
1356 2 1474 3 1358 4 948 2 
951 5 1359 3 1357 4 1473 3 
950 2 1472 3 1358 3 1360 1 
1481 1 1359 1 957 1 1361 1 
1643 2 956 2 1480 2 1360 1 
2440 2 1365 2 644 4 1893 2 
860 2 1364 2 925 3 1506 3 
924 2 1363 2 859 2 1370 2 
2439 2 1892 1 1362 2 639 1 
929 4 1373 2 856 3 1367 5 
855 4 1368 5 1366 5 928 4 
931 2 1367 5 854 3 1369 2 
930 1 120 2 193 1 1368 2 
2376 1 933 1 1371 3 1364 2 
1372 3 1370 3 932 3 100 4 
1371 3 1373 1 89 2 935 1 
849 1 1366 2 1372 1 934 1 
1377 4 1375 4 2059 4 1106 5 
2058 2 1380 1 504 1 1374 4 
201 2 1377 1 
1374 4 1376 1 2057 1 200 2 
1379 3 2056 1 203 2 1381 1 
1378 3 2055 3 202 4 1176 3 
1381 1 2054 1 1375 1 205 2 
204 2 1380 1 2053 2 1378 1 
2503 3 1383 2 598 2 1385 3 
1382 2 2502 3 
1261 2 1385 3 600 2 2506 2 
599 4 1384 3 2505 4 1382 3 
2064 2 1387 1 1201 3 1389 2 
2065 1 2361 3 1386 1 1200 1 
1389 4 1391 3 1203 3 2062 3 
1388 4 2063 2 1386 2 1202 2 
1391 1 2068 3 1205 1 1394 1 
2069 1 1390 1 1204 1 1388 3 
2066 2 1394 2 1817 2 1207 3 
655 3 1395 2 1508 2 867 2 
2067 2 1206 1 1392 2 1390 1 
1507 3 322 2 870 2 1393 2 
1397 5 1402 5 351 5 2054 5 
1396 5 350 3 1398 1 2053 2 
2056 1 1397 1 349 2 1399 1 
348 1 415 2 2055 1 1398 1 
1401 4 2057 1 
1400 4 2059 4 1402 4 353 4 
1396 5 1401 4 2058 2 352 2 
1774 1 1404 1 2122 2 1415 2 
2121 1 1773 4 1403 1 2367 1 
1412 4 589 4 1089 3 1406 4 
588 2 1088 2 1405 4 
1081 3 597 2 1410 2 1408 3 
596 2 1407 3 1080 2 1413 2 
1410 1 1083 3 595 1 2229 2 
1409 1 1407 2 1082 2 594 2 
1414 1 1412 2 1085 1 593 2 
592 2 1084 2 1411 2 1405 4 
591 1 1087 2 1414 1 1408 2 
1411 1 1086 3 590 3 1413 1 
2125 2 1403 2 789 3 1775 2 
1766 3 1047 2 1417 3 1419 3 
1420 2 1416 3 1046 3 1765 2 
1045 3 1419 3 1069 3 1768 2 
1767 3 1418 3 1044 3 1416 3 
1417 2 1043 2 
2216 1 2466 2 1891 2 640 2 
213 1 1424 3 
2479 2 53 3 215 2 1424 4 
2478 3 1422 3 214 3 1423 4 
1460 1 1426 2 290 1 
1461 2 1425 2 1427 3 
1456 3 1428 3 1426 3 1726 2 
1457 2 1429 3 1725 2 1427 3 
1428 3 1728 2 1430 2 1458 4 
1727 3 1459 1 1431 3 1429 2 
1722 3 1430 3 1452 4 1432 4 
1433 2 1721 4 1453 3 1431 4 
1432 2 1724 1 1434 2 1454 2 
1723 2 1433 2 1455 4 1604 3 
2410 2 1436 2 1438 2 1947 4 
1435 2 1946 1 
1440 2 1438 1 1945 2 2412 1 
2411 1 1435 2 1437 1 1944 1 
1440 3 1943 2 2414 3 1442 2 
1437 2 1439 3 1942 2 2413 4 
1442 2 85 4 1941 4 2416 3 
1441 2 2415 2 1940 1 1439 2 
1445 2 1301 2 1209 2 1444 1 
1208 1 1448 1 1300 3 1443 1 
1443 2 1210 2 1298 2 
1297 1 1447 2 1449 1 1212 2 
1747 4 1296 3 1446 2 1211 3 
1444 1 1295 1 1214 1 1449 1 
1294 1 1446 1 1213 2 1448 1 
275 2 1810 1 
274 1 2384 1 1002 2 276 1 
1712 3 1431 4 1453 3 1459 2 
1711 2 1454 3 1452 3 1432 3 
1455 4 1453 3 1714 2 1433 2 
1454 4 1713 3 1434 4 1618 3 
1457 2 1427 3 1461 2 1708 2 
1428 2 1456 2 1458 3 1707 1 
1710 3 1457 3 1429 4 1459 3 
1430 1 1709 1 1458 3 1452 2 
1461 1 1425 1 2477 3 1716 2 
1460 1 1426 2 1456 2 1715 1 
1463 3 1842 4 2454 4 1471 4 
1462 3 1464 2 2453 1 1841 2 
1465 4 1463 2 2452 2 1844 2 
1464 4 1843 3 1466 3 2451 3 
2450 1 1465 3 1838 3 1467 3 
1468 4 2449 3 1837 3 1466 3 
1469 2 1840 2 1467 4 2448 2 
1468 2 2447 1 1620 1 1839 1 
1316 3 2456 1 1471 2 1832 4 
2455 2 1462 4 1470 2 1831 3 
1481 3 1359 3 1489 4 1473 3 
1474 2 1488 1 1358 3 1472 3 
1357 3 1473 2 1475 3 1491 2 
1490 3 1474 3 1476 3 1356 2 
1355 4 1475 3 1485 4 1477 2 
1354 1 1484 1 1478 2 1476 2 
1353 2 1477 2 1479 2 1487 4 
1334 2 1486 2 1478 2 1352 1 
1644 3 1481 2 1483 2 1361 2 
1472 3 1482 2 1360 1 1480 2 
1483 2 135 4 1481 2 1489 3 
1482 2 136 2 1480 2 1337 2 
129 1 1477 1 1485 3 1487 3 
1490 4 1484 3 130 4 1476 4 
1479 2 1487 4 127 2 1629 2 
128 3 1484 3 1486 4 1478 4 
125 3 1491 1 1473 1 1489 2 
1472 4 1482 3 126 2 1488 2 
1485 4 1475 3 1491 2 123 2 
124 1 1490 2 1488 1 1474 2 
626 2 1613 2 275 3 
1210 1 1495 2 
1495 3 1208 2 1108 3 1497 2 
1494 3 1107 2 1493 2 1209 3 
1110 1 1213 2 1497 1 1499 2 
1496 1 1109 2 1214 1 1494 2 
1112 2 1211 2 1499 2 1166 1 
1498 2 1496 2 1111 2 1212 3 
747 2 1505 2 666 1 1501 1 
746 2 665 3 1500 1 953 1 
753 2 662 1 1509 1 1503 2 
1504 2 661 2 752 2 1502 2 
1503 2 660 1 1505 2 755 3 
659 2 1504 2 1500 2 754 3 
322 3 749 3 1363 3 1507 4 
1395 3 748 2 1508 3 1506 4 
751 2 1507 3 1393 2 1509 2 
655 3 750 2 1508 2 1502 1 
2082 2 1217 3 1511 4 2012 2 
1512 3 1510 4 2132 4 2081 4 
1219 2 1511 3 2086 1 
1514 3 2269 3 411 4 121 2 
1515 2 2287 2 1513 3 2270 2 
1514 2 413 1 1516 1 2267 1 
2268 3 1515 1 412 1 
405 2 1521 4 2110 2 1518 2 
404 1 1517 2 1519 1 
407 3 1518 1 
1653 2 2105 4 1521 3 419 1 
2104 3 418 4 1520 3 1517 4 
2247 3 534 2 1529 3 1258 4 
1536 3 1252 3 1692 2 1175 2 
2249 2 532 2 1525 2 1258 3 
1696 3 2248 2 531 3 1524 2 
2251 4 1527 2 538 2 1857 2 
1528 2 1526 2 537 1 2250 1 
1527 2 536 2 2253 3 1529 3 
535 2 1522 3 1528 3 2252 2 
1533 3 1179 3 1531 2 1691 3 
1530 2 1674 1 1690 2 1178 1 
1535 1 1533 2 1181 1 1689 1 
1180 3 1530 3 1532 2 1688 2 
1183 2 1537 1 1535 1 1687 1 
1532 1 1182 1 1534 1 1686 1 
1523 3 1537 2 1185 2 1685 3 
1684 1 1534 1 1536 2 1184 3 
1683 4 1541 5 1539 4 2017 4 
1544 1 1682 2 1538 4 2016 2 
2019 1 1681 1 1541 2 1547 1 
1345 3 2018 3 1540 2 1538 5 
1543 2 2013 3 1545 1 1679 2 
2082 2 1542 2 1678 3 2012 2 
1539 1 2015 2 1677 2 1545 1 
2014 1 1544 1 1542 1 1676 2 
1547 1 2021 1 1674 1 1690 2 
1546 1 1540 1 2020 3 1673 3 
907 4 1549 1 1551 2 1610 2 
1609 3 1548 1 1554 3 906 2 
905 4 1612 3 1557 3 1551 3 
904 2 1548 2 1611 3 1550 3 
1614 4 1553 2 911 3 1555 4 
1552 2 1613 1 910 4 275 2 
1555 5 909 3 1549 3 1616 3 
1615 3 908 3 1554 5 1552 4 
1618 1 1713 1 1557 2 914 3 
1617 2 1556 2 1550 3 913 2 
1561 2 1559 3 2052 2 1596 3 
1595 3 1558 3 2051 2 
2050 3 1561 1 1563 2 1598 2 
2049 1 1560 1 1558 2 1597 1 
1600 1 1565 1 1563 2 
1599 2 1560 2 1562 2 2047 2 
1567 1 1186 1 1565 1 
1601 2 1564 1 1562 1 
1567 1 1604 2 1723 1 
1564 1 1566 1 1603 1 
1577 1 383 2 1273 2 1569 2 
382 3 1570 2 1568 2 1272 2 
1571 1 1569 2 1275 1 381 1 
1570 1 1572 1 1274 1 380 3 
1277 2 1573 1 1571 1 379 2 
1572 1 1574 1 378 1 1276 1 
1573 1 377 1 1279 2 1575 2 
628 3 1278 3 376 3 1574 2 
1577 2 374 3 1281 3 1731 3 
1568 1 1576 2 1280 1 373 1 
1973 2 153 3 2298 2 1983 3 
1582 5 146 4 1580 3 569 4 
568 2 145 1 1579 3 1585 3 
567 1 148 2 1592 1 1582 3 
1579 5 147 3 566 3 1581 3 
142 1 1584 2 573 1 1586 3 
572 2 141 3 1583 2 1764 5 
571 3 144 3 1586 5 1580 3 
143 3 1585 5 570 4 1583 3 
1979 4 1588 3 1594 3 162 4 
161 1 1587 3 1978 1 1589 2 
160 2 1590 2 1981 4 1588 2 
1589 2 1754 1 1980 1 159 2 
1592 1 575 1 2094 1 140 3 
1591 1 139 3 574 2 1581 1 
156 2 1608 2 1977 3 1594 1 
1587 3 1976 2 1593 1 155 2 
1559 3 626 2 1596 3 1613 2 
1614 4 1597 2 1558 3 1595 3 
1615 1 1596 2 1598 2 1561 1 
1599 2 1597 2 1560 2 1616 2 
1600 1 1598 2 1563 2 1609 3 
1599 1 1562 1 1610 2 1601 2 
1186 2 1565 2 1611 3 1600 2 
2417 3 2192 2 2226 2 2364 2 
1617 1 1186 1 1604 2 1567 1 
1566 2 1603 2 1434 3 1618 2 
2335 3 2049 3 1606 3 2241 4 
2240 1 1605 3 2052 1 
1975 2 1608 2 158 1 1983 2 
157 2 1607 2 1593 2 1974 2 
1610 4 1549 3 1616 3 1599 3 
1609 4 1548 2 1600 2 1611 3 
1551 3 1601 3 1612 3 1610 3 
1186 2 1550 3 1611 3 1617 2 
1553 1 1492 2 1595 2 1614 3 
1596 4 1552 4 1615 3 1613 3 
1616 1 1555 3 1597 1 1614 3 
1615 1 1554 3 1609 3 1598 2 
1618 1 1557 2 1603 1 1612 2 
1617 1 1556 1 1455 3 1604 2 
1620 2 1628 4 2290 3 1660 2 
1619 2 1659 1 1469 1 2289 3 
2298 1 1662 1 1622 2 153 2 
1621 2 1661 2 2297 2 1623 3 
1664 2 2296 2 1624 2 1622 3 
2295 3 1663 2 1623 2 1625 1 
1666 2 1626 2 2294 1 1624 1 
1627 3 2293 3 1625 2 1665 2 
1626 3 1628 4 2292 2 1668 3 
1627 4 1619 4 1667 3 2291 3 
2142 1 1334 2 1486 2 1630 1 
1631 1 1333 2 2143 1 1629 1 
1329 1 1630 1 2146 2 1632 3 
1328 3 1633 3 2147 3 1631 3 
1331 1 2144 1 1632 3 1634 1 
1330 2 1635 1 2145 1 1633 1 
1636 1 1325 2 2150 2 1634 1 
1635 1 1324 2 2151 3 1637 1 
1327 2 1638 1 2148 1 1636 1 
1637 1 2149 2 1792 2 1326 1 
1963 3 723 3 706 2 67 2 
1645 1 1643 2 
2435 2 282 4 2234 3 2380 3 
1198 2 1200 2 2361 4 195 2 
1361 2 1644 3 1640 2 1163 2 
1643 3 1337 3 1480 3 1645 2 
1640 1 1336 1 1644 2 
274 1 2384 1 2380 2 2433 2 
284 2 1648 3 927 2 
1782 3 502 4 1647 3 926 3 
1925 1 1656 2 1650 1 1293 2 
1651 1 1649 1 1924 2 1292 1 
1923 2 1650 1 1303 2 1652 1 
1657 3 2256 1 1651 1 1922 1 
1311 3 1520 2 1929 2 1654 2 
2277 4 1928 1 1655 2 1653 2 
1656 3 1654 2 1313 2 1927 3 
1655 3 1312 2 1649 2 1926 3 
1652 3 1932 4 1335 4 1658 3 
1332 1 421 2 1657 3 1931 1 
1620 1 1048 1 1660 1 1839 1 
1667 1 1659 1 1619 2 1299 1 
1664 1 227 2 1662 1 1622 2 
1621 1 2002 3 226 1 1661 1 
1666 3 1321 3 1624 2 1664 2 
1661 1 224 2 1623 2 1663 2 
231 1 1666 2 1626 2 1668 2 
1663 3 1625 2 1665 2 230 3 
1668 2 1660 1 229 1 1628 3 
1667 2 228 3 1627 3 1665 2 
1672 1 298 2 625 3 1670 2 
915 2 1669 2 624 3 
628 2 921 1 1672 1 376 2 
1669 1 627 2 310 2 1671 1 
1681 3 1674 3 530 3 1547 3 
529 2 1673 3 1546 1 1531 1 
1271 2 347 4 
1679 3 1677 3 981 3 1545 2 
1544 2 1682 3 1676 3 980 2 
983 2 1679 3 1543 3 1847 2 
1676 3 1678 3 1542 2 982 2 
1694 3 2099 3 339 3 
1673 3 1345 2 499 1 1540 1 
1539 2 503 2 1677 3 1683 2 
1345 2 1538 4 1682 2 978 2 
1537 1 1687 1 1820 2 1685 2 
1692 2 1536 3 1684 2 1819 2 
1689 1 1687 1 1822 3 1535 1 
1686 1 1821 2 1534 1 1684 1 
1689 1 1824 1 1533 2 1691 2 
1688 1 1686 1 1823 1 1532 1 
1691 3 1546 2 1531 2 1826 2 
1690 3 1825 4 1530 3 1688 2 
1685 2 1693 1 1523 2 1818 1 
1207 2 1692 1 1817 1 1252 2 
2098 1 1680 3 338 2 232 1 
1696 4 76 3 2122 4 
2121 2 1695 4 1525 3 74 2 
1698 3 1858 4 490 3 1242 3 
489 3 1699 1 1697 3 1241 1 
1698 1 494 2 1700 1 1244 2 
1243 1 493 2 1701 1 1699 1 
1702 1 1246 1 492 1 1700 1 
491 2 1701 1 1703 1 1245 2 
498 1 1704 3 1248 2 1702 1 
1247 3 1705 3 1703 3 497 4 
1706 3 496 1 1250 1 1704 3 
1705 3 1149 3 1249 3 495 4 
735 2 1710 1 1708 1 1457 1 
1715 1 734 2 1707 1 1456 2 
1459 1 1710 1 1712 2 733 1 
1707 1 1458 3 732 1 1709 1 
1453 2 1712 2 1714 1 739 3 
1452 3 1711 2 738 2 1709 2 
1714 1 1455 3 1556 1 737 1 
1713 1 736 2 1711 1 1454 2 
1716 2 1769 2 1708 1 1461 1 
1715 2 740 3 1755 2 1460 2 
804 4 1881 3 1220 3 1718 3 
1719 2 2350 2 805 1 1717 3 
1718 2 796 2 1720 2 555 2 
1719 2 797 1 
1724 3 1432 4 1722 3 
1431 3 1727 3 1721 3 
1566 1 1434 2 1724 1 
1721 3 1433 1 1723 1 
1428 2 1726 1 1728 1 
1725 1 1427 2 
1728 3 1430 3 1722 3 
1727 3 1429 2 1725 1 
1079 2 1738 1 1730 2 194 1 
1078 3 120 3 1729 2 193 2 
1732 2 1075 3 192 2 1576 3 
191 1 1731 2 1074 2 1733 2 
1077 2 1734 2 1732 2 190 3 
189 1 1076 2 1735 2 1733 2 
1736 2 1071 2 1734 2 188 2 
1735 2 1070 1 1737 3 187 3 
1073 5 1738 3 1736 3 186 3 
1729 1 1737 3 185 1 1072 1 
1742 3 2172 3 2030 4 1740 4 
1310 3 2029 2 1739 4 1745 3 
1742 3 1748 3 1309 3 2032 4 
1741 3 1739 3 2031 1 1308 4 
2026 2 1744 2 1746 3 1307 3 
1743 2 1306 1 1910 3 2025 1 
1305 3 1740 3 1746 3 2028 3 
1743 3 1304 2 2027 3 1745 3 
1748 3 1447 4 2137 3 2024 4 
1747 3 1302 2 2023 2 1741 3 
2471 3 397 3 1750 3 1752 2 
2470 4 101 2 1749 3 396 3 
2473 1 395 2 82 3 1752 1 
394 1 1751 1 2472 1 1749 2 
1799 2 1754 2 1760 3 2481 3 
1590 1 1798 1 1753 2 2480 1 
1756 3 2477 3 1716 2 399 1 
1755 3 2476 4 81 4 398 3 
1758 3 1801 2 2489 4 102 3 
1757 3 1759 2 1800 2 2488 3 
1760 2 2487 2 1758 2 1803 1 
2486 3 1759 2 1753 3 1802 4 
1805 1 1762 2 2485 1 1914 1 
1761 2 1763 4 2213 3 1804 2 
2483 4 1807 5 1762 4 102 4 
101 4 2196 5 1584 5 402 4 
1766 2 1417 2 
1765 2 234 4 1416 3 1767 3 
1419 3 233 3 1766 3 1768 2 
338 2 1418 2 1767 2 232 1 
734 3 1050 2 1715 2 740 3 
2105 5 1948 3 
893 2 1772 2 
2405 2 892 3 1771 2 
1249 4 1149 4 1404 4 1774 4 
1403 1 1773 4 1148 1 1775 1 
1151 3 1774 1 1776 2 1415 2 
789 3 1777 2 1775 2 1150 2 
1778 1 1776 2 664 1 1153 1 
1152 1 1779 1 1777 1 663 1 
670 3 1780 1 1778 1 1155 3 
1779 1 1154 1 1781 2 669 1 
1780 2 1782 2 1157 3 668 4 
1648 3 1781 2 1156 2 667 2 
680 2 2308 4 1114 1 1784 1 
1113 1 1785 1 1783 1 2239 1 
1116 1 2306 2 1784 1 1786 2 
1785 2 1787 2 2307 4 1115 2 
1118 3 1788 1 1786 2 2304 1 
1789 2 2305 1 1787 1 1117 2 
1120 3 1788 2 2302 2 1790 3 
1791 3 2501 2 1789 3 1119 3 
1792 3 1122 2 1790 3 2300 2 
1791 3 2301 2 1638 2 1216 3 
62 2 2403 2 900 2 958 3 
1812 1 545 4 391 2 1797 1 
2406 3 963 2 1796 1 897 2 
962 2 896 2 1795 1 2401 1 
544 1 414 1 1794 1 390 3 
1799 1 1754 1 336 1 1980 1 
337 1 1802 3 1753 2 1798 1 
523 1 1801 1 1803 1 1758 2 
1800 1 1757 2 524 1 1806 1 
1799 3 521 4 1803 3 1760 4 
522 1 1800 1 1802 3 1759 1 
1805 1 519 1 1807 3 1762 2 
520 1 1761 1 1804 1 199 2 
517 1 1801 1 102 2 1807 3 
518 3 1763 5 1806 3 1804 3 
364 2 1255 1 366 1 695 3 
275 3 1810 2 910 5 2479 2 
1809 2 2478 1 1450 1 
2273 3 543 1 393 2 1812 1 
392 1 1794 1 542 2 1811 1 
2097 4 767 3 2332 2 761 2 
1344 3 921 2 760 4 376 3 
1343 2 379 3 1911 2 1816 3 
760 4 378 2 1342 3 1815 3 
1818 1 1693 1 1392 2 806 2 
1817 1 807 2 1692 1 1819 1 
1820 2 2138 1 1685 2 1818 1 
808 3 1819 2 1684 2 1821 3 
1687 2 1822 4 813 4 1820 3 
1686 3 1823 3 1821 4 2136 3 
1822 3 811 1 1689 1 1824 1 
1688 1 2134 2 1825 3 1823 1 
1826 3 1691 4 1824 3 809 4 
2021 1 1825 3 2131 2 1690 2 
767 2 2091 1 765 3 2330 4 
766 2 382 2 1346 2 1894 2 
1896 2 1830 2 970 3 774 2 
741 3 1895 1 971 1 1829 2 
1832 5 16 3 1471 3 1842 3 
1831 5 15 4 2042 4 1470 4 
1900 2 1834 4 974 2 2363 3 
1899 3 1833 4 1835 3 975 4 
1902 1 972 1 1834 3 1836 1 
985 2 973 2 1901 2 1835 1 
1838 3 1467 3 1840 1 26 2 
1837 3 1843 3 25 4 1466 3 
24 4 1659 1 1840 1 1469 1 
1468 2 1839 1 23 1 1837 1 
1844 2 30 2 1463 2 1842 3 
1462 4 29 2 1841 3 1831 3 
1844 1 1465 3 1838 3 28 1 
1841 2 1843 1 27 1 1464 2 
840 3 619 1 1846 1 50 3 
839 2 1853 1 1845 1 375 3 
2082 1 1848 2 803 2 1678 2 
2081 3 817 4 1847 2 802 2 
1856 1 1850 2 848 1 623 4 
622 3 1849 2 847 4 1851 2 
138 1 846 1 1852 2 1850 2 
137 2 2044 3 1851 2 845 2 
1854 1 1846 1 132 1 844 2 
1853 1 843 1 131 1 1855 1 
1856 1 1854 1 134 1 842 3 
1855 1 1849 1 841 2 133 1 
1271 2 539 2 2254 2 1526 2 
317 4 1036 3 1859 2 1697 4 
1860 1 316 2 1858 2 1035 1 
315 2 1859 1 1038 3 1861 2 
1037 3 1862 3 314 2 1860 2 
1861 3 1863 3 321 3 1032 4 
1031 2 320 2 1862 3 1864 3 
1865 2 1863 3 1034 3 319 2 
1866 2 1033 2 318 1 1864 2 
1030 3 1865 2 1867 2 313 2 
312 2 1866 2 791 1 1029 1 
474 2 1869 3 2001 2 1871 2 
1868 3 2075 2 2000 2 473 3 
1999 3 1873 3 476 2 1871 2 
1868 2 1998 3 1870 2 475 1 
470 1 1875 2 1997 2 1873 2 
1870 3 1996 2 469 4 1872 2 
1995 3 472 2 1875 3 1877 2 
1994 2 1874 3 471 2 1872 2 
478 1 1877 1 2368 2 1993 1 
1992 2 1876 1 1874 2 477 1 
71 3 527 2 1880 2 
1880 1 73 2 2386 1 324 2 
1879 1 72 1 1878 2 323 3 
630 1 1882 1 515 1 1717 3 
1881 1 516 1 1883 2 629 2 
1884 2 508 3 1882 2 632 2 
1885 2 1883 2 631 2 514 4 
1884 2 1886 4 634 2 501 2 
1887 5 1885 4 633 3 979 3 
1886 5 976 4 636 3 1888 4 
1889 3 635 2 1887 4 500 3 
1888 3 984 2 1890 2 638 3 
973 2 637 2 1889 2 985 2 
2465 3 639 2 1421 2 1892 2 
1365 1 2468 1 1893 1 1891 2 
2045 3 1362 2 1892 1 2467 3 
381 2 1911 2 1349 5 1828 2 
1898 3 1896 1 1830 1 1101 1 
1895 1 1829 2 1909 1 1100 2 
1900 1 1898 3 2363 2 1099 2 
1895 3 741 5 1897 3 1134 3 
1097 1 1834 3 1902 1 1900 1 
1897 1 1833 2 1096 2 1899 1 
1902 2 1836 2 1130 3 272 3 
1835 1 1901 2 1094 1 1899 1 
372 3 1904 2 2316 3 1215 2 
1903 2 367 1 2315 3 1905 2 
361 3 1906 2 2318 2 1904 2 
360 3 1905 2 2089 2 2317 1 
359 2 2320 2 1177 3 1908 3 
358 2 2319 2 1971 2 1907 3 
1896 1 774 1 1091 1 1910 3 
1744 3 768 4 1909 3 1090 3 
1894 2 1348 1 1815 2 380 3 
197 3 1913 4 1915 3 326 3 
325 2 1912 4 196 3 
1915 1 199 2 526 2 1761 1 
1914 1 525 1 198 1 1912 3 
451 1 1253 3 362 1 1251 3 
453 3 368 2 1257 3 1259 2 
1921 1 1919 1 2181 1 
1918 1 2180 3 
1921 2 357 2 2183 3 2106 2 
1918 1 2182 3 356 1 1920 2 
1932 2 1923 2 1943 1 1652 1 
1651 2 1924 3 1922 2 1942 2 
1923 3 1945 3 1650 2 1925 2 
1649 1 1926 2 1924 2 1944 1 
1925 2 1927 3 1656 3 1947 4 
1928 2 1926 3 1655 3 1946 2 
1949 1 1927 2 1654 1 1929 1 
1948 2 1653 2 1928 1 2105 4 
1935 2 727 2 1933 2 425 3 
1936 2 1941 3 1932 2 1658 1 
1657 4 1922 2 1931 2 1940 2 
424 3 724 3 1164 3 1930 2 
1935 4 1937 4 729 3 423 3 
1934 4 728 2 422 2 1930 2 
1931 2 421 3 731 2 1937 3 
1936 3 730 2 1934 4 420 4 
1939 3 76 2 207 2 
1938 3 206 3 650 2 74 2 
1943 1 1442 1 1941 3 1932 2 
1931 3 1441 4 731 3 1940 3 
1943 1 1945 2 1440 2 1923 2 
1942 1 1940 1 1439 2 1922 1 
1945 2 1947 3 1925 1 1438 1 
1942 2 1944 2 1924 3 1437 2 
1947 3 1436 1 1949 1 1927 2 
1946 3 1944 3 1435 4 1926 4 
1929 2 1949 2 1770 3 
1928 1 1948 2 1946 1 
1951 2 136 3 2140 3 1323 3 
135 3 1322 1 1958 2 1950 2 
128 1 1953 1 1955 1 1317 2 
1952 1 127 1 2456 1 1316 3 
130 3 2205 2 1957 2 1955 2 
129 1 1952 1 1314 2 1954 2 
1957 1 2207 3 124 1 1959 2 
1956 1 1320 2 123 1 1954 2 
1959 3 1951 2 1319 2 126 2 
1958 3 1318 2 1956 2 125 4 
1961 3 716 4 2156 4 2258 4 
1960 3 717 2 2257 1 1968 2 
1963 2 1965 2 723 2 2260 1 
1962 2 1639 3 2259 2 2275 2 
2262 1 1967 1 725 2 1965 2 
1962 2 726 2 2261 2 1964 2 
1969 2 2264 2 1967 1 719 2 
1964 1 1966 1 2263 2 720 1 
2266 2 721 2 1969 3 1961 2 
2265 4 1966 2 722 2 1968 3 
2048 2 642 1 2464 2 2046 2 
355 2 2322 2 1215 1 1908 2 
1973 2 1975 3 1983 3 679 2 
680 2 1578 2 1972 2 2308 4 
673 1 1977 3 1608 2 1975 2 
674 2 1607 2 1972 3 1974 2 
1977 4 671 3 1979 3 1594 2 
1976 4 1974 3 1593 3 672 3 
1981 3 677 2 1588 1 1979 2 
678 2 1587 4 1976 3 1978 2 
1590 1 675 1 1981 3 1798 1 
1978 3 1589 4 1980 3 676 3 
2469 2 1295 1 11 3 1988 1 
152 3 1578 3 1607 2 1972 3 
9 2 2469 2 1297 1 1985 1 
8 2 1296 2 890 1 1984 1 
1987 1 1298 1 14 2 
1986 1 13 1 1301 2 1988 1 
1300 3 12 1 1982 1 1987 1 
1991 4 326 2 213 2 
2199 3 1991 4 526 3 215 2 
525 3 1989 4 1990 4 214 3 
1877 2 1995 3 916 4 1993 2 
297 2 1876 1 2187 2 1992 2 
1875 2 311 2 1995 2 1997 2 
1874 3 920 2 1992 3 1994 2 
923 1 1999 2 1997 2 1873 2 
922 3 1996 2 1872 2 1994 2 
918 4 1999 4 1871 3 2001 3 
1870 3 1996 2 1998 4 917 2 
2001 1 1869 2 
1868 2 2000 1 919 1 1998 3 
235 4 1662 3 153 4 2003 3 
2010 1 1338 2 152 2 2002 3 
2005 2 239 1 2007 1 160 1 
2004 2 2195 3 238 3 159 3 
162 3 2007 2 237 3 2009 2 
2004 1 2006 2 161 1 236 1 
243 3 156 3 2011 2 2009 2 
155 2 242 1 2008 2 2006 2 
241 1 2003 1 158 1 2011 1 
240 1 2008 2 2010 1 157 1 
1000 1 2013 3 1510 2 1543 2 
1001 3 1542 3 2012 3 2014 3 
1545 1 998 1 2015 2 2013 3 
999 3 1544 2 2016 3 2014 2 
2015 3 1004 2 2017 2 1539 2 
1005 2 2018 2 2016 2 1538 4 
1002 3 2019 2 2017 2 1541 3 
1540 1 2018 2 2020 3 1003 3 
996 3 2019 3 2021 3 1547 3 
1826 1 1546 1 2020 3 997 1 
2438 1 2444 1 875 3 2409 1 
2032 3 2024 3 1748 2 1165 3 
2023 3 1166 2 1747 4 1211 3 
1173 2 768 2 1744 1 2026 1 
1743 2 2027 2 1174 1 2025 1 
2028 3 2026 2 1746 3 1171 2 
2027 3 1172 4 2029 2 1745 3 
1169 1 1740 2 2028 2 2030 2 
1170 2 2031 2 1739 4 2029 2 
2032 2 1167 1 2030 2 1742 1 
2023 3 2031 2 1741 4 1168 2 
585 1 1323 2 2208 1 2034 1 
2033 1 584 1 1322 1 2035 2 
583 3 2036 2 1319 2 2034 2 
1318 1 582 2 2035 2 2037 1 
581 1 2207 3 2036 1 2038 2 
580 3 1320 3 2039 3 2037 2 
579 3 2205 2 2038 3 2040 3 
2041 2 2039 3 1314 3 578 2 
2040 2 577 2 2042 1 1317 2 
1316 3 576 1 1832 4 2041 1 
875 3 2048 2 2044 2 2460 1 
2459 3 1852 3 864 2 2043 2 
1893 3 644 5 2046 4 2462 3 
2461 3 2045 4 1970 2 643 2 
2050 3 1563 2 
1970 2 641 2 2463 3 2043 2 
1561 1 2050 3 2052 1 1605 3 
1560 3 2049 3 2335 3 2047 3 
2052 1 1559 2 
2049 1 1558 2 2051 1 1606 1 
2056 2 2054 2 1381 2 1397 2 
2053 2 2058 2 1380 1 1396 5 
1379 3 2056 1 384 1 1399 1 
2053 2 1398 1 2055 1 1378 1 
1400 1 2059 1 1377 1 
2059 2 1375 2 2054 2 1402 2 
1401 4 2058 2 2057 1 1374 4 
2061 1 589 2 2361 3 2065 1 
2060 1 588 1 2362 1 
591 1 2069 1 1388 3 2063 1 
1389 2 2064 2 590 3 2062 1 
593 3 1386 2 2065 2 2063 2 
1387 1 592 1 2064 2 2060 1 
1392 2 595 1 2067 2 806 2 
1394 2 594 3 2068 4 2066 2 
1390 3 597 3 2067 4 2069 3 
1391 1 596 1 2068 3 2062 1 
292 3 2071 4 2073 3 
291 4 2074 4 2070 4 
2073 2 294 4 
2072 2 293 2 2070 3 
2075 2 2071 4 296 2 
1869 2 2074 2 295 3 
2077 2 233 2 2078 1 
2076 2 2098 2 232 2 
234 3 2076 1 
2080 1 327 3 
2079 1 328 1 
1848 3 2082 2 2086 2 1511 4 
1543 2 1510 2 2081 2 1847 1 
821 2 2084 2 
819 2 2085 3 2083 2 
2084 3 818 2 2086 2 
2081 2 817 3 1512 1 2085 2 
939 2 1177 3 2324 3 1049 3 
2089 2 759 2 2171 1 2093 1 
2088 2 2170 4 1906 2 758 2 
2167 2 767 3 2097 4 2091 2 
1827 1 2166 4 2090 2 2092 1 
2093 1 2169 1 2091 1 765 3 
2092 1 764 2 2168 1 2088 1 
2163 1 2095 2 1591 1 763 1 
2096 2 762 5 2162 4 2094 2 
2165 2 2095 2 2097 3 761 1 
2096 3 1813 4 2090 4 2164 3 
1694 1 2077 2 2099 1 
1680 3 2098 1 
625 3 2103 2 2101 1 150 1 
2100 1 624 2 149 2 
154 4 1278 3 628 3 2103 3 
2100 2 151 3 2102 3 627 3 
1521 3 2110 1 2105 4 
1520 4 1770 5 2104 4 1929 4 
2107 2 866 2 1920 2 
2106 2 865 3 2109 2 
6 2 285 2 297 2 217 2 
872 1 2107 2 
2104 1 1517 2 
2120 2 2159 1 2112 4 251 2 
250 5 2111 4 2113 5 2158 4 
2114 3 249 2 2161 3 2112 5 
2113 3 2115 2 248 2 2160 4 
2155 2 2114 2 2116 2 247 4 
2154 3 2115 2 2117 4 246 2 
2118 3 2116 4 2157 4 245 3 
2258 2 2117 3 244 2 2156 2 
2153 1 253 1 1341 2 2120 2 
252 2 2111 2 2152 4 2119 2 
1696 2 1404 1 2122 2 531 2 
2121 2 2125 2 1403 2 1695 4 
2126 2 2124 2 664 2 
2129 2 2123 2 663 1 
2122 2 1415 2 2126 1 
2123 2 789 2 2125 1 
2130 1 2128 1 668 3 
2127 1 667 2 912 1 
2130 2 2124 2 670 4 
2127 1 2129 2 669 1 
997 2 809 3 1826 2 441 2 
1219 3 72 2 1511 4 1217 3 
810 2 812 3 918 3 
1824 2 443 2 809 3 811 2 
923 1 814 2 812 2 2 1 
811 1 813 3 1822 3 445 3 
1747 3 890 1 1296 2 1302 2 
448 1 808 2 807 2 1819 1 
1105 3 2141 1 
2141 2 1103 2 1950 3 2458 2 
2140 2 2457 1 2139 1 1102 2 
127 1 2143 1 1629 1 2456 1 
2142 1 2455 1 1630 1 2146 2 
2145 1 2147 1 1633 1 2452 1 
2144 1 2150 2 1634 1 2451 1 
1631 2 2454 3 2147 2 2143 2 
2144 1 2146 2 2453 1 1632 3 
2151 3 1637 1 2448 1 2149 2 
2301 2 1638 2 2148 2 2447 2 
2450 2 1635 2 2145 2 2151 4 
2148 3 2449 3 1636 3 2150 4 
2120 4 2159 3 2153 3 892 4 
893 2 2119 1 2314 2 2152 3 
2155 3 2116 3 2157 3 898 2 
2115 2 2160 4 2154 3 899 3 
900 3 1960 4 2157 3 2118 2 
2154 3 901 2 2156 3 2117 4 
894 2 2161 2 2112 4 2159 1 
2111 1 2152 3 895 1 2158 1 
2155 4 2161 4 2114 4 896 4 
2160 4 2158 2 2113 3 897 3 
2423 4 2165 4 2095 4 2163 3 
2094 1 140 3 2162 3 2424 1 
2167 1 2165 2 2097 3 2425 3 
2096 2 2426 3 2162 4 2164 2 
2419 4 2167 4 2169 4 2091 4 
2420 1 2164 1 2090 2 2166 4 
2093 1 2421 2 2169 1 2171 1 
2166 4 2092 1 2168 1 2422 1 
2417 4 2171 3 2317 3 2089 4 
2418 1 2170 3 2088 1 2168 1 
1308 4 878 1 1739 3 1310 2 
355 2 2174 2 
2177 2 354 2 2173 2 820 2 
2176 1 361 2 2178 2 825 1 
2175 1 824 2 360 3 2326 1 
2174 2 2178 2 823 2 372 2 
2177 2 822 3 2175 2 367 2 
2180 4 75 3 
2179 4 79 4 2181 3 1919 3 
2182 3 80 1 2180 3 1918 1 
1921 3 2181 3 77 4 2183 4 
78 2 1920 3 2182 4 866 3 
2191 2 701 2 2185 2 2371 2 
2186 3 2370 2 700 1 2184 2 
2185 3 703 3 2369 3 2187 4 
702 3 1993 2 2368 3 2186 4 
2375 2 2189 2 697 1 2193 2 
696 3 2374 2 2188 2 2190 2 
2373 3 2191 1 699 1 2189 2 
698 1 2184 2 2372 3 2190 1 
2193 2 1602 2 2342 2 705 1 
2192 2 2364 2 704 2 2188 2 
2481 3 2195 3 32 3 2202 2 
2480 2 2194 3 31 2 2005 3 
1764 5 295 4 141 3 1051 2 
2483 2 2198 2 36 1 2200 1 
2203 2 2197 2 35 3 2482 3 
1990 3 2200 2 34 2 2485 2 
2213 2 2199 2 2197 1 33 3 
2487 2 2204 2 2202 1 40 1 
2486 2 39 2 2201 1 2194 2 
2198 2 2204 2 38 3 2489 3 
2203 2 2488 3 37 2 2201 2 
2039 2 1954 2 1314 2 1320 2 
833 1 874 1 1131 2 513 3 
1320 4 1956 3 2037 3 1318 3 
2033 1 2209 1 2312 2 1103 1 
1102 2 2208 1 2210 2 2310 1 
1105 4 2209 2 2211 2 2309 2 
1104 1 2303 1 2210 2 2212 1 
902 2 2211 1 
2200 2 1762 3 2483 3 2485 2 
2217 2 2215 1 1264 4 150 1 
2214 1 149 2 1263 1 
2217 2 1267 3 1421 1 154 3 
151 3 1266 2 2216 2 2214 2 
1049 2 939 1 
2341 1 93 1 2228 1 2220 2 
92 2 2219 2 2221 4 2340 2 
2220 4 95 4 2339 3 2222 4 
2223 2 2338 2 2221 4 94 3 
2222 2 2345 1 2224 1 97 1 
2225 2 2223 1 96 1 2344 1 
2226 2 2224 2 99 2 1339 2 
2225 2 1602 2 98 2 2342 2 
2228 1 211 1 91 1 2348 1 
2227 1 90 3 2219 1 2347 2 
2230 2 440 3 2349 2 1409 2 
439 2 2229 2 111 1 2235 2 
2232 1 104 2 2238 1 444 1 
2231 1 103 2 2233 1 443 1 
442 2 106 1 2234 2 2232 1 
441 2 2233 2 1641 3 105 2 
2236 3 108 3 448 2 2230 2 
2235 3 447 2 107 3 2237 2 
446 1 110 1 2236 2 2238 1 
109 1 2231 1 445 3 2237 1 
2308 4 2297 1 2306 2 1784 1 
1606 1 2241 2 
2242 2 2240 2 1605 4 
2241 2 2335 1 
208 3 2244 3 834 2 2245 2 
1341 3 2243 3 253 2 833 2 
1340 2 835 4 2243 2 
2249 3 2247 3 652 2 1258 4 
1522 3 2252 2 2246 3 651 4 
650 1 1525 2 2249 2 74 1 
2246 3 649 3 1524 2 2248 2 
2251 3 648 2 2253 2 1527 1 
2254 4 2250 3 1526 4 647 3 
646 1 2247 2 2253 2 1529 2 
645 2 1528 3 2250 2 2252 2 
2251 4 654 4 1857 2 2255 2 
2254 2 1271 2 653 1 
1652 1 1335 2 1303 2 108 2 
2266 1 1961 1 42 1 2258 2 
2118 2 41 2 2257 2 1960 4 
2260 1 50 3 1963 2 840 3 
2259 1 2261 1 49 3 1962 1 
48 2 2262 1 2260 1 1965 2 
2261 1 1964 1 2263 2 47 2 
46 2 2262 2 2264 3 1967 2 
2265 4 45 2 1966 2 2263 3 
2264 4 1969 4 2266 3 44 3 
1968 2 2257 1 2265 3 43 1 
1264 4 2270 1 2268 3 1515 1 
1263 3 1516 3 2267 3 
2270 2 1267 4 2441 4 1513 3 
2269 2 1266 1 2267 1 1514 2 
387 3 2273 3 2278 1 549 1 
284 2 912 1 
386 3 1811 3 548 4 2271 3 
389 1 2278 1 547 1 1315 1 
840 3 2276 3 1963 2 706 1 
2275 3 839 4 2285 3 707 5 
106 4 1654 4 1311 5 1313 4 
2274 1 546 1 2271 1 388 2 
846 2 712 4 2280 3 2282 2 
713 2 2438 2 2279 3 845 2 
714 3 2282 2 2284 3 848 2 
2281 2 715 1 847 3 2279 2 
842 4 2284 3 2286 2 708 4 
841 3 2283 3 709 2 2281 3 
710 2 2286 1 844 2 2276 3 
711 1 843 1 2285 1 2283 2 
1514 2 371 1 413 1 411 3 
408 3 410 3 2427 3 
2447 3 2301 3 1620 3 2290 4 
2300 2 2291 2 1619 3 2289 4 
2501 1 2290 2 2292 1 1628 3 
2302 1 2291 1 1627 2 2293 2 
1626 3 2294 2 2305 2 2292 2 
2304 1 2295 3 1625 1 2293 2 
1624 3 2296 3 2294 3 2307 5 
2295 3 1623 2 2297 1 2306 2 
2298 1 2239 1 2296 1 1622 2 
1621 1 2297 1 1578 2 2308 4 
695 3 412 1 366 1 
2290 2 2301 1 2501 1 1791 2 
2149 2 2289 3 1792 2 2300 1 
2292 1 2501 1 1789 2 2305 1 
2309 1 823 2 2211 1 902 2 
2294 1 1787 1 2305 1 2307 3 
1788 1 2293 2 2302 1 2304 1 
1785 2 2307 4 2239 2 2296 2 
2306 4 2295 5 1786 4 2304 3 
2239 4 2298 4 1783 4 1973 4 
2310 1 2303 1 822 2 2210 2 
2309 1 825 1 2312 2 2209 1 
2357 1 449 1 2484 1 1269 3 
2208 2 2310 2 824 3 585 2 
1132 2 2314 2 208 2 
1133 4 2313 2 1341 3 2153 2 
2316 4 2318 3 96 3 1904 3 
2315 4 1903 3 97 2 2321 2 
2318 1 2170 3 98 2 1906 1 
2317 1 2315 3 99 1 1905 2 
92 1 1908 2 2322 2 2320 1 
1907 2 2323 1 2319 1 93 1 
1215 1 2316 2 94 2 2322 2 
95 3 1971 2 2319 2 2321 2 
90 3 1177 2 2320 1 2324 2 
2087 3 658 3 2323 2 91 2 
2326 1 759 2 621 2 2328 2 
2325 1 758 1 2176 1 620 3 
765 3 614 1 2330 4 2328 2 
2325 2 764 3 613 2 2327 2 
767 2 612 2 2332 1 2330 4 
611 4 2327 4 2329 4 1827 4 
2332 1 618 1 2334 1 761 1 
2331 1 617 2 2329 1 1813 2 
763 2 616 4 2499 3 2334 2 
2331 1 615 1 762 4 2333 2 
2050 3 2242 1 1605 3 
210 3 2337 3 
656 2 2343 2 209 2 2336 3 
2339 1 2222 2 543 1 2345 1 
542 2 2338 1 2340 1 2221 3 
2341 1 2339 1 545 4 2220 2 
2219 1 2340 1 2347 2 544 1 
547 2 2192 2 2226 2 1339 2 
2337 2 657 1 2346 2 212 1 
2345 1 549 1 1339 1 2224 1 
2344 1 2223 1 2338 1 548 2 
91 2 211 2 2343 2 658 3 
2341 2 551 4 2348 2 2228 2 
550 2 2347 2 2227 1 1159 1 
2229 2 1083 3 111 1 1332 1 
927 3 1718 2 555 2 1220 2 
1283 2 2354 1 1270 3 2352 1 
1269 3 2357 1 1282 2 2351 1 
1285 2 1268 2 2360 1 2354 1 
2351 1 1265 1 1284 1 2353 1 
1287 4 2356 4 2358 4 1262 3 
2506 2 2355 4 1286 2 1261 2 
2311 1 2352 1 1289 1 2358 2 
1288 2 2355 4 2357 2 2484 2 
1291 2 2360 1 1121 1 2379 1 
2359 1 2366 2 1290 1 2353 1 
1387 3 2060 3 1642 4 2362 3 
2061 1 1198 1 2361 3 
969 2 1897 2 741 4 1833 3 
2375 2 1602 2 2193 2 2418 1 
862 3 850 2 60 2 905 4 
458 2 2379 2 1268 3 2360 2 
1404 1 531 2 2390 2 1249 1 
2369 2 1876 2 2424 2 2187 3 
2423 2 2368 2 2370 2 2186 3 
2185 2 2426 3 2371 2 2369 2 
2372 3 2370 2 2184 2 2425 3 
2191 3 2371 3 2373 5 2420 3 
2419 3 2372 5 2374 3 2190 3 
2375 2 2422 1 2373 3 2189 2 
2374 2 2421 3 2364 2 2188 2 
687 1 100 2 859 1 1370 1 
554 4 536 3 552 3 1246 3 
908 2 55 2 853 4 2381 3 
2366 2 457 2 991 1 2359 1 
2436 3 1646 2 1641 3 283 2 
54 3 2385 2 2378 3 911 3 
2432 2 2383 2 2389 4 277 3 
2384 1 2431 1 2382 2 276 1 
1646 1 2383 1 1451 1 2434 2 
2479 1 53 2 910 4 2381 2 
2428 3 281 2 2387 3 1879 1 
2388 3 2427 3 280 4 2386 3 
2387 3 2389 3 279 3 2430 1 
2429 3 278 3 2388 3 2382 4 
528 2 1250 2 532 3 2367 2 
519 1 1342 2 760 3 1344 2 
433 2 435 1 2509 1 463 1 
2408 3 1059 4 2394 4 241 3 
240 2 1058 2 2393 4 2395 2 
243 2 1057 1 2396 1 2394 2 
2397 3 1056 1 2395 1 242 1 
2396 3 2398 3 237 4 1055 4 
2399 1 236 1 2397 3 1054 2 
2398 1 1053 1 2400 1 239 1 
2399 1 52 2 238 2 1052 1 
2402 1 1796 1 899 2 961 2 
2401 1 898 1 2403 2 960 3 
1793 2 959 3 2402 2 901 2 
435 2 2511 4 461 2 2437 3 
1772 2 2406 3 895 1 
1795 3 894 4 964 4 2405 3 
235 2 1011 4 903 2 2408 1 
2393 3 1338 2 1050 1 2407 1 
885 2 1017 2 112 2 2022 1 
1435 2 2411 1 
1438 1 2410 1 2412 1 
2413 3 1437 1 2411 1 
2412 3 2414 4 871 3 1440 4 
872 2 2413 4 1439 3 2415 3 
2416 3 865 3 1442 2 2414 3 
2415 3 78 2 1441 3 866 3 
2170 4 1602 3 2418 2 98 3 
2171 1 2417 2 2364 1 2421 2 
2373 3 2166 4 2420 1 2422 1 
2167 1 2419 1 2372 3 2425 3 
2375 3 2168 2 2422 2 2418 2 
2374 1 2421 2 2419 1 2169 1 
2424 2 2162 4 2369 2 2426 3 
2423 2 478 1 2368 2 2163 1 
2426 4 2164 3 2420 3 2371 3 
2165 3 2370 3 2425 4 2423 3 
2387 3 2430 1 2288 3 2428 3 
2386 3 410 3 2427 3 324 4 
2389 3 2432 1 409 1 2430 1 
408 1 2427 1 2429 1 2388 1 
2383 1 2432 1 407 3 2434 2 
2382 2 2431 1 2429 1 406 1 
2434 3 1646 2 2436 3 405 2 
2433 3 2384 2 404 2 2431 2 
1641 2 2436 2 419 1 105 1 
418 3 2380 3 2435 2 2433 3 
462 3 2512 3 254 2 2404 3 
2022 1 112 2 2280 2 864 1 
1365 2 888 2 2440 2 2442 2 
2445 1 2439 2 1362 2 889 2 
640 4 2269 4 121 3 2442 3 
122 3 2439 2 639 1 2441 3 
642 2 2444 2 2446 2 884 3 
641 1 2443 2 885 2 2022 1 
2440 1 644 3 886 2 2446 1 
643 1 2443 2 887 3 2445 1 
1469 1 2289 3 2149 2 2448 1 
2148 1 1468 2 2447 1 2449 1 
2450 1 1467 3 2151 3 2448 1 
2150 2 2449 1 1466 1 2451 1 
2450 1 2452 1 2145 1 1465 3 
1464 2 2453 1 2144 1 2451 1 
2452 1 2454 2 1463 1 2147 1 
2455 2 2453 2 2146 3 1462 4 
2454 2 2143 1 1471 2 2456 1 
1953 1 1470 1 2142 1 2455 1 
1336 1 2458 1 2141 1 
1337 2 136 2 2457 1 2140 2 
2460 2 1281 3 2044 3 137 2 
2459 2 1280 1 2463 2 2043 1 
2462 2 2046 3 1275 2 2464 3 
2461 2 2467 3 1274 1 2045 3 
2048 3 2464 3 2460 2 1273 3 
1970 2 2463 3 1272 2 2461 3 
1891 3 1279 3 2468 2 2466 3 
1278 3 1421 2 154 4 2465 3 
1277 4 2462 3 2468 3 1893 3 
1892 1 1276 1 2467 3 2465 2 
1982 2 10 3 1294 2 1984 2 
1750 4 291 4 2471 4 1051 3 
1749 3 292 3 2472 2 2470 4 
293 1 2471 2 1752 1 2473 1 
1751 1 2474 1 294 4 2472 1 
82 3 287 1 2473 1 2475 1 
2476 2 288 2 2474 1 81 2 
2475 2 1756 4 2477 4 289 3 
1755 3 2476 4 290 3 1460 3 
2479 1 1424 3 1810 1 
2478 1 2385 1 1423 2 1809 2 
159 2 2481 2 2195 2 1754 1 
2194 3 2480 2 2486 3 1753 3 
102 3 2483 3 2489 4 2198 3 
2197 2 2482 3 1763 4 2213 3 
450 2 1262 1 2311 1 2358 2 
526 2 1761 1 2199 2 2213 2 
1760 3 2202 2 2481 3 2487 3 
2488 3 1759 2 2486 3 2201 2 
2204 3 2487 3 1758 3 2489 4 
2203 3 2482 4 1757 4 2488 4 
1248 3 534 2 528 2 552 2 
1230 2 2492 2 2498 1 571 1 
2491 2 570 3 1229 2 2493 3 
573 2 1228 3 2494 2 2492 3 
1227 1 572 1 2493 2 174 3 
2496 2 2500 3 567 2 1226 2 
1225 1 2495 2 2497 1 566 1 
2496 1 1224 2 2498 1 569 2 
568 2 2491 1 1223 2 2497 1 
2500 3 575 2 2333 3 1222 3 
2499 3 1221 2 2495 3 574 3 
2291 1 2302 1 2300 1 1790 2 
2504 3 1027 3 2503 4 1383 3 
1382 3 1026 2 2505 4 2502 4 
2502 3 1028 3 
1385 4 1039 5 2506 3 2503 4 
2356 2 1384 2 2505 3 965 1 
1240 1 778 1 2508 3 430 1 
1239 4 429 3 2513 3 2507 3 
1234 2 2510 1 2392 1 2516 1 
435 1 2509 1 1233 1 2511 3 
2510 3 2404 4 2512 4 1232 3 
176 2 2511 4 2437 3 1231 2 
1238 2 432 2 2508 3 2514 2 
431 3 2515 2 1237 3 2513 2 
2516 1 2514 2 434 2 1236 1 
433 2 2515 1 1235 1 2509 1 
873 2 863 3 659 1 304 1 
303 2 662 1 868 3 2519 2 
863 4 302 3 2518 2 661 2 
