2429 4736 001
2 2 4 2 351 2 1895 4 
1 2 350 2 1894 1 176 2 
4 2 6 3 1887 2 359 5 
3 2 1886 2 1 2 358 1 
6 2 357 1 1889 1 8 1 
5 2 3 3 1888 2 356 2 
8 4 355 4 1891 4 10 5 
354 1 7 4 1890 1 5 1 
10 3 2284 2 1893 2 353 3 
9 3 352 2 1892 2 7 5 
1312 1 108 1 12 1 793 1 
107 5 11 1 26 1 1311 1 
110 1 2034 2 793 1 1310 1 
15 2 2146 3 1117 2 812 3 
14 2 20 3 811 2 1111 1 
2146 3 810 2 1433 2 24 3 
1672 2 794 2 1472 2 792 3 
808 3 2368 3 21 3 19 2 
2367 2 18 2 807 3 190 2 
1137 3 15 3 806 3 21 4 
805 3 1136 4 18 3 20 4 
1308 1 104 1 25 1 27 2 
1429 1 2241 1 804 2 24 2 
1428 2 803 2 16 3 23 2 
103 2 798 2 1307 2 22 1 
106 1 27 2 12 1 1306 1 
26 2 105 4 22 2 1305 4 
2302 3 29 1 909 2 522 2 
28 1 521 3 910 2 30 1 
2023 1 896 1 29 1 
2162 1 32 1 522 2 556 2 
521 3 31 1 
2058 2 34 2 2042 3 2062 2 
2061 1 33 2 35 2 2057 2 
2064 3 34 2 2055 3 36 3 
2038 3 37 2 2063 3 35 3 
2066 1 38 2 36 2 2076 1 
2071 2 2065 3 37 2 43 2 
421 3 389 1 40 2 897 1 
620 3 388 4 1270 3 39 2 
42 1 49 1 1314 2 1670 1 
2323 2 41 1 1313 1 1918 1 
2067 2 38 2 
47 3 45 2 1925 2 1849 2 
44 2 1848 1 1924 1 50 1 
1389 1 47 2 
44 3 1380 2 1926 3 46 2 
51 2 1845 1 1692 1 49 1 
1844 2 41 1 360 3 48 1 
1843 3 51 2 1930 2 45 1 
48 2 1929 2 50 2 1842 2 
2074 2 53 2 55 2 411 2 
410 2 52 2 2073 2 58 1 
55 3 218 3 2334 3 409 3 
54 3 408 4 2075 4 52 2 
407 3 57 2 59 5 2078 3 
62 2 406 1 2077 3 56 2 
2080 1 53 1 405 2 59 4 
404 4 2079 5 58 4 56 5 
61 3 67 4 1612 4 1860 4 
1859 3 60 3 1611 3 446 1 
57 2 2070 2 63 2 403 2 
2069 1 402 4 62 2 1334 2 
1615 2 227 1 1864 1 65 4 
66 4 1863 5 64 4 1614 4 
65 4 1617 4 67 2 1862 2 
1616 2 60 4 66 2 1861 2 
189 1 1231 2 88 3 1291 2 
391 2 1158 2 1164 3 676 3 
73 2 71 2 606 2 192 2 
70 2 2345 3 191 2 605 2 
615 2 73 3 1101 2 75 2 
70 2 72 3 614 4 1100 2 
75 4 77 4 613 4 1103 4 
612 2 1102 1 74 4 72 2 
1107 4 79 4 77 2 611 3 
610 1 74 4 76 2 1104 1 
244 4 79 4 609 3 1109 2 
76 4 78 4 608 3 1108 5 
258 3 510 2 735 2 81 3 
734 3 509 3 80 3 84 2 
87 5 83 4 504 4 729 4 
728 1 503 2 82 4 
733 2 85 1 506 1 81 2 
505 2 732 2 84 1 86 1 
87 2 731 1 508 2 85 1 
86 2 82 5 730 2 507 3 
1292 4 68 3 2367 4 190 4 
90 3 170 4 272 3 689 3 
89 3 91 3 690 1 2056 1 
90 3 92 3 691 3 2054 4 
91 3 2053 2 
1566 2 1224 1 
1768 3 836 3 95 3 1234 2 
1767 2 1229 5 835 4 94 3 
1232 3 188 2 97 2 1284 2 
1283 1 96 2 121 1 187 1 
1561 2 2365 3 1227 3 99 3 
2364 2 1560 5 2104 2 98 3 
131 3 137 4 184 3 1288 2 
799 2 1928 1 102 2 291 2 
798 3 103 3 101 2 1927 2 
1919 4 25 2 102 3 104 2 
22 1 1668 2 103 2 105 3 
1917 3 106 3 27 4 104 3 
107 5 26 1 105 3 1916 3 
106 5 12 5 1923 5 108 5 
109 1 107 5 11 1 1922 3 
793 1 108 1 1921 3 110 1 
13 1 1920 1 109 1 1316 1 
2131 1 112 2 1952 2 118 1 
2130 2 1951 3 113 3 111 2 
2133 3 1950 3 112 3 114 3 
1949 2 2132 4 2378 2 113 3 
2135 2 116 4 120 3 1956 3 
1955 4 117 3 115 4 2134 3 
578 3 118 1 116 3 1954 2 
117 1 1953 2 577 1 111 1 
120 2 1942 2 581 1 295 3 
119 2 580 4 115 3 1941 2 
182 2 1290 3 131 2 97 1 
1899 2 1405 1 1063 3 2191 1 
1985 2 124 3 130 3 2187 2 
2186 3 123 3 125 3 1984 3 
1987 1 2185 2 126 3 124 3 
2184 3 125 3 1986 4 314 4 
128 1 1981 3 
1980 2 127 1 2190 2 129 1 
130 3 1983 2 2189 1 128 1 
1982 4 129 3 2188 4 123 3 
100 3 181 5 1289 2 121 2 
2384 3 1086 3 
134 3 2189 1 135 1 
133 3 136 4 2188 4 
2190 2 133 1 
134 4 2187 3 
1287 4 100 4 2412 3 183 3 
145 2 751 2 139 3 2272 3 
750 3 140 2 2271 2 138 3 
2270 4 139 2 753 1 141 3 
2269 3 146 4 752 4 140 3 
747 3 2276 2 2409 3 143 2 
144 1 2275 2 746 1 142 2 
143 1 749 1 2274 2 145 1 
2273 2 748 3 138 2 144 1 
2268 2 755 2 147 2 141 4 
2267 2 754 2 146 2 1012 3 
153 5 192 5 1548 4 149 5 
2397 2 1547 2 191 2 148 5 
151 3 1540 2 157 4 1103 1 
152 3 1539 4 150 3 1102 3 
151 3 1542 1 1101 1 153 2 
148 5 1541 3 152 2 1100 2 
155 3 1544 4 1109 2 977 2 
154 3 1543 3 156 2 1108 4 
1107 3 157 4 1546 1 155 2 
150 4 1104 4 156 4 1545 4 
365 2 581 1 765 1 159 1 
580 3 158 1 162 1 764 3 
161 3 578 5 757 3 163 3 
160 3 756 3 577 1 166 2 
163 1 759 3 159 1 2135 1 
162 1 2134 1 758 1 160 3 
2133 2 167 1 761 3 165 1 
1719 1 760 3 164 1 2132 3 
167 2 161 2 2131 2 763 2 
164 1 166 2 2130 1 762 2 
2113 2 203 2 1073 3 169 2 
1072 1 1251 1 2112 2 168 2 
89 4 1893 2 2056 2 2284 2 
172 1 846 2 677 3 371 3 
171 1 845 3 676 2 177 2 
180 1 669 1 174 1 840 1 
668 1 839 3 173 1 175 1 
176 2 671 1 174 1 838 2 
2 2 175 2 837 3 670 4 
844 2 178 4 673 2 172 2 
843 3 672 4 177 4 179 3 
675 1 842 2 178 3 180 1 
674 1 841 1 173 1 179 1 
182 5 131 5 184 5 654 5 
181 5 121 2 187 2 653 2 
1408 1 137 3 652 1 184 2 
100 3 181 5 651 2 183 2 
1232 2 188 1 1559 1 186 1 
189 1 1231 2 649 1 185 1 
648 2 182 2 188 1 97 1 
185 1 96 2 647 2 187 1 
68 1 186 1 646 1 190 2 
189 2 645 2 88 4 19 2 
71 2 192 2 149 2 379 1 
148 5 191 2 1100 2 70 2 
194 1 547 2 202 1 710 1 
546 2 193 1 195 2 709 1 
545 3 194 2 712 2 196 2 
544 1 711 3 197 1 195 2 
714 1 196 1 198 1 551 1 
550 2 199 3 713 3 197 1 
200 3 198 3 715 3 549 4 
199 3 548 2 
543 3 202 1 2118 1 708 2 
201 1 193 1 542 2 707 1 
1066 2 168 2 2110 3 
206 4 1357 1 
390 3 206 4 2287 2 663 2 
204 4 2286 4 205 4 1359 4 
1038 2 2200 2 1525 2 1551 1 
856 2 211 2 209 1 1992 1 
1991 2 214 2 855 2 208 1 
854 3 211 3 217 2 2109 2 
1993 3 853 2 210 3 208 2 
213 3 852 2 1996 2 215 2 
212 3 851 3 1803 2 1995 2 
215 2 1998 3 850 3 209 2 
214 2 212 2 1997 2 849 1 
415 1 848 2 217 1 2101 1 
847 2 1989 2 216 1 210 2 
2075 4 2223 1 54 3 2245 2 
428 3 2180 3 1694 3 220 5 
2179 3 221 3 219 5 1695 5 
222 1 1693 1 220 3 2176 2 
221 1 223 3 1067 3 2175 2 
222 3 2174 3 1068 4 224 4 
225 2 2173 3 223 4 1069 2 
224 2 2178 2 1064 2 226 3 
2177 3 1065 4 225 3 
2355 2 228 2 1447 1 64 1 
227 2 2354 3 235 3 1446 2 
1439 3 232 3 2363 4 230 4 
2362 3 1438 4 441 3 229 4 
232 2 234 1 1441 2 2361 1 
1440 2 2360 2 231 2 229 3 
2359 2 234 2 1443 4 236 3 
233 2 231 1 1442 2 2358 1 
236 3 1445 2 2357 3 228 3 
2356 2 235 3 1444 2 233 3 
451 2 1489 1 238 1 2159 1 
241 1 2158 3 237 1 1488 2 
240 1 1497 1 2157 1 242 1 
239 1 2156 1 
1499 2 238 1 2155 1 242 1 
2154 2 239 1 241 1 1498 1 
246 2 1276 2 2144 2 1587 1 
78 4 1399 3 245 3 1119 4 
251 3 1398 1 244 3 1118 2 
1586 3 243 2 1450 4 2145 3 
254 2 248 1 1113 2 1391 1 
247 1 1390 1 1112 1 249 1 
1907 1 1393 3 250 1 248 1 
1392 1 1110 1 458 1 249 1 
1395 3 245 3 252 5 1940 3 
1116 3 253 4 1394 3 251 5 
252 4 1397 3 1115 2 254 3 
247 2 1114 2 253 3 1396 2 
265 4 335 3 575 3 256 5 
2164 3 574 3 334 4 255 5 
374 1 431 2 1046 2 392 2 
569 4 80 3 331 3 259 3 
568 2 330 2 258 3 260 2 
567 1 261 1 333 1 259 2 
262 2 260 1 332 3 566 2 
261 2 573 2 327 3 263 3 
572 3 326 2 264 2 262 3 
329 2 263 2 571 1 265 2 
255 4 570 2 328 4 264 2 
267 2 1895 3 271 1 542 2 
266 2 1894 2 1167 2 543 4 
1889 1 269 1 275 3 544 1 
545 2 268 1 1888 1 270 3 
271 3 1887 3 546 4 269 3 
266 1 270 3 547 2 1886 2 
548 2 1893 1 273 1 89 3 
1892 1 549 2 272 1 274 2 
275 4 550 3 273 2 1891 2 
551 3 1890 3 274 4 268 3 
2060 3 473 5 1885 3 277 4 
2059 3 283 3 1884 4 276 4 
2137 4 688 4 1279 3 1590 3 
282 4 1879 4 280 3 2066 3 
1878 3 2065 2 279 3 
1881 4 2064 3 284 3 282 3 
279 4 1880 3 281 3 2063 3 
277 3 1883 2 2062 1 284 2 
1882 2 2061 2 281 3 283 2 
632 1 290 1 1750 1 286 1 
631 2 285 1 627 2 484 2 
623 2 294 2 1738 2 288 2 
622 3 289 3 1737 4 287 2 
290 2 1736 4 625 4 288 3 
624 1 289 2 285 1 1735 2 
292 2 1742 4 1448 3 101 2 
293 1 291 2 1741 1 626 1 
292 1 294 2 629 2 1740 2 
293 2 1739 2 287 2 628 3 
1766 4 1975 3 296 3 119 3 
297 1 295 3 1765 1 1974 1 
298 2 1977 3 296 1 1764 1 
297 2 1763 4 299 2 1976 3 
300 1 1770 1 298 2 1971 3 
299 1 1970 1 301 2 1769 3 
302 2 300 2 1973 4 1768 3 
1767 1 301 2 1972 2 303 2 
1979 2 1762 2 304 2 302 2 
1761 3 490 3 303 2 1978 1 
1817 5 306 3 2202 3 2046 4 
1816 1 305 3 307 3 2045 1 
2044 3 308 3 306 3 1819 3 
1818 1 2043 3 307 3 309 1 
2050 2 1821 2 310 2 308 1 
2049 3 309 2 311 3 1820 2 
312 4 310 3 1823 3 2048 2 
1822 3 2047 3 311 4 313 3 
314 2 1815 2 2040 1 312 3 
313 2 2039 3 1814 3 126 4 
318 2 316 2 932 2 337 4 
315 2 336 1 
318 2 2212 2 930 2 339 3 
317 2 315 2 338 2 824 3 
320 2 2044 2 2106 4 322 3 
319 2 324 3 2043 3 2105 1 
322 2 2046 2 2104 1 1560 4 
321 2 2045 2 319 3 2103 2 
2048 1 325 2 
2050 4 320 3 325 4 2102 3 
2049 3 323 2 324 4 
263 2 1326 1 327 2 329 2 
332 4 326 2 262 3 1325 3 
1324 3 329 4 265 4 335 3 
264 2 1323 3 328 4 326 2 
259 2 333 1 331 2 537 2 
510 2 330 2 1321 2 258 3 
261 3 327 4 333 3 1320 3 
330 1 332 3 1319 1 260 1 
1920 2 335 2 1316 2 256 4 
1315 1 255 3 334 2 328 3 
337 3 2244 1 316 1 
2243 4 336 3 315 4 338 4 
318 2 2242 3 339 3 337 4 
804 3 338 3 2241 2 317 3 
642 2 341 4 1591 3 1517 1 
342 4 641 4 340 4 1590 4 
341 4 636 3 1581 2 343 2 
344 3 635 3 342 2 1580 4 
345 3 343 3 1583 2 634 3 
344 3 346 3 1582 2 633 3 
347 4 345 3 1585 2 640 4 
639 4 346 4 348 3 1584 3 
347 3 638 1 1587 1 349 1 
1586 2 637 1 512 1 348 1 
2 2 837 3 351 2 2254 2 
2253 2 350 2 1 2 358 1 
353 2 2246 1 355 1 10 2 
352 2 536 2 2245 3 9 3 
8 1 357 1 355 1 2248 2 
354 1 2247 1 352 1 7 4 
2250 1 357 1 6 2 359 4 
354 1 5 1 356 1 2249 2 
4 1 2252 1 351 1 359 4 
356 4 3 5 2251 4 358 4 
1692 3 1883 4 49 3 1670 3 
362 4 368 2 1979 2 591 3 
2266 3 361 4 1978 3 590 3 
1977 3 587 1 366 1 364 1 
1976 2 363 1 369 1 586 3 
589 2 158 2 366 2 1975 2 
365 2 588 1 1974 1 363 1 
583 3 368 2 370 2 1973 4 
1972 2 361 2 367 2 582 1 
370 1 585 1 364 1 1971 3 
369 1 584 1 1970 1 367 2 
524 3 372 3 171 3 682 3 
681 2 371 3 373 1 523 4 
525 1 680 2 372 1 
257 1 1047 2 1274 1 430 1 
382 2 2388 2 376 2 2349 4 
377 2 375 2 2348 2 2387 1 
376 2 2351 3 2386 3 378 2 
2350 1 1228 1 377 2 383 3 
380 1 2345 2 191 1 2397 1 
2344 2 379 1 2393 2 381 1 
380 1 382 1 2390 2 2347 1 
2389 1 375 2 2346 1 381 1 
2413 3 384 3 2353 4 378 3 
383 3 2352 1 
789 2 421 4 389 2 386 3 
387 2 1630 2 385 3 
386 2 412 2 
1215 3 40 4 389 3 787 5 
786 2 385 2 39 1 388 3 
2111 3 205 3 1158 3 391 3 
69 2 2110 3 399 2 390 3 
1053 3 401 3 257 2 424 2 
396 3 2119 1 1166 1 394 1 
2118 1 1167 1 543 3 393 1 
398 1 396 3 2117 2 2107 1 
2116 5 393 3 395 3 2108 5 
400 4 398 2 1162 2 2115 2 
395 1 397 2 2114 2 1163 2 
400 4 1164 3 391 2 2113 2 
397 4 1165 3 399 4 2112 4 
1052 3 425 2 392 3 2181 3 
63 4 1995 4 1803 4 403 4 
406 1 1802 2 62 2 402 4 
59 4 405 2 1795 1 407 2 
1794 2 410 3 404 2 58 2 
57 1 407 2 403 1 1797 2 
406 2 56 3 1796 2 404 2 
1799 4 55 4 411 4 409 4 
1798 2 553 2 54 3 408 4 
53 2 405 3 1801 2 411 2 
408 4 1800 1 410 2 52 2 
907 2 1630 2 387 2 
416 2 1837 2 414 2 698 4 
697 2 1836 2 413 2 419 3 
696 2 416 1 1839 2 216 1 
413 2 1838 2 695 1 415 1 
418 3 420 2 1833 3 694 3 
417 3 693 2 1832 2 
420 3 692 3 414 3 727 3 
417 2 419 3 1029 2 1865 3 
1618 4 39 3 385 4 1630 3 
423 2 2035 1 427 1 1281 1 
422 2 2034 3 1282 2 1310 2 
431 2 425 1 392 2 2028 1 
424 1 401 2 2027 2 426 2 
2026 3 2181 3 427 2 425 2 
2025 1 422 1 426 2 1280 2 
219 3 1273 4 429 1 2032 1 
430 1 2031 1 428 1 1274 1 
429 1 431 2 2030 2 374 1 
257 2 424 2 430 2 2029 4 
1244 3 433 4 2170 3 435 3 
440 2 1243 2 2169 2 432 4 
2168 3 437 2 435 2 1246 2 
1245 1 434 2 2167 1 432 3 
1240 1 437 1 439 3 2166 3 
1239 2 2165 2 436 1 434 2 
1242 1 2164 1 439 3 574 1 
436 3 438 3 1241 3 2163 3 
433 2 1248 1 441 1 2172 2 
2171 1 1247 1 440 1 230 3 
443 3 919 1 565 2 
442 3 920 4 444 4 564 3 
921 4 563 3 443 4 445 3 
922 2 562 4 650 2 444 3 
1613 1 61 1 1858 1 
448 1 454 1 2010 1 1338 1 
447 1 1337 2 2009 2 576 2 
450 2 603 1 452 2 2008 1 
2007 3 602 2 449 2 455 2 
237 2 1344 2 2006 2 452 3 
2005 3 604 5 449 2 451 3 
2004 5 454 4 2024 4 456 4 
447 1 2003 1 2011 2 453 4 
617 1 456 1 2002 3 450 2 
2001 2 455 1 1347 4 453 4 
466 3 1202 5 458 3 943 4 
1201 1 457 3 942 1 250 1 
936 3 460 2 1198 3 579 3 
1197 1 459 2 461 1 935 1 
1200 1 462 1 460 1 934 2 
461 1 933 1 1199 1 463 2 
940 2 464 3 1194 4 462 2 
465 2 463 3 1193 2 939 2 
464 2 1196 1 938 1 466 1 
457 3 937 1 465 1 1195 1 
1704 4 468 3 470 4 1903 5 
467 3 1902 1 481 1 1703 1 
1901 2 1706 2 472 2 470 2 
1900 2 467 4 469 2 1705 2 
474 2 472 3 1899 3 1700 2 
1699 4 471 3 469 2 1898 3 
276 5 1702 5 474 4 1897 4 
471 2 1701 3 473 4 1896 3 
922 1 476 1 631 2 484 2 
475 1 483 3 477 2 921 3 
920 3 486 3 478 3 476 2 
919 2 477 3 479 3 485 2 
488 5 478 3 480 2 
487 1 479 2 
1708 1 482 1 468 1 1905 1 
481 1 1904 3 1707 1 595 1 
486 4 484 4 476 3 2237 3 
2236 2 483 4 475 2 286 2 
2235 1 486 2 488 4 478 2 
485 2 477 3 483 4 2234 4 
488 4 480 1 2233 1 
2232 4 479 5 485 4 487 4 
2240 1 491 1 490 3 1782 2 
1781 3 2239 3 304 3 489 3 
1783 1 2238 2 489 1 
501 1 516 2 493 1 1177 2 
1176 1 494 1 515 2 492 1 
493 1 514 1 495 2 1179 1 
1178 4 496 2 513 3 494 2 
1173 1 497 1 495 2 520 1 
1172 1 498 2 519 1 496 1 
497 2 1175 3 499 3 518 2 
975 3 517 2 1174 2 498 3 
501 4 637 4 512 4 1171 5 
500 4 492 1 1170 1 511 2 
816 4 2408 2 1204 3 1099 2 
1135 3 504 2 83 2 
503 2 507 2 82 4 1134 2 
85 2 1131 2 506 2 508 3 
1130 3 84 1 509 2 505 2 
1129 2 504 2 508 3 87 3 
1128 2 507 3 86 2 505 3 
510 2 1125 2 81 3 506 2 
509 2 331 2 80 2 1124 1 
512 2 1411 2 516 3 501 2 
511 2 500 4 349 1 1410 1 
495 3 520 2 514 2 1423 3 
494 1 1422 1 513 2 515 2 
493 2 514 2 1425 2 516 3 
1424 4 511 3 492 2 515 3 
499 2 518 1 643 1 1419 1 
1418 3 519 1 517 1 498 2 
1421 1 497 1 518 1 520 1 
1420 1 519 1 513 2 496 1 
29 3 2023 3 32 3 522 4 
1626 2 28 2 521 4 31 2 
1359 4 524 4 372 4 525 4 
371 3 523 4 677 3 663 2 
373 1 1357 1 523 4 
529 1 2283 1 2096 1 788 1 
533 2 967 2 1744 2 1318 1 
2098 2 531 3 2281 2 529 2 
2097 2 526 1 2280 2 528 2 
2092 3 2279 3 531 3 726 2 
530 3 2091 3 528 3 2278 2 
726 1 2094 1 
966 3 1743 4 527 2 534 2 
533 2 1322 2 1746 1 965 1 
536 2 788 2 2100 2 2285 2 
2284 1 535 2 2099 2 353 2 
1321 2 330 2 2031 2 1319 2 
1748 2 971 2 1322 3 539 2 
970 1 540 1 1747 2 538 2 
539 1 969 1 630 2 541 3 
968 5 1749 3 1471 4 540 3 
547 3 266 2 202 2 543 4 
201 3 394 3 542 4 267 4 
196 1 268 1 551 1 545 2 
269 2 546 3 195 3 544 2 
194 2 547 3 545 3 270 4 
546 3 193 2 542 3 271 2 
272 2 200 2 689 2 549 3 
199 4 273 2 550 3 548 3 
198 2 549 3 274 3 551 2 
275 3 197 1 544 1 550 2 
2335 4 1629 2 553 2 559 1 
409 2 2334 2 552 2 1628 3 
557 2 1624 2 2333 2 555 3 
1623 2 2332 3 560 2 554 3 
557 2 2331 4 1626 2 31 2 
556 2 1625 2 554 2 2330 1 
561 4 2329 4 559 3 1620 3 
2328 2 1619 1 558 3 552 1 
2327 3 561 2 555 2 1622 2 
2326 3 558 4 560 2 1621 3 
1057 4 445 4 1999 3 563 4 
1056 3 444 3 564 2 562 4 
1059 2 565 2 563 2 443 3 
1058 2 564 2 442 2 
1035 4 573 2 261 2 567 2 
260 1 568 1 566 2 1034 2 
259 2 569 3 1037 1 567 1 
735 3 568 3 258 4 1036 3 
571 1 265 2 575 1 1031 2 
570 1 1030 1 264 1 572 2 
263 3 571 2 573 2 1033 4 
566 2 572 2 1032 1 262 2 
1041 3 256 3 438 1 575 1 
1040 1 570 1 255 3 574 1 
1152 3 1957 4 1691 2 448 2 
578 3 161 1 2131 1 118 1 
117 3 160 5 577 3 2134 3 
1469 2 941 3 459 3 
120 4 159 3 581 3 2135 3 
158 1 119 1 580 3 1975 1 
583 2 591 2 890 1 368 1 
889 3 582 2 584 2 367 3 
583 2 585 1 370 1 888 2 
584 1 369 1 586 3 887 1 
587 3 894 4 585 3 364 3 
586 3 363 1 893 1 588 1 
892 4 366 1 589 1 587 1 
365 2 891 1 588 1 765 1 
1106 3 362 3 886 2 591 2 
582 2 885 3 361 3 590 2 
1531 3 2255 3 599 4 593 5 
2396 3 1530 3 594 3 592 5 
593 3 1533 3 595 1 2395 1 
1532 2 2394 2 594 1 482 1 
1527 1 601 2 2401 1 597 1 
2400 1 1526 2 596 1 598 1 
599 2 2399 1 1529 1 597 1 
2398 2 598 2 1528 2 592 4 
2392 4 766 2 1536 3 601 3 
596 2 600 3 1535 2 2391 3 
617 1 450 2 603 1 1664 1 
2308 2 602 1 449 1 604 4 
1344 4 2307 5 452 5 603 4 
1509 1 606 2 71 2 782 2 
614 4 605 2 70 2 1508 2 
929 2 1343 3 1341 1 2019 1 
1501 1 611 2 79 3 609 2 
1500 2 1119 3 78 3 608 2 
77 1 611 2 1503 3 613 1 
1502 2 610 2 76 3 608 2 
75 2 615 2 1505 2 613 2 
1504 1 74 4 612 2 610 1 
606 4 615 3 73 4 1507 3 
72 2 614 3 612 2 1506 3 
926 4 1146 3 1348 3 2014 3 
455 1 2310 2 602 1 1347 4 
619 2 1744 2 1318 1 1371 1 
618 2 1317 3 1210 3 1370 2 
40 3 1074 2 708 3 897 2 
1466 4 686 2 802 2 1990 2 
623 3 288 3 625 4 1468 3 
1467 3 622 3 287 2 628 3 
290 1 1466 3 625 3 632 1 
624 3 289 4 1465 3 622 4 
1448 2 629 2 1464 3 292 1 
2236 2 2355 3 286 2 1750 2 
629 3 1462 2 623 3 294 3 
1461 3 293 2 628 3 626 2 
1747 3 1749 2 540 2 1372 3 
286 2 632 2 475 2 1460 2 
285 1 631 2 624 1 1459 3 
640 4 634 3 980 3 345 3 
979 3 635 3 344 3 633 3 
634 3 982 4 343 3 636 4 
981 3 635 4 342 3 641 3 
984 1 500 4 638 1 349 1 
983 1 348 1 637 1 639 2 
347 4 640 4 638 2 986 2 
633 4 639 4 985 4 346 4 
642 2 341 4 978 2 636 3 
641 2 340 2 977 2 1544 4 
975 2 1222 1 644 1 517 1 
974 3 1969 2 643 1 1221 1 
807 3 646 1 2392 3 190 2 
2391 2 649 1 189 1 645 1 
188 2 648 3 1559 2 2399 2 
653 2 187 2 2398 2 647 3 
1559 1 2401 1 646 1 186 1 
802 1 445 2 1999 1 1460 1 
652 1 654 2 184 2 2395 1 
2394 2 651 1 2183 2 183 1 
648 2 654 2 182 2 2255 1 
2396 2 651 2 653 2 181 5 
656 2 1649 2 1644 1 659 1 
655 2 1643 3 657 4 666 3 
656 4 665 3 658 3 1646 3 
664 1 1212 1 1645 2 657 3 
1647 1 655 1 
976 2 662 2 
662 4 941 4 1174 3 975 4 
661 4 660 2 895 2 974 4 
1158 2 1359 2 524 2 205 2 
658 1 665 1 1641 1 813 1 
664 1 657 3 666 2 1642 1 
1639 4 656 3 1649 3 665 2 
1673 2 1358 2 784 1 1353 1 
669 1 174 1 2108 3 671 1 
668 1 674 1 173 1 2107 1 
671 3 176 4 1894 3 1167 3 
670 3 1166 1 668 1 175 1 
675 2 1165 2 673 2 178 4 
676 2 1164 2 672 2 177 2 
1163 2 180 1 669 1 675 1 
179 1 672 2 674 1 1162 1 
673 2 172 2 677 4 69 3 
171 3 676 4 524 3 1158 3 
827 1 700 3 1592 4 
1946 2 683 2 680 3 
1945 4 373 2 679 3 681 3 
1948 3 682 2 372 2 680 3 
1947 1 846 2 681 2 371 3 
1943 2 679 2 
1186 2 687 1 1018 1 1426 1 
1279 1 1580 3 1277 2 2139 2 
1994 2 899 2 1465 1 621 2 
1017 2 1185 2 684 1 2160 2 
278 4 1806 2 2136 2 1591 4 
690 1 548 2 89 3 
90 1 689 1 691 1 
91 3 690 1 
1638 2 697 2 1865 3 419 3 
1635 1 418 2 694 2 
1636 2 693 2 1865 4 417 3 
698 3 696 2 416 1 1633 1 
415 2 695 2 1634 2 848 3 
414 2 692 2 1631 2 698 4 
1632 4 695 3 413 4 697 4 
2240 2 700 4 
699 4 1230 3 678 3 2239 3 
702 2 892 4 704 1 903 3 
891 2 701 2 902 2 876 3 
894 3 706 3 901 2 704 2 
701 1 893 1 900 1 703 2 
1994 5 706 5 899 5 888 5 
705 5 703 3 898 2 887 2 
897 1 708 2 202 1 710 1 
1256 2 707 2 201 2 620 3 
1627 4 712 1 710 1 194 1 
1618 2 709 1 193 1 707 1 
908 4 714 3 712 3 196 3 
711 3 907 1 709 1 195 2 
714 3 715 3 198 3 906 4 
713 3 711 3 197 1 905 2 
904 1 199 3 713 3 
717 2 876 3 891 2 765 2 
716 2 764 3 718 1 875 2 
759 3 878 2 719 2 717 1 
758 2 718 2 720 2 877 2 
880 2 719 2 721 3 757 1 
879 3 722 3 756 5 720 3 
763 1 721 3 882 1 723 3 
881 3 762 4 722 3 724 3 
884 1 761 3 723 3 725 1 
883 1 760 3 1960 3 724 1 
532 1 2093 1 530 2 2277 1 
1480 2 1836 2 419 3 1029 2 
83 1 729 1 870 3 
730 1 869 1 82 4 728 1 
729 1 731 1 87 2 872 3 
86 1 730 1 871 1 732 2 
733 3 874 3 85 2 731 2 
873 2 732 3 84 2 734 3 
733 3 868 2 735 2 81 3 
569 3 80 2 867 2 734 2 
1303 2 876 2 737 1 902 1 
1304 1 875 2 736 1 744 1 
884 2 1309 4 741 2 739 3 
1282 2 1310 2 738 3 883 2 
1311 1 882 1 741 1 743 3 
1312 1 740 1 738 2 881 1 
880 3 743 4 745 2 1305 4 
879 3 742 4 740 3 1306 3 
878 2 745 1 1307 2 737 1 
742 2 877 1 744 1 1308 1 
749 1 143 1 747 2 1037 1 
142 3 746 2 912 3 1036 2 
1035 5 751 3 749 3 145 3 
746 1 144 1 748 3 1034 2 
751 2 1033 4 139 3 753 2 
748 3 750 2 138 2 1032 1 
1031 3 753 2 755 2 141 4 
1030 1 752 2 140 1 750 2 
1295 2 1041 4 147 2 755 2 
752 2 146 2 1040 1 754 2 
161 3 763 3 757 3 721 5 
756 3 758 1 160 3 720 1 
719 2 759 3 757 1 163 1 
758 3 718 3 162 3 764 5 
761 5 725 3 165 3 1659 3 
760 5 724 3 164 3 762 4 
723 4 167 2 763 2 761 4 
756 3 722 1 762 2 166 2 
717 3 759 5 765 3 159 3 
158 1 589 1 764 3 716 2 
1373 1 2217 2 767 1 600 2 
768 1 2216 1 766 1 1372 2 
769 3 1375 2 2215 1 767 1 
1374 4 768 3 770 4 2214 3 
771 2 1377 2 769 4 2221 2 
770 2 1376 2 2220 1 772 1 
771 1 1379 1 773 1 2219 1 
1378 1 772 1 2218 1 774 3 
775 4 2213 4 1371 3 773 3 
774 4 2212 2 930 2 1370 2 
2351 2 779 1 777 2 1354 2 
1353 2 776 2 2350 2 784 2 
781 3 779 2 1356 2 2349 4 
2348 2 776 1 778 2 1355 2 
781 2 783 2 1350 2 2347 1 
1349 2 780 2 778 3 2346 2 
2345 3 1352 4 783 3 605 2 
780 2 2344 3 1351 2 782 3 
777 2 2353 2 667 1 785 2 
1358 3 2352 2 784 2 
389 2 1087 2 787 4 789 2 
2339 3 1086 4 388 5 786 4 
535 2 2282 2 526 1 2095 2 
385 2 786 2 
1475 1 1496 2 791 1 801 1 
792 3 1474 3 790 1 1669 1 
791 3 1671 3 1473 3 17 3 
109 1 1309 3 13 1 11 1 
1479 3 17 2 795 4 1492 3 
796 3 1478 3 794 4 1493 3 
795 3 1477 1 797 1 1494 3 
2022 2 1495 2 796 1 1476 1 
799 3 102 3 25 2 1304 2 
101 2 1303 3 798 3 1448 3 
1490 2 1471 3 968 4 801 2 
1470 2 800 2 1491 3 790 1 
2000 2 1459 3 650 1 621 2 
2213 2 810 1 804 2 24 2 
339 3 23 2 803 2 2212 2 
21 3 808 3 2215 2 806 2 
811 2 20 3 805 2 2214 1 
645 3 808 4 2217 4 19 3 
2216 2 18 3 807 4 805 3 
812 4 810 3 2146 4 2219 3 
2218 1 803 1 809 3 16 2 
806 2 2221 2 15 2 812 3 
809 4 811 3 2220 2 14 3 
814 1 1088 3 1212 1 664 1 
817 1 813 1 1211 2 1089 1 
816 4 818 4 1080 3 2408 2 
502 4 815 4 821 3 1081 3 
1208 1 814 1 818 3 1078 3 
1207 3 817 3 815 4 1079 4 
822 2 1206 2 820 1 1084 2 
988 1 1085 1 819 1 1205 1 
816 3 822 2 1082 5 1204 2 
821 2 1083 2 1203 3 819 2 
1534 2 1537 2 1557 3 2194 3 
932 3 930 3 1181 5 318 3 
1343 4 927 3 1114 2 929 3 
1116 2 1341 2 929 3 931 2 
952 1 678 1 1230 1 828 1 
835 3 1229 4 827 1 953 2 
1238 4 950 2 832 1 830 2 
1237 2 951 2 1006 3 829 2 
948 3 832 3 1236 3 834 5 
949 1 1235 2 831 3 829 1 
1234 1 836 2 946 1 834 3 
947 3 831 5 833 3 1233 4 
828 3 95 4 836 4 944 3 
833 2 945 3 94 3 835 4 
838 3 350 3 1774 2 176 3 
837 3 1773 2 839 4 175 2 
1776 3 838 4 174 3 840 3 
1775 1 841 1 839 3 173 1 
180 1 842 2 1778 1 840 1 
841 2 1777 3 843 2 179 2 
1780 2 178 3 844 1 842 2 
177 2 1779 1 843 1 845 3 
1772 3 172 3 846 4 844 3 
682 2 171 2 1771 3 845 4 
217 2 848 3 854 3 1804 2 
847 3 696 3 216 2 1805 3 
850 2 1808 3 215 1 852 1 
849 2 855 3 214 3 1809 2 
1806 2 2136 2 213 3 852 2 
212 2 851 2 849 1 1807 2 
1812 2 854 2 211 2 856 2 
210 3 853 2 1813 2 847 3 
850 3 209 2 1810 2 856 3 
853 2 1811 2 208 2 855 3 
1723 2 866 2 858 2 2370 3 
2369 2 859 2 857 2 1722 3 
858 2 1721 2 860 2 2372 3 
1720 5 861 2 859 2 2371 1 
1727 2 860 2 862 2 2374 4 
861 2 1726 3 2373 1 863 2 
1725 2 864 3 862 2 2376 3 
1039 2 863 3 2375 3 1724 3 
2378 2 1719 2 2132 4 866 2 
1718 2 2377 1 857 2 865 2 
912 3 868 2 735 2 1036 2 
867 2 873 1 734 2 911 1 
918 1 729 1 872 3 870 3 
917 3 728 3 869 3 
874 2 916 1 731 1 872 3 
915 4 730 3 869 3 871 3 
733 2 874 2 868 1 914 2 
873 2 871 2 732 3 913 2 
737 2 878 3 876 3 717 2 
716 3 736 2 875 3 702 3 
745 1 878 2 719 2 880 2 
877 2 875 3 744 2 718 2 
743 3 880 2 721 3 882 1 
742 3 879 2 720 2 877 2 
882 1 723 3 884 1 741 1 
881 1 740 1 722 1 879 1 
725 1 1044 1 739 2 884 1 
738 2 724 1 881 1 883 1 
886 3 890 2 591 3 2000 3 
885 3 1999 2 1057 3 590 2 
888 2 894 2 706 2 585 1 
889 3 887 2 584 2 705 5 
888 3 583 3 1994 3 890 2 
582 1 885 2 1990 1 889 2 
702 2 892 4 589 1 716 2 
588 4 891 4 701 4 893 4 
894 2 587 1 892 4 704 1 
893 2 703 3 887 2 586 4 
941 2 662 2 
910 2 30 1 1223 2 
707 1 1618 2 620 2 39 1 
1467 2 706 2 901 1 899 2 
1468 3 686 2 705 5 898 2 
903 3 901 1 1461 2 704 1 
900 1 703 2 898 1 1462 1 
1463 1 702 2 903 3 736 1 
900 3 1464 5 902 3 701 3 
715 1 906 2 
906 3 908 3 714 2 
905 3 904 2 713 4 
412 2 1627 4 712 1 908 2 
711 4 905 3 907 2 
1457 2 28 2 1222 2 910 3 
896 2 29 2 1221 2 909 3 
912 2 2410 2 914 2 868 1 
867 3 911 2 747 3 2409 3 
914 2 2403 1 874 2 916 1 
913 2 2402 2 911 2 873 2 
872 4 918 2 916 2 2405 2 
915 2 2404 2 871 1 913 1 
918 1 2407 1 870 3 
915 2 869 1 917 1 2406 1 
442 1 478 2 920 2 
443 4 477 3 921 4 919 2 
444 4 922 3 920 4 476 3 
445 2 475 1 921 3 1460 1 
1119 2 1340 3 924 1 1500 1 
1339 1 1118 2 931 1 923 1 
928 3 1348 3 926 4 1907 3 
616 4 1169 5 1110 2 925 4 
825 3 928 2 1346 2 1113 3 
1345 1 927 2 925 3 1112 1 
607 2 825 3 826 3 1115 2 
775 2 824 3 1180 1 317 2 
1342 2 1940 1 826 2 924 1 
1182 1 824 3 315 2 
940 1 462 1 934 2 1159 1 
933 2 1360 2 935 2 461 2 
460 1 1161 1 934 2 936 2 
459 3 1469 2 935 2 1160 2 
943 2 1155 2 466 1 938 1 
939 1 465 1 1154 1 937 1 
938 1 940 1 1157 2 464 2 
933 1 463 2 1156 3 939 1 
895 2 661 4 579 3 1198 3 
943 2 1110 1 458 1 1169 4 
942 2 937 2 457 4 1168 2 
953 2 945 2 1853 1 835 3 
944 2 836 3 946 2 1852 2 
947 1 1851 1 945 2 833 1 
946 1 1850 2 948 1 834 3 
1857 3 947 1 831 3 949 1 
832 1 948 1 950 2 1856 2 
951 2 1855 2 949 2 829 2 
1854 2 950 2 1133 2 830 2 
827 1 1592 4 953 2 1847 2 
944 2 1846 4 952 2 828 2 
1855 1 1987 1 955 1 957 3 
2033 1 954 1 1854 2 1986 2 
1985 3 1857 4 957 4 959 2 
1984 3 1856 4 956 4 954 3 
959 2 1983 3 1851 2 961 2 
958 2 1850 2 956 2 1982 2 
963 3 961 2 1853 2 1981 4 
1852 1 960 2 1980 2 958 2 
1847 2 963 2 
960 3 1846 4 1988 2 962 2 
965 1 1679 2 971 1 1322 2 
966 2 964 1 1680 2 534 1 
533 3 967 3 965 2 1681 2 
966 3 1682 4 527 2 972 2 
541 5 969 3 800 4 1675 4 
1676 2 970 1 968 3 540 1 
969 1 539 1 1677 1 971 1 
538 2 1678 1 964 1 970 1 
1318 1 967 2 973 2 1673 2 
1674 2 1317 3 972 2 2072 3 
644 3 976 4 975 4 662 4 
499 3 643 2 974 4 661 4 
660 2 974 4 1969 3 
978 2 642 2 1399 1 154 2 
977 2 981 2 1398 2 641 2 
634 3 982 4 980 3 1397 3 
1396 2 633 3 979 3 985 3 
636 3 978 2 1395 1 982 3 
635 4 979 4 1394 3 981 3 
984 1 638 1 1393 3 986 1 
983 1 637 1 1392 1 1171 2 
1391 2 640 4 986 2 980 3 
985 2 639 2 983 1 1390 1 
994 3 1291 4 1016 3 988 3 
1292 2 1015 3 820 1 987 3 
1289 1 990 1 1014 1 992 1 
1013 1 1290 3 989 1 995 1 
2267 3 1287 3 1012 4 992 2 
1288 1 1011 2 989 1 991 2 
996 4 1285 3 994 2 1010 2 
993 2 1286 2 987 3 1009 3 
1283 1 1008 4 996 3 990 1 
993 4 1007 3 1284 3 995 3 
1000 4 1026 1 998 1 1122 3 
1123 2 1025 1 1005 4 997 1 
1024 1 1000 4 1120 1 1002 1 
999 4 1121 4 1023 5 997 4 
1022 2 1126 2 1002 1 1004 2 
1127 1 1001 1 999 1 1021 2 
1020 2 1191 1 1004 2 1957 3 
1019 3 1003 2 1958 3 1001 2 
1132 4 1006 5 998 4 1028 4 
1005 5 1133 3 830 3 1027 2 
1010 1 996 3 1300 1 1008 4 
995 4 1013 4 1007 4 1299 4 
1016 3 994 3 1010 3 1302 4 
1007 1 1301 2 1009 3 993 2 
1296 2 1012 4 992 2 1014 2 
1295 3 147 3 1011 4 991 4 
990 1 1298 3 1008 4 1014 1 
1297 1 989 1 1011 2 1013 1 
988 3 1016 3 1205 3 1294 4 
1009 3 1015 3 1293 2 987 3 
2376 3 687 2 1413 4 1018 2 
1594 2 1017 2 684 1 2375 2 
1004 3 1022 3 1020 3 1950 3 
1949 2 1003 2 1602 2 1019 3 
1022 3 1952 3 1024 2 1002 2 
1951 3 1021 3 1001 2 1019 3 
1954 3 1024 2 1000 5 1026 2 
999 1 1953 2 1023 2 1021 2 
1028 1 998 1 1956 2 1026 1 
1955 2 997 1 1023 2 1025 1 
1942 2 1237 1 1028 1 1006 2 
1025 1 1941 1 1005 4 1027 1 
1833 3 420 2 727 2 1481 3 
1033 3 1031 2 753 1 571 1 
1040 2 1030 2 752 3 570 2 
751 1 1035 3 1033 3 573 1 
1030 3 750 4 572 4 1032 3 
567 2 1035 4 749 2 1037 2 
748 5 566 4 1032 3 1034 4 
867 2 1037 1 569 3 747 2 
568 1 1036 1 1034 2 746 1 
1550 3 2193 3 207 2 1039 2 
1549 1 864 2 2192 2 1038 2 
1031 2 1041 3 575 1 755 1 
754 4 1040 3 574 3 1242 3 
1602 1 1043 2 2378 1 1949 1 
2377 2 1042 2 1416 3 1601 3 
1960 3 883 1 1282 1 1045 1 
1050 1 1959 2 1281 1 1044 1 
257 2 1047 3 1053 3 1962 2 
1961 2 374 2 1046 3 1048 4 
1964 4 1049 3 1274 3 1047 4 
1273 4 1963 1 1048 3 1250 1 
1280 2 1045 1 1966 2 1051 2 
1052 3 1965 3 2181 3 1050 2 
401 3 1051 3 1968 2 1053 3 
392 3 1967 2 1046 3 1052 3 
1055 3 1901 3 2191 2 1403 4 
1054 3 1900 2 1060 2 1402 2 
563 3 1057 3 1059 3 1866 3 
1056 3 562 4 886 3 1106 4 
565 2 1059 2 
1105 3 564 2 1056 3 1058 2 
1061 3 1903 3 1055 2 1401 3 
1400 4 1060 3 2182 3 1902 3 
1407 2 1897 1 2041 3 1063 3 
1896 5 122 3 1062 3 1406 4 
1065 3 1069 2 225 2 1259 3 
1064 3 1258 3 226 4 
1073 3 1264 2 203 2 
1262 3 222 3 1693 3 1068 4 
1261 2 1069 2 223 4 1067 4 
1068 2 1064 2 224 2 1260 1 
1077 1 1071 2 1252 1 1266 1 
1265 3 1251 2 1070 2 1072 2 
169 1 1071 2 1073 2 1268 2 
1066 3 168 3 1072 2 1267 2 
620 2 1075 1 1270 2 1256 1 
1269 2 1074 1 1255 1 1076 1 
1075 1 1254 2 1272 1 1077 1 
1070 1 1253 2 1271 2 1076 1 
1079 4 817 3 1089 3 1433 3 
1078 4 1080 3 818 4 1432 2 
1117 2 1079 3 815 3 1081 2 
816 3 1082 5 1080 2 1111 1 
1083 5 1081 5 821 5 1137 5 
822 2 1082 5 1136 3 1084 2 
1085 2 2368 3 1083 2 819 2 
1084 2 1292 2 820 1 2367 2 
1661 2 787 4 1087 2 132 3 
786 2 1086 2 
1089 3 1429 3 1641 3 813 3 
1088 3 1078 3 814 1 1428 1 
1091 4 1645 5 1212 4 1447 4 
1090 4 1446 1 1211 2 1096 3 
1441 3 1093 3 1099 2 1204 3 
1094 2 1203 3 1092 3 1440 2 
1093 2 1439 2 1095 1 1206 2 
1438 2 1294 2 1205 1 1094 1 
1208 3 1097 5 1445 3 1091 3 
1098 3 1444 3 1096 5 1207 3 
1097 3 1099 1 2408 1 1443 3 
1092 2 1442 2 1098 1 502 2 
1101 1 192 2 153 2 73 2 
1102 1 1100 1 152 1 72 2 
1101 1 75 1 151 3 1103 1 
1104 1 1102 1 150 1 74 4 
1107 3 1103 1 157 4 77 1 
1059 3 1866 3 2264 2 
590 3 1866 4 1057 4 2266 3 
156 3 1104 3 76 4 1108 5 
1109 3 155 4 1107 5 79 5 
1399 1 1108 3 78 2 154 2 
1907 1 250 1 942 1 926 2 
1137 1 1117 1 15 1 1081 1 
1907 1 1113 2 248 1 928 1 
1112 2 247 2 927 3 1114 2 
1115 1 254 2 825 2 1113 2 
1116 1 1114 1 253 2 929 2 
252 3 1115 1 1940 1 826 2 
1080 2 1111 1 14 2 1432 1 
1119 3 924 2 1940 2 245 2 
1118 3 923 2 609 3 244 4 
1121 1 1127 1 1688 2 999 1 
1120 1 1687 2 1000 4 1122 3 
1686 3 1121 3 997 3 1123 4 
998 2 1132 2 1685 3 1122 4 
1321 1 510 1 1125 1 2180 1 
1130 3 509 2 2179 1 1124 1 
1127 2 1001 2 1690 2 1958 3 
1120 1 1126 2 1002 1 1689 1 
2174 1 508 2 1131 1 1129 1 
1134 2 507 2 2173 2 1128 1 
1125 3 506 3 1131 3 2176 4 
505 2 1128 1 1130 3 2175 2 
1005 4 1133 2 1123 2 1684 2 
1132 2 951 2 1006 3 1683 2 
1135 3 1129 2 504 2 2178 3 
1134 3 503 3 2177 2 
2368 4 21 4 1137 3 1083 3 
1136 3 20 3 1111 1 1082 5 
1161 3 1139 3 1380 3 1141 3 
1138 3 1389 1 1160 1 
1848 1 1141 1 1159 1 1143 2 
1849 1 1360 1 1140 1 1138 3 
1842 2 1157 3 1143 3 1145 2 
1156 4 1142 3 1843 4 1140 2 
1145 2 1147 2 1844 3 1155 3 
1144 2 1845 1 1154 1 1142 2 
1147 1 1313 1 1169 4 616 3 
1144 2 1168 1 1146 1 1314 2 
1151 1 1688 2 1821 2 1149 2 
1687 3 2036 3 1820 2 1148 2 
1819 3 1151 3 1153 4 1690 3 
1818 1 1689 1 1148 1 1150 3 
1153 3 576 3 1337 3 1817 4 
1152 3 1691 2 1150 4 1816 2 
1155 2 1157 2 1145 1 938 1 
1168 2 1154 2 1144 3 937 2 
1159 3 1143 4 940 3 1157 4 
1142 3 1154 2 939 2 1156 4 
663 2 390 3 69 2 677 3 
1156 3 1360 1 1140 1 933 1 
1161 1 1139 1 936 2 
1138 3 935 1 1160 1 1360 1 
1165 1 397 2 1163 2 675 1 
674 2 1162 2 398 2 2107 2 
1165 2 673 2 399 3 69 3 
1164 2 400 3 1162 1 672 2 
1167 1 671 1 393 1 2108 3 
1166 1 267 2 394 1 670 3 
1147 1 1155 2 1169 4 943 2 
926 5 1168 4 1146 4 942 4 
1171 2 501 1 1202 3 1177 2 
1201 2 1170 2 984 2 500 5 
497 1 1175 2 1173 1 1200 1 
496 1 1199 1 1172 1 1178 3 
499 2 1198 2 661 3 1175 2 
498 3 1172 2 1197 2 1174 2 
493 1 1179 1 1196 1 1177 2 
1195 2 1176 2 492 2 1170 2 
1179 3 495 4 1194 5 1173 3 
1176 1 1193 1 1178 3 494 1 
1181 3 1370 1 1210 2 930 1 
1209 5 1180 3 824 5 1182 3 
932 1 1181 3 
2007 3 1184 4 2161 2 1190 3 
2008 3 2160 4 1183 4 1185 4 
1186 3 687 2 1184 4 2005 3 
1185 3 2006 2 684 2 1388 3 
1188 1 2003 1 1192 3 1610 1 
1187 1 1609 1 2004 2 1189 1 
1190 2 2001 2 1188 1 1608 1 
1189 2 1607 2 1183 3 2002 4 
1003 1 2009 2 1602 1 1192 3 
1601 4 2010 3 1187 3 1191 3 
1194 3 1196 1 1179 1 464 2 
1193 3 1178 5 463 4 1199 3 
1202 3 1196 1 1177 2 466 1 
1193 1 1176 1 1195 1 465 1 
460 1 1200 1 1175 2 1198 2 
1174 2 1197 2 941 3 459 3 
1173 1 1194 3 462 1 1200 1 
461 1 1197 1 1172 1 1199 1 
1171 2 1392 1 458 1 1202 3 
1195 3 1201 3 457 5 1170 3 
1204 3 1093 3 822 3 1206 3 
1203 3 821 2 502 3 1092 3 
1015 3 1206 2 1095 1 820 1 
1205 2 819 2 1203 3 1094 2 
818 3 1097 3 1208 1 2408 1 
817 1 1096 3 1207 1 1211 2 
1181 5 1210 4 1841 3 
1209 4 619 3 1180 2 1840 4 
1212 2 1091 2 814 2 1208 2 
1211 2 1090 4 658 1 813 1 
2337 2 1214 2 1216 3 1272 2 
1219 1 2336 1 1213 2 1271 2 
388 3 2339 1 1216 2 1270 2 
1269 3 1213 3 1215 2 2338 3 
1268 2 1220 2 1218 1 2341 2 
1267 1 2340 1 1217 1 
1214 1 1266 1 1220 2 2343 1 
1217 2 2342 2 1265 3 1219 2 
1222 1 910 2 644 1 1223 2 
643 1 1221 1 909 2 1419 1 
1969 3 896 2 1221 2 
1565 1 1225 2 93 1 
1224 2 1564 4 1226 2 
1227 2 1225 2 1563 2 
1562 3 1226 2 98 3 2366 2 
2386 2 1714 2 2413 1 378 1 
95 5 1230 4 828 4 1762 4 
700 3 827 1 1229 4 1761 3 
68 2 1286 3 186 2 1232 3 
185 2 96 3 1231 3 1285 3 
1234 2 1236 2 834 4 1770 2 
833 1 1769 3 1233 2 94 2 
1238 5 832 2 1236 2 1764 2 
1763 3 831 3 1233 2 1235 2 
1238 4 830 2 1027 1 1766 2 
1237 4 1235 5 829 4 1765 4 
1240 2 1246 2 437 2 1298 4 
1297 1 1239 2 436 1 1241 1 
1242 1 1296 1 1240 1 439 3 
1241 1 438 1 1041 3 1295 1 
1244 1 433 2 1248 1 1302 2 
1243 1 432 3 1245 1 1301 2 
1300 1 435 1 1244 1 1246 1 
1239 2 1299 1 1245 1 434 2 
441 1 1438 2 1248 1 1294 2 
440 1 1243 1 1293 2 1247 1 
1785 3 1695 3 1250 1 1263 1 
1784 2 1694 1 1249 1 1049 1 
1071 2 1252 1 2115 1 169 1 
1253 2 1070 1 1251 1 2114 2 
1254 3 1252 2 1077 2 2117 3 
1253 3 1255 2 2116 4 1076 2 
1254 2 1075 1 1256 1 2119 1 
708 2 1255 1 1074 1 2118 1 
1790 2 1258 2 
1065 3 1793 2 1259 3 1257 2 
1792 3 1260 2 1064 3 1258 3 
1787 1 1259 2 1261 1 1069 1 
1068 2 1260 1 1262 1 1786 1 
1067 3 1263 1 1789 2 1261 1 
1693 1 1262 1 1249 1 1788 2 
1267 1 1066 2 
1268 3 1071 3 1266 2 1220 3 
1265 2 1219 1 1271 2 1070 1 
1264 1 1268 2 1218 1 1073 2 
1217 2 1267 2 1265 3 1072 2 
1270 3 1075 2 1216 3 1272 2 
1269 3 1074 2 40 3 1215 2 
1077 2 1272 2 1266 2 1214 2 
1269 2 1076 1 1271 2 1213 2 
1049 4 428 4 1274 4 1694 4 
1048 3 374 1 429 1 1273 4 
1585 3 1278 3 2142 3 1276 4 
243 2 2143 4 1275 4 1584 2 
2140 2 1583 2 1278 2 685 2 
1275 3 1277 2 1582 1 2141 3 
685 1 1581 2 2138 1 278 3 
2181 3 1050 2 1281 2 427 2 
1282 1 1280 2 1045 1 422 1 
739 2 1281 1 423 2 1044 1 
1290 3 97 1 995 1 1284 1 
996 3 1285 2 96 2 1283 1 
1286 3 993 3 1284 2 1232 3 
1285 3 1231 3 994 2 1291 3 
137 4 991 3 2128 2 1288 2 
992 1 1289 1 100 2 1287 2 
989 1 131 2 1288 1 1290 3 
1283 3 1289 3 990 3 121 3 
987 4 68 2 1286 3 1292 3 
88 4 988 2 1085 2 1291 3 
1294 3 1016 2 1248 2 1302 3 
1293 3 1095 2 1247 2 1015 4 
754 2 1012 3 1296 1 1242 1 
1297 1 1011 2 1241 1 1295 1 
1240 1 1296 1 1298 3 1014 1 
1297 3 1239 4 1013 3 1299 3 
1300 1 1246 1 1298 3 1008 4 
1299 1 1245 1 1301 2 1007 1 
1010 2 1244 2 1300 2 1302 3 
1243 2 1293 3 1009 4 1301 3 
799 3 736 2 1463 2 1304 2 
737 1 798 2 1303 2 1307 2 
1306 3 1308 3 27 4 742 4 
1305 3 1311 1 743 3 26 1 
744 2 25 2 1308 2 1304 2 
22 1 1307 2 745 1 1305 3 
793 3 738 4 1312 3 1310 3 
739 2 13 1 1309 3 423 2 
740 1 1306 1 12 1 1312 1 
741 1 11 1 1309 3 1311 1 
42 1 1146 1 1314 2 2014 1 
1147 2 1313 2 41 2 1844 3 
335 1 2035 1 1324 1 1316 1 
2034 2 334 2 1315 1 110 1 
619 3 973 3 1840 4 1318 2 
972 1 618 1 1317 2 527 1 
1320 1 2030 2 537 2 333 1 
1325 2 1319 1 332 3 2029 3 
537 2 1124 1 331 2 2032 1 
538 3 534 2 964 2 1745 4 
329 3 1326 2 2026 3 1324 2 
328 3 2025 1 1315 1 1323 2 
1326 2 1320 2 2028 2 327 3 
1325 2 1323 2 326 1 2027 2 
1336 3 1328 2 2109 2 1909 4 
1993 2 1327 2 1329 2 1908 1 
1330 3 1911 3 1328 2 1992 2 
1329 3 1910 2 1991 3 1331 3 
1998 3 1332 2 1330 3 1913 3 
1997 2 1331 2 1912 1 1333 1 
1996 1 1334 2 1915 2 1332 1 
1995 2 1333 2 63 2 1914 4 
2101 2 1484 3 1336 3 1658 2 
1906 3 1327 3 1335 3 1989 3 
2315 3 448 2 1152 3 1338 2 
1337 2 447 1 2314 3 2011 2 
2021 1 924 1 1342 2 1340 3 
2022 4 923 3 1495 4 1339 3 
607 1 826 2 2016 2 1342 2 
931 2 2017 2 1341 2 1339 2 
825 4 607 3 2018 3 1346 3 
1489 1 604 4 451 2 2306 1 
928 1 1346 1 2012 1 1348 1 
1345 1 2013 3 927 2 1343 3 
2311 4 617 4 456 4 2024 4 
2015 2 925 3 1345 1 616 3 
781 2 1356 1 1350 2 1678 1 
1677 2 780 2 1351 2 1349 2 
1676 2 783 2 1350 2 1352 3 
1509 3 1675 4 782 4 1351 3 
777 2 1354 2 1682 3 667 1 
1353 2 1681 2 776 2 1355 3 
1356 2 1354 3 779 2 1680 3 
1355 2 1679 2 1349 1 778 2 
525 1 1359 1 204 1 
785 3 667 2 1674 2 
523 4 206 4 1357 1 663 2 
1141 1 1159 1 934 2 1161 1 
1717 2 1364 3 1939 1 
1363 1 1716 1 1936 1 1365 1 
1362 1 1935 3 1368 1 1715 1 
1938 3 1714 4 1365 3 1361 3 
1713 2 1937 2 1364 3 1362 1 
1367 4 1932 5 1369 3 1712 3 
1366 4 1711 3 1514 2 1931 2 
1934 2 1363 1 1710 2 1369 1 
1933 1 1709 3 1366 3 1368 1 
1180 1 619 2 1371 1 775 2 
1378 1 774 3 618 1 1370 1 
1375 3 1373 2 630 3 767 2 
766 1 1372 2 1536 2 1749 1 
1748 2 769 4 1375 3 1377 2 
768 2 1374 3 1372 3 1747 3 
771 2 1379 2 1746 2 1377 2 
770 2 1745 3 1374 2 1376 2 
1371 1 773 1 1744 2 1379 1 
772 1 1376 2 1743 3 1378 1 
1138 3 47 2 1849 1 1389 1 
1431 2 1382 3 
1383 3 1381 3 1430 3 2153 3 
1382 3 2156 2 1437 3 1384 3 
1385 4 1436 4 2157 2 1383 3 
1384 4 1386 3 2154 4 1435 3 
1385 3 1434 3 2155 1 1387 3 
1388 4 2158 5 1386 3 1427 4 
1387 4 2159 2 1426 2 1186 3 
1139 1 46 1 1380 1 
248 1 1393 3 986 1 1391 1 
985 2 247 1 1390 1 1396 1 
1201 1 250 1 1393 3 984 1 
983 3 1392 3 1390 3 249 3 
1395 1 252 3 982 3 1397 2 
251 3 981 1 1398 1 1394 1 
980 2 1397 2 254 2 1391 1 
1396 2 253 3 1394 2 979 3 
1399 1 245 1 978 2 1395 1 
1398 1 1109 1 244 3 977 1 
1061 4 1409 2 1401 4 2419 3 
1402 3 1400 4 2418 3 1060 3 
1401 3 2421 1 1403 3 1055 2 
1404 3 2420 5 1402 3 1054 4 
2191 1 1403 3 2415 1 1405 1 
1406 2 2414 3 122 1 1404 1 
1405 2 1407 3 2417 2 1063 4 
2416 2 1062 2 1589 3 1406 3 
183 1 1409 1 2412 1 2183 2 
2182 1 1400 2 1408 1 2411 2 
1411 1 1450 3 1586 2 512 1 
1449 1 1410 1 1424 3 511 2 
1415 2 2161 2 1413 4 2374 4 
1017 4 1412 4 2373 3 2160 4 
2372 2 1608 1 1415 1 1417 2 
1412 2 1414 1 2371 1 1607 1 
2370 3 1417 3 1043 3 1610 2 
2369 3 1416 3 1609 2 1414 2 
518 3 1458 4 1421 3 1419 3 
1457 1 1222 1 517 1 1418 3 
1423 2 520 1 1456 1 1421 1 
519 1 1418 3 1420 1 1455 2 
1425 1 1454 2 514 1 1423 2 
1420 2 513 3 1453 2 1422 2 
516 4 1411 3 1425 3 1452 4 
1451 2 1422 1 1424 3 515 2 
1594 2 1388 2 684 1 1427 2 
1593 3 1434 4 1387 4 1426 2 
1433 1 1429 1 24 2 1089 1 
1604 1 23 1 1088 3 1428 1 
1431 2 1382 3 1600 3 1437 3 
1430 2 1381 2 1599 2 
2146 2 1433 1 1117 1 1079 2 
1428 1 1078 3 1432 1 16 2 
1435 3 1386 3 1596 3 1427 4 
1434 3 1436 3 1385 3 1595 1 
1384 4 1437 4 1435 3 1598 4 
1436 4 1430 3 1383 3 1597 2 
1439 3 1095 2 1247 2 230 4 
229 3 1438 3 1094 2 1440 2 
232 2 1093 2 1439 2 1441 2 
1442 3 1092 3 1440 2 231 2 
1441 3 1443 4 1099 2 234 2 
1442 4 233 4 1444 3 1098 3 
1445 1 1097 3 236 2 1443 3 
1446 1 1444 1 235 2 1096 3 
1091 1 1445 1 1447 1 228 2 
1615 2 1446 1 227 1 1090 4 
1463 2 626 2 799 3 291 3 
1452 2 2296 1 1411 1 1450 3 
2297 3 1449 3 246 4 1410 3 
2300 2 1454 3 1425 2 1452 3 
1449 2 1451 3 2301 5 1424 4 
2298 2 1454 2 1423 2 1456 1 
1451 3 2299 3 1453 2 1422 2 
1458 3 1456 2 2304 2 1421 2 
1420 1 2305 1 1455 2 1453 1 
1458 2 909 2 1419 1 2302 3 
1457 2 1418 4 1455 3 2303 2 
1466 5 1460 3 802 3 632 3 
1459 3 922 1 631 2 650 1 
629 3 1462 2 1464 4 900 2 
1467 2 628 2 1461 2 901 1 
1448 2 902 1 1303 2 1464 3 
1461 4 626 3 903 5 1463 3 
1468 2 625 3 686 1 1466 3 
1459 5 621 4 624 3 1465 3 
623 3 1462 2 898 2 1468 3 
899 3 1465 2 1467 3 622 3 
936 2 579 2 
1579 3 1475 2 1471 3 801 2 
1578 2 800 3 541 4 1470 3 
1575 2 17 2 1479 3 1473 2 
1574 2 1474 3 792 3 1472 2 
1475 3 1577 4 791 3 1473 3 
1474 3 1470 2 790 1 1576 3 
1477 1 1571 1 797 1 2316 1 
1476 1 1478 1 796 1 1570 1 
1477 1 795 3 1479 2 1573 1 
794 3 1572 3 1478 2 1472 3 
1481 3 1733 2 727 2 1487 2 
1480 3 1482 3 1732 2 1029 3 
1734 2 1481 3 1833 3 1483 2 
1832 1 1482 2 
1335 3 1729 3 1485 2 1839 3 
1838 2 1728 2 1486 1 1484 2 
1731 1 1485 1 1487 1 1837 1 
1836 2 1730 1 1480 2 1486 1 
2151 3 1489 2 1499 3 238 2 
1344 1 237 1 1488 2 2150 1 
1509 1 800 2 1491 3 1675 2 
1496 4 1508 3 1490 3 801 3 
1672 3 1493 2 1503 4 794 3 
1492 2 795 3 1502 1 1494 3 
1495 4 796 3 1501 3 1493 3 
1500 2 1494 4 797 2 1340 4 
1491 4 1507 2 790 2 1669 2 
239 1 2149 1 1498 1 
2148 3 1499 2 1497 1 242 1 
241 2 1498 2 2147 2 1488 3 
1501 1 1495 2 609 2 923 1 
1500 1 608 1 1494 3 1502 1 
611 2 1503 3 1493 1 1501 1 
1502 3 1504 3 610 3 1492 4 
1505 1 1503 3 1672 2 613 1 
1504 1 1671 1 1506 3 612 2 
1507 3 1505 3 1669 3 615 3 
1496 2 1506 3 614 3 1508 1 
1509 1 1491 3 1507 1 606 2 
1352 3 1490 1 605 1 1508 1 
2104 1 2364 1 1511 1 
2103 1 1510 1 1512 2 
2106 4 1511 2 
1760 5 1520 3 1548 3 1514 3 
1547 1 1759 1 1367 2 1513 3 
1752 1 1546 1 1518 1 1516 1 
1545 1 1751 2 1521 2 1515 1 
1518 1 1544 3 1754 3 340 1 
1517 1 1515 1 1753 1 1543 2 
1756 5 1522 3 1520 3 1542 3 
1513 3 1519 3 1755 1 1541 2 
1522 2 1540 3 1516 2 1758 2 
1757 1 1521 2 1519 3 1539 2 
2199 3 1524 1 1538 2 1554 2 
2198 1 1523 1 1525 2 1553 1 
1552 3 2201 2 1524 2 207 2 
597 2 1577 3 1529 2 1527 2 
1535 1 596 1 1576 3 1526 2 
1531 1 1575 1 1529 1 599 2 
1574 2 1526 2 598 1 1528 1 
1533 3 1531 1 593 3 1573 1 
1528 1 1530 1 1572 2 592 3 
595 2 1571 2 1707 2 1533 4 
1530 3 594 3 1570 3 1532 4 
823 2 2195 2 1558 2 
1536 2 1527 1 601 2 1579 2 
1535 2 1578 2 600 3 1373 2 
2197 1 823 2 1538 2 1556 1 
2196 2 1537 2 1523 2 1555 2 
151 4 1542 2 1540 3 1522 2 
150 2 1521 3 1545 2 1539 3 
153 3 1548 2 1520 2 1542 2 
152 1 1539 2 1541 2 1519 3 
1544 4 155 3 1546 2 1518 2 
1543 4 154 4 1517 3 642 4 
1516 1 1540 2 1546 1 157 4 
1515 1 156 1 1545 1 1543 2 
1548 1 1514 1 1711 2 149 2 
1547 1 148 4 1513 3 1541 2 
1039 1 1724 2 1835 1 1550 2 
1038 3 1834 3 1549 2 1551 2 
1829 1 1550 2 1552 2 207 1 
1525 3 1828 2 1551 2 1553 2 
1831 1 1524 1 1554 2 1552 2 
1555 2 1830 4 1553 2 1523 2 
1825 1 1554 2 1538 2 1556 1 
1824 3 1557 2 1555 1 1537 1 
823 3 1556 2 1558 3 1827 3 
1826 2 1557 3 1534 2 
649 1 2400 1 185 1 647 2 
99 5 321 4 1868 5 1561 4 
98 2 1867 1 1562 2 1560 4 
1227 3 1563 3 1870 2 1561 2 
1564 4 1562 3 1226 2 1869 3 
1563 4 1872 3 1225 4 1565 3 
1224 1 1564 3 1871 1 1566 2 
1567 3 1874 2 93 2 1565 2 
1568 2 1566 3 1873 3 
1567 2 1876 2 1569 2 
1875 3 1568 2 
1571 1 1477 1 1573 1 1533 3 
1570 1 1532 2 2082 1 1476 1 
1531 2 1479 3 1575 2 1573 2 
1570 1 1572 2 1530 1 1478 1 
1529 2 1473 2 1577 3 1575 2 
1472 2 1528 1 1572 2 1574 2 
1579 4 1577 4 1475 3 1527 3 
1576 4 1526 3 1474 4 1574 3 
1471 2 1536 2 1579 2 1749 1 
1576 4 1470 3 1578 2 1535 2 
685 3 1583 3 1581 4 343 4 
1590 2 1279 2 1580 4 342 2 
1585 1 1278 1 345 2 1583 1 
1580 3 344 2 1277 2 1582 1 
347 3 1585 1 1276 2 1587 1 
1582 1 1275 3 346 2 1584 1 
246 3 349 2 1410 2 1587 2 
348 1 1584 1 243 1 1586 2 
2058 1 2042 2 2257 2 1589 2 
2256 2 1407 3 2041 4 1588 2 
1581 2 1591 3 341 4 278 3 
1590 3 688 4 340 3 1754 5 
952 4 2020 4 678 4 
1427 3 1596 2 2193 3 1594 3 
1426 2 1018 2 2192 3 1593 3 
2201 1 1598 2 1596 1 1435 1 
1593 2 2200 2 1434 3 1595 1 
1598 2 2199 3 1437 2 1600 2 
1597 2 1595 2 2198 2 1436 4 
2197 2 1431 2 1600 3 
2196 2 1430 3 1599 3 1597 2 
1192 4 1610 2 1602 2 1043 3 
1042 1 1020 2 1601 2 1191 1 
1606 3 1642 3 2242 4 1604 3 
1429 1 1641 1 2241 1 1603 3 
1640 3 1606 2 2244 2 
1603 3 2243 2 1639 3 1605 2 
2161 1 1190 2 1415 1 1608 1 
1414 1 1609 1 1607 1 1189 1 
1188 1 1610 1 1417 2 1608 1 
1601 2 1609 1 1187 1 1416 2 
1613 3 61 3 1612 4 1648 3 
1647 2 1616 2 1611 4 60 4 
1611 3 446 1 
1646 1 1615 2 1617 4 65 4 
1447 2 1614 2 64 2 1645 3 
67 2 1612 2 1617 4 1644 1 
1643 5 1616 4 66 4 1614 4 
897 2 710 2 421 4 1627 5 
1620 1 2301 4 559 1 1629 2 
1619 1 2300 1 1621 2 558 3 
561 3 1622 3 2299 3 1620 2 
1623 2 2298 3 1621 3 560 2 
555 2 2305 1 1622 2 1624 1 
2304 1 1625 2 554 2 1623 1 
1626 2 557 2 1624 2 2303 2 
2302 3 1625 2 522 2 556 2 
709 4 1630 4 907 4 1618 5 
2297 2 1629 3 1798 3 553 3 
2296 2 1628 3 552 2 1619 2 
1627 4 386 2 421 3 412 2 
697 2 1934 2 1632 2 1638 2 
698 4 1933 2 1631 2 1633 2 
1932 3 1634 1 695 1 1632 2 
696 2 1805 2 1931 1 1633 1 
693 1 1636 1 1938 1 
1635 1 694 2 1937 2 1637 1 
1865 3 1638 2 1936 1 1636 1 
1935 4 1637 2 692 2 1631 2 
666 4 1606 3 1640 4 1642 3 
1605 3 1639 4 1649 3 
1088 3 664 1 1642 1 1604 1 
1603 3 1641 1 1639 3 665 1 
1617 5 656 3 1644 2 1646 2 
1647 1 655 1 1643 2 1616 1 
1090 5 1646 2 658 2 1615 3 
1614 1 1645 2 1643 2 657 3 
1644 1 1612 2 659 1 1648 1 
1647 1 1611 3 
655 2 666 3 1640 3 
1651 2 1721 2 1653 2 1968 2 
1656 1 1967 1 1720 5 1650 2 
1723 1 1660 2 1966 2 1653 1 
1652 1 1650 2 1722 3 1965 2 
1964 2 1655 1 1725 1 1657 1 
1963 1 1654 1 1724 2 1835 1 
1962 1 1657 1 1651 1 1727 1 
1656 1 1726 3 1654 1 1961 1 
1906 2 1729 2 1335 2 1771 2 
1660 2 1719 1 1960 3 760 3 
1959 3 1659 2 1652 2 1718 3 
2339 1 1086 2 1662 1 2384 2 
2338 2 2383 2 1663 1 1661 1 
2385 1 1662 1 2337 1 2309 2 
2310 2 602 1 2206 2 2308 2 
1666 1 2309 2 2343 1 
1665 1 1667 2 2342 1 
1666 2 2341 3 
1917 2 2170 2 104 2 1919 4 
1671 1 791 1 1496 2 1506 3 
1884 2 1918 1 360 3 41 1 
1505 1 1669 1 1672 2 792 3 
17 2 1671 2 1492 3 1504 2 
1674 2 667 2 1682 4 972 2 
973 2 1673 2 1358 2 
1352 4 1676 3 1490 2 968 4 
969 2 1351 2 1675 3 1677 2 
1676 2 1350 2 1678 1 970 1 
971 1 1679 2 1677 1 1349 1 
1680 3 1678 2 1356 2 964 2 
1679 3 965 2 1681 2 1355 3 
1354 2 966 2 1680 2 1682 3 
967 4 1353 3 1673 4 1681 3 
1133 2 2033 1 1684 2 1854 2 
1685 3 1132 2 2152 2 1683 2 
1684 3 1686 2 1123 3 2037 4 
1685 2 1122 3 1687 2 2036 2 
1149 3 1121 2 1688 3 1686 2 
1689 2 1120 2 1687 3 1148 2 
1151 1 1688 2 1127 1 1690 1 
1126 2 1691 1 1689 1 1150 3 
1153 2 1958 2 576 2 1690 1 
360 3 1929 1 1882 1 48 1 
1263 1 1695 3 221 1 1067 3 
219 3 1250 1 1695 3 1273 4 
1693 3 1249 3 1694 3 220 5 
1698 1 2380 2 
2382 3 1875 2 1698 1 
1696 1 2381 2 1697 1 
1706 4 472 4 2086 3 1700 3 
2085 2 1699 3 1701 3 471 2 
2084 4 474 3 1700 3 1702 4 
2083 3 473 5 1885 3 1701 4 
1708 1 1704 2 2090 1 468 1 
467 4 1703 2 1705 2 2089 2 
2088 1 1706 2 1704 2 470 2 
1699 4 1705 2 2087 3 469 2 
2082 1 482 1 1532 2 1708 1 
481 1 1703 1 1707 1 2081 1 
1712 3 1710 4 1369 3 2390 4 
1709 4 1715 2 2389 2 1368 2 
2397 2 1547 2 1367 3 1712 2 
1709 3 2393 2 1711 2 1366 3 
1365 2 1716 2 1714 3 2386 3 
1717 3 1228 2 1364 4 1713 3 
1710 2 1716 1 2388 1 1363 1 
2387 1 1713 2 1715 1 1362 1 
1714 3 1361 2 2413 2 
866 2 1723 2 1719 2 1660 3 
165 1 1659 1 865 2 1718 2 
860 5 1721 5 1727 5 1651 5 
1720 5 1722 3 859 2 1650 2 
1721 3 1653 3 1723 3 858 3 
1652 1 857 2 1718 2 1722 3 
1549 2 864 3 1725 2 1655 2 
863 2 1726 3 1724 2 1654 1 
1727 3 1657 3 862 3 1725 3 
861 2 1720 5 1726 3 1656 1 
1729 3 1485 2 1948 3 1731 2 
1947 2 1484 3 1658 2 1728 3 
1733 1 1946 1 1487 1 1731 1 
1945 3 1486 1 1728 2 1730 1 
1734 1 1944 2 1733 1 1481 2 
1480 2 1732 1 1943 2 1730 1 
1732 1 1482 2 
1736 4 1750 2 290 2 2357 3 
289 4 1735 4 2356 3 1737 5 
2359 3 288 4 1736 5 1738 4 
1739 2 287 2 2358 2 1737 4 
1740 2 2361 1 1738 2 294 2 
1739 2 293 2 1741 2 2360 2 
292 1 1740 2 2363 3 1742 3 
2362 3 291 4 1928 3 1741 3 
533 4 1744 4 1379 3 1746 3 
618 2 527 2 1743 4 1378 2 
1746 3 1377 3 1322 4 1748 3 
1745 3 1376 2 534 1 1743 3 
1748 2 630 3 539 2 1375 3 
1374 2 1747 2 538 2 1745 3 
541 3 630 2 1578 1 1373 1 
285 1 2354 2 1735 2 627 2 
1752 2 1758 2 1516 2 1809 2 
1515 1 1751 2 1808 3 1753 1 
1754 3 1807 2 1518 1 1752 1 
1753 3 1517 3 1806 3 1591 5 
1756 3 1813 1 1520 1 1760 3 
1757 3 1755 3 1812 4 1519 5 
1758 1 1522 1 1756 3 1811 1 
1757 1 1751 2 1810 1 1521 2 
1931 1 1514 1 1805 2 1760 3 
1513 5 1804 3 1755 3 1759 3 
304 3 2239 3 1762 3 1230 3 
1761 3 1767 1 303 2 1229 4 
1236 3 1770 3 298 4 1764 3 
1765 1 1235 2 297 1 1763 3 
1766 2 1764 1 1238 4 296 1 
295 4 1765 2 1237 2 1942 3 
302 1 95 2 1762 1 1768 2 
94 3 1769 4 301 3 1767 2 
1234 3 1768 4 300 3 1770 3 
1763 3 299 1 1769 3 1233 2 
846 3 1658 2 1772 2 1947 2 
845 3 1906 2 1771 2 1779 1 
1774 1 1915 2 838 2 1776 1 
2254 1 1773 1 1914 3 837 2 
840 1 1913 2 1778 1 1776 1 
839 3 1912 1 1773 1 1775 1 
1911 3 842 3 1778 2 1780 3 
1910 1 841 1 1775 1 1777 2 
1909 3 1780 2 844 1 1772 1 
843 2 1908 2 1779 2 1777 3 
490 3 1782 2 1978 1 2266 1 
1781 2 1783 2 489 2 2265 2 
491 1 2264 1 1782 2 
1835 2 1250 2 1963 2 1785 4 
1249 3 1784 4 1788 4 1834 4 
1831 1 1787 1 1261 1 1789 2 
1260 1 1792 2 1830 3 1786 1 
1789 3 1785 4 1829 2 1263 2 
1788 3 1828 2 1262 2 1786 2 
1827 3 1257 2 1793 2 1791 2 
1826 1 1790 2 
1259 3 1825 2 1787 2 1793 2 
1824 3 1258 2 1790 2 1792 2 
1795 1 405 2 1801 1 2141 3 
1794 1 1796 1 2140 1 404 1 
2139 2 1795 1 1797 2 407 2 
2138 2 1796 2 406 2 1802 3 
409 2 2145 3 1799 2 1628 3 
408 4 1800 1 2144 2 1798 2 
2143 3 1799 1 1801 1 411 1 
1800 1 410 2 1794 1 2142 1 
2137 3 403 2 1803 2 1797 3 
2136 1 402 4 213 2 1802 2 
1813 1 1805 2 1760 3 847 2 
1634 2 1804 2 1759 2 848 3 
688 2 851 2 1807 2 1754 3 
1806 2 1753 2 852 2 1808 4 
849 3 1752 3 1809 3 1807 4 
1810 1 850 2 1751 2 1808 3 
1809 1 1758 1 1811 1 855 2 
1812 2 1757 1 856 2 1810 1 
853 2 1811 2 1813 2 1756 4 
1812 2 854 2 1804 1 1755 1 
2033 2 314 3 1986 3 1815 3 
313 2 1822 2 2152 2 1814 3 
1817 3 306 1 1819 1 1153 2 
1816 3 305 5 2315 4 1152 4 
308 1 1821 2 1151 1 1819 1 
1150 3 1816 1 1818 1 307 3 
1823 2 310 2 1149 2 1821 2 
1818 2 309 2 1148 2 1820 2 
312 3 1815 2 2037 3 1823 2 
2036 3 1822 2 1820 2 311 3 
1556 3 1827 4 1793 3 1825 3 
1555 1 1792 2 1824 3 1830 3 
1827 2 1558 2 1791 1 
1826 2 1824 4 1790 3 1557 3 
1789 2 1829 1 1552 2 1831 1 
1834 2 1828 1 1551 1 1788 2 
1831 3 1787 3 1554 4 1825 3 
1553 1 1786 1 1830 3 1828 1 
1833 2 1483 1 418 2 
1832 2 417 3 1029 3 1482 3 
1550 3 1829 2 1785 4 1835 2 
1784 2 1549 1 1834 2 1655 1 
1487 2 1837 2 414 2 727 2 
1836 2 413 2 1838 2 1486 1 
1837 2 416 2 1485 2 1839 3 
415 2 1484 3 1838 3 2101 2 
2072 4 1841 3 1317 4 1210 4 
1840 3 1209 3 2068 1 
1142 2 51 2 1845 1 1843 3 
50 3 1848 3 1143 4 1842 3 
49 2 1144 3 1314 3 1845 2 
1145 1 48 1 1842 1 1844 2 
963 4 1853 3 1847 4 953 4 
962 2 1846 4 2020 2 952 2 
1849 1 45 1 1140 1 1843 3 
1848 1 1141 1 44 2 1380 1 
947 2 1851 2 959 2 1857 4 
1852 1 946 1 1850 2 958 2 
1851 1 1853 1 961 1 945 2 
944 1 1852 1 1846 3 960 2 
951 2 1855 2 1683 2 955 2 
950 2 954 1 1856 2 1854 2 
957 4 1855 2 949 2 1857 4 
948 3 956 4 1856 4 1850 4 
1859 3 446 1 
61 3 1858 3 1860 4 2233 3 
2232 2 60 4 1861 2 1859 4 
1862 2 2235 1 67 2 1860 2 
1863 3 1861 2 2234 4 66 2 
1862 3 1864 2 2237 2 65 5 
1863 2 2236 1 64 1 2355 2 
1637 3 692 3 694 4 420 3 
2265 2 1106 4 1105 3 1056 3 
1868 2 1870 1 2203 2 1561 1 
2046 3 1867 2 2202 2 1560 5 
1870 2 2211 2 1872 2 1563 3 
1869 2 1867 1 2210 2 1562 2 
1874 1 1565 1 2209 1 1872 1 
1564 3 1869 2 2208 2 1871 1 
2207 4 1874 2 1876 3 1567 3 
2206 2 1873 2 1871 1 1566 2 
1569 3 1876 3 1697 2 2205 2 
1875 3 1568 2 1873 3 2204 3 
1878 3 1926 2 
1879 4 280 3 1877 3 1925 3 
1924 2 279 4 1878 4 1880 3 
282 3 1879 3 1930 3 1881 4 
281 4 1882 3 1929 3 1880 4 
1883 2 1881 3 1692 1 284 2 
1882 2 1884 3 283 2 360 4 
1883 3 1670 2 277 4 1885 3 
1702 3 1884 3 276 3 1918 2 
4 2 271 2 1887 2 1895 4 
3 2 270 3 1886 2 1888 1 
269 1 6 2 1889 1 1887 1 
268 1 1890 1 5 1 1888 1 
275 3 1889 1 1891 1 8 1 
1892 1 1890 1 274 2 7 4 
1893 1 273 1 1891 1 10 2 
1892 1 170 2 272 1 9 2 
267 2 2 1 1895 3 670 3 
266 3 1894 3 1 4 1886 4 
1899 4 1063 5 474 3 1897 3 
1062 1 1896 3 2060 2 473 4 
1901 3 2191 2 1899 3 472 3 
1896 4 122 2 471 3 1898 3 
470 2 1901 2 1903 3 1055 2 
1898 3 469 2 1900 2 1054 3 
1905 1 468 1 1061 3 1903 3 
1060 3 1900 3 467 5 1902 3 
2394 4 1905 3 2183 4 482 3 
1904 3 1902 1 2182 1 481 1 
1336 3 1658 2 1909 4 1772 2 
1110 1 1112 1 249 1 925 3 
1780 2 1911 2 1909 3 1328 1 
1906 4 1779 3 1327 4 1908 3 
1913 2 1330 2 1778 1 1911 2 
1908 2 1329 3 1777 3 1910 2 
1913 2 1915 2 1332 1 1776 1 
1910 2 1912 2 1775 2 1331 3 
1774 3 2069 3 1915 4 1334 4 
1912 2 1773 2 1914 4 1333 2 
2168 4 1917 3 1923 3 106 3 
105 3 1668 2 1916 3 2167 1 
2083 2 1670 1 42 1 1885 2 
103 4 2169 3 1927 3 1668 4 
334 2 110 1 1921 3 2164 1 
2163 3 109 3 1920 3 1922 5 
1923 3 108 3 2166 5 1921 5 
107 5 2165 2 1922 3 1916 3 
1879 2 45 1 1930 2 1925 1 
44 2 1926 2 1924 1 1878 3 
1925 2 47 3 1877 2 
2172 2 1919 3 102 2 1928 1 
101 1 2171 1 1742 3 1927 1 
51 2 1692 1 1930 2 1881 3 
1929 2 1880 3 50 2 1924 2 
1759 1 1634 1 1932 3 1367 2 
1933 3 1633 3 1366 5 1931 3 
1934 2 1369 1 1632 2 1932 3 
1933 2 1368 2 1935 4 1631 2 
1638 4 1934 4 1363 3 1936 3 
1637 1 1937 2 1362 1 1935 3 
1938 2 1936 2 1636 2 1365 2 
1364 3 1937 2 1635 1 1939 1 
1938 1 1361 1 
1116 1 931 1 1118 2 251 3 
1028 1 1956 2 1942 2 120 2 
1027 2 119 2 1941 2 1766 3 
1946 2 683 2 1733 2 1944 3 
1732 2 1943 3 
680 4 1731 3 1948 4 1946 3 
1943 2 679 2 1730 1 1945 3 
682 1 1729 2 1948 2 1771 2 
1947 2 681 3 1945 4 1728 3 
1950 2 1020 2 114 2 1042 1 
1949 2 113 3 1951 3 1019 3 
1022 3 112 3 1952 3 1950 3 
1953 3 1021 3 1951 3 111 2 
1952 3 1024 2 118 2 1954 3 
1023 3 1955 3 117 2 1953 3 
116 4 1026 2 1954 3 1956 3 
1941 2 1955 3 115 3 1025 2 
576 4 2009 4 1958 4 1003 3 
1691 2 1957 4 1004 3 1126 3 
1660 3 1966 3 1045 2 1960 4 
1044 3 725 3 1659 3 1959 4 
1047 2 1964 2 1962 1 1657 1 
1656 1 1967 1 1961 1 1046 2 
1964 2 1049 1 1655 1 1784 2 
1963 2 1654 2 1048 4 1961 2 
1966 3 1051 3 1968 2 1653 2 
1965 3 1652 2 1959 3 1050 2 
1651 1 1053 2 1962 1 1968 1 
1052 2 1965 2 1967 1 1650 2 
644 2 1223 3 976 3 
300 1 1971 3 370 1 1973 3 
1976 4 1970 3 299 3 369 3 
302 2 368 2 1979 2 1973 4 
301 4 1970 3 367 4 1972 4 
1975 1 1977 3 366 1 296 1 
1974 1 295 3 365 2 581 1 
1977 4 364 2 1971 4 298 3 
363 3 1976 4 1974 3 297 3 
1979 1 362 3 1781 1 304 1 
1978 1 303 2 1972 2 361 2 
128 2 1983 3 961 2 1981 4 
1988 3 127 3 960 4 1980 4 
130 4 1983 3 1985 3 959 2 
1980 3 958 3 129 2 1982 3 
957 3 1987 1 1985 2 124 3 
956 3 1984 2 123 2 1982 3 
126 4 1987 2 1814 3 955 2 
125 1 1984 1 1986 2 954 1 
1981 3 963 2 
217 2 1336 3 2101 2 2109 2 
1994 2 890 1 2000 2 621 2 
1992 2 209 2 1330 3 1998 3 
1991 2 1993 2 1329 2 208 1 
211 3 1328 2 1992 2 2109 2 
705 5 686 2 1990 2 889 3 
1334 2 402 4 213 2 1996 1 
1997 2 1333 1 212 2 1995 1 
1996 2 1332 2 215 2 1998 3 
1331 3 214 3 1991 3 1997 3 
2000 2 886 2 650 1 562 3 
802 2 1999 2 885 3 1990 2 
456 2 1189 2 2002 4 2004 3 
2001 4 2007 4 455 3 1190 4 
1187 1 2010 1 454 1 2004 2 
453 5 1188 2 2003 2 2001 3 
452 3 2006 2 1185 3 2008 2 
1186 2 2159 1 2005 2 451 2 
1183 3 450 3 2002 4 2008 2 
1184 3 2007 2 449 1 2005 2 
2010 2 1191 2 1957 4 448 2 
2009 2 2003 1 1192 3 447 1 
2024 2 454 2 2313 2 1338 2 
1345 1 2015 2 2013 3 2325 1 
2324 4 1346 3 2018 3 2012 3 
2323 2 1313 1 616 3 2015 2 
2012 2 1348 2 2322 2 2014 2 
1341 2 2017 2 2321 2 2019 2 
2021 1 1342 2 2016 2 2320 3 
2019 1 1343 3 2013 3 2319 1 
2318 1 2018 1 2016 2 607 1 
1592 4 1847 2 
2017 1 2317 2 1339 1 2022 2 
1340 4 797 2 2316 2 2021 2 
30 1 521 3 
2011 2 453 4 1347 4 2312 2 
2035 1 427 1 1324 1 2026 2 
2027 3 426 3 1323 3 2025 2 
2026 3 2028 2 425 2 1326 2 
2029 3 2027 2 1325 2 424 1 
2028 3 2030 4 1320 3 431 4 
2029 4 1319 2 2031 2 430 2 
2032 1 429 1 537 2 2030 2 
2031 1 428 1 2180 1 1321 1 
1814 2 1683 1 955 1 2152 1 
1316 2 2035 2 13 2 423 3 
2025 1 1315 1 422 1 2034 2 
1823 3 1149 3 2037 4 1686 2 
1822 3 2036 4 2152 3 1685 4 
2259 2 36 3 2055 3 2076 2 
314 3 2040 2 2184 2 
313 1 2047 1 2039 2 
2060 4 1589 4 1062 3 2042 4 
1588 2 2059 2 33 3 2041 4 
2044 3 308 3 2050 4 320 3 
2043 3 319 2 307 3 2045 1 
2046 2 322 2 2044 1 306 1 
1868 3 2045 2 321 2 305 4 
312 3 2048 1 2040 1 
2047 1 2049 2 323 1 311 2 
2048 2 325 3 310 3 2050 3 
324 4 309 2 2043 4 2049 3 
2281 2 2052 3 
2280 3 2053 3 2051 3 
2283 2 92 2 2054 3 2052 3 
2056 2 2282 3 91 4 2053 3 
2057 3 2038 3 2258 2 35 3 
2285 1 2054 2 170 2 90 1 
2261 4 2055 3 34 2 2058 2 
1588 1 33 2 2260 3 2057 2 
277 3 2062 1 2042 2 2060 2 
276 3 2041 4 1897 2 2059 2 
34 1 284 2 2062 1 2064 2 
2059 1 283 1 2061 1 33 2 
2066 2 36 3 2064 3 282 3 
35 3 281 3 2061 2 2063 3 
38 3 2067 3 280 2 2066 2 
2063 2 37 1 2065 2 279 3 
43 2 2065 3 
1841 1 2072 2 
1914 3 63 1 2070 1 2254 1 
62 2 2077 3 2253 2 2069 1 
38 2 2076 1 2263 1 
1840 4 973 3 2068 2 
2080 2 53 2 2248 3 2074 2 
52 2 2247 1 2073 2 2075 4 
2246 4 55 4 218 4 2074 4 
2071 1 2262 1 2038 2 37 1 
57 3 2070 3 2252 3 2078 4 
2077 4 2079 3 2251 2 56 3 
2080 2 59 5 2078 3 2250 2 
2079 2 2073 2 2249 2 58 1 
2082 1 2090 1 1708 1 2317 2 
2316 1 2081 1 1707 1 1571 1 
1918 2 1702 3 2323 3 2084 3 
1701 4 2322 2 2085 3 2083 3 
1700 2 2086 2 2084 3 2325 2 
1699 3 2085 2 2087 2 2324 2 
1706 3 2319 2 2088 2 2086 2 
1705 1 2089 1 2087 2 2318 1 
2088 1 2090 1 1704 2 2321 1 
2081 1 2089 1 1703 1 2320 3 
2227 2 2098 2 531 3 2092 3 
530 3 2226 2 2093 2 2091 3 
2225 2 2094 1 726 1 2092 2 
2093 1 2224 1 532 1 
2231 5 2096 2 2100 2 788 2 
2095 2 526 1 2097 2 2230 1 
529 2 2098 2 2096 2 2229 3 
2097 2 528 2 2091 2 2228 1 
2245 3 2100 2 536 2 2223 2 
2099 2 2222 1 2095 2 535 2 
1335 2 216 1 1989 2 1839 2 
2105 1 324 3 
1511 1 2104 1 2106 3 322 2 
2103 1 1510 1 99 2 321 1 
2106 3 2102 1 320 1 
1512 4 2105 3 319 4 2103 3 
2108 3 1163 2 669 1 395 1 
2107 3 668 3 396 5 1166 3 
1327 2 1993 2 210 2 1989 2 
2111 3 391 3 2113 3 203 3 
390 3 2110 3 2287 2 
2115 2 400 4 2113 2 169 2 
168 2 2110 3 2112 2 399 2 
398 2 2115 2 1252 2 2117 3 
2112 2 1251 1 2114 2 397 2 
396 5 2119 3 1254 4 2117 4 
395 2 2116 4 2114 3 1253 3 
394 1 201 1 2119 1 1256 1 
2116 3 393 1 2118 1 1255 1 
2421 3 2123 3 2121 3 2271 3 
2126 2 2420 3 2272 2 2120 3 
2123 1 2129 1 2269 1 2419 2 
2122 1 2120 3 2270 4 2418 1 
2127 2 2417 1 2275 2 2125 3 
2276 3 2295 4 2124 3 2416 3 
2415 2 2121 2 2127 3 2273 3 
2124 2 2414 4 2126 3 2274 3 
2129 1 2412 1 1287 2 2267 2 
2128 1 2122 1 2268 1 2411 2 
112 2 167 1 2131 1 2133 2 
111 1 2130 1 166 2 577 1 
114 4 2133 4 865 4 165 3 
113 3 164 2 2132 4 2130 2 
163 1 2135 1 116 3 578 3 
115 2 2134 1 580 3 162 1 
688 2 851 2 1803 1 2137 2 
278 4 2136 2 2138 2 1802 3 
1279 1 1797 2 2139 2 2137 2 
1796 2 2138 2 2140 2 685 2 
1277 2 2139 2 2141 3 1795 1 
2140 3 1794 3 2142 3 1278 3 
1275 3 2143 3 2141 3 1801 1 
2144 4 1800 3 1276 4 2142 3 
2145 3 2143 4 1799 2 243 2 
2144 3 1798 3 246 3 2297 2 
16 3 1432 2 809 4 14 3 
2380 2 2151 2 1499 2 2148 3 
1498 3 2149 3 2147 3 2379 3 
2148 3 1497 1 
2306 1 2151 2 2382 3 1489 1 
1488 3 2147 2 2381 3 2150 2 
1684 2 2037 3 1815 2 2033 1 
2156 2 1382 3 
1385 4 242 2 2155 2 2157 2 
2154 2 241 1 2158 3 1386 1 
240 1 1383 2 2153 2 2157 1 
239 1 1384 2 2154 2 2156 1 
238 3 1387 5 2155 3 2159 3 
2006 1 1388 2 2158 3 237 1 
1184 4 2161 2 687 2 1413 4 
1412 2 1607 1 1183 2 2160 2 
31 1 2331 3 
1921 3 2164 1 2166 3 439 3 
256 3 2163 1 438 1 1920 1 
437 2 1923 2 2166 4 2168 3 
2163 3 436 3 2165 4 1922 5 
2168 2 435 1 2170 1 1917 1 
1916 4 434 3 2167 2 2165 3 
2170 1 1919 3 2172 2 433 2 
2169 1 1668 2 2167 1 432 3 
2172 2 2362 1 1928 1 441 1 
2171 2 2169 2 1927 2 440 2 
1129 2 2178 3 2174 2 224 3 
1128 1 223 3 2173 2 2175 2 
1131 2 222 2 2174 2 2176 3 
2179 2 1130 4 221 2 2175 3 
2178 2 226 3 1135 2 
2177 2 2173 3 225 2 1134 3 
2176 2 1125 1 220 3 2180 1 
219 3 2032 1 2179 1 1124 1 
1280 3 426 3 1051 3 401 3 
2183 2 1409 1 1061 3 1905 1 
2182 2 1904 4 652 2 1408 2 
126 3 2185 2 2039 2 
125 2 2186 2 2184 2 
124 3 2187 2 2185 2 
2186 2 136 3 2188 3 123 2 
130 4 134 4 2189 2 2187 3 
133 1 129 1 2188 2 2190 2 
135 2 2189 2 128 2 
1404 1 1898 2 1054 2 122 1 
2193 3 2375 3 1039 2 1594 3 
2192 3 1038 3 1593 3 2200 3 
2197 2 823 3 2195 3 
1534 2 2194 3 
2197 1 2199 3 1538 2 1600 2 
2196 1 1599 2 1537 1 2194 2 
1524 1 2201 1 2199 3 1598 2 
2196 3 1523 3 1597 3 2198 3 
2201 2 207 2 1596 2 2193 3 
1525 2 1595 1 2200 2 2198 1 
2203 2 1868 2 2315 2 305 3 
2314 4 2202 2 1867 2 2210 3 
2207 4 1876 3 2307 3 2205 2 
2382 3 2306 1 1875 2 2204 2 
2209 2 1874 2 2207 4 1664 2 
2308 4 1873 4 2204 4 2206 4 
1872 2 2211 2 2209 2 2311 2 
2206 2 2310 2 1871 1 2208 2 
2211 2 2313 2 1870 2 2203 3 
2210 2 2312 2 1869 2 2208 2 
775 2 317 2 2213 2 804 2 
803 2 774 4 2212 2 2218 2 
769 3 2215 1 806 1 2221 1 
768 1 805 2 2216 1 2214 1 
808 2 767 1 2215 1 2217 2 
766 2 807 4 2392 4 2216 2 
810 1 2219 1 773 1 2213 2 
2218 1 2220 1 772 1 809 3 
2221 1 771 1 2219 1 812 2 
2220 1 811 2 2214 1 770 2 
2335 4 2231 4 2100 1 2223 1 
2334 1 2222 1 218 1 2099 2 
2225 2 2094 1 2331 3 
2093 2 2224 2 2226 2 2330 2 
2333 1 2092 2 2225 2 2227 1 
2228 1 2091 2 2226 1 2332 2 
2227 1 2327 3 2098 1 2229 2 
2230 2 2326 3 2097 3 2228 2 
2229 2 2096 1 2231 4 2329 2 
2222 4 2095 5 2328 5 2230 4 
1860 2 2233 1 488 4 2235 1 
2232 1 487 1 1859 3 
2237 3 486 4 2235 3 1862 4 
485 1 1861 1 2232 1 2234 3 
484 2 1864 1 627 2 2237 1 
1863 2 2234 3 2236 1 483 3 
2240 2 491 2 
1761 3 490 3 2240 1 700 3 
699 2 2238 2 489 1 2239 1 
23 1 339 2 2242 2 1604 1 
2243 3 338 3 2241 2 1603 4 
1606 2 337 4 2242 3 2244 2 
336 1 1605 2 2243 2 
2099 3 218 2 353 3 2246 2 
2075 4 352 1 2247 1 2245 2 
2248 2 2246 1 2074 1 355 1 
2247 2 2249 3 354 2 2073 3 
2248 3 2080 2 357 2 2250 2 
356 1 2251 1 2079 2 2249 2 
2250 1 2252 1 359 4 2078 2 
2077 3 358 1 2253 2 2251 1 
351 2 2070 2 2254 2 2252 2 
1774 1 2253 2 350 2 2069 1 
2396 1 2398 1 592 3 653 1 
1589 2 2295 2 2416 1 2257 2 
1588 2 2260 4 2294 3 2256 2 
2261 3 2259 1 2055 2 2293 3 
2292 1 2262 1 2038 2 2258 1 
2058 3 2261 5 2257 4 2291 3 
2057 4 2258 3 2260 5 2290 3 
2263 1 2289 1 2259 1 2076 1 
2262 1 2288 2 2071 1 
1783 1 2265 1 1105 2 
1866 2 2264 1 2266 1 1782 2 
362 3 1106 3 2265 1 1781 1 
2268 2 991 3 147 2 2128 2 
2267 2 2269 1 146 2 2129 1 
2270 4 2268 1 141 3 2122 1 
2269 4 2271 4 140 4 2123 4 
2270 4 139 2 2272 2 2120 3 
2273 3 2121 2 138 3 2271 2 
145 2 2272 3 2126 3 2274 3 
2273 3 2275 3 2127 3 144 2 
143 2 2276 2 2124 2 2274 3 
2125 3 142 2 2275 2 2423 1 
2279 2 726 1 
2279 2 2281 1 531 2 
530 3 2278 2 2277 2 
2283 2 529 2 2052 3 2281 2 
2280 2 2051 2 528 2 2278 1 
2283 2 2285 2 2054 3 788 2 
2280 2 2053 2 2282 2 526 1 
536 1 2285 1 170 2 9 2 
2056 1 2282 2 2284 1 535 2 
206 4 2287 2 
2111 2 205 2 2286 2 
2428 4 2263 2 2289 2 
2262 1 2288 2 2429 3 2292 1 
2293 3 2426 4 2261 3 2291 1 
2427 1 2294 2 2260 3 2290 1 
2259 1 2424 2 2293 3 2289 1 
2290 3 2292 3 2425 3 2258 3 
2257 3 2295 3 2291 2 2422 4 
2125 4 2256 2 2423 2 2294 3 
1449 1 1629 2 2301 4 2297 1 
1628 2 1450 3 2296 1 2145 2 
1622 3 1453 2 2299 3 2305 2 
2300 2 1454 3 1621 3 2298 3 
1451 2 2299 2 1620 1 2301 4 
2296 4 1619 4 1452 5 2300 4 
1626 3 28 3 2303 3 1457 3 
2304 1 2302 3 1625 2 1458 2 
1624 1 2303 1 2305 1 1455 2 
1623 1 1456 1 2304 1 2298 2 
2150 1 2205 1 2307 2 1344 1 
604 5 2308 3 2204 3 2306 2 
2207 4 603 2 2307 3 1664 2 
1665 2 2336 2 1663 2 
2209 2 617 2 2311 2 1664 2 
2312 2 2310 2 1347 4 2208 2 
2211 2 2311 2 2024 2 2313 2 
2210 2 2011 2 2312 2 2314 3 
2203 4 2315 4 1338 3 2313 3 
1337 3 1817 4 2314 4 2202 2 
2082 1 2317 2 2022 2 1476 1 
2316 2 2021 2 2320 4 2081 2 
2019 1 2321 1 2319 1 2088 1 
2324 2 2318 1 2087 2 2018 1 
2321 3 2317 4 2017 3 2090 3 
2320 3 2318 1 2016 2 2089 1 
2323 2 2084 2 2325 1 2015 2 
42 2 2322 2 2014 2 2083 3 
2013 4 2325 2 2319 2 2086 2 
2324 2 2322 1 2012 1 2085 2 
561 3 2229 3 2329 3 2327 4 
2228 3 560 3 2326 4 2332 4 
559 2 2231 5 2329 3 2335 5 
2326 3 558 4 2328 3 2230 2 
2333 1 557 1 2331 3 2225 2 
556 4 2162 3 2224 3 2330 3 
555 3 2333 2 2327 4 2227 2 
2226 1 2330 1 2332 2 554 2 
2223 1 2335 4 553 2 54 3 
2222 4 2334 4 552 4 2328 5 
2337 1 2343 1 1214 1 2309 2 
2336 1 1213 2 2338 2 1663 1 
1662 2 2337 2 2339 2 1216 3 
1661 1 787 3 1215 1 2338 2 
2341 2 1218 1 
2340 2 1217 2 2342 2 1667 3 
1220 2 2341 2 2343 1 1666 1 
2336 1 1665 1 1219 1 2342 1 
380 2 2345 3 783 3 2347 2 
2344 3 782 3 71 3 379 2 
781 2 382 1 2349 3 2347 1 
2344 2 2346 1 381 1 780 1 
2351 3 779 2 2349 4 376 2 
2348 4 375 4 2346 3 778 4 
2351 2 378 1 777 2 2353 2 
2350 2 2348 3 776 2 377 3 
2353 2 785 2 384 1 
2352 2 784 2 383 4 2350 2 
1750 2 2357 3 228 3 2355 3 
227 2 2354 3 627 3 1864 2 
236 2 2359 1 1736 3 2357 2 
2354 3 235 3 2356 2 1735 3 
2359 1 1738 2 234 1 2361 1 
2358 1 2356 1 233 2 1737 3 
232 2 2361 1 2363 3 1740 2 
1739 1 2360 1 231 1 2358 1 
230 3 2363 3 1742 3 2171 1 
2362 3 2360 3 229 4 1741 3 
99 2 2365 2 1510 1 
98 3 2364 2 2366 2 
1227 2 2365 2 
2368 3 88 4 1085 2 19 2 
1136 4 2367 3 18 3 1084 3 
858 2 1417 3 2372 3 2370 3 
2377 2 1416 3 857 3 2369 3 
2372 2 1415 1 860 1 2374 3 
1414 2 2371 2 2369 3 859 3 
2374 3 862 1 1413 3 2376 2 
2373 3 861 4 2371 3 1412 4 
2192 3 864 3 2376 3 1018 2 
1017 3 2375 3 863 3 2373 2 
2378 1 2370 2 1043 2 866 1 
865 2 2377 1 1042 1 114 2 
2148 3 2380 2 
2381 3 2147 2 1696 2 2379 2 
2380 3 2382 4 1698 2 2151 3 
2205 3 2381 4 1697 3 2150 3 
2384 3 1662 2 2385 2 
2383 3 132 3 1661 2 
1663 1 2383 2 
1228 2 2387 2 377 3 1713 3 
1716 1 2386 2 2388 1 376 1 
375 2 1715 1 2387 1 2389 1 
382 1 2390 2 1710 2 2388 1 
2389 2 381 2 1709 4 2393 3 
646 2 2401 2 2392 4 601 3 
600 4 2391 4 2217 4 645 3 
380 2 1712 2 2397 2 2390 3 
652 2 1904 4 595 2 2395 2 
2396 1 651 1 2394 2 594 1 
654 2 593 3 2255 1 2395 1 
149 2 1711 2 2393 2 379 1 
599 2 2255 1 2399 1 648 2 
2400 1 2398 1 598 1 647 2 
2401 1 597 1 1559 1 2399 1 
2400 1 649 1 2391 2 596 1 
2403 1 914 2 2410 2 2427 1 
2402 1 2404 2 2426 4 913 1 
916 2 2403 2 2405 2 2425 2 
915 2 2424 2 2404 2 2406 1 
2407 1 918 1 2405 1 2429 3 
2406 1 2428 3 917 1 
502 2 815 2 1098 1 1207 1 
2423 2 142 3 2410 3 912 3 
911 2 2422 4 2409 3 2402 2 
2129 2 1409 2 2419 3 2412 2 
2128 1 137 3 1408 1 2411 2 
383 3 1228 1 1717 2 
2127 4 1405 3 2417 3 2415 3 
2126 2 2420 3 2414 3 1404 1 
1407 2 2256 1 2417 1 2125 3 
2124 1 2414 3 2416 1 1406 2 
2419 2 1401 3 2123 1 2421 1 
2418 2 2122 2 2411 3 1400 3 
2415 3 2121 3 2421 3 1403 5 
2120 3 1402 1 2420 3 2418 1 
2427 3 2423 3 2410 4 2294 4 
2295 2 2409 2 2422 3 2276 1 
2425 2 2292 2 2429 4 2405 2 
2424 2 2426 4 2293 3 2404 2 
2427 4 2290 4 2425 4 2403 4 
2291 1 2426 4 2422 3 2402 1 
2429 5 2288 4 2407 3 
2428 5 2424 4 2289 3 2406 3 
