2443 4753 001
2414 3 4 4 2 3 21 5 
6 3 2413 4 20 4 1 3 
5 2 2416 2 4 4 19 3 
2415 6 18 5 3 4 1 4 
3 2 2417 4 
2 3 23 5 2419 6 7 4 
2418 4 822 4 6 4 22 6 
9 8 2106 5 1880 8 2403 6 
2109 5 2402 6 8 8 1879 4 
327 4 1710 6 11 4 542 6 
1711 3 12 4 10 4 59 4 
1708 4 13 4 62 3 11 4 
61 4 14 4 1709 2 12 4 
13 4 1706 5 15 3 323 4 
16 3 55 6 1707 3 14 3 
15 3 325 4 1704 5 17 5 
16 5 324 4 1705 5 
19 4 4 5 137 7 21 6 
18 4 3 3 136 4 
21 6 139 6 2 4 23 6 
138 5 20 6 18 6 1 5 
141 5 23 7 1116 5 7 6 
6 5 22 7 140 6 20 6 
2105 3 501 3 2390 5 1887 2 
1184 6 28 6 26 4 1394 9 
1393 5 275 3 25 4 1493 2 
30 2 28 4 1157 4 1396 6 
1142 6 1395 8 27 4 25 6 
1126 8 32 9 1390 7 30 6 
27 2 1124 2 1389 1 29 6 
32 7 1112 6 1392 6 1748 5 
1108 6 29 9 1391 4 31 7 
36 5 34 3 436 8 530 5 
33 3 435 6 529 5 
528 5 36 6 38 7 438 4 
33 5 527 6 35 6 437 5 
526 6 38 8 40 7 440 4 
439 7 525 7 37 8 35 7 
524 3 40 5 
523 5 37 7 441 5 39 5 
275 4 1427 5 1046 3 1493 3 
51 6 1906 8 43 6 1330 9 
1905 4 44 5 1329 1 42 6 
45 7 1328 5 43 5 1915 7 
44 7 1327 7 46 3 1911 6 
1899 4 1334 2 47 4 45 3 
46 4 1333 6 48 8 1893 9 
1904 10 49 5 1332 9 47 8 
1903 2 48 5 1331 1 919 5 
1340 4 693 5 259 5 51 4 
1339 2 42 6 692 2 50 4 
1875 3 66 3 1819 4 1723 4 
801 7 362 8 56 6 54 5 
2348 3 361 5 53 5 800 3 
15 6 323 7 325 7 754 9 
796 9 322 5 53 6 2202 3 
58 6 799 6 352 4 60 3 
322 7 798 8 57 6 2200 8 
62 3 327 4 750 5 11 4 
1788 4 792 6 326 5 57 3 
13 4 62 3 323 4 748 4 
61 3 59 3 747 5 12 3 
1890 5 64 6 1219 10 2129 6 
63 6 1772 3 1218 5 2130 7 
1697 7 898 7 67 8 1602 8 
52 3 1874 5 624 7 2442 6 
1231 5 1696 8 65 8 1603 4 
1215 3 69 5 73 5 2125 6 
68 5 1882 3 1214 5 122 5 
72 3 184 3 302 5 772 3 
2127 10 1217 7 73 6 1449 7 
70 3 833 2 183 2 771 5 
1216 7 71 6 68 5 127 4 
434 6 873 6 105 7 77 4 
1060 6 1878 4 88 4 379 6 
77 2 465 2 107 2 871 2 
870 4 76 2 106 2 74 4 
869 5 79 4 81 6 109 10 
108 4 78 4 868 6 2025 4 
434 5 111 4 867 4 81 5 
78 6 866 8 110 8 80 5 
113 5 2359 8 875 5 465 5 
377 7 1889 4 1878 5 1062 3 
1601 5 2296 8 1702 5 1048 3 
1533 7 1504 4 375 6 86 6 
87 7 376 7 85 6 1532 4 
86 7 373 9 88 6 1058 8 
374 4 75 4 87 6 1057 6 
832 5 182 6 90 5 774 6 
773 4 181 2 827 6 89 5 
98 6 1205 5 2122 3 92 4 
1204 4 2121 5 93 6 91 4 
94 6 92 6 1203 7 2137 6 
93 6 620 4 1202 9 974 6 
96 5 1209 5 1861 5 2146 4 
97 6 95 5 2142 6 1208 4 
96 6 983 3 98 7 1207 6 
91 6 97 7 980 7 1206 5 
1930 4 100 3 
1929 6 101 3 99 3 
1932 3 100 3 102 6 
2391 12 1931 6 101 6 219 6 
1409 3 1727 3 1766 5 405 2 
434 8 2339 6 111 7 105 9 
2338 8 106 5 74 7 104 9 
107 2 2337 6 105 5 77 2 
112 3 106 2 76 2 2336 5 
79 4 1310 3 2343 4 109 10 
110 12 2342 8 108 10 78 10 
109 12 111 7 2341 9 81 8 
110 7 80 4 104 7 2340 4 
1763 4 107 3 113 3 465 3 
82 5 112 3 2334 3 298 6 
959 4 781 5 1728 3 2143 3 
116 3 637 7 1515 4 1752 6 
115 3 636 5 1751 6 117 1 
1754 4 635 2 118 3 116 1 
1734 5 634 6 117 3 1753 8 
397 6 1414 9 1735 6 1282 4 
2130 6 520 3 2191 4 2126 4 
1755 3 632 3 123 2 1734 3 
2125 6 2131 4 69 5 432 7 
1758 4 121 2 1737 4 631 4 
435 7 125 5 
436 9 124 5 
1987 5 1726 5 789 9 955 5 
2125 5 442 4 2127 8 73 4 
129 8 2437 4 206 4 1397 4 
132 8 2436 10 128 8 2322 7 
2313 5 2439 8 133 5 131 3 
134 3 2312 3 2438 4 130 3 
129 8 133 5 2441 5 1353 6 
1292 4 2440 6 132 5 130 5 
131 3 2443 3 135 4 2301 6 
2300 6 134 4 
166 4 137 7 19 4 
138 6 136 7 18 7 165 9 
21 5 164 4 139 5 137 6 
140 6 138 5 163 7 20 6 
162 6 139 6 141 4 23 6 
760 5 22 5 140 4 161 6 
2127 8 2184 6 691 2 442 4 
532 5 853 7 981 6 737 6 
846 6 1995 6 2308 7 852 5 
152 1 146 3 1031 2 867 3 
147 4 866 7 145 3 1030 4 
146 4 1029 4 869 4 148 6 
147 6 1028 8 1144 7 868 9 
156 5 871 5 150 6 1035 4 
1034 7 151 3 149 6 870 5 
1033 1 150 3 873 4 152 1 
872 3 145 1 1032 4 151 1 
1101 6 201 4 154 4 939 7 
944 5 1102 4 200 5 153 4 
1027 4 156 3 875 3 2420 2 
149 5 874 5 1026 4 155 3 
1097 7 946 7 158 7 205 7 
159 6 157 7 204 5 1098 4 
158 6 1099 5 207 5 160 6 
1100 6 1397 5 159 6 206 5 
411 7 141 6 162 8 886 5 
140 6 885 5 163 7 161 8 
164 6 428 4 139 7 162 7 
427 4 138 4 163 6 165 7 
166 6 896 8 164 7 137 9 
165 6 136 4 895 2 
168 5 1709 3 174 3 1689 6 
169 4 167 5 1688 6 1708 4 
1711 3 168 4 1687 3 170 3 
1710 5 1686 4 330 3 169 3 
172 5 1705 4 1693 6 
171 5 1692 6 173 7 1704 6 
174 4 172 7 1707 6 1691 7 
173 4 1706 3 1690 2 167 3 
1742 8 176 8 182 8 832 7 
1740 5 175 8 177 9 831 4 
834 8 178 9 176 9 837 10 
177 9 836 6 183 3 833 3 
835 5 347 4 180 3 828 4 
827 7 181 3 179 3 1685 4 
90 2 1684 4 180 3 182 3 
89 6 1745 4 175 8 181 3 
184 2 178 3 811 2 72 2 
2213 2 183 2 70 3 733 2 
604 3 187 4 
187 2 191 4 978 4 
186 2 185 4 979 5 
1464 3 1037 7 
216 4 1972 4 2019 3 274 3 
855 4 606 5 191 5 618 4 
190 5 186 4 854 6 607 6 
193 6 2329 4 264 5 195 3 
192 6 198 7 263 6 2328 5 
2331 2 262 4 536 1 195 2 
2330 4 194 2 261 5 192 3 
1110 6 268 5 2333 6 197 6 
202 4 267 5 2332 4 196 6 
193 7 2335 8 1110 5 266 4 
935 2 1109 3 2201 3 1171 3 
1170 8 201 5 154 5 1113 5 
200 5 153 4 1169 4 1109 4 
197 4 203 3 270 6 1768 3 
202 3 356 9 1767 3 269 4 
205 5 207 4 1166 3 158 5 
204 5 1111 6 1165 7 157 7 
207 4 1164 3 128 4 160 5 
204 4 206 4 159 5 1163 5 
209 3 215 4 1593 3 940 2 
1592 5 210 7 208 3 582 5 
209 7 1591 7 211 7 943 7 
584 4 1590 6 210 7 372 5 
213 3 218 4 1597 4 579 4 
212 3 1596 2 578 4 214 4 
215 6 581 6 1595 6 213 4 
214 6 208 4 580 6 1594 5 
189 4 1971 3 769 6 2018 4 
1903 5 919 8 1599 9 218 6 
576 5 212 4 217 6 1598 4 
230 3 2172 3 102 6 
221 6 223 5 1534 5 2017 4 
220 6 2016 8 1535 9 1539 5 
225 7 223 4 2028 4 2019 4 
220 5 222 4 897 3 2018 3 
225 8 1543 5 2004 5 227 7 
222 7 1548 8 224 8 2020 6 
229 4 227 6 1536 6 2006 6 
1537 6 226 6 2005 6 224 7 
2008 2 375 5 1504 3 229 3 
226 4 1506 3 2007 3 228 3 
219 3 1926 4 
445 4 1891 7 1632 5 1489 7 
1713 3 1950 4 233 3 
1712 2 384 4 1949 2 232 3 
1631 6 1923 6 237 7 1492 6 
2264 6 2303 4 236 3 
2302 3 2263 6 245 5 235 3 
1491 8 1891 8 1630 4 234 7 
1721 9 769 10 2016 12 1973 8 
2269 5 240 5 242 5 1573 7 
1968 3 2268 8 239 5 1572 6 
1577 3 2267 3 242 5 244 7 
239 5 2266 6 2310 3 241 5 
244 6 2273 4 246 6 1569 2 
243 6 2304 8 2272 8 241 7 
1571 7 2271 7 236 5 246 9 
1570 11 243 6 245 9 2270 7 
896 6 250 6 1094 6 
1309 3 253 4 1690 2 464 2 
257 5 1693 8 463 6 1318 6 
247 6 427 5 431 5 1093 6 
2009 4 254 6 1687 3 461 5 
1463 4 1627 4 2089 3 255 4 
459 6 248 4 254 8 1689 7 
253 8 458 6 251 6 1688 8 
1487 5 1626 4 252 4 1921 5 
886 3 1095 4 1342 4 2294 6 
249 5 456 6 
271 4 1815 3 2006 5 1976 2 
50 5 540 3 260 4 1523 5 
259 4 1522 4 539 3 
264 7 629 7 262 7 195 5 
194 4 478 5 261 7 628 7 
266 3 193 6 264 5 631 4 
261 7 192 5 263 5 630 4 
266 5 1281 7 268 5 1110 6 
632 4 265 5 263 3 198 4 
635 4 197 5 268 4 270 7 
634 5 196 5 267 4 265 5 
328 4 203 4 637 7 270 7 
202 6 267 7 636 9 269 7 
258 4 2005 5 272 9 1975 7 
271 9 274 8 1978 9 2004 8 
2268 7 2134 2 2071 3 1966 4 
2020 3 1977 3 272 8 189 3 
41 4 1388 6 26 3 276 3 
1046 2 1387 4 275 3 2059 2 
2297 4 533 2 575 5 
1713 4 279 5 1823 5 
446 3 278 5 1822 3 1712 3 
1926 5 406 5 281 3 
286 2 1924 4 1683 3 280 3 
289 4 1750 5 283 6 1943 4 
1741 6 282 6 284 5 504 5 
713 4 285 3 283 5 1769 5 
712 3 284 3 1762 3 444 4 
287 7 719 2 281 2 1716 6 
286 7 718 8 889 11 288 9 
289 5 717 6 423 7 287 9 
891 3 282 4 288 5 716 4 
2219 6 464 3 462 4 1309 4 
300 5 2362 5 2195 5 292 6 
293 5 2194 7 291 6 2361 5 
292 5 2364 5 2193 2 294 3 
2363 6 2192 2 295 4 293 3 
2358 4 2199 8 294 4 296 4 
2357 2 297 2 2198 6 295 4 
298 5 2360 7 296 2 2197 4 
2359 9 297 5 2196 6 113 6 
300 7 2368 6 460 6 657 6 
299 7 291 5 2367 8 655 5 
1540 4 1542 4 986 4 765 4 
303 6 733 4 70 5 605 6 
965 6 304 5 302 6 732 7 
305 4 303 5 735 5 603 4 
304 4 734 6 306 4 602 6 
729 4 307 7 305 4 601 4 
728 8 306 7 308 8 600 8 
731 5 599 4 309 5 307 8 
598 5 310 3 308 5 730 5 
309 3 609 3 725 7 311 2 
476 2 608 3 724 1 310 2 
317 4 1860 3 313 5 
483 4 1859 10 312 5 
321 2 1864 5 614 6 315 7 
316 8 615 10 314 7 1863 7 
315 8 317 5 612 4 1866 5 
312 4 316 5 1865 5 613 4 
618 9 1868 8 606 10 319 10 
1867 5 320 5 619 6 318 10 
319 5 321 2 1870 2 616 5 
314 2 320 2 1869 3 617 6 
58 7 56 5 354 7 797 4 
753 3 61 4 55 7 14 4 
752 5 17 4 325 3 
16 4 751 5 55 7 324 3 
793 7 2010 6 60 5 2147 6 
10 4 59 4 749 6 2027 5 
269 4 795 2 2147 4 356 9 
1488 3 330 4 332 3 2183 5 
1462 3 329 4 170 3 2182 3 
1482 4 2181 3 334 3 332 3 
2180 1 1481 6 329 3 331 3 
334 3 336 4 2179 5 1484 4 
333 3 331 3 1483 3 2178 3 
1478 4 336 3 2177 4 338 5 
335 3 333 4 1477 2 2176 4 
2175 3 1480 5 513 4 338 5 
1460 5 2174 5 335 5 337 5 
340 5 2085 4 348 4 669 5 
668 5 339 5 2084 5 341 5 
671 4 2083 4 342 4 340 5 
2082 3 670 3 341 4 343 2 
2081 6 673 3 342 2 344 1 
2080 3 672 1 345 1 343 1 
2079 3 346 4 675 3 344 1 
1554 7 345 4 2078 7 674 5 
348 5 680 5 2077 5 179 4 
347 5 679 4 339 4 2076 2 
350 2 982 3 
981 4 349 2 532 3 
2203 4 2201 6 999 6 2433 6 
2188 4 57 4 1788 5 2200 6 
2206 6 2203 3 997 4 2435 7 
2202 5 322 7 2190 7 2200 8 
2185 2 356 9 2010 4 2147 4 
355 9 2184 12 328 9 203 9 
358 6 360 5 2431 5 993 5 
357 6 2430 7 992 10 2205 7 
2387 9 1567 5 991 5 360 7 
990 7 357 5 359 7 2386 7 
1968 4 54 5 362 8 1572 7 
53 8 1958 9 361 8 2202 5 
1380 5 1842 5 397 7 364 6 
365 3 396 3 1379 6 363 6 
364 3 399 2 1378 3 366 3 
367 3 398 4 365 3 1377 3 
368 3 366 3 1384 2 401 1 
369 5 367 3 400 4 1383 5 
368 5 403 8 370 7 1382 5 
1381 9 369 7 402 6 371 7 
372 5 405 3 370 7 1386 8 
404 5 371 5 1385 5 211 5 
376 9 374 7 1875 8 87 9 
373 7 88 4 379 6 1874 4 
1877 5 228 5 376 7 85 6 
373 9 375 7 86 7 1876 6 
1871 7 83 7 380 7 378 6 
1889 3 377 6 
380 7 1873 7 75 6 374 6 
1878 5 377 7 379 7 1872 5 
2285 5 382 4 2162 3 1305 4 
2161 8 1306 8 545 8 381 4 
1461 7 1778 3 384 5 1579 3 
233 4 1479 7 383 5 1777 7 
1463 4 2298 5 1784 3 560 6 
2288 6 1300 5 510 3 392 5 
1486 4 2298 5 388 2 1786 4 
389 2 387 2 1785 2 1485 5 
388 2 1492 4 390 4 1780 7 
389 4 1574 6 1491 7 1779 5 
1939 7 746 9 1616 9 
393 7 386 5 2289 7 509 6 
394 5 392 7 512 5 2284 7 
393 5 1305 6 2285 7 511 6 
609 6 1988 5 1984 7 1809 9 
364 3 1735 4 397 4 399 2 
119 6 1077 6 363 7 396 4 
366 4 1733 5 399 3 401 2 
365 2 1732 5 398 3 396 2 
368 4 403 7 1776 2 401 2 
1774 2 367 1 400 2 398 2 
370 6 1766 5 403 7 405 2 
369 8 1736 8 400 7 402 7 
372 5 1727 4 405 3 584 4 
371 3 103 2 404 3 402 2 
1683 5 280 5 
408 1 414 2 2156 5 756 2 
409 2 755 2 2155 2 407 1 
408 2 758 3 410 5 2154 7 
757 7 409 5 419 4 2153 6 
161 7 412 4 2160 4 760 6 
413 4 2159 4 759 3 411 4 
412 4 2158 6 762 7 414 4 
2157 3 761 2 407 2 413 4 
416 9 806 10 752 10 
415 9 751 6 417 5 805 8 
416 5 804 5 754 6 418 5 
2410 5 803 8 417 5 753 4 
764 2 2162 3 410 4 2411 3 
905 5 1531 5 892 7 894 5 
422 7 1451 6 808 4 750 5 
807 9 421 7 595 9 749 9 
891 5 1059 6 889 9 288 7 
608 5 476 4 2140 4 425 5 
2139 5 475 6 424 5 426 5 
2141 4 474 3 425 5 
164 4 250 5 896 5 428 2 
885 2 431 2 163 4 427 2 
1527 3 901 4 430 6 1044 4 
893 5 1526 4 429 6 900 10 
1092 3 428 2 250 5 1342 3 
2128 6 2187 9 122 7 433 5 
442 3 2186 5 2125 4 432 5 
74 6 104 8 80 5 872 6 
436 11 124 7 34 6 
125 9 435 11 33 8 437 8 
438 3 36 5 436 8 
439 4 437 3 35 4 
438 4 38 7 440 3 
441 2 37 4 439 3 
440 2 40 5 
127 4 2185 3 433 3 142 4 
571 3 695 2 444 4 450 3 
694 3 570 5 443 4 285 4 
231 4 1461 7 2101 3 446 3 
1479 5 2100 5 279 3 445 3 
697 6 565 9 448 6 454 6 
447 6 449 4 696 3 564 3 
563 7 450 5 699 6 448 4 
562 5 449 5 698 5 443 3 
701 4 569 3 975 7 452 3 
700 3 453 3 568 4 451 3 
703 3 454 2 452 3 567 2 
447 6 453 2 702 3 566 4 
1148 5 1714 6 988 6 
257 6 2216 8 463 7 457 7 
456 7 2215 4 
461 5 254 6 459 4 2222 4 
253 6 458 4 2221 8 464 4 
299 6 2009 4 2224 5 461 5 
458 5 2223 8 460 5 251 5 
463 5 2218 5 1318 5 290 4 
462 5 249 6 456 7 2217 4 
2220 2 290 3 248 2 459 4 
76 2 874 5 112 3 82 5 
471 4 467 2 1302 7 482 5 
481 1 466 2 1301 2 468 4 
1304 5 469 8 467 4 480 5 
1303 7 468 8 479 8 
478 7 1308 10 628 9 471 8 
466 4 1307 5 477 5 470 8 
516 4 2216 5 484 3 
2384 7 879 10 2356 6 1789 7 
426 3 475 4 
476 5 425 6 474 4 
475 5 424 4 311 2 
478 4 482 6 471 5 537 7 
470 7 477 4 536 2 262 5 
480 5 469 8 
479 5 481 2 533 2 468 5 
535 2 467 1 480 2 482 4 
477 6 534 4 466 5 481 4 
313 4 1682 1 
1430 2 491 6 472 3 
518 4 488 5 486 3 1438 3 
1437 7 517 7 485 3 2429 3 
1436 6 488 9 490 5 656 5 
519 9 487 9 485 5 1435 5 
490 3 1434 5 653 7 492 6 
489 3 487 5 1433 2 652 2 
1432 5 492 8 484 6 516 7 
515 8 491 8 1431 6 489 6 
2309 8 1473 8 494 7 496 8 
1474 6 499 9 2308 6 493 7 
496 6 2311 4 1475 4 
1476 6 495 6 1575 7 493 8 
2305 3 1469 6 500 3 498 4 
1470 5 2387 7 1567 3 497 4 
1471 8 500 7 494 9 2307 10 
2306 1 499 7 497 3 1472 2 
24 3 1931 4 2391 10 1888 7 
577 3 537 7 1568 6 503 3 
2331 2 2209 3 536 1 502 3 
2170 3 713 4 1943 3 283 5 
508 6 1298 6 506 6 2038 4 
505 6 1897 4 2037 7 1297 8 
1300 6 508 4 2036 3 510 4 
505 6 2035 4 507 4 1299 5 
510 4 2034 5 512 4 392 6 
509 4 2033 4 386 3 507 4 
512 6 514 6 2032 6 394 6 
2031 4 511 6 509 4 393 5 
337 4 2030 5 514 5 1306 7 
2029 5 511 6 1305 6 513 5 
653 9 516 7 492 8 2218 7 
472 4 2217 4 515 7 491 7 
518 8 1023 7 486 7 2224 8 
519 8 2223 8 517 8 485 4 
518 8 488 9 656 5 2222 7 
2135 4 1958 6 120 3 2133 5 
522 6 876 7 1045 3 1001 4 
521 6 1527 4 938 7 1044 5 
524 3 526 4 40 5 839 6 
523 3 838 7 39 3 531 4 
528 5 38 7 841 5 526 5 
37 6 840 4 523 4 525 5 
843 3 528 5 36 6 530 6 
525 5 35 5 842 5 527 5 
2299 4 845 7 530 7 34 5 
529 7 844 6 527 6 33 5 
853 6 532 4 524 4 
143 5 350 3 531 4 
277 2 535 2 480 2 
482 4 535 2 577 1 537 5 
481 2 534 2 533 2 575 5 
478 2 503 1 537 5 194 1 
502 7 536 5 534 5 477 7 
1338 6 1041 6 541 4 937 6 
1950 2 540 2 260 3 
693 3 1949 3 259 3 539 2 
1341 6 936 8 1040 4 538 4 
1462 5 2027 7 10 6 543 7 
550 6 2026 8 1488 4 542 7 
1460 2 547 2 2099 2 545 5 
2001 7 382 8 1480 8 544 5 
1477 2 547 3 2104 7 549 4 
2102 3 546 3 1478 4 544 2 
551 5 1483 6 549 6 1990 5 
1484 4 1989 6 546 4 548 6 
543 6 2074 5 551 4 1481 8 
550 4 1992 5 548 5 1482 3 
555 7 1595 6 2046 5 553 7 
2045 7 1594 6 558 7 552 7 
1597 5 2044 3 555 7 561 4 
2043 9 552 7 554 7 1596 5 
2042 5 559 5 1591 6 557 10 
2041 7 1590 10 715 10 556 10 
2040 4 1593 5 553 7 559 4 
1592 4 2039 4 556 5 558 4 
561 6 2048 7 385 6 1599 10 
1598 3 560 6 554 4 2047 7 
450 5 563 7 2315 5 571 5 
449 7 562 7 2314 4 564 6 
2317 3 565 6 448 3 563 6 
447 9 566 7 564 6 2316 5 
565 7 2319 4 454 4 567 4 
568 3 2318 2 566 4 453 2 
567 3 2321 5 569 4 452 4 
2320 4 451 3 568 4 956 3 
571 4 444 5 2324 5 712 4 
2323 7 443 3 570 4 562 5 
1619 7 573 5 
574 5 982 5 572 5 2385 4 
1621 4 737 5 573 5 981 5 
678 6 577 4 535 5 277 5 
218 5 919 7 579 5 1125 3 
502 3 575 4 677 1 534 1 
1128 4 581 6 213 4 579 5 
1914 4 576 5 578 5 212 4 
581 6 1913 3 940 4 215 6 
1912 8 580 6 578 6 214 6 
940 4 943 5 209 5 1919 5 
647 6 1803 2 2151 3 1857 2 
211 4 943 4 1917 2 404 4 
1345 5 594 2 1351 2 666 2 
597 4 587 8 591 5 2074 5 
1992 9 586 8 588 7 950 10 
953 4 1990 3 589 2 587 7 
588 2 952 3 1989 4 590 3 
947 7 951 6 2104 8 589 3 
586 5 594 4 950 7 1345 7 
2099 4 951 6 593 4 949 3 
948 6 2411 4 592 4 2001 4 
595 6 591 4 585 2 597 3 
594 6 1351 6 422 9 596 6 
2027 5 749 6 597 3 595 6 
586 4 2026 6 596 3 594 3 
1984 6 309 5 609 5 599 4 
600 4 308 4 1983 3 598 4 
599 4 1986 5 601 5 307 8 
1985 3 600 5 306 4 602 6 
603 6 1980 5 305 6 601 6 
602 6 1979 4 965 5 304 4 
185 3 1145 1 979 4 
965 6 772 4 1981 5 302 6 
190 5 1137 6 318 10 607 6 
978 6 606 6 1136 3 191 6 
1988 3 424 5 311 3 609 4 
395 6 598 5 310 3 608 4 
1604 6 2261 6 1764 7 2409 8 
2132 8 2126 8 2128 7 2189 9 
316 4 615 6 613 3 
317 4 612 3 
2351 7 314 6 617 10 615 9 
315 10 612 6 614 9 2350 6 
2353 6 619 6 617 9 320 5 
616 9 2352 11 614 10 321 6 
318 9 619 5 2355 4 190 4 
618 5 616 6 2354 4 319 6 
1211 4 94 4 1002 4 621 3 
1210 3 2395 6 1000 3 620 3 
2385 6 623 5 1819 8 1723 8 
1970 2 1621 2 622 5 1722 2 
1819 8 66 7 1620 5 1821 8 
1818 3 1009 7 1063 7 1816 6 
638 9 627 4 1070 6 1012 7 
626 4 1011 3 1069 3 1818 1 
629 7 470 9 262 7 1739 4 
261 7 628 7 1738 6 630 4 
1737 3 631 3 264 4 629 4 
630 3 632 5 263 4 123 4 
266 4 121 3 1281 6 631 5 
1014 5 1813 4 638 7 1068 3 
635 5 268 5 118 6 1281 7 
267 4 634 5 117 2 636 6 
116 5 635 6 270 9 637 9 
115 7 795 5 269 7 636 9 
1067 9 1013 6 626 9 633 7 
2281 8 1957 2 1959 3 2329 4 
1759 4 1308 7 641 3 1137 5 
644 4 640 3 1136 1 1307 3 
645 7 1145 5 1304 6 643 7 
642 7 1303 5 
641 4 1147 6 1302 9 645 6 
642 7 1146 6 644 6 1301 4 
647 5 2151 2 2297 3 
583 6 646 5 678 7 648 6 
677 2 649 3 647 6 1803 2 
648 3 1568 5 1810 3 650 4 
2279 3 1811 5 2209 5 649 4 
985 4 1547 3 1173 2 1538 3 
2220 2 653 6 656 2 490 2 
515 9 2219 9 489 7 652 6 
1802 1 1800 2 1333 3 1979 3 
2183 5 2195 5 657 4 300 5 
519 5 2221 6 652 2 487 5 
655 4 2009 4 299 6 2182 3 
1847 5 829 5 659 6 1348 4 
660 6 1846 6 658 6 1347 5 
661 4 659 6 1845 6 1350 5 
662 7 1349 4 1844 3 660 4 
661 7 663 9 1344 9 1851 6 
662 9 1850 7 664 5 1343 6 
665 4 663 5 1346 4 1849 3 
666 4 664 4 1345 7 1848 5 
665 4 667 3 585 2 1853 3 
1852 3 1150 5 1351 3 666 3 
340 5 669 5 671 4 925 10 
668 5 924 7 339 5 679 5 
923 3 342 3 671 3 673 4 
341 4 668 4 670 3 922 5 
673 3 344 1 675 3 929 3 
672 3 670 4 343 3 928 7 
927 4 675 4 1588 3 346 5 
345 3 926 5 674 4 672 3 
791 4 2050 3 690 4 
648 2 678 3 1568 4 577 1 
647 7 575 6 677 3 2297 5 
348 4 680 4 921 5 669 5 
828 5 347 5 679 4 920 3 
684 4 1359 5 1228 2 682 1 
1227 1 1358 3 681 1 
1224 4 686 4 1357 4 684 6 
681 4 1356 7 1223 5 683 6 
1226 10 688 9 686 8 1355 7 
685 8 683 4 1354 5 1225 2 
688 5 1366 5 1894 3 1230 5 
685 9 687 5 1229 5 1365 7 
791 5 690 5 1823 4 
689 5 1822 4 676 4 857 5 
142 2 2282 1 1964 3 1767 2 
51 2 1778 3 1906 4 693 3 
50 5 1777 5 540 3 692 3 
444 3 695 1 1762 2 1234 5 
698 4 694 1 1233 2 443 2 
1246 6 697 3 699 5 448 3 
447 6 702 3 696 3 1245 1 
695 4 450 5 699 6 1244 4 
1243 3 449 6 696 5 698 6 
701 4 452 3 1242 3 703 3 
700 4 451 4 1241 3 1006 5 
697 3 703 4 1240 5 454 3 
702 4 453 3 700 3 1239 5 
707 5 1378 4 705 5 983 2 
710 5 704 5 1377 4 980 6 
1380 3 707 5 2146 4 1812 3 
706 5 704 5 1379 7 2142 6 
709 3 1382 4 711 5 2137 4 
708 3 714 5 1381 6 974 5 
2122 3 1384 3 705 5 711 5 
1383 6 710 5 2121 6 708 5 
285 3 713 4 2168 6 570 4 
712 4 284 4 2167 6 504 4 
715 7 1386 9 709 5 1002 6 
714 7 1385 6 1000 5 557 10 
717 5 2164 5 1943 4 289 4 
718 5 2163 4 716 5 288 6 
717 5 719 3 287 8 2166 7 
718 3 2165 3 286 2 1924 4 
723 5 721 7 1937 5 1043 8 
1042 4 1410 8 720 7 1938 7 
723 5 1935 6 1041 7 1967 8 
722 5 720 5 1040 4 1936 3 
725 6 311 1 
724 6 730 9 1925 7 310 7 
1939 4 1037 6 727 4 
1036 4 1940 4 1312 4 726 4 
307 8 729 5 1928 5 731 5 
306 4 728 5 734 6 1927 3 
2366 8 725 9 309 5 731 5 
308 5 2365 5 728 5 730 5 
303 7 735 7 733 5 2372 7 
2371 2 184 2 732 5 302 4 
2370 8 735 7 305 6 729 6 
734 7 2369 6 304 5 732 7 
853 6 741 6 1399 6 737 5 
574 5 1398 3 143 6 736 5 
841 5 1401 5 739 4 745 4 
1400 2 740 2 840 3 738 4 
839 5 1403 2 739 2 741 4 
1402 4 736 6 740 4 838 9 
845 6 743 4 2327 4 1405 4 
742 4 744 5 1404 3 844 4 
843 4 1407 4 745 5 743 5 
842 4 744 5 1406 7 738 4 
1552 6 391 9 1940 6 1617 8 
748 6 62 5 1451 8 750 7 
747 6 753 3 2410 4 61 4 
596 6 750 7 327 6 422 9 
749 7 59 5 747 7 421 5 
754 7 325 5 416 6 752 7 
324 5 751 7 415 10 
754 5 323 3 748 3 418 4 
753 5 751 7 417 6 55 9 
758 3 408 2 1121 6 756 3 
761 2 1120 7 755 3 407 2 
1119 6 410 7 758 5 764 5 
755 3 409 3 757 5 1118 3 
412 3 760 5 1117 3 762 6 
759 5 1116 5 141 5 411 6 
756 2 762 5 414 2 1115 4 
761 5 1114 6 759 6 413 7 
1123 5 2411 5 764 4 948 7 
419 2 1122 4 763 4 757 5 
766 2 1255 4 969 3 301 4 
1542 2 765 2 767 4 968 2 
967 5 1545 6 766 4 770 6 
1680 6 2214 7 2152 8 2049 5 
238 10 216 6 1974 5 2017 4 
1544 5 1005 6 966 5 767 6 
1825 6 72 5 778 8 772 5 
1824 2 605 4 70 3 771 5 
90 4 776 5 1831 4 774 5 
779 6 1830 6 773 5 89 6 
1833 3 828 5 920 3 776 4 
827 7 773 5 1832 4 775 4 
780 3 834 4 778 7 1827 6 
1826 6 777 7 833 5 771 8 
780 4 832 5 774 6 1829 9 
779 4 831 2 777 3 1828 4 
938 7 782 8 114 5 1527 4 
1526 5 781 8 1728 6 783 7 
784 5 1525 10 782 7 1731 7 
783 5 1730 6 1524 4 785 6 
1725 5 1531 4 786 8 784 6 
1724 7 1530 7 787 5 785 8 
1920 1 788 4 1529 2 786 5 
787 4 1726 4 789 8 1528 5 
790 8 1520 5 788 8 126 9 
789 8 1987 4 1519 4 2239 5 
676 4 689 5 
799 9 1518 7 60 6 793 8 
326 7 794 5 792 8 1517 6 
2147 4 793 5 1516 4 795 2 
328 2 1515 2 637 5 794 2 
56 9 801 10 797 8 1514 8 
1589 6 796 8 322 4 798 5 
58 8 1512 6 799 8 797 5 
798 8 792 9 57 6 1511 8 
1508 5 801 5 54 3 941 7 
796 10 53 7 1507 4 800 5 
2148 2 1541 2 1255 3 971 7 
418 8 810 6 804 8 1154 6 
805 8 417 5 803 8 1153 4 
1156 7 804 8 806 9 416 8 
805 9 415 10 1155 5 
808 6 422 9 1150 8 1351 6 
807 6 1149 6 809 4 421 4 
810 3 1152 4 1451 6 808 4 
809 3 2410 3 803 6 1151 1 
2213 2 836 5 183 2 2234 4 
813 6 1132 8 816 5 1190 4 
1189 9 1131 5 812 6 814 7 
1188 7 1134 5 813 7 815 7 
1187 4 817 3 1133 5 814 7 
812 5 1135 5 
1186 4 818 1 815 3 1130 1 
973 2 1129 3 1185 5 817 1 
826 2 820 4 1663 3 1115 5 
821 9 1114 4 819 4 1662 5 
822 8 820 9 1117 8 1661 7 
821 8 7 4 1116 3 1660 4 
1667 4 830 3 1119 5 824 5 
1118 4 825 3 1666 5 823 5 
1665 2 826 1 824 3 1121 5 
1120 6 825 1 1664 3 819 2 
776 7 180 7 828 8 90 6 
680 5 827 8 775 5 179 4 
1123 5 658 5 2150 4 830 3 
1122 3 823 3 829 3 2149 5 
780 2 832 3 834 3 176 4 
779 5 89 5 831 3 175 7 
72 2 178 3 778 5 834 2 
177 8 777 4 831 3 833 2 
179 5 2077 6 1685 6 2232 9 
811 5 178 6 2227 6 837 7 
2226 9 836 7 177 10 1740 6 
853 9 839 10 524 7 741 9 
740 5 838 10 840 6 523 6 
526 4 739 3 839 6 841 4 
738 5 840 4 525 5 842 5 
843 3 745 4 528 5 841 5 
842 3 744 4 844 3 527 3 
845 6 843 3 530 6 743 4 
529 7 844 6 742 6 2325 5 
144 6 847 3 1998 6 2307 6 
2306 1 846 3 1997 3 848 4 
849 4 2305 4 2000 5 847 4 
991 2 848 4 1999 3 1567 2 
2311 3 851 3 1994 4 
852 3 850 3 1993 5 1575 5 
851 3 1996 3 144 5 2309 5 
736 6 838 9 531 6 143 7 
855 5 191 6 
190 4 854 5 2355 4 
857 7 2101 6 861 7 2051 6 
2050 4 856 7 2100 6 690 5 
1631 4 865 4 859 4 2055 3 
2054 5 1630 3 858 4 860 5 
2053 5 1633 6 861 5 859 5 
1632 5 856 7 2052 3 860 5 
863 4 1046 4 2059 4 1627 5 
862 4 2058 3 864 3 1626 3 
865 4 863 3 2057 4 2088 4 
2056 6 864 4 1628 4 858 4 
869 7 146 7 867 7 81 8 
872 5 866 7 80 4 145 3 
869 7 2144 6 148 9 79 6 
78 5 868 7 147 4 866 7 
77 4 873 6 871 4 150 5 
149 5 870 4 76 2 874 5 
152 3 867 5 873 6 434 6 
74 6 872 6 870 6 151 4 
156 5 465 5 871 5 875 5 
82 5 1020 3 155 3 874 5 
934 7 521 7 1513 6 938 8 
2373 3 1014 4 1862 3 878 5 
2356 6 877 5 1013 5 879 10 
880 9 1012 9 473 10 878 10 
879 9 881 6 2384 6 1011 6 
2407 3 880 6 882 3 1010 5 
1009 5 881 3 2406 5 883 5 
1008 7 2412 6 884 7 882 5 
2408 9 1007 5 883 7 1681 6 
428 2 1342 3 886 2 162 5 
256 3 885 2 2160 2 161 5 
899 8 890 10 1520 5 888 7 
1519 3 898 5 1697 5 887 7 
1716 10 1062 6 287 11 423 9 
2145 9 1528 7 887 10 906 7 
289 3 423 5 1060 6 1750 4 
904 6 1530 5 420 7 2145 6 
894 2 430 5 903 4 1525 9 
893 2 902 2 1524 2 420 5 
896 4 166 2 
247 6 165 8 895 4 427 5 
1534 3 2028 3 1239 5 223 3 
2107 4 899 6 65 7 888 5 
887 8 2108 5 898 6 906 5 
903 9 901 8 430 10 2115 7 
900 8 2116 5 429 4 1429 4 
905 2 894 2 903 4 2113 4 
900 9 2114 7 902 4 893 4 
2119 8 892 6 907 4 905 4 
902 2 2120 1 420 5 904 4 
2117 7 907 2 890 7 899 5 
2118 3 906 2 904 4 2145 4 
2094 5 2213 3 2234 5 2068 6 
1105 3 910 3 2432 4 2065 5 
2064 3 2433 3 909 3 911 1 
2067 2 912 4 2434 2 910 1 
911 4 2066 5 2435 8 913 8 
2404 6 914 8 912 8 2061 8 
2405 5 913 8 915 6 2060 6 
916 4 2430 5 914 6 2063 4 
915 4 2062 3 2431 5 917 3 
918 5 916 3 2069 3 2386 5 
917 5 2068 7 2387 9 1470 7 
1910 9 576 7 217 8 49 5 
921 4 680 3 1641 3 775 3 
1640 5 920 4 679 5 924 7 
923 5 1643 4 671 5 925 11 
670 3 928 6 922 5 1642 5 
669 7 1645 6 921 7 925 12 
922 11 668 10 1644 8 924 12 
929 5 927 5 675 5 1647 7 
926 5 1317 4 674 4 1646 4 
1649 6 929 7 923 6 673 7 
928 7 926 5 1648 6 672 3 
931 3 1338 5 937 5 1505 4 
930 3 932 3 1337 2 
933 2 1336 4 931 3 
932 2 1335 3 
876 7 1578 9 1222 4 1001 4 
2432 3 199 2 1105 2 939 6 
541 8 937 10 1222 8 1510 8 
930 5 936 10 1509 5 538 6 
781 7 876 8 522 7 2143 5 
1109 7 935 6 1106 7 153 7 
1918 4 582 4 580 4 208 2 
2073 8 2348 7 942 7 800 7 
2347 3 941 7 
584 4 582 5 1916 3 210 7 
154 5 1103 4 1113 5 946 7 
1350 6 951 7 947 8 949 4 
157 7 1111 6 944 7 1104 6 
952 7 590 7 945 8 1349 7 
593 6 949 5 1348 6 763 7 
948 5 1347 2 592 3 945 4 
1346 7 587 10 591 7 953 7 
592 6 590 6 945 7 2102 5 
947 7 1344 6 589 3 953 5 
588 4 1343 5 952 5 950 7 
2242 6 2252 4 2316 4 2240 4 
956 2 962 2 126 5 976 1 
1987 2 955 2 569 3 975 7 
960 2 1731 5 971 7 958 4 
1730 7 970 5 963 6 957 4 
114 4 973 4 960 4 1129 5 
957 2 1728 3 959 4 972 3 
967 6 1920 5 962 6 964 11 
1726 2 966 4 961 6 955 2 
964 9 958 6 969 4 1725 4 
968 8 963 9 1724 9 961 11 
605 6 303 6 603 5 1982 5 
770 5 967 4 962 4 976 3 
961 6 767 5 968 3 966 4 
969 3 964 8 967 3 766 2 
968 3 970 3 765 3 963 4 
1255 4 969 3 958 5 971 8 
972 8 802 7 957 7 970 8 
2148 3 973 3 971 8 960 3 
818 2 972 3 2124 4 959 4 
1002 6 2137 6 709 5 94 6 
1006 8 451 7 956 7 976 6 
1005 4 966 3 975 6 955 1 
1887 3 2105 4 1053 2 1881 2 
607 6 1147 6 979 7 186 4 
1146 7 978 7 604 4 187 5 
2122 4 983 3 98 7 705 6 
982 5 350 4 143 6 574 5 
981 5 573 5 349 3 
97 3 704 2 980 3 2142 3 
1549 7 987 7 1545 8 985 8 
651 4 1550 4 1544 5 984 8 
989 2 987 3 301 4 
1542 3 986 3 984 7 
989 3 455 6 1541 4 
986 2 988 3 1540 2 
991 5 360 7 1853 5 993 7 
849 2 990 5 359 5 1852 3 
995 9 1849 7 993 9 358 10 
992 9 1848 6 990 7 357 5 
1851 1 2206 4 997 2 995 4 
2205 6 994 4 992 9 1850 7 
2203 6 1845 9 999 8 997 7 
994 2 353 4 996 7 1844 3 
1171 8 1847 8 999 8 2201 8 
998 8 996 8 1846 5 351 6 
1002 4 2041 2 621 3 715 5 
1341 6 1042 2 934 4 521 4 
974 6 1000 4 620 4 714 6 
1014 7 1004 12 1862 6 1813 6 
1812 10 1003 12 2146 11 1861 12 
770 6 1547 5 976 4 1006 6 
975 8 1546 5 701 5 1005 6 
2290 5 884 5 1817 4 1008 5 
883 7 1007 5 1816 6 1009 7 
882 5 625 7 1010 7 1008 7 
1011 5 881 5 1009 7 1818 3 
1010 5 1012 6 880 6 627 3 
1011 6 879 9 1013 4 626 7 
638 6 1014 4 878 5 1012 4 
1003 7 877 4 633 5 1013 4 
1018 9 2425 10 2364 11 1016 10 
2363 7 1021 5 2424 7 1015 10 
1018 3 2427 3 1024 2 2362 4 
1017 3 1015 9 2426 3 2361 3 
1020 6 2421 6 2360 11 1022 6 
1019 6 2359 6 875 3 2420 2 
2423 4 1016 5 2358 4 1022 4 
2357 2 2422 3 1021 4 1019 6 
1024 3 517 7 2368 4 2429 3 
1023 3 1017 2 2428 2 2367 6 
2240 5 2250 9 2252 5 1694 5 
1027 5 156 4 1450 3 1035 3 
1449 6 1026 5 155 4 1217 6 
1029 6 1854 5 148 8 1453 6 
1028 6 147 4 1030 4 1452 6 
1455 6 1029 4 146 4 1031 3 
1032 5 1454 4 145 2 1030 3 
1457 4 1033 4 152 4 1031 5 
1034 5 1032 4 151 1 1456 3 
1033 5 1459 6 150 7 1035 5 
1458 4 1034 5 149 4 1026 3 
727 4 1039 7 1037 6 1336 4 
1036 6 1335 7 726 6 188 7 
1338 5 1967 6 1041 5 1039 7 
1337 6 1036 7 1312 7 1038 7 
541 4 723 4 1041 6 1043 7 
538 6 1038 5 722 7 1040 6 
721 4 1045 1 1001 2 1043 5 
1042 5 1040 7 1341 9 720 8 
1429 4 1045 2 429 4 522 5 
1044 2 521 3 1042 1 1410 5 
862 4 276 2 1428 8 41 3 
1050 7 1884 4 1391 2 1048 2 
1392 3 1883 4 1047 2 84 3 
1886 4 1052 5 1389 3 1050 8 
1885 7 1047 7 1049 8 1390 7 
1054 8 1880 10 1052 9 1395 12 
1396 7 1879 3 1049 5 1051 9 
1393 5 1056 2 1054 2 977 2 
1051 8 1394 7 1053 2 1881 2 
1668 4 1056 2 1387 4 1888 5 
1388 5 1053 2 1055 2 1887 3 
1750 6 1060 8 88 6 1058 8 
1532 5 87 8 1057 8 1741 7 
1878 5 423 6 1060 7 1062 3 
75 6 891 6 1057 8 1059 7 
1716 5 1889 2 1062 1 
889 6 1059 3 1061 1 83 3 
1064 7 1066 7 625 7 1835 7 
1063 7 1069 5 1818 3 1834 4 
1837 10 1066 5 1253 6 1817 4 
1063 7 1065 5 1816 6 1836 6 
1070 6 1068 5 638 9 1839 5 
1067 5 633 3 1838 5 1071 7 
1064 5 1070 5 627 3 1841 5 
1067 6 1840 5 626 6 1069 5 
1813 8 1843 8 1072 10 1068 7 
1812 6 1071 10 1380 6 1842 6 
2138 4 1466 5 1075 5 
1468 4 1075 6 1265 8 1657 6 
1656 5 1074 6 1073 5 1467 7 
1082 3 1077 4 1283 4 1843 4 
1282 4 397 6 1076 4 1842 4 
1097 8 1892 5 1898 7 2378 6 
1289 4 1841 4 1086 4 1080 2 
1840 3 1079 2 1081 4 1288 5 
1839 5 1291 6 1082 5 1080 4 
1290 5 1838 5 1076 3 1081 5 
1267 6 1285 4 1084 6 1837 11 
1085 4 1284 5 1836 6 1083 6 
1086 4 1835 4 1287 4 1084 4 
1085 4 1286 7 1079 4 1834 4 
1902 9 2012 10 1096 7 1897 7 
2382 4 1896 3 1101 4 1090 2 
1103 1 2380 3 1896 3 1898 3 
2375 3 1091 4 1106 4 1088 2 
2065 5 1090 4 2374 4 1105 3 
431 3 1093 4 1902 5 1096 3 
1901 4 1094 6 1092 4 250 6 
247 6 1093 6 1900 7 
256 4 1297 7 1096 3 1897 3 
1342 3 1095 3 1092 3 1087 7 
1104 6 157 7 1078 8 1098 4 
1892 1 1099 3 158 4 1097 4 
1895 3 159 5 1098 3 1100 5 
160 6 1894 3 1366 5 1099 5 
153 6 1106 6 1102 6 1088 4 
154 4 1101 6 1103 3 1896 5 
1089 1 944 4 1104 3 1102 3 
1097 6 1103 3 1898 5 946 6 
1106 3 909 3 935 2 1091 3 
1105 3 1090 4 1101 6 939 7 
1319 6 1657 3 
1112 5 32 6 1126 5 1424 7 
199 3 939 7 1172 6 201 4 
196 6 1761 4 198 5 265 6 
205 6 946 6 1168 6 1113 4 
1423 7 1108 5 1183 7 31 6 
944 5 1167 6 200 5 1111 4 
820 4 1115 5 762 6 1117 3 
1114 5 1120 9 761 4 819 5 
760 5 822 3 1117 3 22 5 
821 8 759 3 1116 3 1114 3 
1121 6 824 4 758 3 1119 4 
757 6 1122 5 823 5 1118 4 
826 6 756 7 1115 9 1121 10 
1118 6 755 6 825 5 1120 10 
1123 5 830 3 1119 5 764 4 
1122 5 763 5 829 5 1348 4 
30 2 1126 4 1157 4 1426 4 
1910 5 1191 2 1914 2 576 3 
1124 4 29 8 1108 5 1425 4 
1618 6 2264 9 2123 8 
578 4 1912 6 1200 4 1914 3 
818 3 2143 4 959 5 1130 3 
1513 2 1133 3 817 1 1129 3 
813 5 1510 4 1132 7 1134 3 
812 8 1131 7 1509 6 1135 8 
1134 3 1578 9 1130 3 815 5 
1576 4 1133 3 1131 3 814 5 
1505 6 1132 8 816 5 
1147 3 1137 3 641 1 607 3 
640 5 1868 4 606 6 1136 3 
1141 8 2021 8 1909 6 
1143 4 1144 4 1855 3 1908 2 
1141 6 1143 5 2023 4 1908 3 
1138 8 1907 4 2022 6 1140 6 
28 6 1184 6 1420 4 1157 6 
1139 4 2024 7 1140 5 2144 4 
2144 4 1139 4 1854 4 148 7 
604 1 642 5 1146 4 
979 7 645 6 1145 4 1147 6 
644 6 978 6 1136 3 1146 6 
455 5 1158 4 1715 4 
1152 6 808 6 1150 8 2000 6 
667 5 1149 8 807 8 1999 6 
1154 1 1152 2 1998 4 810 1 
1149 6 1997 4 809 4 1151 2 
1156 3 1154 2 1996 3 804 4 
1151 1 1153 2 1995 3 803 6 
1994 4 1156 3 806 5 
1993 5 805 7 1153 3 1155 3 
1124 4 1419 6 27 4 1142 6 
1361 5 1148 4 1743 5 1159 6 
1360 5 1161 5 1744 5 1158 6 
1162 5 1364 6 
1162 4 1363 5 1159 5 1746 4 
1161 4 1160 5 1362 5 1747 4 
1164 4 207 5 1661 3 1166 4 
1163 4 2437 3 206 3 1660 4 
1166 5 205 7 1663 5 1168 7 
1662 4 204 3 1165 5 1163 4 
1113 6 1170 9 1665 6 1168 8 
1664 6 1167 8 1111 6 1165 7 
1170 7 1667 4 201 4 1172 6 
200 8 1169 7 1167 9 1666 7 
998 8 1172 6 199 3 2150 4 
1171 6 1109 6 2149 8 1169 6 
651 2 1546 3 1535 7 1539 3 
1679 4 2292 4 1637 3 1175 6 
1636 7 1678 6 1176 6 1174 6 
1177 4 1677 5 1175 6 1639 4 
1178 2 1676 4 1176 4 1638 3 
1635 2 1177 2 1179 3 1675 4 
2265 4 1634 8 1178 3 1674 5 
1181 4 1209 7 1798 7 1765 7 
1180 4 1208 1 1764 4 2261 3 
1749 4 2257 3 1183 7 1211 5 
1182 7 1112 7 1748 6 1210 6 
1142 6 25 6 1421 5 1493 4 
1186 8 1361 7 818 5 2124 7 
1187 5 1185 8 817 4 1360 5 
1186 5 1188 4 1363 5 815 4 
1362 5 1187 4 814 7 1189 9 
813 9 1364 10 1190 7 1188 9 
1189 7 812 4 
1192 5 1825 4 1125 2 1201 4 
1191 5 1801 7 1910 8 1824 4 
2267 8 1963 10 1502 10 1965 11 
1833 4 1195 4 1408 4 1917 3 
1832 3 1194 4 1196 4 1916 2 
1197 6 1195 4 1919 5 1831 4 
1918 6 1196 6 1830 7 1198 6 
1913 3 1199 7 1197 6 1829 8 
1198 7 1912 9 1200 7 1828 8 
1199 7 1201 5 1827 6 1128 4 
1826 4 1914 4 1200 5 1191 4 
1203 10 2257 7 94 9 1211 9 
2256 7 1202 10 1204 5 93 7 
92 4 1203 5 2260 3 1205 5 
91 5 1206 4 1204 5 2259 4 
2262 1 1207 4 1205 4 98 5 
2261 6 97 6 1206 4 1208 4 
1181 1 96 4 1209 4 1207 4 
1180 7 95 5 1208 4 2349 7 
621 3 1211 4 1423 6 1183 6 
1210 4 620 4 1202 9 1182 5 
1213 6 1991 4 2429 4 1437 8 
1212 6 2428 4 1218 5 1772 3 
1215 3 69 5 1221 4 2423 4 
2422 2 68 3 1216 5 1214 3 
2421 6 73 7 1215 5 1217 8 
71 7 1027 6 1216 8 2420 4 
1219 9 1213 5 2427 4 64 5 
1218 9 1220 9 2426 8 63 10 
2425 5 1219 9 1890 4 1221 4 
2424 6 1882 2 1214 4 1220 4 
1341 6 936 8 934 4 1576 5 
1278 4 1224 3 1228 3 684 5 
683 4 1223 3 1277 4 1225 2 
1276 3 1226 4 1224 2 686 2 
685 10 1229 6 1225 4 1275 5 
682 1 1228 2 1280 2 
1223 3 1227 2 681 2 1279 4 
1274 4 1226 6 688 5 1230 5 
2377 5 1229 5 1273 6 687 5 
1695 3 67 5 1232 4 1604 4 
1605 6 1237 4 1694 4 1231 4 
695 2 1234 6 1506 3 1244 2 
1533 9 694 5 1504 6 1233 6 
1608 5 1238 6 1699 6 1236 8 
1609 8 2296 10 1698 9 1235 8 
1232 4 1701 3 1238 4 1606 2 
1700 5 1607 4 1237 4 1235 6 
1242 5 897 5 1240 6 703 5 
702 5 2028 4 1239 6 1245 3 
1535 7 701 3 1546 3 1242 2 
1239 5 1534 3 700 3 1241 2 
699 3 1537 3 1246 4 1244 1 
1536 4 1243 1 1233 2 698 4 
1548 4 697 1 1246 4 1240 3 
696 6 1543 5 1243 4 1245 4 
1250 6 1655 7 1248 4 1635 5 
1634 6 1247 4 1654 5 
1651 4 1639 3 1252 4 1250 4 
1247 6 1638 4 1249 4 1650 5 
1252 3 1254 4 1653 4 1637 1 
1652 10 1251 3 1636 6 1249 4 
1254 7 1629 7 1065 6 1659 5 
1253 7 1251 4 1658 8 2087 8 
970 4 765 4 802 3 1540 4 
2002 5 1787 5 1313 6 2014 2 
1283 5 1258 7 1260 3 1448 8 
1447 6 1257 7 1414 11 1282 6 
1291 5 1260 3 1444 4 1262 4 
1290 4 1259 3 1257 3 1443 4 
1289 5 1264 5 1446 6 1262 4 
1445 5 1288 6 1259 4 1261 4 
1440 7 1264 7 1287 7 1266 7 
1261 5 1439 4 1263 7 1286 7 
1285 5 1074 8 1266 7 1442 9 
1441 6 1265 7 1284 5 1263 7 
1083 6 1268 6 1468 3 1659 4 
1658 8 1467 8 1267 6 1269 6 
1653 6 1268 6 1466 5 1270 7 
1465 6 1652 12 1271 7 1269 7 
1272 3 1270 7 1651 5 
1650 3 1271 3 
2078 7 1274 5 1554 7 1230 6 
1229 4 1553 4 1275 3 1273 5 
1564 3 1274 3 1276 4 1226 5 
1225 3 1563 6 1275 4 1277 5 
1566 5 1224 4 1278 5 1276 5 
1223 4 1279 5 1565 5 1277 5 
1278 5 1280 4 1560 3 1228 4 
1279 4 1559 5 1227 2 
1734 6 265 7 632 6 634 7 
1077 4 1258 6 1283 4 119 4 
1257 5 1290 6 1282 4 1076 4 
1287 5 1084 5 1266 5 1285 3 
1265 5 1083 4 1468 1 1284 3 
1086 7 1287 7 1289 7 1264 7 
1286 7 1085 4 1284 5 1263 7 
1291 7 1289 7 1262 6 1080 5 
1079 4 1261 5 1288 7 1286 7 
1260 4 1291 6 1082 5 1283 6 
1290 6 1259 5 1288 7 1081 6 
133 4 2313 4 1353 5 1354 5 
1294 3 1669 2 1296 4 1932 2 
1293 3 1888 7 1668 6 1931 4 
1296 7 1930 6 1671 4 
1295 7 1293 4 1670 7 1929 8 
2294 9 1298 8 1095 7 506 8 
1297 8 505 6 1299 5 2295 6 
1298 5 1300 7 2291 7 508 5 
507 6 386 5 1299 7 2293 8 
1304 3 1302 7 467 2 645 4 
1307 8 1301 7 644 9 466 7 
469 7 1304 4 643 5 
468 5 1301 3 1303 4 642 6 
1306 8 394 6 514 6 381 4 
1305 8 382 8 1480 8 513 7 
1308 7 1302 8 471 5 641 3 
640 7 1307 7 470 10 1739 5 
248 3 1691 6 1318 5 290 4 
2025 3 108 3 2003 3 1311 3 
2002 6 1313 7 2024 7 1310 3 
1039 7 727 4 1941 4 1967 6 
1311 7 1256 6 2023 6 1314 8 
2022 6 1315 6 1787 7 1313 8 
2021 6 1314 6 1797 3 
1326 4 1317 3 1951 3 1448 7 
1447 3 1316 3 927 4 1588 3 
462 5 1309 5 1692 5 249 6 
1585 9 1320 10 1107 6 1442 10 
1321 6 1441 8 1319 10 1584 6 
1320 6 1440 4 1587 6 1322 6 
1586 8 1439 6 1323 6 1321 6 
1581 2 1322 6 1324 3 1446 5 
1325 7 1580 4 1445 5 1323 3 
1324 7 1444 7 1326 8 1583 9 
1316 4 1443 6 1325 8 1582 4 
1805 6 45 7 1334 6 1328 5 
44 5 1804 3 1329 1 1327 5 
1330 4 1807 4 43 1 1328 1 
1329 4 1806 5 1339 5 42 9 
1332 5 1910 5 1801 4 49 1 
1333 7 1331 5 48 9 1800 6 
1332 7 47 6 654 3 1334 4 
46 2 1327 6 1333 4 1802 2 
933 3 1037 7 1464 3 1336 5 
932 4 1337 3 1036 4 1335 5 
1039 6 1336 3 931 2 1338 4 
1038 5 538 6 930 5 1337 4 
51 2 1809 6 1330 5 1340 2 
50 4 1339 2 1523 4 1808 5 
1222 6 541 6 1001 6 1043 9 
885 3 256 4 1096 3 431 3 
953 5 1344 6 663 6 1346 5 
952 6 662 9 1343 6 1349 6 
585 5 1346 7 665 7 591 7 
950 7 1345 7 664 4 1343 5 
1348 3 1350 4 949 2 659 5 
1347 3 1123 4 948 6 658 4 
661 4 947 7 1350 5 1344 6 
1347 4 945 6 660 5 1349 5 
595 6 667 3 585 2 807 6 
1820 4 1719 7 
1292 5 2322 5 132 6 1355 4 
1355 4 686 5 1292 5 1357 5 
1354 4 1365 5 685 7 1353 4 
1359 8 1357 5 2312 6 684 7 
2313 4 1356 5 683 4 1354 5 
2300 7 1359 7 682 3 
1356 8 2301 8 681 5 1358 7 
1363 5 1159 5 1361 4 1186 5 
1715 5 1158 5 1185 7 1360 4 
1188 5 1162 5 1364 6 1363 6 
1360 5 1187 5 1161 5 1362 6 
1189 10 1160 6 1362 6 
2322 6 1366 7 1355 5 688 7 
1365 7 1397 4 1100 5 687 5 
1368 9 1790 5 1374 5 2120 4 
1367 9 1789 8 1369 8 2119 10 
2118 5 1368 8 1792 5 1370 4 
1375 6 1791 3 1369 4 2117 7 
2116 4 1794 2 1561 4 1372 4 
1793 4 2115 4 1373 7 1371 4 
1372 7 1796 7 1374 5 2114 8 
1373 5 1367 5 1795 5 2113 4 
1376 9 2108 6 1370 6 1799 7 
1765 8 1375 9 1798 8 2107 6 
1378 3 705 4 366 3 1384 2 
1377 3 704 4 1379 6 365 3 
707 7 1380 5 1378 6 364 6 
706 3 363 5 1379 5 1072 6 
1382 7 370 9 1386 10 709 6 
1381 7 708 4 369 5 1383 5 
711 6 368 5 1382 5 1384 4 
710 3 367 2 1377 2 1383 4 
1386 8 1590 6 715 6 372 5 
1385 8 1381 10 714 9 371 8 
1946 6 1388 7 276 4 1055 4 
1056 5 1387 7 275 6 1393 8 
30 1 1396 5 1049 3 1390 2 
1391 2 29 7 1389 2 1050 7 
1390 2 1392 3 32 4 1047 2 
1048 3 1391 3 31 6 1601 5 
1394 10 1053 5 26 5 1388 8 
1393 10 1395 11 1054 7 25 9 
28 8 1394 11 1396 10 1051 12 
1052 7 1395 10 1389 5 27 6 
1366 4 160 5 2322 3 128 4 
1970 2 1399 4 1621 2 737 3 
1969 5 1398 4 736 6 1402 4 
739 2 1403 2 1978 3 1401 3 
1977 4 738 5 1406 8 1400 3 
741 4 1399 4 1403 2 1976 1 
740 2 1975 6 1400 2 1402 2 
1974 3 1405 3 1407 2 743 3 
1729 3 1404 3 742 4 1973 3 
1972 8 1407 6 745 7 1401 8 
744 4 1971 1 1406 6 1404 2 
1194 4 1727 3 1641 3 1409 3 
103 3 1640 4 1415 4 1408 3 
1933 7 1045 5 721 8 1429 7 
1418 4 1412 1 1649 2 1733 4 
1411 1 1732 4 1413 2 1648 4 
1647 6 1414 8 1412 2 1735 5 
119 9 1646 8 1413 8 1258 11 
1409 4 1416 5 1645 4 1766 6 
1736 5 1644 3 1415 5 1417 5 
1776 3 1418 6 1643 3 1416 5 
1411 4 1774 5 1642 7 1417 6 
2072 6 1420 4 1426 6 1157 6 
1419 4 2070 2 1421 3 1142 4 
2389 3 1420 3 1422 5 1184 5 
1493 4 2388 5 1421 5 1427 6 
1112 7 2395 9 1210 6 1424 9 
2394 10 1423 9 1425 6 1108 7 
2393 5 1424 6 1426 4 1126 4 
1419 6 2392 7 1425 4 1124 4 
2090 5 1428 10 41 5 1422 6 
1427 10 1627 9 1046 8 2089 8 
1044 4 1934 4 901 4 1410 7 
484 2 2136 3 1432 1 
1434 5 492 6 1432 3 2086 9 
491 5 2075 3 1430 1 1431 3 
1434 4 2103 3 1436 3 490 2 
1433 4 1431 5 489 5 1521 5 
1438 3 488 5 1503 4 1436 2 
1502 4 487 6 1433 3 1435 2 
1438 7 486 7 1212 8 2071 6 
1437 7 2326 6 1435 3 485 3 
1322 6 1264 4 1446 5 1440 4 
1321 4 1441 6 1263 7 1439 4 
1320 8 1266 6 1440 6 1442 8 
1657 7 1319 10 1265 9 1441 8 
1448 9 1326 6 1260 4 1444 5 
1325 7 1259 4 1445 5 1443 5 
1324 5 1446 7 1262 5 1444 5 
1445 7 1261 6 1439 5 1323 5 
1258 6 1317 3 1646 3 1448 7 
1443 9 1257 8 1316 7 1447 7 
1027 6 1450 4 71 7 2282 4 
1449 4 1458 4 2283 2 1026 3 
2410 6 809 6 421 6 747 8 
1453 6 2278 4 1029 6 1455 8 
1811 5 1452 6 2279 3 1028 6 
2280 4 1457 3 1031 4 1455 7 
1030 6 2281 11 1454 7 1452 8 
1459 4 2274 3 1033 3 1457 3 
1032 4 1454 3 2275 4 1456 3 
2276 4 1450 4 1035 4 1459 5 
1456 4 1034 6 2277 3 1458 5 
544 2 1478 4 338 5 1480 5 
383 7 1489 10 445 7 1479 9 
542 5 330 3 1710 5 1488 2 
252 4 2048 5 385 4 1487 5 
188 3 1335 3 
1270 6 1466 4 
1073 5 1467 7 1465 4 1269 5 
1468 5 1466 7 1268 8 1075 7 
1074 4 1467 5 1285 1 1267 3 
1472 5 1470 7 497 6 1499 4 
1498 7 1469 7 498 5 918 7 
1501 2 499 8 1474 5 1472 3 
1469 5 1471 3 1500 3 500 2 
1495 6 1474 7 493 8 1476 6 
1494 5 494 6 1471 5 1473 7 
1497 3 495 4 1476 4 
496 6 1496 4 1473 6 1475 4 
546 2 1484 2 1478 3 336 2 
1460 4 335 4 547 4 1477 3 
446 5 1712 5 384 7 1461 9 
337 5 1460 5 1306 8 545 8 
1482 7 1488 6 332 6 550 8 
331 4 1481 7 1483 4 551 3 
1482 4 334 3 548 6 1484 4 
549 4 1477 2 1483 4 333 4 
1923 7 1486 7 1492 7 388 5 
387 4 1485 7 1921 5 1487 5 
255 5 1463 5 2298 6 1486 5 
1481 6 329 3 543 4 1462 2 
1461 10 1579 6 1490 8 231 7 
1491 8 1891 8 1574 7 1489 8 
1490 8 237 8 1492 7 390 7 
1491 7 389 4 1485 7 234 6 
1422 4 41 3 1184 4 26 2 
1474 5 1501 2 1495 4 2098 3 
1496 4 1473 6 2097 5 1494 4 
1495 4 1476 4 2096 6 1497 3 
1475 3 2095 2 1496 3 
1470 7 2068 7 2094 6 1499 4 
1500 2 1469 4 2093 3 1498 4 
1499 2 1472 3 2092 5 1501 2 
1471 2 1494 2 2091 2 1500 2 
1436 4 1503 6 1193 10 2103 4 
1502 6 2326 7 1965 7 1435 4 
85 4 1506 3 228 3 1234 6 
1135 6 1509 4 930 4 
1536 5 229 3 1504 3 1233 3 
1514 2 801 4 1508 4 
2073 6 1507 4 800 5 
1132 6 1505 4 937 5 1510 3 
1131 4 1509 3 936 8 1576 5 
799 8 1518 6 1512 6 
798 6 1589 7 1511 6 
876 6 1130 2 1578 8 2143 3 
1507 2 1589 6 796 8 
1922 3 1516 4 795 2 115 4 
1517 5 1515 4 794 4 
1516 5 1518 5 793 6 
792 7 1511 6 1517 5 
888 3 1520 1 790 4 2248 2 
1519 1 887 5 789 5 1528 2 
1962 4 1434 5 2086 9 2103 4 
1625 5 260 4 1523 5 
1522 5 1340 4 259 5 1624 5 
894 2 1525 9 784 4 1531 2 
1524 9 783 10 893 9 1526 8 
782 5 1527 1 430 4 1525 8 
429 3 1526 1 522 4 781 4 
1529 3 890 7 788 5 1520 2 
2145 5 1530 4 1528 3 787 2 
1529 4 786 7 1531 3 892 5 
1530 3 420 5 785 4 1524 2 
1533 5 1769 4 1058 5 86 4 
85 7 1234 9 1532 5 1762 6 
897 3 1535 8 220 5 1242 3 
1241 7 1534 8 221 9 1173 7 
1244 4 1506 5 226 6 1537 6 
227 6 1243 3 1543 4 1536 6 
1539 4 2211 4 651 3 1550 3 
2210 6 1538 4 221 5 1173 3 
301 4 989 2 1541 3 1255 4 
802 2 988 4 1714 4 1540 3 
987 3 1545 4 766 2 301 4 
1537 4 1548 5 1246 5 224 5 
770 5 1545 5 1547 4 985 5 
1542 4 767 6 1544 5 984 8 
1006 5 1173 3 1241 3 1547 4 
651 3 1005 5 1544 4 1546 4 
1543 5 225 8 2028 5 1245 4 
1550 3 984 7 2208 3 
985 4 2207 8 1549 3 1538 3 
1552 5 1558 7 1942 8 1615 6 
1551 5 746 6 1941 4 1614 5 
1274 4 1554 6 1951 4 1564 4 
346 7 1588 5 1553 6 1273 7 
1611 5 1938 6 1556 10 1562 4 
1610 10 1937 9 1557 9 1555 10 
1556 9 1936 3 1558 5 1613 2 
1551 7 1612 4 1935 6 1557 5 
1587 8 1560 4 1280 5 
1565 3 1586 4 1559 4 1279 3 
1622 5 1562 5 1371 4 1934 5 
2049 3 1561 5 1933 4 1555 4 
1276 6 1566 6 1564 5 1583 7 
1275 3 1553 4 1563 5 1582 3 
1560 3 1581 3 1278 5 1566 5 
1277 5 1563 6 1580 5 1565 5 
2305 2 359 5 849 2 498 3 
2209 6 502 6 677 4 649 5 
1570 7 2304 4 243 2 
1569 7 246 11 1571 9 
245 7 2302 5 1570 9 
240 6 1573 8 2348 5 361 7 
2347 6 1572 8 239 7 2310 5 
1579 5 1490 7 390 6 1782 6 
2309 7 2311 5 496 7 851 5 
1134 4 1578 10 1510 5 1222 5 
2345 3 241 3 2304 4 2310 1 
934 9 1133 9 1513 8 1576 10 
1574 5 1489 6 1781 5 383 3 
1324 4 1583 6 1581 3 1566 5 
1565 3 1586 4 1323 2 1580 3 
1583 5 1951 3 1564 3 1326 4 
1582 5 1580 6 1325 9 1563 7 
1585 5 1320 6 1587 6 
1319 9 1584 5 
1587 8 1322 8 1560 4 1581 4 
1559 8 1586 8 1321 6 1584 6 
1554 5 1951 3 674 3 1317 3 
797 6 1514 6 1512 7 
1385 6 557 10 211 6 1591 6 
210 7 1590 6 1592 5 556 6 
209 5 559 4 1593 5 1591 5 
1594 4 558 5 208 3 1592 5 
1595 5 1593 4 553 6 215 5 
1594 5 552 6 1596 4 214 6 
1595 4 213 2 1597 3 555 5 
1598 4 554 5 212 4 1596 3 
1597 4 561 3 1599 7 218 4 
1784 7 217 9 560 10 1598 7 
2296 7 1609 5 1749 3 1601 4 
84 5 1748 4 1392 5 1600 4 
2107 5 1603 4 1765 7 65 8 
1602 4 1604 3 1764 4 67 4 
1605 6 1603 3 1231 4 610 6 
2409 8 1232 6 1604 6 1606 4 
1771 4 1605 4 1237 2 1607 2 
1238 4 1770 4 1606 2 1608 3 
1235 5 1609 5 1775 4 1607 3 
1236 8 1600 5 1608 5 1773 6 
1556 10 1611 5 2225 4 1613 3 
1555 5 2049 4 1610 5 2214 6 
2212 3 1558 4 1615 3 1613 1 
1610 3 2204 4 1612 1 1557 2 
1617 7 1615 6 1552 5 2258 5 
2251 5 1614 6 1612 3 1551 6 
391 9 2243 7 1617 8 
1614 7 746 8 2235 8 1616 8 
1127 6 2263 6 1960 3 2136 3 
1819 8 572 7 2385 6 1620 5 
624 5 1619 5 
574 4 2385 3 1398 2 623 2 
2049 3 1561 5 2152 6 1794 3 
2141 4 1625 6 
1625 5 2140 3 1808 6 1523 5 
1624 5 1522 5 1623 6 2139 6 
255 4 1627 4 863 3 2088 4 
252 4 1428 9 1626 4 862 5 
865 4 1923 4 2088 4 1631 4 
1253 7 2290 6 1817 5 2087 8 
1631 3 859 3 237 4 1633 4 
858 4 234 6 1630 3 1628 4 
861 5 2101 4 1633 6 231 5 
1632 6 860 6 1891 8 1630 4 
1635 7 1179 8 1248 6 
1638 3 1634 7 1178 2 1247 5 
1252 6 1175 7 1637 4 1639 5 
2087 5 1636 4 1174 3 1251 1 
1635 3 1639 3 1250 4 1177 3 
1249 3 1638 3 1636 5 1176 4 
921 5 1641 4 1409 4 1645 4 
1640 4 1408 3 920 3 1833 3 
1418 7 1643 4 1649 5 923 5 
1644 1 922 4 1642 4 1417 3 
1643 1 1416 3 1645 2 925 8 
924 6 1415 4 1640 4 1644 2 
1414 8 1647 6 1447 3 927 4 
1413 6 1648 8 1646 6 926 7 
1647 8 929 6 1412 4 1649 5 
928 6 1411 2 1648 5 1642 5 
1272 3 1250 5 1655 6 1651 5 
1249 4 1652 10 1271 5 1650 5 
1651 10 1252 10 1270 12 1653 11 
1269 6 1658 8 1251 4 1652 11 
1655 8 1248 5 
1247 7 1654 8 1650 6 
1075 5 2138 4 1657 5 
1442 7 1656 5 1074 6 1107 3 
1653 8 1268 8 1659 6 1254 8 
1658 6 1267 4 1253 5 1837 9 
1661 3 822 4 2418 4 1164 4 
1662 3 1660 3 821 7 1163 3 
1661 3 1166 4 1663 4 820 5 
819 3 1662 4 1165 5 1664 4 
1168 6 826 3 1665 4 1663 4 
825 2 1666 4 1167 6 1664 4 
1665 4 824 5 1170 7 1667 4 
823 4 1169 4 1666 4 2149 6 
1294 6 1946 6 1055 4 1669 5 
1670 5 1947 4 1293 2 1668 5 
1669 5 1944 7 1296 7 1671 4 
1945 5 1295 4 1670 4 
2243 5 1673 5 
2265 4 1674 5 2235 7 1672 5 
2258 4 1673 5 1675 6 1179 5 
1676 6 2251 6 1178 4 1674 6 
1677 5 1675 6 1177 4 2212 5 
1676 5 1678 5 2204 6 1176 5 
2225 4 1677 5 1679 4 1175 6 
1174 4 1680 4 2214 5 1678 4 
768 6 1679 4 1681 6 2292 4 
1680 6 2290 6 884 6 2152 8 
1922 2 1859 7 483 1 
406 5 1716 7 281 3 
1685 5 181 4 2230 5 1745 5 
1684 5 2233 3 180 4 835 6 
2009 5 170 4 1687 4 2182 4 
169 3 1686 4 1688 5 251 3 
1689 7 168 6 254 8 1687 5 
1688 7 253 7 1690 5 167 6 
1691 5 248 2 174 2 1689 5 
1690 5 1309 6 1692 6 173 7 
172 6 1693 7 1691 6 1318 5 
1692 7 249 8 171 6 
1232 4 1695 3 1701 3 1025 5 
1231 3 2250 7 1694 3 1696 6 
67 8 1697 7 1695 6 2249 6 
65 7 1696 7 2248 4 888 5 
1699 7 2255 6 1236 9 1703 10 
1698 7 2254 4 1700 5 1235 6 
1238 5 2253 6 1699 5 1701 4 
1237 3 1694 3 2252 3 1700 4 
2247 7 84 5 1703 8 1883 6 
2296 11 2246 9 1702 8 1698 10 
16 5 1707 5 1705 5 172 6 
171 4 17 5 1704 5 
1709 3 14 5 174 3 1707 5 
15 3 173 6 1704 5 1706 5 
1711 3 12 4 1709 2 168 4 
1706 3 13 2 167 3 1708 2 
170 5 10 6 1711 5 1462 5 
169 3 1708 3 11 3 1710 5 
233 2 1479 5 1713 2 279 3 
278 4 232 3 1712 2 
2148 4 455 6 1541 4 1715 5 
1361 5 1148 4 1714 5 2124 5 
889 10 1061 5 1683 7 286 6 
2207 7 1720 4 
1719 7 1820 4 1872 5 2442 6 
1718 7 1871 7 1352 7 
1717 4 1721 6 2211 6 
2210 6 238 9 2171 5 1720 6 
1877 3 1723 5 1814 3 623 2 
1722 5 1876 6 622 8 52 4 
786 7 1920 3 1725 4 964 9 
1730 5 785 5 1724 4 963 4 
962 2 788 4 126 5 1920 1 
1917 2 103 3 404 4 1408 3 
1731 6 114 3 782 6 960 3 
2171 4 1405 3 2327 3 
1725 5 784 6 1731 8 958 7 
1730 8 1728 6 957 5 783 7 
1735 7 1412 4 399 5 1733 7 
398 5 1774 5 1732 7 1411 4 
1281 6 121 3 118 5 1756 4 
119 6 1732 7 396 4 1413 5 
1416 5 403 8 1766 6 1776 3 
630 3 1757 5 123 4 1738 5 
629 6 1739 3 1737 5 1760 6 
1759 2 1308 5 1738 3 628 4 
176 5 2229 6 1742 5 837 6 
283 6 1769 6 1750 5 1058 7 
175 8 1740 5 2228 4 1745 4 
1744 4 1158 5 
1743 4 1746 4 1159 5 
182 4 1742 4 2231 2 1684 5 
1747 4 1744 4 1161 4 
1746 4 1162 4 
1601 4 1749 3 31 5 1183 6 
1182 4 1748 3 1773 4 1600 3 
1057 6 282 5 1741 5 891 4 
1860 7 116 6 1754 9 1752 9 
1859 10 1922 5 1751 9 115 6 
1756 7 1754 9 1866 8 118 8 
1753 9 117 4 1865 6 1751 9 
121 3 1758 5 1864 6 1756 4 
1753 7 1863 3 1734 4 1755 4 
1758 5 1737 5 1760 6 1870 3 
123 4 1755 5 1757 5 1869 5 
640 4 1739 2 1760 5 1868 3 
1759 5 1867 5 1757 6 1738 6 
2333 4 1110 4 2335 7 1953 2 
1533 6 1769 5 694 2 285 3 
112 4 2029 5 2336 6 2334 4 
1181 4 1603 4 610 7 1765 7 
1376 8 1602 7 1180 7 1764 7 
402 5 103 5 1415 6 1736 6 
691 2 2184 6 203 3 1768 3 
1964 4 2332 3 1767 3 202 3 
1741 6 1532 4 1762 5 284 5 
2260 4 1771 6 1607 4 1775 5 
1606 4 1770 6 2409 8 2259 4 
2133 4 1991 1 1213 3 64 3 
1775 5 2257 3 1749 4 1609 6 
1418 5 401 2 1776 2 1733 5 
1773 5 2256 6 1770 5 1608 4 
1774 2 400 2 1417 3 1736 3 
693 5 1949 5 1778 5 384 7 
692 3 383 3 1777 5 1781 5 
1782 5 1915 5 1780 8 390 5 
1785 7 1911 9 389 7 1779 8 
1782 6 1906 6 1778 5 1579 5 
1781 6 1779 5 1905 6 1574 6 
1904 8 1786 5 1784 4 2298 6 
1903 3 385 3 1599 7 1783 4 
1780 7 1899 5 388 2 1786 4 
1893 8 1783 5 387 4 1785 4 
1797 4 1256 5 1314 7 2015 6 
60 4 2010 5 352 5 2187 7 
1790 4 1792 5 1368 8 473 7 
1789 4 1367 5 1795 5 2384 4 
2373 4 1792 4 1799 4 1370 3 
1789 5 2356 4 1791 4 1369 5 
1372 4 2412 2 1794 2 1796 4 
1371 2 2408 8 1622 3 1793 2 
2407 4 1790 5 1796 7 1374 5 
2406 8 1373 7 1795 7 1793 4 
1787 4 1315 3 2013 3 
1180 7 1376 8 2349 7 1799 6 
1791 4 2344 5 1375 7 1798 6 
654 2 1982 3 1332 6 1801 5 
1981 6 1331 4 1192 7 1800 5 
654 1 1980 1 1805 2 1334 2 
583 2 1810 2 1856 4 648 2 
1805 4 1807 6 1328 3 1986 4 
1327 6 1804 4 1985 3 1802 2 
1807 5 1330 5 1809 6 1984 4 
1806 5 1329 4 1983 6 1804 6 
1988 5 1340 5 1624 6 1809 9 
1339 6 395 9 1806 6 1808 9 
1811 4 1855 3 1803 2 649 3 
1453 5 1810 4 1854 4 650 5 
1004 10 706 3 1072 6 1813 4 
1071 8 633 4 1812 4 1003 6 
2008 2 1970 3 1815 3 1722 3 
2007 3 258 3 1969 3 1814 3 
1817 5 1008 6 1066 6 625 6 
1816 5 1007 4 1629 5 1065 4 
625 3 1064 3 1010 3 627 1 
624 8 1619 8 622 8 52 4 
1821 5 1718 4 1352 4 
1820 5 2442 7 624 8 
1823 3 690 4 2100 5 279 3 
1822 3 689 4 278 5 
1981 3 772 2 1192 4 1825 3 
1826 4 771 6 1191 4 1824 3 
1825 4 778 6 1201 4 1827 5 
1826 5 1828 7 1200 6 777 6 
1199 8 1827 7 780 4 1829 9 
779 9 1198 8 1830 9 1828 9 
1197 7 1831 5 1829 9 774 6 
1832 3 773 4 1830 5 1196 4 
1195 3 1831 3 776 4 1833 3 
775 3 1194 4 1832 3 1641 3 
1835 4 1086 4 1064 4 1841 4 
1085 4 1836 6 1834 4 1063 7 
1835 6 1837 11 1084 6 1066 6 
1065 10 1836 11 1083 11 1659 9 
1082 5 1843 6 1068 5 1839 5 
1081 5 1067 5 1838 5 1840 4 
1070 5 1080 3 1841 5 1839 4 
1079 4 1840 5 1834 4 1069 5 
1843 4 363 5 1077 4 1072 6 
1071 8 1842 4 1838 6 1076 4 
661 3 1845 5 1851 2 997 3 
1846 6 1844 5 996 9 660 6 
1845 6 1847 5 659 6 999 5 
658 5 2150 4 1846 5 998 8 
1853 4 1849 4 993 6 665 5 
1848 4 992 7 664 3 1850 5 
995 7 663 7 1851 4 1849 5 
994 1 1844 2 662 6 1850 4 
1999 4 667 3 1853 3 991 3 
1848 4 1852 3 990 5 666 3 
1811 4 1028 5 1144 4 1855 3 
1810 3 1856 5 1139 3 1854 3 
1855 5 1908 4 1857 4 1803 4 
1907 1 1856 4 1858 4 583 2 
1909 5 2151 5 1857 4 
313 10 1682 7 1860 8 1752 10 
1751 7 1859 8 312 3 1865 4 
2349 7 95 5 1862 6 1004 12 
877 3 2344 5 1861 6 1003 6 
1864 5 1756 3 1866 4 315 7 
1863 5 314 5 1869 6 1755 6 
1754 6 317 5 1866 5 1860 4 
316 5 1753 8 1863 4 1865 5 
1868 3 319 5 1760 5 1870 2 
1867 3 1759 3 1137 4 318 8 
1870 3 321 3 1864 6 1758 5 
320 2 1869 3 1757 3 1867 2 
377 7 1872 5 1719 7 
1718 5 1873 5 1871 5 380 5 
379 7 2442 6 1872 5 1874 5 
66 5 1875 5 1873 5 374 4 
52 3 1876 5 1874 5 373 8 
1877 4 1875 5 376 6 1723 6 
1876 4 1722 3 375 5 2008 2 
380 5 1059 5 75 4 83 5 
1886 2 1880 4 1052 3 9 4 
1879 4 1051 10 1881 4 8 8 
1880 4 1054 2 977 2 2106 1 
1221 2 1890 2 69 3 2131 2 
1884 6 2112 5 1048 4 1702 6 
1883 6 1047 4 2111 6 1885 4 
1050 7 2110 5 1886 3 1884 4 
1879 2 1049 4 2109 3 1885 3 
977 3 24 2 1888 6 1056 3 
1294 7 1887 6 501 7 1055 5 
1061 2 378 3 83 4 
63 5 1882 2 1220 4 2132 4 
231 7 1490 8 237 8 1633 8 
2379 2 1098 1 1895 1 1078 5 
1786 8 1899 9 1904 11 47 9 
1100 3 2377 3 687 3 1895 1 
1099 3 1892 1 2376 3 1894 1 
2383 4 1088 3 1089 3 1102 5 
506 4 2011 4 1095 3 1087 7 
2381 7 1078 7 1104 5 1089 3 
46 4 1911 7 1785 5 1893 9 
2013 6 1901 5 1094 7 
1093 4 1902 5 2015 4 1900 5 
2014 4 1087 9 1092 5 1901 5 
217 5 1784 3 49 2 1904 7 
48 10 1783 8 1893 11 1903 7 
43 4 1915 6 1906 6 1782 6 
42 8 692 4 1781 6 1905 6 
1857 1 1141 4 1909 2 1908 1 
1856 4 1139 2 1907 1 1140 3 
1858 5 1138 6 1907 2 
919 9 1125 5 1331 5 1192 8 
1780 9 1899 7 1915 6 45 6 
581 8 1199 9 1128 6 1913 5 
1198 3 1918 3 580 3 1912 5 
1201 4 579 4 1125 2 1128 3 
1905 6 1911 6 1779 5 44 7 
1917 1 1195 2 943 3 1919 3 
1727 2 1916 1 1194 3 584 2 
1197 6 940 4 1919 5 1913 3 
1918 5 1196 5 1916 3 582 5 
787 1 1724 3 961 5 1726 1 
2088 5 1923 5 1486 5 255 5 
1515 3 1682 2 1752 5 
1485 7 234 6 1628 4 1921 5 
1926 6 281 4 2173 6 719 4 
2366 6 725 7 
280 5 1924 6 2172 4 230 4 
2370 5 2098 3 1928 3 729 3 
1927 3 728 5 2097 4 2365 5 
100 6 1930 7 1932 6 1296 8 
1929 7 1295 6 99 4 
1932 3 102 6 501 4 1294 4 
1931 3 101 3 1929 6 1293 2 
1410 7 1934 4 1938 6 1562 4 
1933 4 2116 5 1429 4 1561 5 
1942 7 722 6 1936 4 1558 6 
1557 3 723 3 1935 4 1937 3 
1556 9 1936 3 720 5 1938 5 
1555 6 721 7 1933 6 1937 5 
726 4 1940 4 391 7 
1939 4 727 4 746 6 1941 4 
1552 4 1312 4 1940 4 1942 7 
1551 8 1935 7 1967 9 1941 7 
2169 2 716 4 282 4 504 3 
1947 6 2057 6 1670 7 1945 8 
1948 6 1671 5 2056 8 1944 8 
1947 5 1387 6 1668 6 2059 4 
1946 5 1944 6 1669 4 2058 4 
1945 6 2055 3 
1777 5 540 3 233 2 1950 3 
539 2 232 4 1949 3 
1582 3 1316 3 1588 3 1553 4 
1959 4 2335 8 2275 6 1953 3 
1761 2 1954 3 2274 1 1952 3 
1955 4 2277 4 1953 3 2333 5 
2332 3 2276 2 1954 4 1964 4 
2279 2 1957 2 2331 3 2209 4 
639 2 1956 2 2278 1 2330 3 
520 6 1968 5 362 9 2191 7 
1952 4 639 3 2280 3 2328 2 
2271 5 1618 3 2075 5 1961 7 
2270 7 1960 7 2086 11 1962 6 
1521 4 2273 4 1961 6 1963 4 
2272 6 1193 10 2103 4 1962 4 
2283 4 1768 4 691 3 1955 4 
1503 7 1966 6 2266 7 1193 11 
2326 6 2269 5 273 4 1965 6 
1038 6 722 8 1312 6 1942 9 
1958 5 361 4 240 3 2135 3 
1399 5 1970 3 1815 3 1976 2 
1398 2 1814 3 1969 3 623 2 
216 3 1407 1 1972 3 1974 2 
1406 8 1971 3 1977 4 189 4 
2171 4 238 8 1974 3 1405 3 
1404 3 769 5 1973 3 1971 2 
1403 6 1976 5 271 7 1978 7 
258 2 1969 2 1975 5 1402 1 
1401 4 274 3 1972 4 1978 4 
1400 3 1977 4 1975 7 272 9 
1980 3 603 4 1982 4 654 3 
602 5 1979 3 1802 1 1985 2 
1982 4 1801 6 1824 3 605 5 
1981 4 1800 3 1979 4 965 5 
1986 4 599 3 1807 6 1984 5 
598 6 395 7 1806 4 1983 5 
601 3 1986 3 1805 3 1980 2 
1983 4 600 5 1985 3 1804 4 
790 4 126 5 2320 3 956 2 
608 3 2140 2 395 5 1808 5 
549 6 589 4 2104 9 1990 5 
588 3 1992 5 1989 5 548 5 
1212 4 1772 1 2134 1 2071 2 
587 9 551 5 1990 5 2074 6 
1994 6 1156 5 1996 5 851 5 
1993 6 1155 4 850 4 
1998 6 1996 4 144 6 1154 3 
1995 4 1993 5 852 3 1153 3 
1152 4 1998 6 847 3 2000 4 
1995 6 1997 6 846 6 1151 4 
1852 4 849 3 1150 6 2000 4 
1997 4 848 5 1149 6 1999 4 
545 7 2099 4 593 4 2161 7 
1311 6 1256 5 2003 6 2012 8 
2002 6 2011 5 1310 3 2343 4 
2005 4 2020 3 272 8 224 5 
2004 4 271 5 227 6 2006 6 
2007 5 258 5 226 6 2005 6 
1815 3 2006 5 229 3 2008 2 
1814 2 228 2 2007 2 1877 2 
1686 5 251 4 657 4 460 4 
355 4 326 6 1788 5 2186 7 
1897 4 2003 5 2012 7 2037 7 
2014 5 2002 8 1087 10 2011 7 
1900 6 2015 5 1797 3 
1902 4 2012 5 1256 2 2015 3 
2013 5 1787 6 1901 4 2014 3 
221 8 238 12 2017 6 2210 9 
2016 6 2018 2 220 4 769 4 
216 4 2017 2 223 3 2019 3 
2020 3 222 4 189 3 2018 3 
274 3 2019 3 2004 3 225 6 
1315 6 2022 6 1138 8 
1314 6 1141 6 2021 6 2023 4 
2024 6 1313 6 2022 4 1140 4 
2025 7 2023 6 1143 7 1311 7 
2144 4 2024 7 1310 3 79 4 
543 8 2027 8 597 6 2074 7 
596 5 542 7 2026 8 327 5 
897 3 222 4 1548 5 1240 4 
1763 5 2030 5 514 5 2032 5 
2029 5 513 5 2175 4 2334 4 
512 4 2034 5 2337 7 2032 4 
2336 6 2029 5 2031 4 511 6 
510 4 2339 3 2034 5 2036 3 
2031 5 2338 7 2033 5 509 5 
2341 6 2038 2 508 4 2036 3 
2033 3 2340 3 507 3 2035 3 
2038 5 2343 6 506 7 2011 7 
2342 1 2035 2 2037 5 505 4 
2040 4 2042 4 559 4 2393 6 
2039 4 558 4 2392 6 2045 4 
557 7 2395 5 1000 2 2042 2 
2039 4 2394 7 556 5 2041 2 
555 9 2389 5 2044 5 2046 7 
2043 5 554 3 2047 6 2388 3 
553 7 2046 5 2040 4 2072 5 
2045 5 552 5 2070 4 2043 7 
2048 8 2044 6 561 7 2090 7 
2089 4 1463 5 560 7 2047 8 
1622 3 1611 4 768 5 1562 3 
676 3 857 4 2051 3 
2052 2 856 6 2050 3 
2051 2 861 3 2053 3 
860 5 2054 5 2052 3 
2055 4 2053 5 859 5 
2056 5 2054 4 858 3 1948 3 
2057 6 2055 5 865 6 1945 8 
2056 6 1944 6 2058 4 864 4 
863 3 2059 3 2057 4 1947 4 
2058 3 1946 4 862 4 276 2 
2061 6 2229 6 2063 4 914 6 
2060 6 2228 5 913 8 2066 5 
2227 4 916 3 2069 3 2063 3 
2226 7 2060 4 915 4 2062 3 
2067 4 910 3 2233 4 2065 5 
1091 5 2232 7 2064 5 909 5 
2231 2 912 5 2067 3 2061 5 
2064 4 911 2 2230 3 2066 3 
1498 7 2069 5 918 7 908 6 
2234 4 2062 3 2068 5 917 3 
1420 2 2389 2 2046 4 2072 4 
273 3 2326 5 1991 2 1437 6 
1419 6 2045 5 2070 4 2392 7 
1508 6 941 8 
550 5 1992 6 586 5 2026 7 
1432 3 2136 5 1960 5 2086 9 
2375 2 2085 2 348 2 2077 2 
835 6 347 5 2374 3 2076 2 
2079 6 1273 7 346 7 2377 6 
2078 6 345 3 2080 5 2376 5 
2379 4 2079 5 344 3 2081 8 
2082 7 343 6 2080 8 2378 7 
2081 7 342 3 2083 3 2381 6 
2084 4 341 4 2082 3 2380 4 
2083 4 2085 4 340 5 2383 4 
339 4 2084 4 2076 2 2382 5 
1961 11 2075 9 1521 9 1431 9 
1637 5 2292 6 1629 8 1254 8 
1921 5 1628 4 1626 4 864 4 
2090 3 2048 4 252 3 1428 8 
1427 5 2089 3 2388 4 2047 7 
2092 5 1501 2 2370 5 2098 3 
2369 7 2091 5 2093 6 1500 5 
2372 5 2094 5 2092 6 1499 3 
908 5 2093 5 1498 6 2371 4 
2096 5 2366 5 1497 2 
2095 5 2365 8 2097 7 1496 6 
2096 7 1928 4 1495 5 2098 4 
1927 3 2097 4 2091 3 1494 3 
592 4 2001 4 2102 3 544 2 
857 6 446 5 2101 5 1822 5 
1632 4 856 6 2100 5 445 3 
547 3 2104 7 2099 3 951 5 
1433 3 1963 4 1521 4 1502 4 
2102 7 546 7 1989 9 590 8 
24 3 2106 3 2401 4 977 4 
2105 3 8 5 2400 1 1881 1 
1602 5 898 4 2108 3 1376 6 
1375 6 899 5 2107 3 2117 7 
2397 6 9 5 2110 5 1886 3 
2396 6 2109 5 1885 5 2111 7 
2399 6 1884 6 2112 5 2110 7 
1883 5 2398 4 2111 5 2247 6 
2120 3 2114 7 902 4 1374 4 
903 7 2113 7 2115 5 1373 8 
1372 4 2114 5 900 7 2116 4 
1371 4 901 5 1934 5 2115 4 
906 7 2118 8 2108 7 1370 7 
2119 7 907 3 2117 8 1369 5 
904 8 2118 7 2120 5 1368 10 
905 1 2113 3 2119 5 1367 4 
92 5 2137 5 2122 4 711 6 
710 3 980 4 2121 4 91 3 
2136 5 1127 8 
973 4 2148 4 1185 7 1715 5 
127 5 122 6 68 6 433 4 
2190 5 2129 5 611 8 120 4 
71 10 142 8 127 8 2282 7 
2131 3 432 6 2188 3 611 7 
2132 5 2126 5 2130 7 63 6 
120 6 2133 8 2129 7 64 7 
2128 3 2132 4 1882 2 122 4 
2129 5 2131 4 611 8 1890 4 
2134 4 1772 4 2130 8 520 5 
2133 4 273 2 2135 3 1991 1 
520 4 1968 3 2134 3 2268 8 
2123 5 1430 3 2075 5 1618 3 
2121 5 93 6 974 6 708 4 
1073 4 1656 4 
425 5 2140 4 2141 4 1625 6 
1988 2 1624 3 2139 4 424 4 
426 4 1623 4 2139 4 
707 6 96 6 983 3 2146 5 
1129 4 1513 3 114 3 938 5 
2025 4 1144 4 868 6 1143 4 
1529 5 890 9 907 4 892 6 
706 4 1004 11 2142 5 95 4 
328 4 794 4 355 4 326 6 
972 3 1714 4 802 2 2124 4 
1667 6 1172 8 2150 6 830 5 
1847 4 829 4 2149 6 1171 4 
1858 5 583 3 646 2 
768 8 1622 6 2408 11 1681 8 
2154 8 2285 7 410 6 2162 5 
2153 8 2284 10 2155 7 409 7 
2156 6 408 2 2154 7 2289 4 
2155 6 2288 10 407 5 2157 6 
2293 5 2158 5 414 3 2156 6 
2159 6 2291 8 2157 5 413 6 
2158 6 412 4 2160 4 2295 6 
886 2 411 4 2159 4 2294 5 
382 8 2411 7 2162 7 2001 7 
419 3 2161 7 381 3 2153 5 
717 4 2403 3 2166 6 2164 4 
2169 3 716 5 2402 5 2163 4 
2173 5 2401 4 719 3 2166 7 
2400 5 2163 6 2165 7 718 7 
2168 8 2170 5 713 6 2399 6 
2167 8 712 6 2324 7 2398 7 
1943 2 2397 5 2164 3 2170 2 
2167 5 504 3 2169 2 2396 4 
1729 4 1973 4 1721 5 
219 3 2391 9 1926 4 2173 4 
2390 7 2165 5 2172 4 1924 6 
338 5 2197 5 2175 3 2177 4 
337 3 2196 3 2030 4 2174 3 
2179 5 2199 8 2177 5 336 4 
2198 7 335 4 2174 4 2176 5 
2179 5 2181 3 2193 3 334 3 
2192 3 2178 5 2176 5 333 5 
2195 3 332 1 2181 1 2183 3 
331 3 2194 4 2180 1 2178 3 
2183 4 657 3 330 3 1686 4 
655 5 2182 4 2180 3 329 5 
142 6 356 12 2185 5 1767 6 
355 2 2186 5 2184 5 442 3 
2185 5 2187 9 2010 7 433 5 
2188 6 2186 9 1788 7 432 9 
2187 6 352 4 2189 5 2128 3 
2190 6 2188 5 2200 7 611 9 
2189 6 354 7 2126 5 2191 5 
120 4 2202 3 1958 7 2190 5 
294 2 2179 3 2199 6 2193 1 
293 2 2192 1 2178 3 2194 4 
292 7 2181 4 2195 6 2193 4 
655 5 291 5 2180 3 2194 6 
2175 3 2197 5 298 6 2334 3 
2196 5 2174 5 2198 8 297 4 
2199 10 2177 7 2197 8 296 6 
2198 10 2176 8 2192 6 295 8 
58 8 2189 7 354 8 352 6 
199 3 2432 4 998 8 351 6 
354 5 2191 3 362 5 56 3 
996 6 351 4 353 3 2434 2 
2212 6 2225 5 1677 6 1613 4 
2206 6 995 6 2405 4 358 7 
2205 6 353 6 994 4 2404 5 
1550 8 1717 7 2208 8 2211 9 
2207 8 1549 3 
503 3 1568 6 650 5 1956 4 
1721 6 1539 6 2016 9 2211 6 
1538 4 2207 9 1720 6 2210 6 
1612 3 2204 6 2251 5 1676 5 
811 2 184 2 2371 2 908 3 
768 7 1679 5 2225 5 1611 6 
2216 5 457 4 
2217 5 472 5 2215 5 456 8 
2216 5 516 4 2218 4 463 4 
462 5 2219 7 515 7 2217 4 
290 6 2218 7 653 9 2220 5 
464 2 2221 6 652 2 2219 5 
2222 8 2220 6 656 6 459 8 
2223 7 2221 8 458 4 519 7 
461 8 2222 7 518 8 2224 8 
2368 5 460 5 2223 8 517 8 
1678 4 1610 4 2204 5 2214 5 
2227 8 2063 7 837 9 2229 9 
2062 4 2226 8 2234 5 836 6 
2061 5 2231 2 1742 4 2229 5 
1740 6 2226 9 2060 6 2228 5 
2233 3 2067 3 1684 5 2231 2 
2066 2 2228 2 2230 2 1745 2 
2374 6 2065 7 2233 6 835 9 
2230 3 2064 4 1685 3 2232 6 
2069 4 2227 5 908 5 811 4 
2258 6 1673 7 2243 7 1617 8 
2324 4 2247 6 2398 4 2237 4 
2244 6 2246 6 2236 4 2323 8 
2241 5 2321 4 2239 3 2249 3 
2320 4 2238 3 2248 3 790 5 
2319 2 2241 5 1025 5 954 4 
2238 5 2240 5 2318 5 2250 9 
2245 5 954 6 2253 7 2317 4 
1672 5 2235 7 1616 7 
2237 6 2315 5 2245 5 2255 5 
2242 5 2314 2 2244 5 2254 3 
1703 9 2255 5 2247 8 2237 6 
2246 8 1702 7 2236 6 2112 6 
2249 3 2239 3 1697 4 1519 2 
2248 3 2250 7 1696 6 2238 3 
1695 7 2249 7 1025 9 2241 9 
1615 5 2212 5 2258 4 1675 6 
2253 5 954 4 1701 3 1025 5 
2254 5 2252 5 2242 7 1700 6 
2255 3 2253 5 1699 4 2245 3 
2254 3 2246 5 2244 5 1698 6 
1203 7 2260 5 1775 6 2257 4 
1182 3 1202 7 1773 3 2256 4 
2235 6 1674 4 2251 4 1614 5 
2260 2 2262 1 1205 4 1771 4 
1770 4 2259 2 2256 5 1204 3 
1181 3 1207 6 610 6 2262 3 
1206 1 2259 1 2261 3 2409 5 
2264 9 236 6 1618 6 2271 8 
235 6 2263 9 1127 9 
1179 4 1673 4 
2267 4 242 6 1965 7 2269 6 
1193 8 2266 4 2272 4 241 3 
273 7 240 8 2269 8 2135 8 
239 5 2268 8 1966 5 2266 6 
1961 7 2271 5 2273 5 246 7 
1960 5 245 7 2270 5 2263 8 
1963 6 2273 6 2267 4 244 8 
243 4 2270 5 2272 6 1962 4 
2275 4 1456 3 2277 2 1953 1 
2274 4 1952 6 2280 5 1457 4 
1458 4 2283 2 1955 2 2277 2 
1954 4 2274 2 2276 2 1459 3 
2279 1 1957 1 1452 4 2281 7 
1956 2 650 3 2278 1 1453 3 
2281 8 1454 4 1959 3 2275 5 
639 8 2280 8 1455 11 2278 7 
691 1 2283 2 2127 7 1449 4 
1964 4 2276 2 2282 2 1450 2 
2285 9 2289 7 2154 10 393 7 
381 5 2284 9 2153 7 394 7 
2287 1 2353 3 
2352 6 2286 1 
386 6 2293 9 2156 10 2289 8 
2288 8 2284 7 2155 4 392 7 
2292 4 1007 5 1681 6 1629 6 
2293 8 2158 8 2295 8 1299 7 
2290 4 1174 4 2087 6 1680 4 
2291 8 2157 5 2288 9 1300 8 
1297 9 2295 7 256 6 2160 5 
2291 8 2294 7 1298 6 2159 6 
1703 11 1600 7 1236 10 84 8 
277 4 678 5 646 3 
387 5 385 5 1487 6 1783 6 
529 4 2325 2 
1358 7 135 6 2301 8 
1359 8 2312 6 2300 8 134 6 
2303 4 236 3 1571 5 
2302 4 235 4 
244 8 1569 4 1577 4 
497 3 2306 1 848 4 1567 2 
500 1 847 1 2305 1 2307 4 
2308 7 2306 4 846 6 499 10 
2309 7 2307 7 144 7 494 6 
493 8 2308 7 1575 7 852 5 
2346 4 242 3 1573 5 1577 1 
850 3 495 4 1575 5 
2313 5 1356 6 131 3 2301 6 
2312 5 1292 4 1357 4 130 5 
2317 1 2245 2 2315 2 563 4 
2244 5 2314 2 562 5 2323 7 
2317 2 2319 2 565 5 954 4 
564 3 2316 2 2314 1 2242 4 
567 2 2319 2 2321 4 2241 5 
2240 2 566 4 2318 2 2316 2 
569 4 2239 4 2321 5 1987 3 
568 5 2238 4 2320 5 2318 4 
1365 6 129 7 1353 5 1397 3 
571 7 2324 8 2315 7 2237 8 
2236 4 570 5 2323 8 2168 7 
2299 2 845 5 2327 3 
1503 7 1966 6 1438 6 2071 5 
1729 3 742 4 2325 3 
2329 3 193 5 1959 2 2335 6 
2328 3 192 4 639 4 2330 5 
2331 4 195 4 2329 5 1957 3 
194 2 2330 4 503 2 1956 3 
1955 3 2333 4 1768 3 197 4 
1761 4 2332 4 196 6 1954 5 
2196 3 113 3 2030 4 1763 4 
1761 7 198 8 1952 8 2328 6 
1763 6 2032 6 2337 9 107 5 
106 6 2031 7 2338 9 2336 9 
105 8 2034 7 2337 9 2339 5 
2033 3 104 6 2338 5 2340 3 
2036 3 2339 3 2341 6 111 4 
2035 6 110 9 2342 5 2340 6 
2343 2 2038 1 109 8 2341 5 
2342 2 108 4 2037 6 2003 4 
1862 5 2373 5 2349 6 1799 5 
2346 6 1577 3 
2347 5 2345 6 2310 4 
1573 6 2346 5 2348 3 942 3 
54 3 2347 3 941 7 1572 5 
1798 7 1861 7 2344 6 1209 7 
2351 4 615 6 
2350 4 2352 8 614 7 
2351 8 2287 6 617 11 2353 8 
616 6 2354 4 2286 3 2352 8 
2355 3 2353 4 619 4 
2354 3 618 4 855 4 
1792 4 2373 4 878 6 473 6 
296 2 2358 2 1022 2 2360 7 
295 4 1021 4 2357 2 2363 6 
298 9 2360 11 1020 6 82 8 
2359 11 297 7 1019 11 2357 7 
1018 3 2362 4 292 5 2364 5 
291 5 2367 8 2361 4 1017 4 
294 6 1016 7 2358 6 2364 8 
293 5 1015 11 2363 8 2361 5 
2366 8 2096 8 731 5 1928 5 
2365 8 730 8 2095 5 1925 6 
300 8 2368 7 2362 8 1024 6 
2224 5 299 6 2367 7 1023 4 
2370 7 2092 7 735 6 2372 6 
1927 5 734 8 2369 7 2091 5 
2213 2 733 2 2372 4 2094 4 
2093 5 732 7 2369 6 2371 4 
877 3 1791 4 2344 5 2356 4 
2232 6 2077 3 1091 4 2375 3 
1090 3 2076 2 2382 5 2374 3 
2379 4 2377 5 1895 3 2079 5 
1230 5 2376 5 1894 3 2078 6 
2081 7 2381 6 1078 6 2379 3 
1892 2 2080 4 2376 4 2378 3 
2383 4 1089 3 2083 4 2381 7 
1898 7 2378 6 2082 6 2380 7 
1088 4 2085 5 2375 5 2383 5 
1896 4 2380 4 2084 4 2382 5 
473 7 880 6 1790 4 2407 3 
1621 3 622 6 1619 6 573 4 
2431 7 360 7 2387 9 917 5 
498 7 359 9 918 9 2386 9 
2389 3 2090 4 1422 5 2044 3 
2043 5 2388 3 1421 3 2070 2 
2173 7 24 5 2391 12 2401 6 
102 12 2172 9 501 10 2390 12 
2393 8 1426 7 2040 6 2072 7 
2394 9 2392 8 1425 5 2039 6 
1424 10 2393 9 2042 7 2395 10 
621 6 1423 9 2041 5 2394 10 
2110 6 2397 7 2170 4 2399 5 
2396 7 2109 6 2169 5 2402 7 
2112 4 2399 5 2236 4 2168 7 
2111 6 2398 5 2396 5 2167 6 
2166 5 2403 2 2106 1 2401 2 
2165 4 2105 4 2390 6 2400 2 
9 6 2164 5 2403 4 2397 7 
2163 3 2400 2 8 6 2402 4 
913 6 2435 6 2206 5 2405 3 
2430 4 2205 4 914 5 2404 3 
1796 8 2412 6 2407 5 882 5 
881 3 2406 5 1795 4 2384 3 
884 9 1794 8 2412 8 2152 11 
1605 8 1771 8 610 8 2262 5 
418 5 1451 6 810 3 748 4 
2161 7 593 4 763 5 419 3 
883 6 1793 2 2406 6 2408 8 
2414 4 2 4 2441 5 2419 7 
2440 5 2413 4 1 3 2415 5 
4 6 2416 4 2414 5 2439 9 
3 2 2415 4 2417 4 2438 4 
2443 4 2416 4 5 4 
7 4 2437 3 1660 4 2419 6 
6 6 2418 6 2413 7 2436 9 
2421 2 1020 2 155 2 1217 4 
1216 6 1019 6 2422 3 2420 2 
2421 3 1215 2 1022 3 2423 3 
1021 4 2424 6 1214 4 2422 3 
1221 6 2423 6 2425 7 1016 7 
2426 4 1220 5 2424 7 1015 10 
2425 4 2427 3 1018 3 1219 8 
1017 3 2426 3 2428 3 1218 4 
2429 2 1213 4 2427 3 1024 2 
2428 2 1212 4 1023 3 486 3 
2405 4 2431 6 358 7 915 5 
2386 7 2430 6 916 5 357 5 
935 3 2433 4 2201 4 909 4 
910 3 2434 4 2432 4 351 6 
2435 6 2433 4 2203 2 911 2 
2434 6 2404 6 912 8 353 7 
2441 7 129 10 2437 6 2419 9 
128 4 2418 3 2436 6 1164 3 
2443 4 2439 9 131 4 2416 4 
2438 9 130 8 2415 9 2440 9 
2414 5 133 6 2441 6 2439 9 
2436 7 2413 5 132 5 2440 6 
1873 6 66 6 1821 7 1718 6 
2438 4 2417 4 134 3 
