2574 5007 001
2 3 8 3 1228 3 446 5 
447 1 1 3 1227 3 3 1 
1230 1 2 1 4 1 448 1 
1229 1 449 3 9 1 3 1 
6 1 450 2 2384 1 
7 2 451 1 5 1 
6 2 452 2 8 2 
453 2 1 3 7 2 
2093 1 4 1 456 2 10 1 
457 2 1231 2 9 1 1328 1 
14 2 388 2 12 1 
17 2 387 2 11 1 
390 3 1812 2 14 3 2187 2 
11 2 13 3 389 4 1811 2 
392 4 18 4 16 5 1810 5 
19 2 391 3 15 5 1809 2 
394 2 12 2 18 2 
393 1 15 4 1808 1 17 2 
20 2 1814 1 16 2 396 1 
19 2 2392 2 395 2 1813 3 
32 3 22 2 1480 1 1060 2 
1286 4 1059 2 1961 2 21 2 
641 2 2564 1 24 2 109 1 
2563 2 1642 2 23 2 752 2 
26 4 2340 3 1056 4 2115 3 
25 4 1475 4 1055 2 27 3 
28 3 1054 2 1478 3 26 3 
1053 2 27 3 29 3 2123 2 
30 3 1052 2 28 3 1279 3 
29 3 1051 3 1278 3 31 2 
1050 2 32 3 1474 3 30 2 
21 3 1049 3 1473 3 31 3 
34 2 36 4 504 2 1925 3 
33 2 1924 2 503 1 39 1 
42 2 36 4 506 2 1923 3 
35 4 33 4 505 3 1922 3 
40 3 500 3 38 2 1929 3 
499 1 1066 2 1928 2 37 2 
1927 1 502 3 34 1 40 2 
37 3 501 2 1926 2 39 2 
508 2 1931 2 42 1 192 2 
35 2 41 1 507 3 1930 1 
47 3 1180 2 49 3 1498 2 
246 3 45 3 1096 3 2431 3 
44 3 1434 1 460 1 
818 3 911 2 2120 2 390 3 
1179 2 43 3 52 2 1519 2 
1178 3 1699 3 398 2 49 3 
1499 2 1828 2 43 3 48 3 
1511 4 51 4 53 3 1827 4 
50 4 1676 3 1175 2 1508 2 
53 1 1174 2 47 2 1514 1 
1525 3 52 1 50 3 1173 2 
86 2 1484 2 631 2 1471 2 
1120 2 630 2 56 2 60 1 
2455 3 1119 3 55 2 629 3 
58 1 1132 1 64 1 634 1 
57 1 59 1 633 1 1131 2 
60 1 58 1 1130 2 1235 1 
59 1 635 1 1129 3 55 1 
638 5 2233 3 62 3 1128 3 
63 3 637 1 61 3 1127 1 
1126 3 62 3 640 3 64 3 
57 1 1125 1 63 3 639 1 
579 1 336 2 106 1 104 1 
1250 2 2333 3 2174 3 1560 2 
1288 2 2390 2 2122 1 2281 1 
2103 2 370 3 257 2 96 2 
382 4 2061 2 411 2 285 3 
2528 3 802 3 71 2 73 2 
2527 1 801 2 76 1 70 2 
73 3 804 3 2526 4 79 3 
72 3 803 1 2525 1 70 2 
77 4 2026 2 2524 2 75 3 
2523 3 245 3 74 3 797 2 
77 3 71 1 800 2 2522 1 
74 4 76 3 2521 3 799 4 
796 2 2520 1 79 1 621 3 
2519 3 78 1 72 3 795 2 
83 2 1701 3 2029 3 530 3 
85 3 469 2 1123 2 2559 3 
83 2 2477 2 1703 2 798 3 
80 2 82 2 2025 1 1702 1 
2032 2 530 3 
2558 3 81 3 
54 2 626 2 88 2 2130 4 
697 2 1912 2 1875 3 1938 2 
1477 1 2209 2 625 1 86 2 
1832 2 95 2 2011 3 814 2 
226 4 1312 2 2451 3 92 2 
2306 3 627 5 1282 4 2209 4 
2450 1 225 2 90 2 743 3 
2042 4 2069 2 106 2 1191 2 
2561 2 2235 1 97 2 
1831 2 89 2 1394 2 813 1 
369 1 2104 1 99 2 68 2 
2560 3 1606 2 94 2 2234 2 
99 2 372 2 351 2 101 2 
98 2 468 4 349 2 96 2 
2180 3 103 2 101 3 364 2 
100 3 498 3 98 2 363 2 
331 2 105 2 2182 1 103 1 
2183 2 100 2 320 3 102 1 
179 2 105 2 65 1 2184 2 
336 3 102 2 104 2 2185 2 
179 2 65 1 93 2 2508 2 
216 2 223 2 1976 1 777 2 
785 2 109 1 1608 4 2557 3 
108 1 783 1 2556 1 23 1 
1649 2 113 4 111 2 871 2 
870 3 110 2 116 2 1650 4 
274 3 873 2 113 4 1647 2 
110 4 112 4 1648 3 872 3 
115 1 867 2 1653 2 117 1 
114 1 1654 1 118 2 866 1 
117 2 1234 3 1651 2 111 2 
116 2 2375 1 114 1 1652 2 
115 2 1645 2 1193 2 119 2 
1646 2 118 2 2510 1 1177 4 
616 2 276 2 2374 2 121 2 
122 1 2373 1 615 1 120 2 
2370 1 121 1 620 1 123 3 
619 5 122 3 2369 4 124 3 
2372 1 125 1 618 1 123 3 
124 1 126 1 2371 1 617 2 
2366 1 624 1 125 1 127 1 
128 3 2365 1 623 2 126 1 
622 4 129 4 127 3 2368 3 
2367 2 128 4 621 4 2520 2 
212 2 1505 4 131 2 133 2 
144 2 211 2 130 2 1504 1 
1507 3 133 3 135 3 210 4 
1506 1 209 1 132 3 130 2 
135 2 137 3 1411 3 1501 2 
134 2 132 3 207 2 1500 1 
1781 3 206 2 137 2 1503 4 
1502 3 136 2 205 2 134 3 
139 1 1166 1 292 2 1840 1 
138 1 1839 1 1167 2 140 1 
141 1 1164 2 1844 4 139 1 
140 1 1165 2 142 2 1842 1 
1675 4 1162 2 143 2 141 2 
1442 2 1788 2 805 2 142 2 
131 2 145 2 1422 2 1510 3 
213 2 144 2 1509 2 2534 1 
147 3 2042 4 910 2 153 3 
146 3 2545 3 909 2 2508 3 
915 2 380 1 149 2 151 1 
914 3 154 2 379 3 148 2 
151 3 2539 4 913 4 2399 3 
150 3 2116 1 912 1 148 1 
155 3 384 3 919 2 153 3 
383 2 918 3 146 3 152 3 
149 2 917 2 386 4 155 2 
916 2 385 3 152 3 154 2 
158 3 230 3 2453 4 1314 4 
2497 1 159 3 385 2 1192 2 
229 2 156 3 1309 1 2452 4 
157 3 384 4 1191 3 2500 3 
2083 4 161 4 163 3 778 3 
174 3 777 3 1485 2 160 4 
163 1 929 1 776 1 165 2 
162 1 2099 2 160 3 775 4 
774 5 1587 3 165 4 167 4 
1586 3 162 2 164 4 773 2 
2154 2 772 1 1590 1 167 2 
1589 2 166 2 164 4 771 2 
169 1 2290 3 
170 1 168 1 2492 2 2289 2 
169 1 2292 1 171 3 1806 1 
2291 3 1805 4 170 3 172 3 
173 1 2507 1 171 3 2294 1 
172 1 2505 1 1086 3 2293 4 
175 2 161 3 780 2 2067 2 
1123 1 174 2 779 3 2559 2 
1344 2 1429 2 1163 3 177 2 
1339 2 1350 3 176 2 1159 3 
1157 2 1339 1 382 3 2061 1 
106 2 104 2 1841 3 2069 2 
2304 2 2064 2 181 2 303 3 
1343 1 180 2 1172 2 2063 3 
1338 1 2507 1 183 2 464 2 
2505 2 182 2 1341 3 465 3 
196 4 1410 3 2003 3 935 4 
303 3 1282 3 2402 3 2306 2 
1774 4 307 2 189 2 187 3 
1773 2 306 3 194 3 186 3 
191 2 309 2 1772 3 189 2 
308 1 186 2 188 2 1771 1 
311 4 193 4 1778 5 191 4 
188 2 310 2 190 4 1777 1 
313 3 193 2 41 2 1776 2 
312 2 190 4 192 2 1775 1 
305 2 187 3 1780 2 195 2 
194 2 1779 1 2201 2 304 3 
784 2 184 4 934 2 2002 2 
199 2 977 2 198 3 2480 4 
976 3 2300 3 197 3 2481 2 
197 2 2479 1 986 2 
439 1 396 1 826 1 437 1 
2227 2 839 1 
1975 3 772 3 666 3 203 3 
1974 1 202 3 771 1 204 1 
1973 2 203 1 774 3 208 1 
1411 2 622 2 137 2 206 2 
136 2 621 4 796 3 205 2 
624 2 1411 3 210 3 135 2 
773 1 1972 3 204 1 214 2 
133 1 618 1 210 2 212 1 
617 3 207 3 209 2 132 4 
620 2 1422 2 212 2 131 2 
130 2 211 2 619 3 209 1 
616 2 1422 2 145 2 373 3 
776 2 1979 2 215 3 208 2 
216 3 1978 2 775 5 214 3 
215 3 107 2 1977 2 778 2 
220 2 218 2 2030 3 
2248 3 217 2 2482 3 
220 1 2494 3 
219 1 217 2 2493 1 
986 2 1105 1 454 1 
2466 1 2323 2 1763 1 2129 1 
107 2 455 3 1981 3 780 2 
1554 1 1103 4 976 2 454 1 
226 4 708 5 92 2 827 2 
90 4 225 4 709 3 233 3 
702 3 1314 2 230 1 228 1 
1313 2 703 1 401 2 227 1 
158 2 230 2 232 3 700 4 
229 2 227 1 156 3 701 2 
232 3 234 2 1310 2 706 2 
1309 2 231 3 229 3 707 2 
1312 1 234 1 704 1 226 3 
231 2 1311 1 233 1 705 1 
601 2 540 1 998 3 2474 1 
239 2 568 2 2296 3 237 3 
2295 2 244 2 567 2 236 3 
241 3 239 3 570 3 2294 3 
236 2 569 1 238 3 2293 4 
2292 2 572 3 243 3 241 2 
238 3 571 2 2291 1 240 2 
574 2 243 2 2290 3 
2289 3 242 2 240 3 573 5 
582 1 2283 3 245 2 237 2 
581 2 75 3 244 2 1133 2 
44 3 669 1 460 1 367 3 
248 1 1025 2 
586 1 249 1 247 1 1022 1 
1021 1 585 2 248 1 250 2 
251 2 584 3 249 2 1024 5 
250 2 252 2 583 2 1023 1 
1018 2 251 2 590 2 253 2 
589 1 252 2 254 1 1017 3 
255 2 1020 2 253 1 588 1 
254 2 587 5 439 2 1019 2 
1929 2 257 1 2378 1 
2379 3 68 2 1928 2 256 1 
262 2 1923 2 259 1 
260 1 258 1 1922 1 
259 1 1925 2 
1931 4 450 4 262 4 2384 3 
258 2 2385 2 261 4 1930 2 
264 4 335 3 
265 3 974 3 2153 3 263 4 
264 3 455 2 2152 1 973 1 
275 1 655 2 267 1 1141 1 
266 1 654 3 268 3 1142 2 
1139 5 267 3 269 3 657 3 
656 2 1140 2 270 1 268 3 
271 2 269 1 651 1 1137 1 
1138 2 272 2 650 3 270 2 
273 2 271 2 653 2 1135 2 
272 2 1136 2 459 2 652 2 
112 3 275 2 1143 3 645 2 
1144 1 266 1 274 2 644 1 
120 2 415 2 2165 2 277 2 
414 2 278 2 276 2 2164 4 
279 1 2167 1 277 2 413 1 
278 1 280 2 2166 2 412 1 
419 2 281 3 279 2 2169 3 
2168 2 280 3 282 3 418 3 
283 3 2171 3 281 3 417 2 
282 3 284 2 416 3 2170 3 
2173 2 411 1 283 2 285 2 
475 3 2172 2 69 3 284 2 
2026 2 1792 2 287 3 1368 5 
1367 2 286 3 1069 2 797 2 
289 1 804 1 1782 3 1362 1 
288 1 290 2 803 1 1361 2 
291 3 1364 4 289 2 802 3 
290 3 1363 3 801 3 1276 2 
293 2 1146 3 138 2 605 2 
292 2 296 3 606 2 1145 2 
609 5 297 4 1148 4 295 4 
300 1 610 2 294 4 1147 1 
1704 4 297 3 607 3 293 3 
608 3 296 3 294 4 1149 2 
299 3 1152 1 301 3 613 1 
298 3 487 4 1151 4 614 3 
295 1 301 3 1154 1 611 1 
300 3 298 3 1153 3 612 3 
818 2 2355 1 2120 1 2143 3 
2401 2 185 3 2305 4 180 3 
1408 4 195 3 904 3 305 3 
306 2 194 2 1407 2 304 3 
305 2 187 3 1406 3 307 2 
186 2 1405 1 308 1 306 2 
189 1 788 2 307 1 309 1 
310 2 1403 3 188 2 308 1 
309 2 191 2 311 2 1402 3 
190 4 1401 2 310 2 312 2 
193 2 313 3 1400 2 311 2 
192 3 312 3 1399 2 508 3 
317 2 315 1 1239 2 1254 4 
314 1 1238 2 484 1 1253 1 
317 2 1237 3 319 1 
314 2 316 2 1236 2 1255 3 
582 2 1512 3 481 2 1069 2 
316 1 2102 1 
103 3 1081 3 364 3 331 4 
322 1 1400 1 324 3 1460 2 
321 1 518 1 1399 1 1459 1 
1458 2 324 3 326 1 1402 2 
321 3 1457 3 323 3 1401 4 
328 2 326 1 1464 2 788 2 
1403 3 325 1 1463 1 323 1 
330 1 328 2 1462 3 1406 2 
1461 3 325 2 1405 2 327 2 
1614 2 1466 2 1408 2 330 1 
327 1 1407 2 1465 1 329 1 
102 2 1080 2 320 4 336 3 
1106 1 333 2 573 4 1828 1 
332 2 1180 2 334 3 572 3 
571 3 478 4 1179 2 333 3 
2153 2 2208 3 2155 2 263 3 
105 3 65 2 580 3 331 3 
2154 3 1970 2 2156 2 1633 3 
339 3 1867 2 1807 2 527 2 
340 2 338 3 1169 4 1866 3 
339 2 341 2 1865 1 1161 1 
1864 3 340 2 342 2 1160 3 
1863 1 341 2 343 2 1788 2 
1862 4 1162 2 344 2 342 2 
1861 2 1165 2 343 2 345 1 
1860 1 346 3 344 1 1164 2 
345 3 1167 4 347 4 1859 4 
1166 2 952 2 1858 2 346 4 
1233 1 2102 1 2091 4 
2104 1 351 2 99 2 578 2 
2421 1 2313 2 352 3 2444 1 
363 2 349 2 98 2 577 2 
2502 3 2314 4 350 3 884 3 
356 1 657 1 354 1 
359 1 656 2 353 1 
356 2 362 5 655 3 
355 2 654 3 353 1 
653 2 358 2 360 1 
652 2 357 2 551 4 
354 1 651 1 360 1 
650 2 357 1 359 1 
645 1 969 1 362 4 1444 1 
355 5 644 4 361 4 1443 5 
576 2 351 2 364 1 101 2 
575 4 363 1 100 2 320 3 
2410 3 2408 3 2441 2 1467 4 
2157 3 1746 2 661 2 1737 3 
368 3 246 3 2541 4 2448 4 
460 1 367 3 2540 1 
1542 1 96 1 468 3 370 2 
68 3 2379 4 369 2 1541 3 
413 2 374 2 2536 2 2506 3 
1548 2 468 4 98 2 498 3 
2534 2 213 3 415 3 374 2 
414 1 371 2 373 2 2533 2 
378 4 2532 3 376 3 417 3 
416 2 381 2 375 3 2531 2 
2506 3 419 2 378 3 2530 4 
375 4 418 3 2529 3 377 3 
380 2 149 3 2312 4 386 5 
379 2 148 1 2311 1 2116 1 
376 2 2538 2 411 2 382 4 
178 3 69 4 2537 3 381 4 
1191 1 153 2 384 2 2042 3 
385 3 159 4 152 3 383 2 
384 3 386 5 155 3 157 2 
385 5 379 5 154 4 1192 5 
433 3 394 2 12 2 388 3 
432 3 389 4 11 2 387 3 
388 4 14 4 390 4 911 3 
13 3 2177 3 389 4 46 3 
396 2 392 2 437 2 16 3 
393 1 391 2 436 3 15 4 
392 1 435 1 18 1 394 1 
17 2 387 2 434 1 393 1 
439 1 396 1 20 2 587 4 
391 2 395 1 200 1 19 1 
399 2 2479 1 
2481 1 399 2 48 2 2496 1 
398 2 2480 4 2495 2 397 2 
893 4 1120 3 401 3 407 2 
400 3 228 2 1119 3 894 3 
1126 2 403 4 891 3 405 4 
402 4 2552 3 408 3 1125 3 
1240 2 405 3 889 1 1128 1 
1127 3 890 3 404 3 402 4 
407 2 409 3 1130 3 887 2 
888 2 406 2 1129 3 400 2 
885 2 403 3 1132 1 409 2 
886 2 406 3 1131 3 408 2 
1761 2 665 2 1750 1 2161 1 
416 2 284 1 381 2 69 2 
413 1 419 1 2506 2 279 1 
371 2 412 1 414 1 278 1 
277 2 413 1 374 1 415 2 
373 3 276 2 616 2 414 2 
376 2 411 2 417 2 283 3 
416 2 375 3 418 2 282 2 
378 3 419 2 281 3 417 2 
412 1 280 2 377 2 418 2 
421 2 423 2 2440 2 1158 3 
2439 1 420 2 1674 2 1157 2 
423 1 2438 4 1163 3 425 1 
420 2 2437 1 422 1 1159 2 
2436 1 425 1 427 2 2302 1 
2435 2 424 1 422 1 1168 1 
2434 1 427 2 2304 1 429 1 
2433 2 426 2 424 2 1172 3 
627 3 2447 2 429 1 2306 1 
2446 1 428 1 426 1 2305 3 
652 1 551 3 431 1 459 1 
458 2 550 2 444 1 430 1 
433 3 388 3 820 2 911 2 
432 3 434 2 387 3 819 2 
433 2 822 2 394 1 435 1 
393 1 821 2 436 3 434 1 
437 3 392 3 824 5 435 3 
436 3 391 2 823 2 200 1 
441 1 461 3 549 1 
395 1 200 1 825 2 255 2 
463 3 548 3 443 3 441 2 
547 2 438 1 462 1 440 2 
546 4 443 3 465 3 445 3 
442 3 464 3 440 3 545 2 
467 1 431 1 445 2 544 1 
543 3 442 3 444 2 466 2 
447 3 1772 4 1 5 453 4 
446 3 2 1 1771 1 448 1 
447 1 3 1 449 3 1774 3 
456 4 4 3 1773 3 448 3 
1776 2 451 2 5 2 261 4 
452 1 450 2 6 1 1775 1 
453 2 451 1 1778 2 7 2 
452 2 8 2 1777 2 446 4 
1104 2 221 1 224 1 977 1 
265 2 223 3 1980 2 779 4 
449 4 1780 2 457 3 9 2 
1752 2 10 2 456 3 1779 2 
459 2 431 2 467 2 1345 3 
458 2 273 2 1346 1 430 1 
368 1 246 1 45 1 
462 3 1340 3 438 3 
461 3 463 2 441 1 1337 4 
440 3 462 2 464 3 1338 2 
443 3 465 3 463 3 182 2 
466 2 464 3 442 3 183 3 
465 2 467 1 445 2 1341 2 
1342 1 458 2 444 1 466 1 
99 4 1547 3 372 4 369 3 
81 2 680 1 
933 2 471 3 473 3 2066 2 
470 3 476 2 932 4 2065 3 
935 3 483 3 473 3 2064 2 
470 3 934 2 472 3 2063 4 
937 2 475 3 477 4 2062 2 
285 3 474 3 2061 2 936 3 
471 2 939 1 1429 2 477 3 
938 3 474 4 1350 4 476 3 
334 4 479 3 570 3 1174 4 
569 1 478 3 1173 2 480 1 
481 1 568 1 1827 2 479 1 
480 1 567 1 318 2 1175 1 
483 3 695 3 942 3 2402 3 
482 3 472 3 2401 2 941 2 
485 2 2236 2 315 1 1241 1 
2233 2 1128 2 484 2 1240 3 
489 2 487 3 1007 2 835 2 
299 4 486 3 1006 2 836 2 
491 2 833 4 1013 2 489 2 
486 2 834 3 488 2 1012 2 
831 2 1015 3 491 2 493 2 
832 1 488 2 490 2 1014 1 
493 1 495 1 1009 2 829 1 
492 1 1008 2 490 2 830 1 
1011 3 827 1 708 4 495 1 
492 1 828 1 494 1 1010 1 
497 4 881 4 970 4 979 4 
496 4 969 1 880 4 1444 1 
2180 3 1549 3 101 3 372 3 
38 1 500 2 1265 3 2542 2 
501 2 499 2 37 3 1264 4 
502 3 500 2 1263 1 40 2 
1262 4 501 3 39 3 503 3 
1261 1 34 1 504 1 502 3 
503 1 505 1 1260 4 33 2 
506 1 1259 2 504 1 36 3 
505 1 35 2 1258 1 507 3 
1257 3 42 3 508 4 506 3 
41 2 1256 4 507 4 313 3 
1320 1 512 2 1263 1 510 3 
515 3 1262 4 1319 3 509 3 
1265 4 1318 3 726 2 512 3 
511 3 509 2 1317 2 1264 4 
514 4 1324 2 1259 3 516 2 
513 4 517 4 1323 4 1258 3 
1261 1 510 3 1322 2 516 1 
1260 4 515 1 513 2 1321 2 
518 2 514 4 1326 3 1257 2 
517 2 322 1 1256 3 1325 1 
1392 1 522 2 520 2 2236 2 
1391 3 638 4 2233 2 519 2 
522 2 1386 1 1254 4 
521 2 1253 2 519 2 1385 3 
604 4 524 4 921 4 526 5 
920 1 523 4 
1083 2 923 4 736 3 526 2 
523 5 1082 3 922 2 525 2 
1028 2 1703 1 528 3 338 2 
1027 5 529 5 527 3 1702 3 
1701 4 528 5 
84 3 1700 2 80 3 2027 3 
594 2 1638 2 532 2 1388 1 
1637 3 531 2 593 2 1383 2 
998 3 1895 2 534 3 540 1 
533 3 997 4 1894 3 535 3 
1000 2 1893 1 536 2 534 3 
999 2 2142 3 535 2 1395 3 
1891 2 1002 3 542 3 538 2 
1001 1 539 1 537 2 1890 3 
1889 1 538 1 540 1 601 2 
1888 1 539 1 533 1 235 1 
757 2 542 2 1899 1 996 2 
995 2 541 2 1898 3 537 3 
445 3 544 2 1302 2 546 4 
543 2 550 2 1301 2 444 1 
548 2 546 3 443 2 1304 1 
545 3 442 4 1303 4 543 4 
548 3 441 2 549 2 1306 2 
547 3 545 2 1305 2 440 3 
1307 2 547 2 438 1 
544 2 431 2 1316 3 551 4 
358 4 430 3 550 4 1315 3 
1496 1 1953 2 555 1 553 2 
1952 2 558 3 1495 4 552 2 
1955 2 555 1 1494 1 1448 3 
552 1 1493 1 1954 2 554 1 
557 4 1957 3 559 3 1492 4 
1491 3 1956 2 556 4 560 3 
559 2 553 3 1490 3 1959 2 
556 3 1489 3 558 2 1958 2 
1951 2 1488 3 561 3 557 3 
1487 2 1950 2 560 3 
2048 2 563 2 566 2 
564 1 2047 1 562 2 
563 1 2050 3 
2046 2 566 2 791 4 
2045 2 562 2 565 2 
481 1 582 1 568 1 237 2 
569 1 480 1 567 1 236 2 
568 1 479 1 239 1 570 1 
569 1 571 2 478 3 238 3 
334 3 570 2 241 2 572 3 
333 3 571 3 240 3 573 5 
574 5 332 4 572 5 243 5 
242 2 573 5 1106 2 
364 4 2549 5 576 5 1081 4 
2548 3 363 2 575 5 577 2 
576 2 351 2 2551 2 578 2 
2550 3 349 2 577 2 1065 2 
2508 2 65 1 2545 2 580 2 
1080 2 336 3 2544 3 579 2 
1069 1 245 2 797 1 582 1 
244 1 318 2 567 1 581 1 
1539 2 584 3 251 2 590 2 
583 3 585 3 1533 2 250 3 
584 3 249 2 1540 2 586 2 
248 1 585 2 
255 5 2392 4 588 4 395 4 
589 1 587 4 2391 2 254 1 
253 1 588 1 1531 2 590 1 
583 2 252 2 1529 3 589 1 
592 2 1561 2 2461 1 1004 2 
591 2 1288 3 2460 3 2390 3 
596 1 594 2 532 2 886 1 
531 2 599 3 593 2 885 3 
603 3 1384 3 888 4 596 3 
1383 1 593 1 887 1 595 3 
600 4 1390 3 598 4 890 3 
889 2 2081 4 597 4 1389 3 
594 3 2552 2 600 3 1388 2 
597 4 599 3 891 3 1387 4 
235 2 1001 2 539 2 2473 2 
813 1 894 2 1394 2 603 1 
595 3 893 3 602 1 1393 1 
523 4 1082 2 
292 2 1166 1 952 1 606 2 
951 3 607 2 293 2 605 2 
608 3 296 3 944 2 606 2 
607 3 297 3 609 4 943 3 
294 5 946 3 610 3 608 4 
611 2 295 2 609 3 945 2 
610 2 612 1 948 1 300 1 
613 1 611 1 301 3 947 1 
612 1 950 1 614 1 298 1 
949 2 613 1 836 1 299 3 
1422 1 616 1 121 1 620 1 
120 2 213 2 615 1 415 2 
210 3 624 2 618 2 125 2 
209 1 124 1 619 3 617 2 
123 5 212 3 618 3 620 3 
211 2 122 1 619 3 615 1 
622 4 129 4 206 4 78 3 
621 4 128 4 623 3 205 2 
1411 3 624 2 622 3 127 2 
623 2 207 2 126 1 617 2 
628 1 2225 2 88 1 626 1 
2224 2 86 2 631 2 625 1 
428 3 2223 3 91 5 628 3 
625 1 2209 2 627 3 2222 2 
56 3 1664 3 846 4 630 3 
635 2 55 2 1663 2 629 3 
54 2 1226 3 626 2 2219 3 
2482 3 1277 1 2248 3 1494 1 
58 1 1235 1 634 1 1658 2 
1657 2 57 1 633 1 639 1 
1656 1 60 1 1235 1 630 2 
2005 4 1204 3 1982 3 1994 3 
640 1 62 1 1662 1 638 3 
61 5 520 4 1661 3 637 3 
640 1 1660 2 634 1 64 1 
639 1 637 1 1659 2 63 3 
783 2 23 2 752 2 2349 3 
2052 3 1289 1 2136 1 643 2 
2051 3 869 2 642 2 2135 3 
362 4 655 2 275 1 645 1 
361 1 274 2 873 1 644 1 
2056 2 2140 3 649 3 1290 3 
2300 2 1613 2 976 2 1554 1 
2138 2 649 3 2058 3 1308 3 
2137 2 648 3 2057 2 646 3 
360 2 653 3 271 3 651 2 
656 2 359 1 270 1 650 2 
430 1 358 2 273 2 653 2 
357 2 272 2 650 3 652 2 
655 4 657 3 356 3 267 3 
654 4 266 2 355 3 644 2 
269 2 354 2 651 2 657 2 
654 3 656 2 353 1 268 3 
1737 2 659 1 1124 2 661 1 
1734 1 664 1 658 1 1566 2 
1122 3 1746 2 667 3 661 2 
1121 1 366 2 660 2 658 1 
665 2 1563 2 1750 1 663 1 
1749 2 1562 1 883 1 662 1 
665 2 659 1 1761 2 1118 2 
662 2 664 2 1117 2 410 2 
1971 2 667 2 202 3 1585 2 
666 2 660 3 1970 2 1607 3 
2432 3 675 2 2449 2 669 2 
2431 1 2448 2 246 1 668 2 
671 2 2424 3 673 2 1844 4 
1842 2 670 2 2423 3 676 3 
1530 5 1840 3 2426 3 673 4 
2425 3 670 2 1839 2 672 4 
1856 1 677 1 675 1 2428 2 
668 2 1855 1 674 1 2427 1 
2430 2 1675 4 671 3 677 2 
1442 2 674 1 2429 1 676 2 
1789 4 1787 2 2109 2 2055 2 
680 2 2067 2 685 2 989 2 
988 1 679 2 1123 1 469 1 
1395 2 2142 2 1308 2 2060 1 
683 2 929 2 991 3 688 4 
990 2 2099 2 682 2 684 1 
993 1 2083 2 685 1 683 1 
679 2 684 1 1485 1 992 2 
687 3 1589 2 
686 3 1587 2 688 4 
994 3 1586 4 687 4 682 4 
692 3 690 3 1358 3 733 3 
698 3 1357 2 689 3 732 2 
692 3 694 3 2422 2 735 3 
691 3 734 2 689 3 1355 2 
694 2 1354 3 696 3 729 3 
693 2 691 3 728 2 1486 2 
1483 2 731 3 696 4 482 3 
1470 3 695 4 693 3 730 3 
87 2 1791 3 2051 2 2113 3 
690 3 1874 3 737 2 699 2 
736 3 1873 2 923 4 698 2 
707 3 701 4 229 4 812 4 
811 2 702 4 700 4 230 2 
227 3 703 3 701 4 814 3 
228 1 894 2 813 1 702 3 
808 1 705 1 233 1 709 1 
807 2 704 1 234 1 706 1 
810 2 707 1 705 1 231 2 
700 3 706 1 809 3 232 2 
709 4 494 4 225 5 816 4 
708 4 226 3 704 1 815 3 
2153 2 2206 4 2208 3 1382 2 
1392 1 712 1 1104 2 717 2 
2339 3 711 1 1103 4 1391 2 
714 5 1748 4 2404 3 715 4 
1747 4 713 5 908 3 2403 3 
713 4 2405 2 
717 2 1386 1 
1385 3 716 2 711 2 1105 2 
727 2 1092 1 719 2 1838 3 
1837 3 720 4 718 2 1091 3 
719 4 721 3 1836 3 1094 3 
1093 1 1835 1 720 3 722 1 
1834 2 1088 1 723 1 721 1 
1833 3 722 1 724 2 1087 4 
725 3 723 2 1090 2 1832 2 
1089 2 954 2 724 3 1831 3 
511 2 727 2 1085 2 1830 1 
718 2 726 2 1084 3 1829 2 
735 2 1570 1 694 2 729 3 
1569 3 730 3 693 3 728 3 
731 2 729 3 696 3 1568 1 
730 2 695 3 942 3 1567 2 
1574 2 733 2 737 1 690 2 
732 2 1573 2 734 2 689 3 
692 2 735 2 1572 1 733 2 
728 2 1571 5 734 2 691 3 
699 3 525 3 1565 5 737 3 
1564 1 698 2 736 3 732 1 
741 2 832 2 2252 2 739 3 
2251 2 744 2 831 2 738 3 
834 3 747 2 741 1 2250 2 
738 2 833 3 2249 1 740 1 
743 4 745 3 828 2 2256 4 
742 4 827 3 2255 3 92 3 
745 2 830 1 2254 2 739 2 
744 2 829 2 2253 2 742 3 
2258 2 836 2 747 3 949 3 
835 2 746 3 740 2 2257 2 
751 3 2246 4 749 2 
2245 1 748 2 
751 3 2248 4 
748 3 750 3 2247 2 
2350 1 955 2 641 2 24 2 
760 2 2032 1 754 4 1732 1 
1731 5 755 5 753 4 2031 5 
756 3 754 5 2033 2 1730 2 
755 3 1729 3 
541 2 1728 2 798 3 758 3 
759 3 2025 2 757 3 1727 3 
1726 2 758 3 2029 3 760 3 
1725 2 753 2 2027 3 759 3 
1585 3 762 2 1058 4 2416 4 
767 1 1057 1 1607 2 761 2 
770 1 764 1 987 3 1118 2 
765 1 763 1 975 2 1117 1 
1563 2 766 2 764 1 925 2 
924 2 765 2 964 2 1562 2 
762 1 940 2 1122 2 768 1 
1016 2 1121 1 769 1 767 1 
768 1 931 1 770 1 1124 2 
1566 2 763 1 930 1 769 1 
772 1 203 1 774 3 167 2 
771 1 1971 2 202 3 166 1 
208 1 776 1 774 3 165 2 
164 5 773 3 771 3 204 3 
215 5 163 4 776 4 778 4 
162 1 773 1 214 2 775 4 
161 3 778 2 780 2 107 2 
777 2 216 2 160 3 775 4 
780 3 973 3 175 3 455 4 
779 3 174 2 777 2 223 2 
2449 2 1169 4 782 2 806 2 
2448 2 781 2 1807 1 2541 2 
641 2 109 1 2348 2 785 2 
196 2 786 2 2005 2 933 1 
108 2 2239 3 783 2 2347 4 
787 3 1882 2 784 2 932 4 
786 3 1404 3 2007 2 939 2 
1403 4 308 2 325 2 1405 2 
1404 2 2009 3 937 1 790 1 
2008 2 1901 3 789 1 936 2 
1869 3 565 4 792 4 
1868 3 793 2 791 4 
1871 1 792 2 794 1 
793 1 1870 3 
796 3 804 2 1782 4 79 2 
78 2 795 3 206 3 1781 4 
2026 1 75 2 581 1 287 2 
2025 2 996 3 757 3 82 3 
800 3 2026 2 77 4 1792 2 
801 3 799 3 1276 2 76 2 
800 3 291 3 802 3 71 2 
801 3 70 3 803 2 290 3 
73 1 804 1 289 1 802 2 
72 3 795 2 803 1 288 1 
1856 2 143 2 1160 3 806 2 
1161 1 781 2 1855 1 805 2 
705 2 808 2 810 3 1997 3 
807 2 704 1 1216 1 815 3 
1215 4 707 3 810 4 812 4 
1214 2 706 2 809 4 807 3 
701 2 812 2 2011 2 814 1 
811 2 809 4 2010 2 700 4 
602 1 703 1 814 1 95 1 
89 2 813 1 702 3 811 1 
1223 3 808 3 816 3 709 3 
708 4 815 3 2012 4 1011 3 
911 1 1300 2 818 2 820 1 
302 2 46 3 1299 2 817 2 
1298 1 822 2 433 2 820 1 
432 2 1297 1 819 1 817 1 
1296 2 822 3 824 4 435 2 
1295 3 434 2 821 3 819 2 
1294 2 826 2 437 2 824 4 
1293 4 821 4 436 5 823 4 
1019 2 826 2 439 2 1292 2 
825 2 823 2 200 1 1291 1 
494 1 743 3 225 2 828 1 
829 1 495 1 827 1 742 2 
828 1 745 2 830 1 492 1 
744 1 829 1 493 1 831 1 
832 1 490 2 739 2 830 1 
738 2 831 1 491 1 833 3 
834 5 832 3 741 3 488 4 
833 5 489 3 740 3 835 3 
836 1 747 2 834 3 486 2 
835 1 746 2 614 1 487 2 
838 2 2351 2 
837 2 1561 3 839 2 
2281 1 838 2 201 1 2390 2 
843 3 2457 2 841 2 1474 4 
2259 2 2456 1 840 2 1473 1 
2459 2 1279 2 845 1 843 2 
840 3 2458 2 842 2 1278 3 
845 1 847 1 2453 2 1478 2 
844 1 842 1 2452 4 2123 1 
2455 4 847 3 2115 3 629 4 
844 1 1475 3 2454 1 846 3 
2447 2 1039 2 849 1 1602 1 
850 2 848 1 2446 1 1603 4 
849 2 2434 2 1932 2 851 2 
1933 1 850 2 852 1 2433 1 
2436 1 853 1 851 1 1934 1 
1935 3 854 1 852 1 2435 2 
1936 1 853 1 855 3 2438 4 
2437 3 856 4 854 3 1937 4 
857 2 855 4 2440 2 1940 2 
1826 3 2439 1 856 2 1378 1 
861 4 859 2 1356 2 1963 5 
864 1 1962 1 1881 3 858 2 
1961 2 1884 3 1059 2 861 4 
858 4 1960 3 1883 3 860 4 
1878 4 865 4 1967 1 863 1 
1966 3 1877 1 862 1 868 2 
859 1 1965 1 1880 2 865 4 
1964 5 1879 4 862 4 864 4 
1193 1 867 2 968 1 115 1 
114 2 866 2 967 3 2375 2 
869 2 1969 3 1347 2 863 2 
1875 2 868 2 1968 1 643 2 
111 3 972 4 1234 4 871 3 
872 1 870 3 110 2 971 2 
970 1 871 1 873 1 113 3 
112 2 872 1 645 1 969 1 
875 1 877 1 983 2 1800 1 
874 1 1799 1 882 1 982 2 
877 4 879 4 981 4 1802 4 
876 4 980 2 1801 2 874 1 
881 1 879 1 1796 3 979 1 
1795 2 876 4 978 1 878 1 
1798 5 497 4 927 5 881 4 
878 1 1797 2 496 4 880 4 
875 1 1804 3 985 2 883 1 
1803 1 663 1 882 1 984 1 
2421 1 2387 2 2309 1 352 3 
408 2 886 2 594 3 2552 2 
887 1 885 2 409 2 593 1 
886 1 888 2 596 1 406 2 
407 2 887 2 595 4 893 4 
598 2 890 1 404 1 2084 2 
891 2 889 1 405 3 597 3 
890 2 600 3 2552 2 402 3 
2133 4 1187 3 1820 4 1622 4 
400 4 894 4 603 3 888 4 
703 2 893 4 602 2 401 3 
1079 3 1468 2 
1816 2 897 2 2138 2 1184 3 
1183 2 2137 1 896 2 1605 3 
2195 3 901 2 1578 2 899 2 
2194 2 907 3 898 2 1577 1 
1576 3 903 2 901 2 2197 2 
898 2 900 2 1575 2 2196 2 
1582 1 903 1 2199 2 905 3 
1581 1 900 2 902 1 2198 1 
905 3 1580 1 2201 2 304 3 
2200 3 904 3 1579 3 902 3 
1181 2 1622 3 2139 3 1605 4 
908 3 2193 3 1584 3 899 3 
907 3 714 3 1583 1 2192 1 
954 1 147 2 910 1 1089 1 
909 1 146 2 918 2 953 1 
432 2 817 1 46 2 389 3 
913 2 915 2 956 1 151 1 
912 2 2350 2 150 4 955 3 
149 3 917 3 915 3 958 3 
914 3 148 2 912 2 957 2 
917 2 155 2 919 1 960 3 
959 2 916 2 914 3 154 2 
962 2 153 3 919 2 910 2 
916 1 961 1 918 2 152 2 
524 1 921 1 2463 1 
922 1 523 4 2462 3 920 1 
921 1 526 2 923 4 2461 1 
2460 5 525 4 922 4 699 4 
925 2 766 2 1177 4 2510 1 
2509 4 924 2 975 3 765 2 
1623 1 1421 2 1397 2 
1444 2 928 2 880 5 
927 2 1443 2 
1586 2 2099 2 162 1 682 2 
931 1 987 3 770 1 2514 3 
1016 2 930 1 769 1 2513 1 
471 4 933 3 939 3 786 4 
470 2 932 3 934 1 784 1 
473 2 196 2 933 1 935 2 
472 3 934 2 941 2 184 4 
2172 2 937 2 475 3 790 2 
474 2 936 2 938 1 789 1 
1404 2 477 3 939 1 937 1 
938 1 476 1 932 3 787 2 
767 2 2515 2 1057 2 1016 3 
1410 1 483 2 935 2 942 2 
1409 2 731 3 482 3 941 2 
946 2 944 2 2037 3 608 3 
2036 2 607 2 943 2 951 3 
948 1 2035 1 610 2 946 2 
2034 3 609 3 943 2 945 2 
950 1 948 1 2041 4 612 1 
947 1 945 1 611 1 2040 2 
2039 2 614 2 746 3 950 2 
947 1 613 1 2038 2 949 2 
2044 3 952 2 606 3 944 3 
347 2 951 2 2043 1 605 1 
1644 2 954 1 910 1 962 1 
909 1 725 2 953 1 1643 2 
752 2 956 2 1642 2 913 3 
957 1 955 2 1641 1 912 1 
956 1 1640 2 958 2 915 2 
959 2 914 3 957 2 1639 4 
1638 2 958 2 917 2 960 3 
961 3 959 3 1637 4 916 3 
1636 1 960 3 962 1 919 1 
918 2 1635 1 961 1 953 1 
985 2 968 1 1193 1 964 1 
984 1 766 2 1177 4 963 1 
1234 3 966 3 972 3 981 2 
965 3 967 3 980 3 2375 2 
983 3 966 3 968 2 867 3 
866 1 967 2 963 1 982 2 
497 1 970 1 361 1 873 1 
872 1 496 4 969 1 971 2 
972 3 970 2 979 2 871 2 
978 2 870 4 971 3 965 3 
779 3 974 1 265 1 2559 2 
264 3 973 1 2558 2 
925 3 764 2 987 4 2512 2 
198 3 647 2 224 2 977 2 
986 2 197 2 454 1 976 2 
981 1 972 2 879 1 979 1 
978 1 971 2 496 4 878 1 
983 3 877 2 981 2 966 3 
978 1 876 4 980 2 965 2 
985 3 983 3 875 2 968 2 
980 3 967 3 874 2 982 3 
964 1 985 2 1562 1 883 1 
984 2 982 3 882 2 963 2 
977 2 221 2 199 2 
975 4 930 3 763 3 2511 3 
680 1 989 1 
992 2 679 2 988 1 
683 2 993 2 991 3 
994 2 990 3 682 3 
989 2 993 2 685 2 
684 1 992 2 990 2 
688 3 991 2 
542 2 2478 1 1002 2 996 2 
798 3 541 2 2477 2 995 2 
1000 3 534 4 998 4 2472 3 
533 3 2471 3 997 4 235 3 
2470 2 536 2 1000 2 1815 1 
997 3 535 2 999 2 2469 2 
538 1 601 2 2476 1 1002 2 
2475 3 995 2 537 3 1001 2 
2463 1 1004 2 
2351 3 1003 2 2462 4 591 2 
1897 1 1887 2 1963 4 1030 2 
1151 2 1007 1 1690 1 487 2 
1689 1 1012 2 1006 1 486 2 
1015 3 493 2 1009 3 1698 3 
1010 2 492 2 1697 2 1008 3 
1696 2 1009 2 1011 3 495 1 
494 3 1010 3 1695 3 816 3 
1007 2 1694 2 1013 2 489 2 
1014 1 1693 2 1012 2 488 2 
1692 2 1013 1 1015 2 491 1 
490 3 1014 2 1008 3 1691 2 
931 2 768 2 2516 3 940 3 
1116 3 1020 4 253 3 1018 3 
252 2 1115 1 1023 1 1017 3 
1114 1 825 2 1020 2 255 2 
1019 2 1113 2 254 2 1017 4 
249 1 1024 4 1022 1 1112 2 
1111 2 1025 2 1021 1 248 1 
1018 1 251 1 1110 2 1024 4 
1109 4 1021 4 250 5 1023 4 
1026 2 1022 2 1108 2 247 2 
1025 2 1107 2 
528 5 2540 3 1028 4 
527 2 1807 2 1027 4 2541 3 
1897 1 1030 2 2254 2 1036 2 
1031 2 2253 2 1029 2 1005 2 
1030 2 1032 2 2256 3 1887 2 
2006 3 2255 2 1031 2 2260 2 
1034 2 1038 1 1885 3 2250 2 
1033 2 1035 3 2249 2 2004 3 
2252 2 1034 3 1876 3 1036 3 
1430 2 2251 2 1029 2 1035 3 
2258 3 1038 3 1999 4 1185 5 
1033 1 1037 3 1998 1 2257 1 
1040 2 848 2 1763 2 2223 2 
2222 2 1039 2 1764 2 1041 2 
2225 3 1040 2 1042 4 1765 3 
2224 4 1041 4 1043 3 1766 3 
1044 2 1767 1 2219 2 1042 3 
1043 2 1045 3 1768 5 2218 2 
1769 2 2221 4 1044 3 1046 2 
1047 3 1045 2 1770 2 2220 1 
1762 3 2228 4 1046 3 1048 3 
2227 2 1047 3 
32 3 1060 2 1050 2 1722 2 
1049 2 31 2 1721 3 1051 3 
1724 2 1052 2 30 3 1050 3 
1723 3 1051 2 29 2 1053 1 
1718 2 1054 1 28 2 1052 1 
1055 1 1053 1 27 2 1717 1 
1054 1 1056 2 1720 1 26 2 
1243 2 1055 2 25 4 1719 4 
762 1 2518 2 1058 3 940 2 
1057 3 2517 3 761 4 1209 3 
1060 2 1716 2 22 2 860 2 
1049 2 1059 2 1715 3 21 2 
1062 1 1824 1 1380 1 
1061 1 1825 3 1063 1 1379 3 
1822 1 1062 1 1382 1 1064 1 
1381 2 2013 2 1823 3 1063 1 
2104 1 2543 1 1066 2 578 2 
38 2 1065 2 2103 2 2542 3 
1068 3 2079 2 2014 2 2283 4 
1067 3 2078 4 2572 2 1133 2 
581 1 1171 1 318 2 287 2 
1231 3 1328 2 1071 3 1955 3 
1327 2 1070 3 1072 2 1954 3 
1953 2 1330 2 1073 2 1071 2 
1072 2 1952 2 1329 2 1074 4 
1075 3 1959 3 1073 4 1332 3 
1074 3 1331 1 1958 2 1076 1 
1334 2 1075 1 1957 1 1077 1 
1078 2 1956 1 1333 1 1076 1 
1079 3 1077 2 1951 2 1336 2 
1078 3 1335 3 895 3 1950 2 
2547 2 580 2 1081 1 331 2 
2546 1 320 3 1080 1 575 4 
2389 2 604 2 526 3 1083 3 
525 2 2388 2 1565 4 1082 3 
2543 2 1092 2 727 3 1085 3 
2542 3 1265 4 726 2 1084 3 
2504 3 2014 3 2296 4 173 3 
2547 5 1088 4 1090 4 723 4 
2546 1 722 1 1087 4 1093 1 
725 2 2545 2 909 1 1090 1 
2544 2 1087 4 724 2 1089 1 
1092 2 719 3 1094 2 2551 3 
1091 2 718 1 2550 2 1084 2 
721 1 1094 1 1088 1 2549 2 
1093 1 1091 2 2548 2 720 3 
2217 1 1718 2 1435 2 1437 3 
1621 1 1747 2 44 3 1434 1 
1100 4 1098 2 2093 2 1449 2 
1097 2 1955 2 1231 2 1448 3 
1230 1 1446 3 1100 3 1102 2 
1097 4 1445 4 1099 3 1229 3 
1102 3 1228 2 
1447 3 1101 3 1099 2 1227 4 
224 4 2144 4 712 4 1104 5 
1105 2 454 2 711 2 1103 5 
1104 2 221 1 717 2 
332 1 574 2 1178 2 
1623 2 1108 2 1026 2 1421 3 
1420 1 1107 2 1111 2 1025 2 
1024 4 1112 2 1417 2 1110 2 
1115 2 1023 2 1109 2 1416 2 
1022 2 1419 2 1112 3 1108 2 
1418 3 1109 2 1111 3 1021 2 
1020 2 1116 1 1114 1 1413 2 
1019 1 1412 2 1292 1 1113 1 
1110 2 1018 1 1415 3 1116 1 
1414 1 1113 1 1017 3 1115 1 
665 2 1563 2 1118 2 764 1 
1566 3 1117 2 763 2 664 2 
1120 3 401 3 56 3 1313 3 
1119 3 400 3 55 2 1129 4 
661 1 1124 2 768 1 1122 2 
1607 3 660 3 767 2 1121 2 
175 1 680 1 2067 1 81 2 
1566 3 1121 2 658 2 769 2 
403 3 64 1 1132 1 1126 1 
63 3 402 2 1127 1 1125 1 
405 3 1126 1 62 1 1128 1 
485 2 1127 1 404 1 61 3 
1130 4 407 3 1120 4 60 3 
1131 3 59 2 1129 4 406 3 
1130 3 1132 2 409 3 58 2 
1131 2 57 1 408 1 1125 1 
2283 3 1068 2 2523 2 245 2 
2317 2 2284 1 2485 1 2282 2 
2276 2 272 2 1136 2 1138 2 
273 2 1346 1 1135 2 2275 3 
2278 2 1138 1 270 1 1140 2 
271 2 2277 1 1137 1 1135 2 
2272 3 268 5 1140 4 1142 4 
2271 2 269 2 1139 4 1137 2 
1142 2 266 1 2274 2 1144 1 
2273 3 1141 2 1139 4 267 2 
1647 2 1144 2 274 3 2280 4 
275 1 1143 2 1141 1 2279 1 
1704 3 1588 3 1146 3 293 2 
292 3 1840 2 1145 3 1530 4 
1148 1 295 1 1154 1 1604 1 
1538 1 1149 2 294 4 1147 1 
1704 3 1148 2 297 2 1537 2 
2151 1 2337 2 2145 2 1556 1 
1006 2 299 4 1535 3 1152 2 
1153 1 298 1 1151 2 1534 1 
1152 1 1591 1 301 3 1154 1 
300 1 1532 2 1147 1 1153 1 
2490 4 2314 3 1711 4 1156 2 
2313 2 1155 2 2489 1 2282 2 
2537 2 178 2 421 2 1158 3 
1339 2 420 3 1159 3 1157 3 
177 3 1163 4 1158 3 423 2 
1161 2 805 3 1788 3 341 3 
806 1 1160 2 1169 3 340 1 
1788 2 343 2 1165 2 142 2 
1168 3 176 3 422 3 1159 4 
1165 3 140 2 1167 3 345 2 
1164 3 1162 2 344 2 141 2 
138 1 347 2 605 1 1167 2 
1164 3 139 2 1166 2 346 4 
1163 3 2302 1 1344 2 425 1 
781 4 1807 3 339 4 1161 3 
2303 3 2096 3 1511 2 2301 1 
1512 2 1677 1 1069 1 1367 1 
427 3 2304 2 181 2 2302 2 
1174 3 479 2 1827 3 53 2 
1173 3 52 2 478 4 1179 2 
1512 2 1827 2 51 2 481 1 
2297 1 1616 1 2303 3 1514 1 
1193 4 964 4 924 4 119 4 
2496 2 48 3 1106 2 1828 2 
47 2 334 2 1180 1 1174 2 
333 2 1179 1 1828 1 43 2 
906 2 1188 1 1182 1 2035 1 
1183 2 1181 1 1605 3 2034 2 
2037 4 1184 3 897 2 1182 2 
1183 3 1189 3 2036 2 896 3 
2039 3 1821 4 1037 5 1186 3 
1187 1 1820 2 2038 2 1185 3 
2041 4 1186 1 892 3 1188 1 
1622 2 1181 1 1187 1 2040 2 
2044 3 1184 3 1816 2 1190 2 
1815 1 2043 1 2470 2 1189 2 
383 1 159 3 2499 1 93 2 
2312 4 157 2 2498 2 386 5 
866 1 1177 4 118 2 963 1 
1195 1 2020 3 1197 2 1914 2 
2019 2 1194 1 1915 2 1200 3 
1203 3 1916 2 1197 3 2022 2 
2021 2 1917 2 1194 2 1196 3 
1918 4 1201 4 2016 4 1199 5 
1679 3 1198 5 1919 3 2015 2 
1920 4 2018 3 1201 3 1195 3 
2017 1 1921 2 1200 3 1198 4 
1912 2 1375 2 2024 4 1203 3 
1196 3 1913 4 2023 3 1202 3 
1632 2 636 3 1205 2 1207 1 
1204 2 1210 3 2420 2 1982 2 
2419 2 1213 3 1217 5 1207 2 
1994 1 1204 1 2418 3 1206 2 
1211 1 1209 1 2417 1 1219 2 
2416 3 1208 1 1218 4 1058 3 
1221 3 1205 3 1211 2 2415 3 
1220 2 1208 1 2414 2 1210 2 
1381 3 2013 3 2409 4 1213 3 
1609 3 1206 3 1222 2 1212 3 
810 2 1836 1 1215 2 1997 2 
2010 2 1214 2 809 4 1835 2 
1223 1 1997 2 808 1 1838 3 
1222 4 2003 4 1994 4 1206 5 
1219 5 2517 4 1209 4 2008 5 
1218 5 2009 4 1208 2 1220 3 
1211 2 1886 4 1221 3 1219 3 
1210 3 2007 2 1220 3 1982 2 
1217 4 2013 2 2000 3 1213 2 
815 3 2012 4 1216 1 1829 1 
1226 2 1431 1 2221 3 1225 2 
1398 3 1232 3 1224 2 2220 2 
1484 3 1224 2 2218 2 631 3 
1230 3 1228 3 2 3 1102 4 
1227 3 1 3 1101 2 
4 1 2093 1 1230 1 1100 3 
1227 3 1099 1 1229 1 3 1 
1070 3 2093 2 10 2 1098 2 
2281 2 2122 2 2228 3 1225 3 
348 1 2092 2 
965 3 116 3 870 4 2375 2 
59 1 633 1 635 1 1655 1 
2088 2 1239 2 317 2 1237 3 
316 3 2102 3 1236 3 2089 3 
1239 3 315 2 1241 2 2086 3 
1238 3 314 2 1236 2 2087 3 
1241 2 2084 3 404 2 485 3 
1240 2 2562 1 484 1 1238 2 
1552 1 2341 1 2174 2 1243 1 
1056 2 1551 1 1242 1 2340 1 
1248 2 1488 2 
1246 1 2244 2 1252 1 1490 2 
1245 1 1247 1 2243 3 1489 3 
1246 1 1492 2 1248 2 2242 2 
1491 3 1244 2 1247 2 2241 2 
2151 2 1558 2 2335 2 1250 2 
66 2 2334 2 1249 2 1557 1 
2246 4 1277 2 1252 2 1496 2 
1245 1 1495 3 2245 1 1251 2 
522 2 1254 4 2236 2 315 1 
1253 4 521 4 314 4 1255 5 
317 3 1254 5 
508 4 518 3 1257 3 1399 3 
507 3 1258 1 517 2 1256 3 
1259 2 1257 1 506 1 514 3 
1258 2 1260 5 505 2 513 3 
516 4 1259 5 504 4 1261 4 
515 1 503 1 1262 2 1260 4 
502 4 1263 2 510 4 1261 2 
1262 2 501 1 1264 3 509 1 
1263 3 1265 5 500 4 512 4 
511 4 1085 4 499 3 1264 5 
1267 2 1412 2 1706 3 1292 1 
1268 2 1266 2 1291 2 1705 2 
1267 2 1710 2 1294 1 1269 1 
1268 1 1293 2 1270 3 1709 1 
1708 4 1271 3 1296 3 1269 3 
1270 3 1272 3 1707 1 1295 2 
1298 3 1714 3 1271 3 1273 3 
1297 1 1272 3 1274 2 1713 3 
1273 2 1300 3 1712 3 1275 2 
1299 1 1711 3 2490 3 1274 2 
1792 1 1366 3 800 2 291 2 
2247 1 1493 1 1251 2 632 1 
1279 3 30 3 843 3 1474 4 
1278 3 842 2 2123 2 29 3 
1431 1 2095 1 2068 1 1358 2 
1904 1 2514 3 2202 2 2186 3 
185 3 91 4 1483 2 1476 4 
1284 1 2512 1 1906 2 2202 2 
1283 1 1285 2 1909 1 2509 3 
2510 2 1284 2 1646 3 1908 2 
2260 3 22 4 2006 4 1480 3 
2054 3 2134 3 1289 3 1290 4 
1873 3 67 2 592 3 1479 2 
642 1 2053 2 2133 2 1287 3 
2139 3 2055 2 1287 4 646 3 
1292 1 826 1 1267 2 1294 1 
1291 1 1114 1 825 2 1266 1 
1296 2 824 4 1294 2 1269 2 
823 2 1293 2 1268 1 1291 1 
822 3 1298 2 1271 2 1296 2 
821 2 1293 2 1270 3 1295 2 
1273 1 820 1 1300 2 1298 1 
1272 3 819 1 1297 1 1295 2 
1275 1 1300 2 818 2 2355 1 
1299 2 817 2 1297 2 1274 3 
1302 2 544 2 1316 3 
1301 2 1303 2 543 2 
1304 2 1302 2 546 4 
1305 1 1303 2 545 1 
1304 1 548 2 1306 1 
1307 2 1305 1 547 2 
549 2 1306 2 
2141 3 681 2 2059 2 648 3 
232 2 1310 1 158 1 2459 2 
1309 1 2458 1 231 2 1311 1 
2457 1 234 1 1310 1 1312 1 
233 1 90 2 2456 1 1311 1 
228 2 1314 3 2455 3 1119 3 
227 2 1313 3 2454 2 156 4 
1316 2 551 3 
1301 3 550 3 1315 2 
1318 2 1696 2 512 2 1320 1 
511 3 1695 2 1830 2 1317 2 
1322 2 1698 2 1320 1 510 3 
509 1 1319 1 1697 1 1317 1 
1324 2 1692 3 516 2 1322 3 
1319 2 1691 2 515 2 1321 3 
1324 2 514 4 1694 2 1326 3 
513 2 1323 2 1321 2 1693 2 
1459 1 1326 2 1690 1 518 1 
1325 2 1689 2 517 3 1323 3 
1751 1 1071 2 1330 2 1328 1 
1070 2 1752 1 1327 1 10 1 
1330 2 1332 1 1073 2 1753 1 
1329 2 1754 2 1072 2 1327 2 
1755 2 1334 2 1075 1 1332 1 
1756 2 1329 1 1331 1 1074 3 
1334 2 1757 1 1077 1 1336 1 
1333 2 1758 2 1331 2 1076 2 
1079 3 1468 2 1336 2 1759 3 
1335 2 1078 2 1760 2 1333 1 
1806 4 1338 4 1340 4 462 4 
1805 2 182 1 1337 4 463 2 
2062 1 1158 2 177 2 178 1 
2492 2 461 3 1337 4 
2504 2 1342 2 183 3 466 2 
467 1 2074 2 1341 2 1345 2 
2302 1 181 1 2066 1 1344 2 
176 2 1168 2 1343 2 2065 3 
1346 2 1342 2 458 3 2079 2 
1345 2 2078 3 459 1 1136 1 
1877 1 1938 1 868 2 1875 2 
1449 1 2030 2 1353 2 1349 2 
1494 2 1448 4 2482 4 1348 2 
1429 3 177 3 2062 2 477 4 
1352 2 1447 3 2491 2 
1351 2 1446 3 2494 3 1353 2 
1445 3 2493 2 1348 2 1352 2 
1477 3 693 3 1486 3 1470 3 
2068 1 692 2 1358 2 2422 1 
858 2 1881 3 1883 1 1944 1 
1358 2 2095 1 690 2 1874 2 
1357 2 1280 2 689 3 1355 2 
1782 3 1360 1 1362 1 1516 3 
1515 2 1359 1 1503 4 1781 3 
1364 4 1362 2 1526 3 289 2 
1361 2 1513 2 1359 1 288 1 
1364 4 291 3 1524 2 1366 4 
1361 4 1363 4 290 4 1523 3 
1366 3 1792 1 1368 4 1522 1 
1365 3 1521 3 1276 3 1363 4 
287 2 1368 4 1171 1 1520 2 
1367 4 1365 4 1497 4 286 5 
2107 3 1372 2 1370 4 1848 2 
2108 3 1369 4 1847 4 1377 3 
2109 2 1374 2 1372 2 1850 3 
1369 2 1849 2 2110 3 1371 2 
1376 2 1852 1 2111 2 1374 1 
1851 1 1371 2 2112 1 1373 1 
1376 2 1202 2 2113 3 1854 1 
1375 2 1853 2 1373 2 2114 2 
1378 1 2105 2 1846 2 1370 3 
1377 1 2106 1 857 1 1845 1 
1380 3 1382 3 1062 3 2208 4 
2207 1 1061 1 1379 3 
1212 3 1064 2 2206 4 1382 2 
1063 1 1379 3 1381 2 710 2 
596 1 1636 1 1384 1 532 2 
1635 1 1393 1 1383 1 595 3 
717 3 1386 2 1392 2 522 3 
1385 2 521 1 716 1 
1388 3 1640 4 1390 3 600 4 
1387 3 1639 3 599 2 531 1 
2563 2 1390 2 1642 2 598 3 
1387 3 1641 1 597 3 1389 2 
520 3 1661 2 712 2 1392 2 
519 1 711 1 1385 2 1391 2 
1384 1 1644 2 603 1 1394 2 
95 2 1643 3 602 2 1393 2 
1893 2 2266 2 681 2 536 3 
1892 2 2204 2 1896 2 
1541 3 2379 4 926 2 
1225 3 2095 2 1431 2 2122 2 
313 2 322 1 1400 1 1256 3 
321 1 1401 2 1399 1 312 2 
1402 3 311 2 1400 2 324 4 
1403 4 1401 3 323 2 310 3 
326 3 1402 4 788 4 309 3 
938 2 787 3 789 2 1886 4 
328 2 307 1 1406 2 788 2 
1407 3 1405 2 327 2 306 3 
330 2 1406 3 1408 3 305 2 
304 4 329 2 1407 3 1580 2 
1567 1 942 2 2001 2 1410 1 
941 1 184 3 1409 1 2000 3 
623 3 207 3 205 2 134 3 
1546 3 1114 2 1266 2 1413 3 
1545 2 1113 2 1414 2 1412 3 
1116 1 1544 3 1415 3 1413 2 
1543 4 1115 3 1414 3 1416 3 
1417 2 1415 3 1550 1 1110 2 
1549 3 1416 2 1418 3 1109 2 
1112 3 1417 3 1548 2 1419 2 
1111 2 1547 1 1420 1 1418 2 
1108 1 1542 1 1419 1 1421 2 
1541 3 1107 3 926 2 1420 2 
213 2 615 1 211 2 144 2 
1451 3 1802 2 1424 2 2354 3 
2357 1 1423 2 1450 1 1801 2 
1426 3 2404 1 
1425 3 2403 3 1601 3 1911 3 
2358 5 1456 4 1428 3 1804 5 
1803 1 1427 3 2163 2 1455 2 
1350 3 176 2 476 2 2065 3 
1965 1 1876 2 1036 2 1897 1 
1280 1 1224 1 1484 2 1398 2 
1433 2 1720 2 1435 3 2215 3 
1432 2 1719 3 1619 2 2214 2 
1748 2 45 1 1096 1 
2216 4 1432 3 1095 2 1717 2 
1437 3 2211 1 1439 2 1724 1 
1436 3 1723 5 1095 3 2210 3 
1441 3 1439 2 1722 2 2213 2 
1438 2 2212 2 1721 3 1436 2 
2229 2 1716 2 1441 3 1942 1 
1715 4 2226 3 1440 3 1438 3 
677 2 1675 4 1856 2 143 2 
1444 2 928 2 362 5 
927 2 1443 2 361 1 497 1 
1353 3 1100 4 1446 4 1449 2 
1447 4 1099 3 1352 3 1445 4 
1446 4 1102 3 1351 3 
1449 3 1349 4 1098 3 554 3 
1448 3 1348 1 1097 2 1445 2 
1453 4 1451 2 2050 3 1424 1 
1450 2 2049 2 1423 3 1454 2 
1456 2 2048 1 2358 3 1453 4 
1450 4 2357 4 2047 4 1452 4 
1451 2 2354 2 
2046 2 1630 3 1428 2 1456 3 
1452 2 1427 4 2045 3 1455 3 
324 3 1591 1 1460 2 1458 2 
1532 3 323 2 1463 2 1457 2 
1325 1 1460 2 1535 2 322 1 
1534 2 1459 2 1457 2 321 2 
1462 4 328 3 1537 2 1464 3 
1461 4 1465 3 1536 3 327 3 
1604 1 326 1 1458 2 1464 2 
1538 2 325 2 1461 3 1463 2 
1462 3 330 1 1466 2 1588 2 
1530 4 329 2 1465 2 2426 2 
2381 5 1469 4 365 4 2396 3 
1335 2 1911 1 895 2 
2408 3 2395 2 1467 4 2376 2 
696 3 1483 1 1476 3 1354 3 
2422 2 54 2 2130 4 2068 2 
2186 4 1902 3 2516 3 2146 2 
32 3 1474 3 1480 1 841 1 
1473 3 31 3 840 4 1278 4 
2115 3 1478 4 847 3 26 4 
1477 3 1470 3 2209 4 1282 4 
1354 3 88 1 2130 3 1476 3 
1475 4 27 3 844 2 2123 2 
2122 1 1874 2 2095 1 1288 2 
2259 2 21 1 1286 3 1473 1 
1901 3 2008 2 1482 3 2517 1 
1481 3 1900 3 2518 4 2146 3 
695 2 1470 1 2402 2 1282 2 
1226 3 54 2 1431 2 2068 2 
161 2 685 1 2083 2 2067 1 
2422 1 1354 3 694 2 2130 3 
561 2 1488 2 
1244 2 560 3 1491 3 1487 2 
1490 4 559 3 1492 4 1246 3 
1489 4 1495 4 558 3 1245 2 
557 3 1248 3 1488 3 1492 3 
1247 2 1489 4 1491 3 556 4 
1494 1 1277 1 1496 1 555 1 
1349 2 1493 1 632 1 554 1 
1252 3 1490 4 553 4 1496 3 
552 1 1493 1 1495 3 1251 2 
1685 4 1522 1 1368 4 1520 2 
1499 1 1519 1 43 2 2298 2 
49 2 1498 1 2299 2 1699 2 
1501 1 1507 1 2018 1 135 1 
1500 1 2017 1 1502 2 134 2 
137 3 1501 2 1503 5 2016 2 
2015 4 1360 4 1502 5 136 4 
2022 1 1510 2 1505 3 131 1 
2021 3 1506 3 130 4 1504 3 
2020 3 1505 3 133 1 1507 1 
132 3 1500 1 2019 2 1506 1 
1511 2 1518 2 51 2 2301 1 
2024 4 1510 3 1669 2 145 2 
1509 3 1504 2 2023 3 144 3 
50 4 1170 2 1508 2 1525 4 
1175 2 1676 3 318 3 1171 2 
1362 2 1516 4 1683 3 1526 3 
1519 1 52 1 1176 1 1525 3 
2015 2 1679 3 1360 2 1516 4 
1513 4 1359 3 1515 4 1678 3 
1677 2 2307 2 1518 3 1684 2 
1508 2 2308 3 1676 3 1517 3 
2297 1 1514 1 1498 1 47 2 
1367 2 1684 2 1497 2 1677 2 
1524 1 1366 3 1687 1 1522 1 
1686 1 1521 1 1497 1 1365 1 
1526 2 1524 1 1681 2 1364 3 
1521 1 1680 3 1523 1 1363 2 
53 3 2303 5 1511 4 1514 3 
1523 2 1361 3 1682 3 1513 3 
2342 3 2394 4 1528 4 2383 4 
1527 4 2382 4 
1986 3 1531 4 1539 3 590 3 
672 5 1588 4 1466 4 1146 4 
1529 4 589 2 1985 4 2391 3 
1458 3 1591 2 1604 2 1154 2 
1984 1 1540 1 584 2 1539 1 
1460 2 1535 2 1591 1 1152 1 
1690 2 1534 2 1151 3 1459 2 
1462 3 1588 2 1537 1 1704 2 
1461 2 1538 1 1536 1 1149 2 
1464 2 1148 1 1537 1 1604 1 
583 2 1529 3 1533 1 1983 3 
1533 1 585 2 
1421 3 1397 3 1542 2 370 3 
1420 1 369 1 1541 2 1547 1 
2183 3 1415 4 1544 4 1550 2 
2182 3 1543 4 1545 3 1414 3 
1546 2 1544 3 1413 2 2185 1 
1706 4 1545 2 2184 3 1412 3 
1419 1 1548 1 468 3 1542 1 
372 2 1547 1 1418 2 1549 2 
1417 3 498 3 1548 2 1550 2 
1543 2 2180 2 1416 1 1549 2 
1619 2 1243 1 1719 3 1552 1 
1242 1 1559 1 1551 1 1618 3 
1556 2 2145 3 1554 2 1613 3 
224 1 2144 1 647 1 1553 2 
1556 3 2151 3 2085 3 1558 3 
1555 3 1553 2 2082 1 1150 1 
1560 1 2101 2 1558 1 1250 1 
1249 2 1616 1 1555 3 1557 1 
2174 2 1560 1 1615 2 1552 1 
1559 1 1557 1 2096 3 66 2 
2390 3 838 3 591 2 2351 3 
663 1 984 1 1563 2 766 2 
765 2 1117 2 662 2 1562 2 
1565 3 737 1 1574 2 
1817 3 1083 4 1564 3 736 5 
770 2 1124 3 1118 3 659 2 
1409 1 1823 3 731 2 1568 1 
1822 1 1569 1 730 1 1567 1 
1570 1 729 3 1825 3 1568 1 
1569 1 728 1 1571 4 1824 1 
1819 4 735 5 1570 4 1572 4 
734 1 1818 1 1571 4 1573 1 
1574 2 733 2 1572 1 
732 2 1573 2 1564 2 
1578 2 1576 3 1611 3 901 2 
900 3 1575 3 1610 2 1581 2 
1578 1 2094 1 1584 1 899 1 
1575 2 1577 1 898 2 1612 2 
1582 1 1580 1 905 3 2098 1 
1579 1 904 1 1614 2 1408 2 
903 1 1576 2 1617 2 1582 1 
1579 1 2100 2 902 1 1581 1 
1584 1 1747 2 908 1 1621 1 
907 3 1583 1 1620 1 1577 1 
761 3 1607 3 666 2 1975 2 
929 2 165 3 688 4 1587 2 
1589 1 1586 2 687 2 164 3 
1530 4 1536 2 1145 3 1465 2 
686 2 1587 1 1590 1 167 2 
1589 1 1634 2 166 1 
1532 2 1153 1 1457 1 1534 1 
1593 3 1752 1 1779 1 2201 2 
2200 3 1594 3 1592 3 1751 3 
1754 1 1593 3 1595 1 2199 2 
1596 1 1753 1 2198 1 1594 1 
2197 1 1597 2 1595 1 1756 2 
1755 3 1596 2 2196 3 1598 3 
1758 2 2195 3 1599 2 1597 3 
1757 1 2194 2 1598 2 1600 2 
1601 2 1760 3 1599 2 2193 2 
1600 2 1426 3 2192 1 1759 2 
1763 1 1603 4 2323 2 848 1 
1602 4 1932 4 849 4 2322 4 
1463 1 1532 2 1147 1 1538 1 
1182 3 897 3 906 4 2140 4 
2555 1 2240 1 97 2 1608 4 
1122 3 762 2 1585 3 667 3 
2554 5 2239 5 108 4 1606 4 
1981 3 1213 3 2409 4 2419 2 
2430 1 1576 2 1611 2 1617 2 
2429 2 1575 3 1612 3 1610 2 
2094 2 2428 3 1611 3 1578 2 
2299 3 647 2 1553 3 2082 2 
329 2 2426 2 1580 2 2098 2 
2096 4 1559 2 2301 2 1618 4 
1176 1 2101 2 1558 1 2085 1 
2100 3 2423 3 1581 2 1610 2 
1619 4 2308 4 1615 4 1552 3 
1551 2 2307 2 1618 4 1433 2 
2432 2 2094 1 1621 1 1584 1 
2431 1 1096 1 1620 1 1583 1 
1188 2 906 3 2134 2 892 4 
1107 2 926 1 
2157 2 1625 1 1627 1 
1633 2 1624 1 2156 1 
1627 2 1629 3 2159 2 1872 2 
1626 2 2158 3 1624 1 
1871 3 1629 4 2161 3 1631 3 
1628 4 1626 3 1870 4 2160 3 
1455 3 1631 2 1869 2 2163 3 
1630 2 1868 2 2162 2 1628 3 
1204 2 2420 2 1978 2 2418 4 
1625 2 1634 3 337 3 
1590 2 1633 3 2154 3 
1644 2 1384 1 962 1 1636 1 
961 1 1637 2 1383 1 1635 1 
1638 3 1636 2 532 3 960 4 
959 2 1637 3 531 2 1639 4 
1388 3 1640 4 1638 4 958 4 
1387 4 1641 2 1639 4 957 2 
1390 1 1640 2 956 1 1642 1 
24 2 955 2 1389 2 1641 1 
1394 3 954 2 1831 3 1644 3 
1635 2 953 2 1393 2 1643 3 
1736 1 118 2 1654 1 1646 2 
119 2 1735 4 1285 3 1645 2 
1143 2 1648 1 112 2 1743 2 
1647 1 1649 1 1742 1 113 3 
110 2 1648 1 1650 4 1745 3 
1651 4 1649 4 111 4 1744 4 
116 2 1650 4 1652 2 1739 1 
1653 3 1651 2 1738 3 117 2 
1652 3 1654 2 1741 2 114 2 
1653 2 115 1 1740 1 1645 1 
2333 2 1235 1 1658 2 1656 1 
635 1 1663 1 2332 2 1655 1 
1660 3 634 2 1658 3 2335 2 
1657 3 2334 3 633 2 1655 2 
2337 3 1660 3 640 2 1662 2 
1657 3 2336 4 1659 3 639 2 
2339 3 1391 2 638 3 1662 1 
2338 3 1661 1 1659 2 637 1 
2341 1 1664 2 630 2 1656 1 
1663 2 2340 2 629 3 2115 2 
2530 3 1666 2 1850 2 1672 1 
1667 3 2529 3 1665 2 1849 3 
1848 2 1666 3 1668 4 2532 2 
1667 4 1673 5 1847 4 2531 4 
1670 1 1509 2 1854 1 2534 1 
2533 2 1669 1 1853 1 1671 1 
2536 1 1672 1 1670 1 1852 1 
2535 1 1665 1 1671 1 1851 1 
1846 4 2538 3 1668 5 1674 4 
2537 2 421 2 1845 2 1673 4 
142 4 1442 4 676 4 1842 3 
1512 3 1677 2 51 3 1518 3 
1517 2 1676 2 1171 1 1520 2 
2226 1 1683 2 1679 2 1516 3 
2229 3 1199 3 1515 3 1678 2 
1524 3 1681 4 2210 3 1687 3 
1682 3 1680 4 2211 2 1523 2 
1683 3 1681 3 1526 3 2212 2 
1682 3 1513 3 1678 2 2213 3 
1685 4 1517 2 1520 2 2214 2 
1684 4 2215 5 1686 4 1497 4 
1522 1 1687 1 2216 3 1685 4 
1686 1 1521 1 2217 1 1680 3 
1914 3 1879 2 1948 2 1946 3 
1007 1 1690 1 1694 1 1326 2 
1689 1 1006 1 1535 2 1325 1 
1692 2 1322 2 1698 2 1015 2 
1014 2 1691 2 1321 3 1693 3 
1694 2 1013 2 1324 2 1692 3 
1693 2 1689 1 1323 2 1012 2 
2012 4 1318 2 1011 3 1696 2 
1010 2 1695 2 1697 2 1317 2 
1009 2 1696 2 1320 1 1698 2 
1319 2 1691 2 1008 3 1697 2 
2481 2 48 3 2300 3 1499 2 
530 2 1701 2 
529 4 80 3 1700 2 1702 2 
1703 1 83 1 1701 2 528 3 
1702 1 527 1 82 2 1867 1 
296 4 1145 3 1149 3 1536 2 
1706 3 1843 1 1710 2 1267 2 
1546 4 1705 3 1266 3 1841 4 
1990 1 1708 2 1714 1 1271 1 
1270 4 1989 2 1707 2 1709 2 
1710 2 1708 2 1992 2 1269 1 
1268 2 1991 2 1709 2 1705 2 
1857 3 1712 4 1155 4 1275 3 
1993 2 1711 4 1713 4 1274 3 
1712 4 1714 3 1996 4 1273 3 
1272 3 1713 3 1995 1 1707 1 
1441 4 1060 3 1722 3 1716 3 
1440 2 1884 3 1059 2 1715 3 
1718 2 1054 1 1720 1 1435 2 
1717 2 1053 2 1723 4 1095 2 
1720 3 1551 3 1433 3 1056 4 
1719 3 1432 2 1055 1 1717 1 
1439 3 1722 3 1724 2 1050 3 
1049 2 1438 2 1721 3 1715 3 
1718 4 1437 5 1052 3 1724 3 
1051 2 1721 2 1723 3 1436 1 
760 2 1732 1 1726 1 2465 1 
759 2 1725 1 2464 1 1727 2 
1728 2 1726 2 2467 3 758 3 
757 2 2466 1 1899 1 1727 2 
1733 2 1941 3 756 3 1730 2 
1939 3 1729 2 1731 2 755 2 
754 5 1730 2 1732 2 2553 2 
1725 1 753 1 1731 2 1947 1 
2468 1 1729 2 
659 1 1761 2 2159 1 1737 2 
1646 4 1908 3 1736 3 2374 3 
1740 1 1645 1 1735 3 2373 1 
658 2 2158 4 366 3 1734 2 
1739 2 1652 3 2372 2 1741 2 
2371 1 1738 2 1744 1 1651 1 
1736 1 2370 1 1654 1 1741 1 
1653 2 1740 1 1738 2 2369 2 
1743 2 1648 1 1745 3 2368 1 
2367 2 1742 2 2280 4 1647 2 
2366 1 1745 3 1739 1 1650 4 
1744 3 2365 3 1742 3 1649 3 
366 2 1970 1 660 2 2156 1 
714 4 1096 2 1583 2 1748 3 
1434 2 713 4 1747 3 
663 2 1750 2 2163 3 1803 2 
2162 2 1749 2 410 1 662 1 
1327 1 1754 1 1752 1 1593 3 
457 2 1328 1 1751 1 1592 1 
1754 1 1756 2 1595 1 1329 1 
1330 2 1594 1 1751 1 1753 1 
1597 3 1331 2 1756 3 1758 2 
1332 2 1753 2 1755 3 1596 2 
1599 1 1758 1 1333 1 1760 2 
1598 2 1334 2 1757 1 1755 2 
1760 3 1601 2 1911 2 1335 3 
1759 3 1757 2 1336 2 1600 3 
1734 2 410 2 664 2 2160 3 
1047 3 2124 3 1770 2 
1602 1 222 1 1764 2 1039 2 
1040 2 1765 3 1763 2 2129 2 
2132 2 1764 3 1766 2 1041 3 
2131 2 1765 2 1767 1 1042 3 
1043 1 1768 4 1766 1 2126 1 
1769 4 1767 4 2125 5 1044 5 
1768 4 1045 2 2128 2 1770 2 
2127 2 1769 2 1046 2 1762 2 
447 1 1774 3 1772 2 189 1 
446 4 1777 2 188 3 1771 2 
187 2 1774 3 1780 1 449 3 
186 4 1773 3 1771 3 448 3 
1778 2 1776 1 193 1 451 1 
450 2 1775 1 1931 2 192 2 
1778 2 1772 2 191 1 453 2 
1775 2 1777 2 190 5 452 2 
1780 1 195 1 457 2 1592 1 
456 2 1779 1 194 2 1773 1 
136 3 796 4 1360 3 1782 5 
1359 3 795 4 288 3 1781 5 
2445 3 2411 2 1784 4 2320 2 
2410 4 2321 3 2441 3 1783 4 
2058 2 2108 1 1786 1 1794 1 
1787 1 1785 1 2107 2 2057 1 
1786 1 678 2 2056 1 2110 3 
1162 2 143 2 1160 3 342 2 
2054 3 678 4 1790 3 2112 3 
1789 3 1791 3 2111 2 2053 2 
1790 3 2052 5 697 3 2114 3 
1276 1 286 2 1365 1 799 2 
2060 1 2106 1 1794 1 2330 1 
2105 2 1785 1 1793 1 2059 1 
879 2 1802 2 1796 4 2354 3 
2353 3 878 3 1795 4 1797 4 
1798 3 881 2 2352 3 1796 4 
880 5 1797 3 
875 1 2358 3 1804 3 1800 1 
1801 2 2357 1 874 1 1799 1 
1800 2 877 2 1802 2 1424 2 
1423 2 1795 2 1801 2 876 4 
1804 3 1428 1 883 1 1749 2 
1803 3 882 3 1799 3 1427 5 
1806 2 2507 2 1338 2 171 4 
1805 2 2492 2 1337 4 170 1 
1028 2 1169 3 782 1 338 2 
1810 2 18 1 
1814 1 1810 2 16 2 
1808 2 1809 2 15 5 
14 2 1812 1 
2238 2 2175 1 13 2 1811 1 
20 3 1987 2 1814 2 
1809 1 19 1 1813 2 
1816 1 1190 1 2142 2 999 1 
1815 1 896 2 1189 2 2141 2 
1565 3 2388 1 
1572 1 1819 1 
1571 4 1824 1 1818 1 
1821 3 1186 2 2136 2 892 4 
1820 3 1999 3 2135 3 1185 4 
1063 1 1568 1 1825 3 1823 3 
1567 3 1064 3 1822 3 2001 4 
1061 1 1819 1 1570 1 1825 3 
1569 3 1062 3 1822 3 1824 3 
857 3 2106 3 1940 3 2330 3 
1175 2 480 2 1173 3 50 4 
49 2 1180 1 1178 2 332 1 
1223 1 1830 1 1838 3 727 2 
1829 1 1318 2 726 1 2012 4 
95 2 1832 2 725 3 1643 3 
89 2 1833 3 1831 2 724 2 
1834 4 723 3 1832 3 2011 4 
1833 4 2010 2 1835 2 722 2 
721 1 1834 2 1215 2 1836 1 
1214 1 1837 2 720 3 1835 1 
719 3 1997 3 1838 4 1836 2 
1837 4 718 3 1829 3 1216 3 
1844 4 139 1 1840 1 673 2 
1839 1 672 3 138 1 1146 2 
2184 3 1843 2 179 3 1706 4 
671 2 1844 4 1675 3 141 1 
1841 2 1705 1 1991 1 2069 1 
1842 4 1839 4 670 4 140 4 
1846 2 2439 1 1674 2 1378 1 
1673 4 1845 2 1377 2 1847 3 
1848 2 1846 3 1668 4 1370 4 
1667 2 1847 2 1849 2 1369 2 
1850 3 1848 2 1666 3 1372 2 
1849 3 1665 2 1851 2 1371 3 
1374 1 1852 1 1672 1 1850 2 
1373 1 1853 1 1851 1 1671 1 
1376 2 1852 1 1670 1 1854 1 
1669 1 2024 3 1375 1 1853 1 
675 1 806 1 2449 1 1856 1 
805 2 674 1 1442 2 1855 1 
1711 3 2502 1 1993 1 2314 2 
2043 1 347 2 1859 2 2470 2 
1860 2 2469 2 1858 2 346 4 
1859 2 345 1 2472 2 1861 2 
1862 4 344 2 2471 2 1860 2 
343 4 1861 4 2474 3 1863 3 
1864 2 342 1 1862 3 2473 1 
341 3 1863 2 2476 2 1865 2 
2475 2 1866 2 340 1 1864 2 
1865 2 2478 2 339 3 1867 2 
2477 1 1703 1 338 2 1866 2 
1871 2 792 3 1869 2 1631 2 
1630 2 791 3 1868 2 2046 1 
1871 3 1629 4 794 3 1872 3 
1870 3 1868 2 1628 3 793 1 
1626 2 1870 3 
1288 3 1874 3 2460 3 699 2 
1873 3 1479 2 698 3 1357 2 
869 2 2051 3 87 3 1347 2 
1430 2 1964 3 2004 3 1035 3 
1347 1 1878 4 863 1 1949 1 
1948 4 862 4 1877 4 1879 4 
1880 2 865 4 1688 2 1878 4 
1879 2 1881 4 864 2 1946 3 
859 3 1356 3 1945 3 1880 4 
786 2 2007 1 1982 1 2005 2 
1884 2 1943 2 1356 1 861 3 
1883 2 1716 3 860 3 1942 2 
1966 5 1998 3 2004 4 1033 3 
2009 5 1404 4 1220 4 2007 3 
2006 3 1005 2 1960 2 1031 2 
1889 1 540 1 2262 1 1895 2 
1888 1 539 1 2261 1 1890 3 
2264 3 1889 3 1891 3 538 3 
1898 2 2263 2 537 2 1890 3 
1396 2 2203 4 
2265 2 1395 2 535 1 1894 1 
2268 1 1893 1 534 3 1895 2 
533 2 2267 2 1888 2 1894 2 
1396 2 2205 3 
1962 1 1029 1 1005 1 1430 1 
1899 2 1891 2 542 3 2270 4 
1898 2 2269 2 1728 1 541 1 
2173 2 1482 3 1903 1 1901 3 
1481 3 2172 3 790 3 1900 3 
2171 3 1903 2 1472 3 1905 3 
2146 1 1902 2 2170 2 1900 1 
1281 1 1905 2 2169 2 1907 1 
2168 2 1904 2 1902 3 2186 4 
1909 2 1283 2 1907 2 2167 2 
1904 1 1906 2 2166 2 2202 2 
1909 1 1735 3 2165 2 1285 2 
1908 1 2164 3 1284 1 1906 2 
2231 2 2205 3 
1426 3 1468 1 1759 2 
1202 2 87 2 1913 3 2113 3 
1203 4 1938 3 1916 3 1912 3 
1915 3 1688 3 1917 2 1194 2 
1914 3 1946 3 1920 3 1195 2 
1917 1 1196 2 1913 3 1949 1 
1916 1 1914 2 1197 2 1948 1 
1921 2 1919 2 1943 2 1198 4 
1918 2 2229 3 1199 3 1942 2 
1945 2 1200 4 1921 3 1915 3 
1201 2 1920 3 1918 2 1944 2 
1923 2 1925 2 36 3 259 1 
1922 2 258 2 1930 2 35 3 
1927 2 34 2 1925 3 
260 2 1924 3 1922 2 33 3 
1929 2 40 2 1927 1 
39 1 1924 2 1926 1 
2103 2 38 2 1929 3 257 2 
256 2 1926 2 1928 3 37 3 
1923 2 262 2 42 1 1931 2 
261 4 41 2 1776 2 1930 2 
1933 1 2325 1 1603 4 850 2 
1932 1 2324 1 851 1 1934 1 
2327 1 1935 3 1933 1 852 1 
853 3 2326 5 1936 3 1934 3 
854 1 1937 2 1935 3 2329 1 
1936 2 1940 2 855 4 2328 3 
1949 1 1347 1 1913 3 87 2 
1941 4 1730 3 2128 4 2553 3 
1826 3 1937 2 2331 2 856 2 
1939 4 2468 2 1729 3 2127 2 
1943 2 1884 2 1919 2 1440 1 
1942 2 1944 2 1918 2 1883 2 
1943 2 1945 1 1356 1 1921 2 
1920 2 1881 3 1944 1 1946 2 
1915 3 1688 3 1945 2 1880 3 
2126 1 2553 1 2465 1 1732 1 
1878 4 1688 2 1949 1 1917 1 
1938 1 1948 1 1916 1 1877 1 
1951 1 561 2 1079 2 
560 2 1956 1 1950 1 1078 2 
553 2 1073 2 1959 1 1953 2 
1072 2 552 2 1954 3 1952 2 
1955 3 1953 3 555 2 1071 3 
1954 3 1098 2 554 2 1070 3 
557 2 1951 1 1957 1 1077 1 
556 3 1956 1 1958 2 1076 1 
1959 2 559 2 1957 2 1075 2 
1958 2 1074 3 1952 1 558 2 
1963 4 861 3 1961 1 1887 2 
860 2 1960 1 2006 2 22 2 
1897 1 859 1 1965 1 1963 4 
1960 4 858 5 1962 4 1005 4 
1965 2 865 5 1876 3 1967 2 
1964 2 1430 1 864 1 1962 1 
1885 5 863 3 1967 3 1969 4 
2004 2 1966 3 1964 2 862 1 
1969 2 869 1 2135 2 1999 2 
1968 2 1998 2 868 3 1966 4 
1746 1 1971 2 667 2 337 2 
2154 3 772 2 666 2 1970 2 
1973 4 1979 3 208 3 2415 4 
1974 2 1972 4 204 2 2414 3 
1973 2 1975 1 2417 1 203 1 
202 3 1974 1 2416 3 1585 2 
1981 2 2419 1 107 1 1977 1 
1978 1 216 2 1976 1 2418 3 
1977 1 215 2 1632 2 1979 1 
1972 3 214 2 1978 1 2420 1 
1981 2 2152 1 2409 3 455 2 
1980 2 1609 3 1976 2 223 3 
636 3 1221 2 1882 1 1205 2 
1984 3 1539 3 1986 3 
1533 1 1983 3 
1988 3 1531 4 1986 3 
1529 3 1985 3 1983 3 
2392 1 1813 2 1988 1 
1985 3 2391 2 1987 1 
2497 1 1708 2 1990 1 1992 2 
1995 1 1707 1 2498 1 1989 1 
1710 2 2499 1 1992 2 1843 1 
2500 2 1991 2 1709 2 1989 2 
1712 2 2501 1 1857 1 1996 2 
1207 1 1217 4 2002 1 636 3 
1990 1 2503 3 1996 2 1714 1 
1995 2 1713 4 1993 2 2097 2 
1837 3 1216 2 1214 2 807 3 
1885 3 1969 2 1999 2 1038 1 
1998 2 1037 4 1821 3 1968 2 
1222 3 2001 4 1410 3 2003 3 
1409 2 2000 4 2013 3 1823 4 
2003 1 196 2 1994 1 2005 2 
2002 1 184 3 1217 4 2000 3 
1885 4 1967 2 1876 3 1034 3 
636 4 784 2 2002 2 1882 2 
1032 3 1887 3 1961 2 1286 4 
1221 2 1882 1 787 2 1886 3 
790 2 1481 2 1218 5 2009 4 
789 3 1886 5 2008 4 1219 4 
1215 2 2011 2 1834 2 812 2 
89 3 2010 2 811 2 1833 4 
1223 4 1695 4 1830 4 816 4 
1222 2 1064 2 1212 3 2001 3 
2074 2 1086 3 1067 2 2295 1 
2016 1 1515 2 1503 4 1199 2 
2015 1 2017 1 1198 4 1502 2 
2016 1 1201 1 1501 1 2018 1 
1200 3 1500 1 2019 2 2017 1 
1195 2 2020 4 1507 2 2018 2 
1506 3 2019 4 1194 3 2021 3 
1505 3 1197 2 2022 1 2020 3 
1504 1 2023 2 2021 1 1196 2 
2022 2 2024 4 1510 3 1203 3 
1509 4 1202 4 2023 4 1854 3 
2029 2 798 2 83 1 758 2 
74 2 797 1 799 2 286 2 
2029 3 760 3 530 3 2032 2 
2287 3 2364 3 2483 3 2484 3 
2027 3 2025 2 80 3 759 3 
2493 2 1348 2 2482 4 217 3 
2032 2 2033 2 754 5 
84 2 753 1 2031 2 2027 2 
2031 2 755 2 
2037 4 946 3 2035 2 1182 2 
2034 2 1181 1 945 1 2040 2 
944 2 2037 3 1184 2 2044 2 
1183 4 2034 4 2036 3 943 3 
2041 5 950 2 2039 2 1186 2 
949 2 1185 3 2038 2 2258 1 
2041 5 948 2 1188 2 2035 2 
2040 5 1187 4 2038 5 947 4 
93 4 146 4 2508 4 383 3 
1858 1 2044 2 952 1 1190 1 
951 3 1189 3 2043 2 2036 2 
566 2 2046 2 1456 3 2048 2 
565 2 1455 2 2045 2 1869 1 
2050 3 1453 4 563 1 2048 1 
562 2 1452 1 2047 1 2045 2 
2050 3 1451 2 
2047 3 2049 3 1450 3 564 3 
1875 3 643 3 2052 4 697 2 
2053 4 642 3 1791 5 2051 4 
2052 4 2054 2 1289 2 1790 2 
1789 3 2055 1 1287 3 2053 2 
2054 1 1290 2 2056 1 678 2 
2057 1 1787 1 2055 1 646 2 
2056 1 2058 2 649 2 1786 1 
1785 2 2057 2 648 3 2059 2 
1308 2 1794 1 2058 2 2060 1 
1793 1 2266 1 2059 1 681 1 
475 2 178 1 69 2 2062 1 
1339 1 1350 2 474 2 2061 1 
2066 3 181 3 473 4 2064 3 
2401 1 180 2 472 2 2063 3 
1429 3 471 3 2066 2 1344 3 
470 2 2063 3 1343 1 2065 2 
679 2 1123 1 174 2 1485 1 
1355 1 1280 1 1471 2 1484 2 
93 2 179 2 2499 1 1843 1 
2071 4 2077 2 2555 2 2089 2 
2070 4 2088 4 2072 3 2554 4 
2087 2 2073 1 2557 3 2071 3 
2080 2 2072 1 2556 1 2086 2 
2014 2 1342 2 2504 2 2079 2 
2076 1 2092 2 
2091 4 2075 1 2561 2 2077 1 
2070 2 2560 2 2090 2 2076 1 
2275 5 1068 4 1346 3 2079 3 
1067 2 2078 3 2074 2 1345 2 
2073 2 2562 2 2081 4 2564 2 
2563 3 598 4 2084 4 2080 4 
2298 2 1556 1 2085 1 1613 2 
160 4 684 2 2099 3 1485 2 
2081 4 1240 3 2562 2 889 2 
1555 3 1616 1 2297 1 2082 1 
2087 3 2562 2 2073 2 1238 3 
2072 2 1239 3 2086 3 2088 3 
1236 2 2071 4 2089 2 2087 3 
2090 2 2088 2 1237 3 2070 2 
2091 5 2089 2 2102 2 2077 2 
2090 5 2076 4 2092 5 348 4 
2091 5 2075 2 1233 2 
1231 2 9 1 1229 1 1097 2 
1612 2 2427 1 1577 1 1620 1 
1398 2 1357 1 1280 1 1479 1 
1170 3 1615 4 2101 4 1560 3 
2311 1 2501 1 1996 2 2503 3 
2100 2 2425 2 1614 2 1579 1 
683 2 929 2 163 2 2083 3 
1582 2 2098 2 1617 3 2424 4 
2096 4 1616 2 1557 2 2303 4 
1237 3 348 1 2090 2 319 1 
2104 1 68 2 1928 2 1066 2 
2103 1 349 1 1065 1 96 1 
1794 2 1377 2 2108 2 2106 2 
1826 3 1793 1 2105 2 1378 1 
2108 2 1369 3 2110 4 1786 2 
1785 1 2107 2 2105 2 1370 3 
1371 2 2112 1 2110 3 678 2 
2107 4 1372 3 2109 3 1787 3 
1790 2 1373 2 2112 2 2114 2 
2109 1 1789 3 1374 1 2111 2 
2114 3 1375 3 697 3 1912 3 
2113 3 1376 2 2111 2 1791 3 
1475 3 846 3 25 3 1664 2 
2539 2 2310 1 151 1 380 1 
2118 2 2121 1 2150 3 2179 2 
2117 2 2178 3 2149 2 2119 3 
2148 2 2118 3 2181 2 
2121 1 2177 2 46 2 302 1 
2120 1 2117 1 2143 3 2176 1 
1479 1 1232 2 67 1 1398 2 
1279 2 845 1 1478 2 28 2 
2127 3 1762 3 2468 3 
1768 5 2128 3 2553 2 2126 2 
1947 1 2125 2 2131 2 1767 1 
2124 3 1770 2 1941 2 2128 2 
2125 3 1769 2 1939 4 2127 2 
2467 2 1764 2 222 1 2132 1 
1477 3 1471 4 1486 3 86 4 
2132 2 1766 2 2465 2 2126 2 
2131 2 1765 2 2464 1 2129 1 
2134 2 892 4 1289 2 2136 2 
2133 2 1287 3 2139 2 1622 2 
2136 2 1821 3 643 3 1968 2 
2135 2 642 1 1820 2 2133 2 
649 2 897 1 2138 1 2140 2 
648 2 2141 2 2137 1 896 2 
2140 3 1290 3 906 3 2134 2 
2139 3 646 3 1605 4 2137 2 
2142 3 1308 3 2138 2 1816 2 
2141 3 681 2 1815 2 536 3 
2356 3 2150 5 2121 3 302 3 
1554 1 2145 2 1103 4 2339 3 
2338 4 1553 3 2144 2 1150 2 
1903 1 2515 1 1482 3 1472 2 
2148 3 2360 4 
2147 3 2119 2 2149 1 2359 2 
2150 3 2148 1 2118 2 2362 1 
2117 3 2143 5 2149 3 2361 4 
1249 2 1555 3 1150 1 2336 3 
2206 3 1980 1 265 1 2153 1 
335 2 710 2 264 3 2152 1 
1971 3 337 3 166 2 1634 3 
2207 1 335 2 
2157 2 1746 1 337 2 1625 1 
366 3 1624 2 2156 2 2158 4 
2157 4 1627 3 1737 4 2159 3 
1734 1 2160 2 1626 2 2158 3 
1629 3 2159 2 2161 2 1761 3 
2162 2 2160 2 1628 3 410 1 
2161 2 2163 3 1750 2 1631 2 
2162 3 1630 3 1749 3 1428 2 
1909 3 2165 4 277 4 2167 3 
2374 2 2164 4 276 2 1908 2 
2167 2 2169 3 279 2 1907 2 
278 1 2166 2 1906 2 2164 3 
2171 2 1905 2 281 2 2169 2 
2166 3 1904 2 2168 2 280 3 
2171 3 1903 2 2173 3 283 3 
2168 2 1902 3 282 3 2170 3 
2173 2 936 2 1901 3 285 2 
2172 2 284 2 2170 3 1900 2 
1559 2 2332 3 66 3 1242 2 
1812 1 2203 4 
2179 2 2188 1 2121 1 2177 2 
390 3 2120 2 2187 2 2176 2 
2181 2 2179 3 2118 3 2191 4 
2178 3 2176 2 2190 2 2117 2 
100 3 498 3 2183 3 1550 2 
2178 2 2189 1 2119 2 
1544 3 2183 2 102 1 2185 1 
1543 3 103 2 2180 3 2182 2 
1841 3 1546 3 2185 2 104 2 
105 2 1545 1 2184 2 2182 1 
1472 4 1281 3 2513 3 1905 4 
2238 2 2188 1 2177 2 13 2 
2237 3 2187 1 2176 1 2190 1 
2181 1 2230 1 2191 3 
2191 3 2179 2 2232 1 2188 1 
2190 3 2178 4 2231 4 2189 3 
2403 1 1601 1 908 1 2193 1 
2194 2 907 3 2192 1 1600 2 
1599 2 899 2 2193 2 2195 3 
898 3 1598 3 2194 3 2196 3 
2197 2 2195 3 1597 3 901 2 
1596 1 2196 2 2198 1 900 2 
1595 1 2197 1 2199 2 903 1 
2200 2 902 2 2198 2 1594 2 
905 3 1593 3 2199 2 2201 2 
195 2 904 2 2200 2 1592 2 
2511 2 1281 2 1283 2 1907 2 
2204 4 1892 4 2238 5 2175 4 
2237 3 2203 4 1396 2 2205 3 
2232 3 1896 3 1910 3 2204 3 
2152 3 1381 4 2409 5 710 4 
2155 1 1380 1 2208 2 
2207 2 335 3 710 3 1379 4 
628 2 88 2 91 4 1476 4 
1680 3 2211 1 2217 1 1437 3 
2212 1 1681 2 1436 1 2210 1 
2213 2 2211 1 1439 2 1682 2 
2212 2 1438 2 1683 3 2226 2 
2307 2 2215 3 1433 2 1684 2 
2216 4 1685 5 2214 3 1432 3 
2215 4 1435 4 1686 3 2217 3 
1095 1 2210 1 1687 1 2216 3 
2219 2 1226 2 2221 3 1044 2 
2218 2 2224 3 1043 2 631 3 
2221 3 2228 2 1225 2 1046 1 
2220 3 1224 3 1045 4 2218 3 
1040 2 2223 2 2225 3 628 2 
2222 2 627 3 2447 2 1039 2 
1042 4 626 2 2219 3 2225 3 
1041 3 2222 3 625 2 2224 3 
1441 3 1678 1 2229 2 2213 2 
201 2 1048 2 2281 2 2228 3 
1232 3 2220 2 1047 4 2227 3 
1679 3 1440 2 1919 3 2226 2 
2189 1 2231 2 
1910 2 2230 2 2232 2 2191 4 
2237 3 2205 3 2231 2 2190 1 
485 2 2236 2 61 3 520 2 
2235 1 2240 1 2344 3 97 2 
2234 1 2343 2 94 1 
2233 2 484 2 1253 2 519 2 
2204 3 2232 3 2188 3 2238 4 
1812 2 2187 2 2203 5 2237 4 
785 3 1608 5 2240 2 2346 2 
2234 1 1606 1 2239 2 2345 3 
2242 2 1248 2 
2241 2 2243 4 1247 2 
2244 4 1246 3 2242 4 
1245 2 2243 4 2245 2 
749 1 1252 1 2244 2 2246 3 
2247 3 748 4 1251 4 2245 3 
2248 3 2246 3 1277 1 751 2 
2247 3 218 3 632 3 750 4 
741 1 2250 2 1034 2 2252 1 
2257 2 1033 2 2249 2 740 2 
739 2 2252 1 1036 2 2254 2 
1035 2 738 2 2251 1 2249 1 
2254 2 2256 3 1030 2 745 2 
2253 2 744 2 1029 2 2251 2 
2256 3 2450 1 1032 2 743 3 
2255 3 2253 3 1031 3 742 4 
2250 2 2258 1 747 2 1038 1 
746 2 1037 3 2039 1 2257 1 
841 2 2260 2 1480 2 2451 3 
2259 2 1286 3 2450 1 1032 2 
2327 1 1889 1 2264 1 2262 1 
2267 1 1888 1 2326 3 2261 1 
1891 2 2325 2 2270 4 2264 2 
1890 3 2324 1 2261 1 2263 2 
1893 2 2331 3 2266 2 2268 2 
1395 2 2265 2 2060 1 2330 1 
2262 1 2268 1 1895 2 2329 1 
2328 2 1894 1 2267 1 2265 2 
2466 2 2323 3 2270 4 1899 2 
2269 4 2263 4 1898 4 2322 3 
1140 2 2278 2 2568 1 2272 1 
2567 2 1139 3 2271 1 2273 2 
1142 3 2566 3 2274 3 2272 2 
2565 3 2279 2 1141 2 2273 3 
2078 5 2572 3 2276 3 1136 3 
2275 3 2571 2 2277 1 1135 2 
2570 1 1138 1 2276 1 2278 2 
2271 2 1137 2 2277 2 2569 3 
2280 3 2274 2 2574 3 1144 1 
2279 3 1743 4 1143 4 2573 3 
839 1 1232 2 2227 2 67 1 
2318 4 1134 2 1156 2 2486 2 
2295 3 1133 3 244 3 1067 4 
2285 2 1134 1 2316 1 2488 3 
2284 2 2487 4 2315 4 2286 3 
2321 2 2287 2 2285 3 2483 2 
2028 3 2286 2 2288 1 2320 1 
2319 3 2484 1 2287 1 
2290 4 243 3 2292 2 169 2 
2289 4 242 3 168 3 
171 3 2292 1 241 1 2294 1 
240 2 2291 1 170 1 2289 2 
239 4 2294 4 2296 5 173 4 
2291 1 2293 4 172 1 238 3 
2296 2 2283 3 2014 1 237 2 
2295 2 1086 4 2293 5 236 3 
1519 1 1176 1 2085 1 2298 2 
2082 2 2299 3 2297 2 1498 2 
1499 2 2300 3 1613 3 2298 3 
647 2 198 3 1699 3 2299 3 
1615 2 2308 2 1170 1 1508 1 
1168 1 1343 1 424 1 1172 2 
1170 3 1525 5 1176 3 2101 4 
180 2 426 1 1172 2 2305 3 
303 4 2306 3 2304 3 429 3 
91 3 185 2 428 1 2305 3 
1619 2 1517 2 2308 2 2214 2 
1518 3 2307 2 2301 2 1618 4 
2310 1 884 1 2502 1 2539 2 
2309 1 2116 1 2501 1 2311 1 
2097 1 2312 3 380 1 2310 1 
2503 5 2311 3 1192 4 379 4 
1156 2 2318 4 350 2 2314 3 
1155 3 352 4 1857 2 2313 3 
2316 3 2441 3 2285 4 2321 3 
2317 2 2315 3 2284 1 2442 1 
1134 2 2316 2 2318 4 2443 3 
2282 4 2313 4 2317 4 2444 3 
2288 3 2320 3 2445 4 
2321 1 2319 3 2287 1 1783 2 
2320 1 2286 2 1784 3 2315 3 
2323 2 2325 1 2270 3 1603 4 
2269 3 222 2 2322 2 1602 2 
2325 1 1933 1 2327 1 2264 1 
2324 1 1932 1 2263 2 2322 1 
1935 5 2262 3 2329 3 2327 3 
2324 1 2261 1 1934 1 2326 3 
2331 3 2268 2 1937 3 2329 2 
1936 1 2267 1 2326 3 2328 2 
2266 1 2331 2 1793 1 1826 3 
2328 3 2265 3 1940 2 2330 2 
2174 3 1656 2 2333 3 2341 2 
1655 2 66 3 2334 3 2332 3 
1250 2 1658 3 2335 2 2333 3 
1249 2 2334 2 1657 2 2336 3 
1660 4 2337 4 2151 3 2335 3 
1659 3 2336 4 1150 2 2338 4 
1662 3 2339 5 2145 4 2337 4 
712 3 2338 5 1661 3 2144 3 
2341 1 25 3 1664 2 1243 1 
2340 1 1663 1 1242 1 2332 2 
1527 3 2343 2 
2342 2 2235 2 2344 4 2394 3 
2393 3 2234 3 2343 4 2345 5 
2346 3 2240 3 2396 3 2344 5 
2347 3 2345 3 2395 1 2239 2 
2348 4 2346 3 2398 4 785 4 
2347 4 2349 3 783 2 2397 2 
2348 3 2400 2 2350 2 641 3 
752 1 2399 1 913 2 2349 2 
1004 3 837 2 1561 3 
1797 3 2353 2 
1796 3 2352 2 2354 2 
2353 2 1795 3 1454 2 1423 3 
2356 1 2490 3 302 1 1299 1 
2143 3 2355 1 2361 2 2489 1 
1453 4 2358 3 1800 1 1424 1 
1427 5 2357 3 1799 3 1452 3 
2362 2 2488 4 2148 2 2360 3 
2363 2 2147 4 2487 4 2359 3 
2356 2 2486 2 2150 4 2362 2 
2359 2 2485 1 2149 1 2361 2 
2360 2 2364 1 2483 1 
2028 3 2363 1 
127 1 2366 1 2368 1 1745 3 
1744 1 126 1 2365 1 2371 1 
1743 2 2573 1 129 2 2368 1 
2365 1 128 3 1742 1 2367 1 
2372 2 2370 2 123 4 1741 2 
122 1 1740 1 2373 1 2369 2 
2372 1 1739 1 125 1 2366 1 
2371 1 124 1 2369 2 1738 2 
121 1 2370 1 2374 1 1736 1 
2165 2 120 2 2373 1 1735 3 
1234 2 117 1 966 2 867 2 
2377 1 2398 2 2407 2 1469 2 
2376 1 2397 1 2386 2 2406 2 
2379 3 256 1 
257 3 1397 4 370 4 2378 3 
2411 2 2381 4 2394 3 2383 3 
1467 5 2380 4 2410 4 2393 3 
2383 4 2413 3 1528 4 
2382 4 2412 4 2380 3 1527 4 
5 1 2385 1 261 3 
262 2 2384 1 
2387 3 2421 2 2377 2 2400 2 
2399 2 2386 3 884 2 2539 3 
1083 2 1817 1 2389 1 
1082 2 2388 1 
1561 3 67 2 592 3 839 2 
1988 2 1531 3 588 2 2392 2 
587 4 20 2 1987 1 2391 2 
2394 2 2344 3 2396 1 2381 3 
2393 2 1527 4 2380 3 2343 3 
2346 1 1469 2 2396 1 2398 2 
2395 1 2345 3 2393 1 1467 3 
2377 1 2398 2 2348 2 2400 1 
2376 2 2347 4 2397 2 2395 2 
2387 2 2350 1 2400 1 150 3 
2399 1 2349 2 2386 2 2397 1 
2402 2 2064 1 303 2 483 2 
2401 2 185 3 1483 2 482 3 
2404 1 1426 3 2192 1 714 3 
2403 1 1425 1 2405 1 713 3 
2404 1 715 2 
2407 3 2421 2 2377 2 2444 2 
2406 3 2376 2 2443 3 2408 3 
1469 3 365 3 2442 2 2407 3 
1980 3 1609 4 2206 5 1212 4 
2411 2 1784 4 2381 4 365 3 
2410 2 2380 2 2412 3 1783 2 
2383 4 2411 3 2445 4 2413 3 
2382 3 2412 3 
2415 3 1211 2 2417 2 1973 3 
2420 2 2414 3 1972 4 1210 3 
1209 3 2417 3 1975 3 761 4 
2416 3 1208 1 1974 1 2414 2 
2419 3 1632 4 1977 3 1207 3 
2418 3 1206 2 1976 1 1609 2 
2415 2 1632 2 1205 2 1979 1 
350 1 2386 2 2406 2 884 1 
1471 2 1486 1 691 2 1355 1 
671 3 1617 3 2424 4 2430 2 
2425 4 670 3 2423 4 2100 4 
2424 4 673 3 2098 2 2426 2 
1614 2 1466 2 2425 2 672 3 
2432 2 2094 1 675 1 2428 2 
2429 2 1612 3 674 2 2427 2 
2428 2 677 1 1611 2 2430 1 
676 2 1610 1 2423 2 2429 1 
1621 1 669 1 2432 2 44 3 
2427 2 668 3 2431 2 1620 2 
427 2 2436 1 2434 1 851 1 
426 1 850 2 2433 1 2446 1 
425 2 2438 5 853 2 2436 2 
424 1 2433 1 852 1 2435 2 
855 3 2440 1 423 1 2438 4 
2435 5 422 4 854 4 2437 4 
421 1 857 1 1845 1 2440 1 
2437 1 2439 1 420 2 856 2 
365 2 1784 3 2315 3 2442 1 
2443 2 2316 1 2408 2 2441 1 
2444 2 2407 3 2442 2 2317 3 
2443 2 2318 3 350 1 2406 2 
1783 3 2412 4 2319 4 
429 1 2434 1 849 1 2447 2 
848 2 428 2 2223 2 2446 2 
782 2 669 2 2449 2 367 4 
781 2 668 2 2448 2 1855 1 
2451 2 2255 1 92 1 2260 1 
2450 2 2456 2 90 3 2259 3 
2459 5 845 4 158 4 2453 5 
2454 2 156 4 844 2 2452 5 
1314 2 847 1 2453 2 2455 2 
846 4 56 3 1313 3 2454 2 
2457 1 2451 2 1312 1 841 1 
1311 1 2456 1 840 2 2458 1 
2459 2 843 2 1310 1 2457 1 
842 2 2452 5 2458 2 1309 2 
923 5 592 3 2461 2 1873 3 
2462 3 2460 2 591 1 922 1 
2461 3 2463 3 1004 4 921 3 
1003 1 2462 3 920 1 
2465 1 2467 2 1726 1 2132 1 
2464 1 1725 1 1947 1 2131 2 
2269 2 222 1 1728 1 2467 2 
2129 2 2464 2 2466 2 1727 3 
1733 1 1941 2 2124 3 
1859 2 2470 2 1000 2 2472 2 
999 2 2469 2 1190 2 1858 2 
2472 2 998 3 1861 2 2474 1 
2471 2 1860 2 2469 2 997 3 
2474 1 2476 1 601 2 1863 1 
2473 1 1862 3 235 1 2471 1 
1865 2 2478 2 1002 3 2476 2 
1001 1 2475 2 2473 1 1864 2 
82 2 1867 1 2478 1 996 2 
2475 2 995 1 2477 1 1866 2 
2480 3 199 1 397 1 
2481 3 2479 3 399 4 197 4 
398 1 2480 3 1699 2 198 2 
632 3 1349 4 2030 4 218 3 
2028 3 2363 1 2487 3 2286 2 
2288 1 2028 3 
1134 1 2362 1 2486 1 2488 3 
2485 1 2489 1 2361 2 2282 2 
2488 5 2285 4 2483 3 2360 4 
2487 5 2284 3 2359 4 2485 3 
2356 1 2490 3 2486 1 1156 1 
2489 3 1155 4 2355 3 1275 3 
2494 3 1351 2 
1340 2 1806 2 169 2 
2494 3 2030 2 1353 2 220 1 
2493 3 219 3 1352 3 2491 3 
399 2 2496 1 
1178 2 398 1 2495 1 
2500 1 1989 1 157 1 2498 1 
2503 3 1990 1 2497 1 1192 2 
2500 1 1991 1 1191 1 2069 1 
2497 1 2499 1 159 3 1992 2 
2502 1 1993 1 2097 1 2310 1 
2501 1 352 3 1857 1 2309 1 
2312 5 1995 3 2498 3 2097 3 
1086 3 1341 2 2505 1 2074 2 
2507 1 173 1 2504 1 183 2 
377 3 2535 2 412 2 371 3 
2505 1 1805 2 172 1 182 1 
579 2 2042 4 147 3 106 2 
2510 3 925 4 1284 3 2512 3 
2509 3 1285 2 924 1 119 1 
2202 2 2512 1 2514 3 987 3 
2511 1 1283 1 975 2 2509 3 
2514 3 2186 3 931 1 2516 2 
1281 3 2513 3 2511 3 930 3 
940 2 2146 1 2516 2 2518 2 
2515 2 2513 2 1472 3 1016 3 
1218 4 2518 2 1058 3 1481 1 
1057 2 2517 2 1482 4 2515 2 
2574 5 79 3 2526 4 2520 3 
78 1 2573 1 129 2 2519 3 
2522 1 2524 1 77 3 2570 1 
2521 1 2527 1 2569 2 76 1 
75 3 2572 2 1133 2 2524 2 
2521 1 74 2 2571 2 2523 2 
73 1 2528 2 2526 2 2566 2 
2565 3 72 4 2525 2 2519 4 
71 1 2568 1 2522 1 2528 2 
70 3 2567 3 2527 2 2525 2 
2530 4 1666 3 2532 2 378 3 
1665 3 2529 4 2535 3 377 4 
2538 2 2532 2 1668 4 376 2 
375 3 1667 2 2529 2 2531 2 
1670 2 2536 2 2534 2 374 2 
373 2 145 1 1669 1 2533 2 
1672 1 2536 1 2506 2 2530 3 
2535 1 1671 1 2533 2 371 2 
1674 2 1157 2 382 3 2538 1 
2531 2 1673 3 381 2 2537 1 
2116 2 150 4 2387 3 2309 2 
1027 3 368 1 2541 2 
782 2 367 4 1028 3 2540 2 
1085 3 2543 2 499 2 1066 3 
1084 2 2542 2 1065 1 2550 2 
2547 3 1090 2 2545 3 580 3 
147 3 1089 2 579 2 2544 3 
2547 2 1081 1 2549 2 1088 1 
2544 3 2546 2 1080 2 1087 5 
576 3 2551 3 2549 3 1094 2 
575 5 2548 3 2546 2 1093 2 
1092 2 578 3 2543 2 2551 3 
2548 3 2550 3 577 2 1091 3 
403 3 599 2 891 2 885 2 
2125 2 1947 1 1939 3 1731 2 
1608 5 2555 2 2071 4 2557 4 
1606 1 2070 2 2560 2 2554 2 
109 1 2073 1 2564 1 2557 3 
108 3 2072 3 2554 4 2556 3 
85 3 974 2 2559 3 
175 2 81 3 2558 3 973 2 
2561 3 2555 2 97 3 2077 2 
2560 3 94 2 2076 2 
1241 1 2080 2 2084 2 2086 2 
2564 1 2081 3 24 2 1389 2 
2563 1 23 1 2556 1 2080 2 
2274 3 2526 3 2574 4 2566 3 
2273 3 2567 3 2565 3 2525 2 
2272 2 2568 2 2528 3 2566 3 
2567 2 2527 1 2271 1 2569 2 
2522 2 2568 2 2278 3 2570 2 
2277 1 2521 1 2571 2 2569 2 
2276 2 2524 2 2570 2 2572 2 
2523 2 2275 3 1068 2 2571 2 
2367 1 2574 3 2520 1 2280 3 
2573 3 2519 5 2279 3 2565 4 
