2575 5010 001
3 4 537 7 
5 5 543 9 988 4 3 4 
542 4 987 4 1 4 2 4 
7 8 541 8 990 8 5 7 
2 5 989 7 540 6 4 7 
7 6 2358 7 535 7 986 5 
534 6 4 8 6 6 985 5 
9 6 23 5 932 5 1588 6 
8 6 927 5 1581 5 10 5 
926 5 1580 5 9 5 1392 7 
69 5 12 5 1969 8 2212 3 
2211 5 11 5 13 4 68 5 
2220 1 59 3 12 4 14 3 
2219 7 15 9 58 6 13 3 
16 8 61 7 14 9 671 8 
15 8 17 4 669 6 60 5 
63 7 16 4 667 4 18 4 
287 6 2556 4 17 4 19 4 
2214 3 291 3 18 4 20 6 
2213 7 19 6 64 5 
22 2 2067 4 
21 2 2065 5 24 3 
35 5 933 3 8 5 1589 2 
2051 4 25 3 22 3 
2046 5 24 3 2381 3 
27 6 29 6 212 6 792 7 
32 5 791 6 26 6 211 5 
29 6 790 6 214 6 254 7 
28 6 213 4 789 5 26 6 
207 5 216 6 31 7 33 8 
34 4 795 6 215 4 30 7 
27 5 33 7 218 6 794 5 
793 9 32 7 217 7 30 8 
31 4 798 3 219 4 
23 5 934 5 1223 5 1586 5 
610 5 1820 6 47 4 37 6 
38 7 609 5 36 6 1819 5 
608 8 39 4 37 7 1822 5 
38 4 1821 1 607 2 40 2 
41 6 1824 4 39 2 614 6 
42 6 40 6 1823 6 613 9 
1826 4 41 6 612 4 43 4 
1825 4 42 4 2402 4 611 5 
45 3 2403 1 2365 1 774 1 
44 3 775 7 238 3 2548 5 
47 4 1828 3 848 5 620 3 
46 4 619 3 36 4 1827 5 
49 4 51 7 608 7 836 4 
48 4 837 3 54 4 607 3 
834 5 57 9 51 8 610 6 
48 7 50 8 835 9 609 6 
55 6 612 8 53 8 840 9 
611 5 2415 3 52 8 841 7 
614 7 49 4 55 3 838 5 
52 6 839 6 613 5 54 3 
57 9 620 4 2472 7 832 6 
56 9 833 10 50 9 619 7 
2513 7 59 6 14 6 61 4 
2512 4 58 6 13 3 68 4 
2511 6 61 4 16 5 63 8 
2510 2 15 7 60 4 58 4 
290 4 564 5 1813 7 65 4 
17 7 287 9 60 8 2516 7 
291 2 2515 3 20 5 
561 2 62 4 1814 2 
1811 5 67 1 560 3 290 1 
1628 3 559 3 1810 2 66 1 
69 5 2509 5 59 4 12 5 
11 5 2508 6 68 5 502 5 
1489 8 2373 6 426 5 71 8 
1488 8 425 6 80 6 70 8 
1800 7 2181 8 73 6 1177 8 
2180 3 72 6 241 3 1799 3 
75 7 658 7 424 8 77 7 
74 7 423 4 245 5 655 4 
79 2 2216 5 77 3 422 2 
2215 3 74 7 421 6 76 3 
2218 5 420 4 79 3 81 5 
78 3 76 2 2217 2 419 3 
71 6 418 3 81 5 1342 2 
417 6 80 5 675 5 78 5 
99 5 86 6 315 4 83 8 
314 9 149 8 98 7 82 8 
87 5 406 6 784 7 
87 7 406 8 1885 6 86 7 
405 5 1884 7 82 6 85 7 
84 5 85 7 1881 7 
2022 3 89 3 2307 5 1265 4 
2306 5 88 3 90 5 2021 4 
2309 7 2020 4 91 8 89 5 
2308 8 92 8 90 8 2019 9 
2018 7 2311 4 91 8 93 5 
2017 5 94 6 92 5 2310 6 
2016 6 93 6 95 5 2313 9 
2312 7 94 5 2015 2 96 4 
2315 6 97 4 2024 3 95 4 
2023 2 252 4 96 4 2314 5 
83 7 1271 5 99 4 787 4 
788 4 405 4 98 4 82 5 
102 5 101 7 2379 5 173 4 
2378 8 172 7 259 7 100 7 
174 7 100 5 
569 4 104 5 2175 4 1892 5 
103 5 2174 6 105 6 1891 7 
2173 7 1894 7 104 6 106 5 
107 2 1893 5 105 5 2172 3 
1888 3 106 2 108 2 2179 1 
2178 5 107 2 109 4 1887 5 
108 4 1890 8 2177 4 110 5 
1889 4 111 3 2176 4 109 5 
1896 3 112 2 2181 4 110 3 
111 2 1895 3 267 5 2180 3 
716 7 114 8 889 9 118 8 
888 3 113 8 715 7 964 6 
116 3 886 1 122 3 718 3 
115 3 885 5 117 6 717 6 
720 6 116 6 118 6 884 9 
719 7 883 5 117 6 113 8 
120 6 722 7 882 7 276 6 
721 6 119 6 121 5 881 5 
880 2 120 5 724 4 122 4 
723 6 879 7 115 3 121 4 
2092 10 124 11 2436 9 823 8 
127 7 123 11 822 5 748 8 
827 4 128 5 2422 4 126 4 
826 5 131 3 744 6 125 4 
124 7 825 8 128 6 747 5 
746 3 824 4 127 6 125 5 
130 7 741 7 831 6 132 6 
2471 7 129 7 740 4 830 6 
126 3 829 2 132 4 743 4 
828 4 742 4 131 4 129 6 
1579 7 2029 5 1180 3 2382 7 
1544 6 135 6 2484 6 221 8 
142 5 134 6 220 7 1543 4 
139 5 228 3 137 3 1542 7 
1355 5 136 3 1541 4 227 7 
141 7 139 5 230 5 1540 5 
136 5 229 5 138 5 1539 6 
141 9 143 6 1538 7 232 9 
140 9 231 6 138 7 1537 5 
1536 7 135 5 143 5 234 4 
140 6 233 2 142 5 1535 2 
1404 2 301 2 725 2 
444 6 146 9 154 8 1270 11 
1269 6 148 6 443 6 145 9 
2343 5 708 3 2194 4 153 3 
146 6 442 7 149 6 1272 5 
83 8 148 6 1271 6 441 7 
151 8 1654 5 1357 5 911 8 
150 8 910 5 1657 7 1344 7 
438 4 154 6 1656 9 1276 5 
1343 4 707 6 2197 7 147 3 
437 5 152 6 145 8 1275 4 
338 6 316 3 156 5 2099 4 
337 4 2098 3 155 5 
1209 6 800 9 158 5 160 5 
799 4 157 5 756 4 1875 2 
802 3 160 3 1874 3 162 6 
1873 4 159 3 801 3 157 5 
804 5 1662 5 1872 6 162 6 
803 6 1871 5 159 6 161 6 
1870 5 164 4 757 6 796 3 
1869 4 163 4 206 5 349 3 
504 5 2442 9 
1069 5 167 6 820 5 1636 4 
1633 6 166 6 1068 6 168 7 
2404 4 1067 7 167 7 169 7 
2365 5 2403 5 168 7 1066 8 
1073 5 171 4 
819 6 170 4 2398 6 1072 6 
101 7 173 4 808 5 2552 5 
174 6 172 4 807 3 100 4 
175 5 102 7 173 6 814 5 
813 4 174 5 
1103 5 1362 4 480 6 177 3 
1104 5 184 3 176 3 479 7 
181 3 179 4 736 4 1111 3 
178 4 1112 8 2506 3 482 3 
1109 6 485 5 181 4 183 4 
178 3 484 8 1110 2 180 4 
183 3 1107 2 487 2 185 4 
182 3 486 3 1108 3 180 4 
185 5 739 5 177 3 1105 4 
184 5 488 6 1106 3 182 4 
187 5 1511 5 1894 6 189 3 
186 5 1893 6 1510 4 192 5 
1513 5 2560 2 1892 3 189 1 
1512 4 1891 5 186 3 188 1 
1507 6 1890 10 191 8 193 6 
194 5 1506 4 1889 5 190 8 
1888 5 187 5 193 4 1509 6 
1508 4 1887 5 190 6 192 4 
191 5 1515 6 195 3 1896 4 
1514 8 194 3 326 7 1895 3 
197 6 313 5 203 8 2424 9 
196 6 2423 3 312 5 198 4 
311 4 2426 6 199 5 197 4 
2425 7 198 5 310 4 204 5 
1380 4 201 3 2428 4 309 4 
2427 6 308 4 200 3 202 5 
2430 4 203 7 307 7 201 5 
306 7 196 8 2429 4 202 7 
2432 5 205 5 317 4 199 5 
316 3 204 5 2431 4 338 6 
601 4 164 5 586 4 796 4 
30 5 795 4 1199 4 793 6 
757 9 796 6 210 8 1735 7 
1379 4 971 3 668 4 1102 6 
756 7 1734 7 208 8 799 7 
218 6 1867 5 212 5 27 5 
1866 5 211 5 213 4 26 6 
29 4 1865 5 212 4 214 4 
1864 4 2183 8 28 6 213 4 
1863 3 216 3 31 4 219 4 
1862 5 217 5 215 3 30 6 
216 5 33 7 218 6 1861 3 
211 6 217 6 1860 5 32 6 
215 4 34 4 1868 6 
221 9 135 7 1944 6 234 6 
220 9 2329 5 1943 7 134 8 
1635 7 1224 5 223 8 1183 7 
366 7 1182 9 1634 6 222 8 
2442 12 225 7 1817 10 991 8 
224 7 2441 6 1818 4 
1566 3 727 4 2540 3 781 5 
228 7 329 10 1948 9 137 7 
229 3 227 7 1947 5 136 3 
139 5 228 3 230 5 1946 4 
138 5 229 5 231 4 1945 4 
141 6 232 6 230 4 1952 4 
233 5 231 6 1951 6 140 9 
232 5 143 2 1950 4 234 1 
1949 1 233 1 220 6 142 4 
727 6 745 7 783 9 2542 7 
2362 5 776 5 239 7 237 7 
745 7 777 5 236 7 2544 7 
2547 3 45 3 778 3 239 4 
2546 7 779 5 236 7 238 4 
1599 8 243 3 241 3 2003 3 
2002 6 1598 4 73 3 240 3 
1597 3 243 2 1356 4 1976 2 
240 3 242 2 1596 3 2004 4 
245 6 504 7 957 5 
868 4 244 6 956 5 75 5 
1593 8 247 7 249 6 2009 5 
1592 4 246 7 1353 6 2008 7 
1591 3 2011 4 769 5 249 3 
2010 5 246 6 1590 3 248 3 
1615 2 1613 1 348 1 2104 3 
252 3 1808 3 
97 4 251 3 2131 4 1807 5 
806 5 924 6 1600 5 2412 6 
2183 9 2545 6 255 8 28 7 
2360 7 254 8 260 6 2182 5 
257 2 2555 4 2185 5 263 5 
256 2 258 3 2184 3 2554 5 
2553 6 257 3 259 4 2187 5 
2186 3 101 7 258 4 2552 5 
2551 4 255 6 2189 6 261 3 
2550 2 2188 3 262 3 260 3 
263 5 2191 5 2549 4 261 3 
262 5 2190 6 256 5 2363 6 
265 5 1670 5 1976 4 271 3 
266 4 264 5 1669 3 2004 5 
265 4 1672 4 267 5 2003 3 
2002 8 1671 5 266 5 112 5 
1674 5 274 5 269 4 2009 4 
1673 6 270 4 2008 5 268 4 
2007 5 271 3 1676 5 269 4 
1675 5 270 3 2006 2 264 3 
1226 6 2444 5 1264 7 275 5 
1678 9 2011 9 2236 9 274 8 
268 5 2010 5 273 8 1677 4 
1267 4 1225 5 272 5 2443 5 
714 5 277 7 535 8 119 6 
278 7 534 6 276 7 713 5 
279 7 277 7 712 5 541 7 
278 7 540 7 280 6 711 6 
281 6 710 3 279 6 543 9 
280 6 282 7 709 11 542 6 
537 8 281 7 708 6 283 4 
707 4 284 7 282 4 536 2 
283 7 539 12 285 9 706 10 
284 9 705 4 538 3 
1452 7 2297 7 1172 7 289 4 
2517 7 18 6 63 9 291 5 
805 8 2401 7 815 10 2414 6 
1451 4 2525 4 286 4 1171 7 
62 4 1812 6 563 2 66 1 
64 2 2514 5 19 3 287 5 
2099 2 316 1 993 3 
302 5 384 2 548 3 294 5 
547 4 383 5 295 5 293 5 
550 5 1876 4 294 5 296 6 
2496 8 549 10 295 6 297 6 
298 2 372 6 296 6 552 5 
299 3 551 4 371 4 297 2 
298 3 554 7 370 6 300 6 
553 4 1138 5 369 4 299 6 
302 4 1680 6 144 2 556 2 
293 5 301 4 555 8 1679 10 
2040 6 2152 2 884 7 305 3 
1292 4 1366 6 1616 4 2557 7 
356 2 2153 3 883 4 303 3 
313 4 203 7 2507 5 307 7 
306 7 2288 6 202 7 308 6 
309 5 984 7 201 4 307 6 
308 5 518 5 2293 6 200 4 
317 3 521 2 199 4 311 3 
198 4 520 3 310 3 312 5 
197 5 523 5 311 5 313 4 
196 5 306 4 522 6 312 4 
83 9 441 8 584 6 315 5 
583 2 314 5 82 4 1884 5 
292 1 155 3 205 3 317 2 
993 4 310 3 316 2 204 4 
587 3 546 5 320 4 
320 5 545 9 456 6 589 4 
319 5 544 6 588 2 318 4 
1346 3 322 2 324 4 1676 4 
327 2 321 2 1345 5 1675 5 
1674 3 1348 5 324 3 330 2 
1347 6 321 4 1673 7 323 3 
1672 6 326 9 1350 6 328 5 
325 9 1671 7 1349 9 195 7 
328 3 1670 4 322 2 1352 3 
1669 2 327 3 325 5 1351 3 
227 10 330 5 1355 8 1678 7 
1354 4 1677 3 329 5 323 2 
332 7 1552 6 334 5 616 7 
615 5 340 4 331 7 1551 4 
618 3 336 6 334 3 1550 4 
1549 4 331 5 333 3 617 3 
2066 2 336 5 1548 4 1667 4 
333 6 1666 6 335 5 1547 9 
338 5 156 4 2210 2 
155 6 337 5 2209 4 205 6 
1796 8 2179 4 342 6 344 5 
1554 4 1663 4 341 3 332 4 
340 3 804 4 1662 4 1553 6 
1795 8 2178 6 339 6 1176 4 
1794 5 2173 5 1257 5 344 3 
339 5 1793 5 343 3 2172 3 
1624 4 596 6 346 6 2290 6 
1623 9 345 6 595 5 354 9 
1322 4 1792 4 2175 4 1257 6 
351 5 349 1 250 1 602 3 
348 1 601 2 1615 2 164 3 
351 6 604 4 1614 3 353 2 
603 8 1613 5 348 5 350 6 
598 6 353 5 1612 6 355 10 
1611 3 352 5 597 2 350 2 
600 8 346 9 1610 7 355 11 
352 10 1609 7 599 8 354 11 
305 2 2160 3 889 4 357 2 
2161 3 888 2 2249 3 356 2 
1723 8 530 10 1002 9 2188 8 
2394 5 360 4 1009 6 1464 7 
359 4 1463 5 363 3 1008 1 
1017 6 364 8 362 6 1460 9 
367 6 1016 5 1459 2 361 6 
364 6 360 3 1462 5 1015 8 
363 6 361 8 1461 5 1014 7 
1013 3 2344 4 366 2 1456 2 
223 7 1455 6 1012 3 365 2 
1011 8 362 6 1458 9 2344 8 
2340 6 2481 9 1729 9 2326 8 
1846 3 370 4 1583 1 300 4 
371 7 369 4 1582 8 299 6 
370 7 298 4 372 8 1585 5 
2496 8 1584 7 297 6 371 8 
2163 1 374 2 1369 2 378 3 
1368 4 2162 4 373 2 862 3 
376 2 1377 4 2169 7 382 2 
375 2 2168 3 377 3 1376 4 
378 4 1375 7 2171 6 376 3 
2170 6 1374 5 377 4 373 3 
493 4 1373 5 380 4 2165 5 
379 4 1372 5 2164 2 381 3 
1371 3 2167 6 382 3 380 3 
381 3 375 2 2166 6 1370 3 
384 2 294 5 1589 2 1876 4 
383 2 293 2 1588 3 1679 7 
392 2 1755 6 1839 3 386 3 
1838 4 387 5 385 3 1754 6 
388 4 1753 3 386 5 1841 5 
1752 6 393 4 387 4 1840 5 
390 5 1751 4 1843 6 514 3 
389 5 1750 5 1842 5 391 6 
392 5 1845 6 390 6 1749 6 
391 5 385 2 1748 6 1844 4 
388 4 1847 5 1757 5 394 4 
1583 2 1756 2 1846 4 393 4 
402 4 972 4 2245 2 396 5 
2244 5 971 6 529 6 395 5 
966 4 400 2 2247 4 398 6 
2246 6 403 7 965 5 397 6 
964 9 2249 7 400 6 888 6 
2248 3 963 1 397 2 399 6 
404 3 2251 2 970 3 402 5 
395 4 2250 6 969 9 401 5 
2253 6 404 4 398 7 968 5 
401 3 403 4 2252 6 967 5 
406 6 86 5 785 6 99 4 
786 5 405 6 85 8 84 6 
2024 3 457 4 410 3 408 6 
2023 4 456 6 545 9 407 6 
412 3 410 2 2016 4 451 5 
2015 1 409 2 407 3 450 5 
412 4 414 8 449 4 2018 7 
409 3 448 5 411 4 2017 4 
416 2 2020 2 455 1 414 6 
454 8 2019 9 413 6 411 8 
416 5 2022 6 453 6 907 8 
413 2 415 5 452 4 2021 3 
418 4 81 6 1500 6 420 5 
417 4 80 3 425 3 1499 2 
1502 3 422 3 79 3 420 4 
78 4 417 5 419 4 1006 3 
422 5 424 7 77 6 1504 7 
421 5 419 3 1503 2 76 2 
75 4 424 5 956 4 
74 8 1505 6 423 5 421 7 
71 6 426 3 1498 3 418 3 
425 3 70 5 572 3 1497 4 
1712 2 1546 4 428 2 
1545 5 1713 3 427 2 429 5 
1548 7 1714 6 428 5 430 7 
1715 3 1547 8 431 3 429 7 
467 2 1550 2 430 3 432 2 
1549 5 1709 6 431 2 433 4 
434 5 1552 4 1710 3 432 4 
433 5 1711 8 850 4 1551 4 
1298 7 1194 7 436 7 2571 9 
2570 7 1193 7 435 7 1851 3 
438 3 444 3 154 5 449 4 
437 3 152 4 448 4 439 2 
1656 7 440 3 438 2 451 5 
439 3 450 6 1655 4 445 3 
442 8 314 8 453 6 149 7 
441 8 148 7 452 7 443 7 
146 6 444 3 455 3 442 7 
454 3 437 3 145 6 443 3 
446 5 457 3 1649 3 440 3 
445 5 589 4 456 6 1648 5 
946 4 1303 4 1309 8 876 4 
451 7 412 5 449 5 438 4 
454 4 448 5 411 4 437 4 
440 6 451 8 457 6 410 5 
448 7 450 8 409 5 439 5 
416 4 442 7 455 3 453 5 
441 6 415 6 584 4 452 5 
444 3 414 8 449 4 455 3 
413 1 454 3 452 3 443 3 
319 6 408 6 446 6 457 4 
445 3 407 4 450 6 456 4 
460 5 2064 9 1382 7 
2094 7 1638 4 1314 3 1316 6 
458 5 622 4 
2509 10 850 8 1711 12 1705 7 
1078 3 1702 4 691 4 1704 4 
1724 7 464 4 466 2 2061 6 
463 4 1723 4 2060 4 
1717 5 2063 4 466 2 1400 5 
463 2 2062 4 465 2 1716 3 
431 2 1715 2 2511 4 1709 6 
982 3 1706 3 693 6 1708 4 
1509 4 476 6 2346 5 470 2 
471 5 1508 4 2345 5 469 2 
1507 5 470 5 2348 4 472 6 
477 4 1506 3 2347 10 471 6 
1028 3 1513 7 2342 6 474 5 
2341 6 475 5 473 5 1512 6 
1511 5 474 5 476 8 1343 4 
2343 10 469 6 1510 7 475 8 
472 4 478 6 1515 6 2339 6 
642 7 1514 11 2338 6 477 6 
480 10 2263 11 177 7 739 9 
479 10 630 6 176 6 2262 6 
1697 1 2366 1 1602 6 2469 1 
645 1 736 3 2261 5 179 3 
1692 6 489 5 
2259 9 485 9 181 8 736 9 
2258 3 180 5 484 9 486 4 
183 3 2257 5 487 2 485 4 
488 4 2256 4 182 2 486 2 
487 4 2255 6 739 6 185 6 
1608 4 1691 6 483 5 490 4 
1605 3 491 7 489 4 1694 2 
1693 8 490 7 1606 10 2349 8 
906 4 1254 7 1884 8 583 5 
379 4 1972 3 2389 5 494 5 
495 7 1971 7 2388 6 493 5 
1964 6 1208 8 494 7 496 5 
497 4 1207 2 495 5 1963 4 
496 4 498 6 1206 6 1966 7 
1205 7 497 6 499 4 1965 6 
1968 4 498 4 500 3 1204 3 
1203 5 1967 5 499 3 501 7 
2420 6 1970 6 500 7 502 6 
2417 4 1969 8 69 5 501 6 
1302 3 699 4 869 3 1972 3 
165 5 244 7 868 5 2434 5 
1562 5 953 6 1643 7 515 7 
1966 7 1304 4 512 4 519 4 
953 6 1645 5 508 4 1560 7 
509 3 1559 6 507 4 1644 2 
510 3 508 3 1639 3 1558 5 
1557 4 511 2 509 3 1638 2 
958 3 510 2 1641 4 1556 5 
1303 3 1965 4 876 3 506 4 
1987 8 1409 8 1608 4 
1647 2 1564 2 515 4 389 3 
1646 9 514 4 1563 6 505 7 
517 8 2183 8 1717 6 1864 4 
516 8 1716 8 530 9 2182 6 
2416 3 309 5 984 7 
1963 4 959 4 1305 4 506 4 
311 3 523 3 521 2 
310 2 520 2 993 3 
2507 7 313 6 770 8 523 7 
520 3 312 5 1787 5 522 7 
527 5 992 3 2187 5 
531 4 873 4 755 5 2385 5 
527 4 2185 5 1005 3 
524 5 526 4 2184 5 
2086 3 773 3 1007 3 529 3 
528 3 772 5 396 6 2085 4 
1724 9 517 9 358 10 2189 8 
525 4 754 5 2384 4 532 2 
533 3 2387 3 753 4 531 2 
532 3 752 3 867 5 2386 4 
7 6 277 6 535 7 541 6 
722 9 6 7 534 7 276 8 
539 7 537 6 283 2 
282 8 542 7 536 6 1 7 
539 6 285 3 
536 7 538 6 284 12 
541 7 279 7 5 6 543 10 
540 7 4 8 278 7 534 6 
537 7 543 9 3 4 281 6 
542 9 2 9 540 10 280 9 
1808 7 545 10 546 7 320 6 
319 9 544 10 408 9 1807 8 
544 7 318 5 1809 3 
294 4 628 4 548 2 550 4 
627 3 547 2 293 3 555 6 
550 9 626 8 296 10 552 9 
549 9 295 5 547 4 625 5 
298 4 554 8 632 4 552 7 
551 7 631 4 297 5 549 9 
300 4 2262 3 554 5 630 3 
299 7 551 8 629 9 553 5 
634 6 556 6 302 8 548 6 
555 6 633 4 301 2 725 2 
558 5 2287 4 1317 3 2051 5 
751 7 557 5 2286 5 2046 6 
560 5 67 3 2076 6 1906 5 
559 5 563 4 66 3 2075 6 
564 3 562 3 2078 3 65 2 
561 3 1313 4 2077 5 
564 3 290 2 2080 3 560 4 
561 3 563 3 62 5 2079 5 
568 1 1310 1 2082 4 
1607 8 2530 9 567 9 
2067 7 1098 6 1317 4 566 9 
2083 4 565 1 1313 3 
103 4 570 5 2376 2 1331 5 
577 6 569 5 2375 7 1330 5 
2374 6 1339 5 574 4 572 4 
571 4 2373 4 1338 4 426 3 
574 6 1341 5 576 6 2372 6 
2371 3 573 6 571 4 1340 6 
576 4 1335 6 578 5 2370 4 
575 4 1334 4 2369 2 573 6 
2368 7 570 6 1337 4 578 5 
577 5 575 5 2367 7 1336 3 
1737 5 2149 6 581 9 802 4 
714 4 2338 4 2035 4 582 3 
1732 8 2148 8 801 8 579 9 
580 3 713 2 2339 5 2195 1 
315 2 908 7 492 5 584 3 
907 6 314 6 453 4 583 3 
2151 8 796 4 1735 5 586 4 
2150 7 206 4 1960 3 585 4 
318 3 588 1 1481 2 
587 1 1517 1 589 1 320 2 
1516 5 446 4 588 1 319 4 
593 7 591 9 1633 7 960 8 
590 9 1636 6 
962 8 2403 5 593 6 774 5 
590 7 2404 3 961 4 592 6 
2435 2 1815 6 991 5 1051 2 
596 5 600 4 346 5 1962 5 
345 6 595 5 1961 8 1168 5 
353 2 598 3 1956 3 604 4 
352 6 1955 4 597 3 599 4 
600 5 1660 5 355 8 598 4 
599 5 354 8 595 4 1659 7 
206 4 1960 3 349 2 602 4 
603 6 1959 7 601 4 348 3 
351 8 602 6 1958 6 604 6 
1957 6 350 4 597 4 603 6 
895 6 968 5 1776 7 893 5 
2073 7 1112 9 894 5 2506 4 
608 6 614 6 39 2 49 3 
38 8 607 6 609 6 48 7 
37 5 608 6 51 6 610 4 
36 5 619 4 609 4 50 6 
815 7 612 5 53 5 43 5 
613 7 42 4 611 5 52 8 
612 7 614 9 55 5 41 9 
54 7 607 6 613 9 40 6 
332 5 1663 5 2080 4 616 5 
617 5 2079 6 615 5 331 7 
616 5 2078 4 334 3 618 3 
333 3 1666 3 2077 4 617 3 
47 3 620 2 610 4 57 7 
1917 2 56 4 619 2 46 3 
622 7 1667 6 2082 7 2066 4 
621 7 460 4 2081 6 2064 8 
624 7 1973 3 1371 3 1333 5 
623 7 1328 6 1370 7 1974 7 
626 4 628 5 550 5 1359 4 
625 4 549 8 1358 4 631 3 
548 3 634 3 628 5 1361 3 
547 4 625 5 1360 4 627 5 
630 7 632 5 554 9 1363 7 
480 6 629 7 1362 4 553 3 
632 1 626 3 552 4 1365 5 
551 4 1364 4 631 1 629 5 
1367 5 634 4 556 4 
627 3 555 6 1366 4 633 4 
644 3 2153 2 1348 5 636 3 
637 3 2152 3 635 3 1347 6 
636 3 638 2 1346 2 2155 4 
1345 6 2154 4 639 3 637 2 
640 6 1352 3 2157 4 638 3 
1351 6 639 6 2156 7 641 5 
642 3 2159 5 1350 3 640 5 
641 3 478 7 1349 6 2158 4 
644 4 2161 3 1355 6 1541 5 
2160 5 643 4 635 3 1354 5 
482 1 2506 1 646 4 2097 4 
2505 4 2096 6 651 6 645 4 
2095 3 654 3 2502 2 648 7 
649 9 2094 10 2501 6 647 7 
650 8 648 9 2504 8 2093 5 
649 8 823 5 2092 7 2503 7 
2498 5 2091 5 652 5 646 6 
653 3 2090 4 651 5 2497 4 
652 3 2089 3 654 2 2500 2 
2499 3 647 3 653 2 2088 5 
868 3 658 4 1416 3 75 4 
662 5 1800 6 2414 4 657 4 
1799 2 2415 1 656 4 841 5 
2215 3 74 7 655 4 1415 5 
660 4 2411 5 1796 6 666 6 
661 4 659 4 2412 5 1795 8 
660 4 662 3 1798 3 2409 3 
656 5 1797 3 661 3 2410 4 
2407 7 1792 6 1234 7 664 7 
2408 9 1791 3 665 4 663 7 
1794 5 664 4 2405 3 666 6 
2406 6 1793 8 665 6 659 6 
2556 4 669 6 17 4 
1739 3 1576 5 670 3 209 4 
16 6 667 6 1126 8 671 6 
1379 3 1738 3 668 3 672 3 
1125 3 15 8 2219 6 669 6 
897 5 1741 5 676 3 670 3 
1837 6 674 8 682 5 2315 8 
673 8 856 9 1836 8 2314 7 
1342 2 2218 5 1418 3 81 5 
1740 2 1775 2 672 3 896 3 
678 8 680 9 2309 10 1830 7 
677 8 1829 6 683 3 2308 5 
2307 5 680 4 
677 9 1831 5 2306 6 679 4 
682 3 2313 8 684 4 1833 8 
681 3 673 5 2312 6 1832 4 
1835 4 678 3 2311 2 684 2 
1834 3 2310 5 681 4 683 2 
688 5 1703 5 686 6 1749 5 
1748 8 691 5 1702 5 685 6 
688 7 865 6 1751 6 1701 6 
685 5 687 7 1700 6 1750 5 
690 5 1753 3 692 4 1707 4 
689 5 693 7 1752 7 1706 4 
686 5 692 3 462 4 1755 7 
691 3 1704 3 689 4 1754 5 
1757 7 690 7 694 6 468 6 
931 5 693 6 1708 4 1756 2 
702 8 696 4 1467 9 2163 2 
2162 5 695 4 958 4 1466 7 
700 2 1473 3 698 3 2167 5 
1472 4 703 4 2166 7 697 3 
1475 6 700 4 2165 5 503 4 
699 4 1474 3 697 2 2164 2 
2171 7 702 9 1492 6 704 7 
695 8 1468 9 701 9 2170 10 
704 6 698 4 1471 5 2169 8 
703 6 1470 5 701 7 2168 6 
706 5 1289 3 285 4 2198 3 
707 7 705 5 284 10 2197 8 
706 7 708 6 283 4 153 6 
707 6 282 6 147 3 709 10 
708 10 710 8 281 11 2194 11 
711 3 2193 5 709 8 280 3 
710 3 2196 8 712 4 279 6 
2195 2 278 5 711 4 713 3 
582 2 714 3 277 5 712 3 
276 5 580 4 713 3 882 6 
2351 6 716 6 114 7 890 8 
715 6 113 7 2350 6 719 6 
2355 6 718 6 720 6 116 6 
717 6 2354 5 723 6 115 3 
118 7 2353 6 720 7 716 6 
117 6 2352 5 719 7 717 6 
120 6 2359 4 724 5 722 7 
535 9 119 7 2358 9 721 7 
122 6 2357 6 718 6 724 6 
723 6 721 5 121 4 2356 4 
144 2 556 2 
962 4 1392 5 926 3 1079 5 
235 6 226 4 2541 3 780 4 
1079 5 1393 2 960 3 
1062 4 730 6 1654 3 1357 3 
1653 7 731 8 729 6 1061 6 
730 8 1652 7 732 6 1064 11 
737 5 1063 4 731 6 1651 4 
944 5 734 4 1658 7 1058 4 
1057 3 1344 5 733 4 1657 5 
1327 4 1981 7 1369 4 738 7 
2260 5 178 4 482 3 484 9 
1650 5 732 5 1050 7 
1146 5 1982 9 1368 7 735 7 
488 6 184 5 2254 5 479 9 
1475 4 741 4 130 4 878 5 
740 4 129 7 1474 5 742 5 
743 4 1473 4 132 4 741 5 
744 7 742 4 1472 4 131 4 
1471 8 2422 6 743 7 126 6 
782 6 2543 6 235 7 237 7 
747 2 128 3 1492 4 2422 2 
1468 4 748 6 746 2 127 5 
747 6 1467 12 124 8 2436 6 
750 1 2433 1 872 3 2298 4 
749 1 2301 3 751 5 871 4 
558 7 750 5 870 8 2300 6 
2303 5 533 3 2418 1 753 4 
754 7 2302 5 532 4 752 4 
2305 6 531 5 755 6 753 7 
525 5 2433 3 2304 5 754 6 
210 7 757 8 158 4 1878 8 
208 9 756 8 1877 7 163 6 
775 11 759 7 927 9 763 8 
758 7 774 1 962 4 926 3 
777 4 767 4 761 7 935 6 
934 6 762 7 760 7 776 6 
761 7 763 4 779 4 933 4 
778 4 932 3 758 8 762 4 
781 7 765 4 1708 6 931 7 
930 2 780 2 764 4 766 2 
767 3 783 7 929 4 765 2 
760 4 928 8 766 3 782 4 
1781 5 1082 4 1801 3 1501 3 
1089 6 1804 8 1788 7 248 5 
1785 7 1787 6 522 8 
773 3 1007 3 1100 5 
1102 8 529 5 773 5 971 5 
771 3 1101 3 528 3 772 5 
759 1 592 5 44 1 775 5 
758 11 45 7 778 7 774 5 
779 3 236 5 761 6 777 3 
760 4 237 5 782 4 776 3 
763 4 779 4 775 7 238 3 
776 3 778 4 239 5 762 4 
765 2 781 5 783 7 727 4 
764 7 780 5 983 6 226 5 
745 6 783 8 777 4 767 4 
235 9 780 7 782 8 766 7 
1214 10 786 6 84 7 
786 5 405 6 1216 8 788 6 
785 5 406 5 1215 5 784 6 
1222 4 2110 5 98 4 788 4 
99 4 1221 5 785 6 787 4 
29 5 1194 5 790 5 792 6 
28 6 2545 5 789 5 1193 7 
27 6 792 7 794 6 1196 6 
791 7 1195 5 789 6 26 7 
33 9 794 7 1198 12 207 6 
793 7 1197 4 32 5 791 6 
1200 3 207 4 31 6 798 5 
208 6 585 4 163 3 206 4 
1202 5 798 3 
1201 6 34 3 795 5 797 3 
800 8 158 4 1733 5 210 7 
799 8 157 9 801 7 1732 7 
802 3 581 8 800 7 160 3 
803 3 801 3 159 3 579 4 
802 3 162 6 1737 4 804 5 
341 4 161 5 1736 3 803 5 
288 8 2410 5 2393 4 806 4 
253 5 2409 3 2392 2 805 4 
2074 4 814 2 808 4 173 3 
2073 7 1025 5 172 5 807 4 
810 2 924 4 2406 3 2397 2 
809 2 2405 2 811 2 2396 4 
2408 8 2395 2 810 2 812 4 
1009 5 2394 4 2407 5 811 4 
175 4 816 4 2072 5 814 4 
807 2 813 4 2071 5 174 5 
611 7 2415 5 288 10 2402 6 
813 4 2069 4 
821 4 1898 5 1984 5 818 5 
1983 5 1378 6 1897 8 817 5 
171 6 1071 5 820 6 2400 4 
1070 6 819 6 166 5 2399 5 
817 4 1901 5 
124 5 825 6 2283 5 823 2 
650 5 2282 4 822 2 123 8 
827 3 2279 3 128 4 825 6 
127 8 822 6 2278 8 824 6 
126 5 2281 6 829 4 827 5 
824 3 125 4 826 5 2280 3 
831 4 132 4 829 2 1077 5 
2274 4 826 4 828 2 131 2 
831 5 1047 7 2277 3 130 6 
828 4 830 5 129 6 2276 3 
833 7 1441 4 1591 5 56 6 
834 6 832 7 1590 5 57 10 
833 6 50 5 1593 6 835 6 
1592 5 834 6 836 6 51 9 
1595 2 837 3 835 6 48 4 
49 3 838 4 836 3 1594 6 
839 8 1597 5 837 4 54 5 
838 8 840 9 55 6 1596 7 
1599 10 839 9 841 8 52 9 
840 8 53 7 1598 7 657 5 
845 4 937 5 843 2 1923 5 
1922 2 852 2 842 2 936 3 
847 4 1921 6 845 5 939 7 
842 4 938 7 844 5 1920 4 
1919 3 847 3 941 3 849 2 
844 4 940 3 1918 3 846 3 
46 5 943 3 849 3 1917 4 
1916 1 846 2 848 3 942 5 
461 8 434 4 851 3 1554 4 
1553 6 2147 4 850 3 1705 2 
1915 8 843 2 945 6 853 2 
944 3 1058 2 1914 2 852 2 
1784 3 2241 5 855 7 1802 2 
2240 8 1805 9 854 7 1783 10 
1637 7 674 9 2131 7 
1560 6 858 5 860 5 1530 4 
1559 8 857 5 863 5 1991 6 
1528 5 866 4 860 6 1562 5 
1561 4 857 5 1985 8 859 6 
1534 8 864 6 1556 7 862 5 
1555 4 1533 4 374 3 861 5 
1558 5 864 5 858 5 1532 7 
863 5 861 6 1531 4 1557 6 
1526 2 1564 3 687 6 866 2 
1563 3 859 4 1525 3 865 2 
2418 3 533 5 2377 5 
655 3 245 4 504 5 2435 2 
1301 4 959 4 503 3 1971 5 
2046 7 751 8 2381 5 871 7 
2380 6 872 6 750 4 870 7 
2383 5 749 3 871 6 873 4 
525 4 2433 2 2382 7 872 4 
1970 10 875 10 1308 12 877 10 
1969 8 1307 3 874 10 2212 3 
877 3 1968 5 512 3 447 4 
1967 4 876 3 1309 7 874 10 
1302 6 2471 8 955 8 740 5 
122 7 886 5 880 5 2034 5 
881 2 2033 3 121 2 879 5 
880 2 882 6 2036 5 120 5 
2035 6 881 6 714 6 119 7 
889 6 118 5 884 8 305 4 
885 8 883 8 303 7 117 9 
886 3 116 5 884 8 2040 7 
885 3 115 1 879 5 2039 2 
1959 6 1333 5 1975 2 1973 3 
114 3 889 4 399 6 357 2 
883 6 356 4 113 9 888 4 
964 7 891 8 1780 5 715 8 
1779 7 890 8 892 6 963 5 
1778 4 891 6 966 4 893 4 
965 3 1777 5 892 4 605 5 
2505 2 901 5 2074 5 606 5 
605 6 1775 5 967 7 896 6 
897 5 970 4 895 6 676 3 
1379 5 969 8 896 5 672 5 
905 4 899 4 2070 2 2499 2 
898 4 900 7 2500 5 2069 6 
899 7 2072 6 901 7 2497 5 
894 5 900 7 2071 7 2498 6 
903 2 1431 2 2503 3 
902 2 904 2 2504 6 
2501 1 903 2 905 4 
898 4 2502 4 2068 6 904 4 
1430 2 492 4 908 6 
584 6 908 10 1429 8 415 8 
907 10 906 6 1428 9 583 7 
1650 3 915 5 2122 2 
913 6 151 5 911 5 2130 5 
916 6 150 8 910 5 2129 5 
2128 3 913 6 1658 6 1113 5 
910 6 912 6 1657 8 2127 6 
915 4 917 3 1652 3 2126 5 
1651 6 909 5 914 4 2125 10 
911 6 1654 3 2124 6 917 5 
1653 6 914 3 2123 5 916 5 
2028 6 919 4 923 3 
918 4 920 8 2027 4 
921 8 2026 11 1038 7 919 8 
920 8 2025 8 925 4 1035 6 
923 3 2030 7 
922 3 918 3 2029 5 
2390 6 253 6 2411 6 809 4 
2032 4 921 4 973 3 
927 5 726 3 10 5 759 3 
932 4 9 5 926 5 758 9 
767 8 935 10 929 9 2535 10 
930 4 1217 6 928 9 766 4 
929 4 765 2 1220 4 931 5 
694 5 1219 5 930 5 764 7 
927 4 933 3 763 3 8 5 
932 3 934 3 23 3 762 4 
761 6 933 3 935 5 35 5 
934 5 928 10 760 6 1223 5 
937 6 945 7 1482 6 843 3 
938 8 842 5 936 6 1518 11 
937 8 845 7 1480 6 939 9 
938 9 940 6 1479 7 844 7 
847 3 941 3 1486 3 939 6 
942 6 940 3 846 3 1485 3 
1484 5 941 6 943 5 849 5 
1828 1 848 3 1483 1 942 5 
733 5 1478 4 853 3 945 7 
936 7 944 7 1477 7 852 6 
2121 4 1999 6 447 4 947 3 
948 3 1997 3 1309 7 946 3 
949 6 947 3 1308 5 2005 4 
948 6 1142 5 2001 7 1307 6 
1306 3 2012 3 955 5 951 6 
1575 6 1305 7 952 9 950 6 
2014 5 1304 6 951 9 2121 7 
507 6 505 6 1642 4 1561 4 
1212 1 1189 2 1210 4 1627 4 
950 5 1301 6 2470 5 878 8 
245 5 957 4 423 4 
244 5 956 4 
511 3 1640 2 696 4 1555 4 
1306 4 519 4 869 4 1964 5 
590 8 961 5 728 3 
593 4 962 6 960 5 1079 7 
592 8 726 4 961 6 759 4 
964 4 400 1 891 5 966 3 
399 9 890 7 963 4 114 6 
893 3 968 3 966 3 398 5 
397 4 892 4 965 3 963 3 
970 5 404 5 968 6 895 7 
965 3 967 6 605 5 403 5 
970 7 897 8 972 9 402 9 
967 5 969 7 896 4 401 3 
972 5 396 6 209 3 772 5 
971 5 969 9 395 4 1379 6 
925 3 1035 5 
1571 2 975 4 1701 2 1151 5 
1700 7 976 7 974 4 1572 7 
1703 6 977 6 975 7 1573 5 
1574 5 976 6 1702 4 1078 3 
1175 6 1170 8 1444 5 2291 8 
1704 5 1078 4 980 6 1568 5 
979 6 1707 4 981 5 1569 5 
1706 4 982 4 1570 6 980 5 
981 4 468 3 983 4 1565 4 
1566 4 781 6 982 4 1708 5 
308 7 2288 7 518 7 
990 5 2446 5 986 4 7 5 
2445 4 1162 3 985 4 6 5 
2450 5 3 4 988 4 
2449 2 989 6 2 4 987 4 
2448 6 5 7 988 6 990 8 
985 5 4 8 2447 7 989 8 
594 5 2434 5 1816 4 224 8 
2186 2 524 3 
317 4 292 3 521 3 
997 8 2523 6 2325 7 995 5 
2324 4 1000 2 2522 5 994 5 
997 6 2323 4 1171 7 2525 4 
2524 6 2322 8 994 8 996 6 
1001 3 2321 6 2527 2 999 2 
2526 2 2320 1 1003 5 998 2 
2529 2 2319 3 1001 2 995 2 
998 3 2528 3 2318 4 1000 2 
1005 4 2191 6 1722 4 358 9 
2533 6 2317 6 999 5 1004 8 
1241 4 2532 5 1003 8 2316 8 
1002 4 2190 4 526 3 
1500 4 2333 5 1502 2 420 3 
528 3 2087 4 771 3 
2200 5 360 1 1015 6 1009 3 
812 5 2199 5 359 6 1008 3 
2206 1 1011 4 2344 4 1013 3 
367 8 1010 4 2205 5 1016 7 
1013 4 1182 5 2208 5 366 3 
1012 4 2207 4 365 3 1010 3 
1015 9 1017 5 364 7 2202 9 
2201 8 1014 9 1008 6 363 8 
362 5 2204 6 1017 5 1011 7 
2203 5 1014 5 361 6 1016 5 
1193 8 1851 4 1019 6 2545 6 
1022 5 2360 5 1850 5 1018 6 
1021 6 2549 4 1855 2 1023 3 
1854 7 1020 6 2363 7 1026 7 
1019 5 1853 4 1023 4 2551 5 
2550 2 1852 2 1022 4 1020 3 
1859 5 1027 9 1025 6 2553 8 
1858 5 808 5 1024 6 2552 5 
1021 7 1027 7 1857 4 2555 5 
1024 9 1856 6 1026 7 2554 9 
1774 3 473 3 1682 3 1029 2 
1032 7 1681 2 1773 2 1028 2 
1031 5 1033 9 1690 6 1770 9 
1030 5 1036 2 1689 3 
1029 7 1772 8 1033 10 1688 6 
1030 9 1032 10 1771 7 1687 8 
1378 7 1037 8 1686 4 1769 5 
921 6 1038 5 973 5 
1031 2 1037 6 1684 5 
1036 6 1034 8 1683 7 
920 7 1035 5 
1040 6 2005 5 2111 5 1042 6 
2110 7 1039 6 1222 6 2001 6 
1044 4 1042 6 2113 4 1999 7 
2112 6 1041 6 1997 5 1039 6 
2115 5 1046 7 2014 3 1044 4 
1041 4 2114 3 2013 8 1043 4 
1048 5 2117 5 1046 8 2012 5 
1043 7 2116 7 1045 8 1575 6 
1048 6 830 7 2471 8 2119 5 
1047 6 1045 5 2118 5 2470 3 
2047 5 1052 7 2364 7 1414 8 
1063 6 1699 4 737 7 
2045 6 1416 2 1052 3 594 2 
1049 7 2120 4 1051 3 1415 5 
2043 8 1418 7 1054 8 1056 9 
1053 8 1454 8 2044 5 1417 5 
2364 4 2041 6 1420 3 1056 5 
1053 9 1419 5 2042 8 1055 5 
734 3 1698 4 1060 4 1058 3 
1697 2 733 4 853 2 1057 3 
1062 2 1357 1 1696 4 1060 3 
1057 4 1695 5 1059 3 1344 6 
1062 4 730 6 1064 9 1694 4 
729 4 1059 2 1061 4 1693 3 
1050 6 1064 9 732 4 1692 7 
1063 9 1061 9 1691 9 731 11 
2122 2 1073 6 
1236 5 2128 5 169 8 1067 8 
1068 6 168 7 1066 8 2127 6 
1067 6 167 6 2130 5 1069 5 
166 5 1070 6 2129 5 1068 5 
2124 6 1071 5 820 6 1069 6 
1072 5 2123 5 1070 5 819 5 
1071 5 171 6 1073 7 2126 7 
2125 11 170 5 1072 7 1065 6 
1255 4 2085 4 1719 5 1075 4 
1076 3 2086 4 1074 4 1718 4 
1075 3 1721 7 2087 3 
1324 5 2276 4 2274 7 828 5 
1567 4 979 4 462 3 977 3 
728 5 1391 9 961 7 726 5 
1081 4 1453 7 1434 2 1782 2 
1080 4 1082 6 1781 7 1433 7 
1081 6 1083 8 768 4 1436 10 
1084 8 1435 7 1082 8 1501 7 
1085 6 1083 8 1438 7 1784 4 
1084 6 1437 4 1086 9 1783 8 
1790 7 1085 9 1440 9 1087 8 
1439 4 1789 3 1088 6 1086 8 
1089 5 1788 6 1087 6 1442 4 
1088 5 769 6 1591 4 1441 3 
1099 5 1395 4 2463 8 1091 6 
2464 6 1394 4 1092 6 1090 6 
1093 4 1397 5 2465 4 1091 6 
1396 2 1092 4 2466 4 1094 3 
1399 4 2459 5 1095 2 1093 3 
1096 1 2460 5 1398 5 1094 2 
1401 3 1097 3 1095 1 2461 3 
2063 5 1096 3 1400 6 2462 5 
2275 6 2289 5 2530 6 567 6 
1402 5 2467 5 1090 5 
1101 5 771 5 1578 5 
773 3 1577 4 1102 6 1100 5 
772 8 1101 6 1576 7 209 6 
176 5 1104 7 1851 3 2570 7 
177 5 1103 7 1105 6 1850 7 
1853 3 1104 6 184 4 1106 2 
1852 1 1107 1 185 3 1105 2 
182 2 1108 2 1106 1 1855 1 
1854 4 1107 2 1109 5 183 3 
180 6 1110 4 1108 5 1857 5 
1109 4 1856 2 181 2 1111 2 
1112 7 178 3 1859 2 1110 2 
606 9 1858 9 179 8 1111 7 
1934 6 1478 5 1114 6 912 5 
1933 4 1117 3 1477 5 1113 6 
1118 1 1116 3 1480 2 1942 4 
1115 3 1941 3 1479 5 1121 5 
1482 4 1114 3 1940 3 1118 1 
1115 1 1939 5 1117 1 1518 8 
1122 5 1938 5 1120 6 1484 3 
1288 5 1483 4 1937 6 1119 6 
1936 6 1486 4 1122 5 1116 5 
1119 5 1935 3 1485 4 1121 5 
2212 5 1142 4 1307 5 1124 8 
1127 6 2211 6 1123 8 1141 8 
1140 3 671 3 1126 5 1128 2 
1139 5 1125 5 669 8 
1124 6 1849 5 2220 2 1128 2 
1848 3 1127 2 1125 2 2219 5 
1130 3 2255 5 1841 5 1132 4 
1129 3 1137 5 2254 3 1840 4 
1839 4 2257 5 1134 3 1132 3 
2256 5 1838 3 1129 4 1131 3 
1134 3 2259 4 1136 3 1845 4 
1133 3 1844 4 2258 2 1131 3 
1843 7 2261 8 1311 5 1136 5 
1842 4 2260 4 1133 3 1135 5 
2263 9 1130 5 1138 6 1847 7 
300 5 1137 6 2262 4 1846 4 
1126 5 1140 3 1496 3 
1125 3 1139 3 1495 2 1848 4 
1142 4 1491 8 1124 8 1849 7 
949 5 1141 4 1123 4 1490 2 
1764 5 1532 8 1150 7 1144 5 
1145 3 1143 5 1765 3 1531 3 
1766 4 1144 3 1146 2 1534 6 
738 5 1145 2 1533 3 1767 4 
1152 7 1528 5 1760 4 1148 6 
1985 8 1761 10 1149 9 1147 6 
1150 10 1530 8 1148 9 1762 8 
1149 10 1143 7 1763 9 1991 7 
1758 7 1526 5 974 5 1152 8 
1147 7 1525 6 1759 10 1151 8 
2351 3 1746 3 1154 6 2222 3 
2350 9 2221 5 1155 6 1153 6 
2353 3 1154 6 1156 5 2230 4 
2229 5 1155 5 1157 4 2352 6 
2355 3 2228 2 1158 1 1156 4 
2227 3 2354 3 1157 1 1159 5 
2357 7 2226 9 1158 5 1160 8 
1159 8 2356 5 1161 9 2225 7 
1162 6 2224 9 2359 7 1160 9 
1161 6 2358 5 2223 6 986 3 
2285 9 2295 5 2141 4 2451 6 
2275 5 2447 5 2289 4 1173 3 
2450 4 2531 2 1166 6 
2530 8 2275 8 2449 5 1165 6 
1170 8 2291 8 1168 5 2137 5 
1167 5 2290 5 596 5 2136 5 
1170 8 1175 6 2451 7 2135 8 
1167 8 2134 7 1169 8 978 8 
2133 7 996 7 289 7 1172 10 
2284 7 286 7 2132 6 1171 10 
2446 5 2287 3 1164 3 1174 5 
2286 6 1384 5 2445 5 1173 5 
2294 8 978 6 1169 6 1443 5 
1177 5 2177 3 1798 3 342 4 
1176 5 1797 5 2176 5 72 8 
1181 4 2387 6 1179 5 2026 9 
2386 3 2025 7 1665 3 1178 5 
2385 4 2028 6 133 3 1181 2 
1178 4 2384 3 2027 2 1180 2 
2038 6 1012 5 223 9 1183 8 
2037 7 1187 6 1182 8 222 7 
2380 5 1579 8 2031 3 
1186 5 1188 8 2042 9 1233 6 
1191 3 1185 5 2041 5 1230 5 
1188 5 1183 6 1224 4 2044 4 
1187 5 2043 6 1185 8 1218 6 
954 2 1192 2 2120 3 1190 5 
1212 4 2573 6 2045 9 1189 5 
2048 3 1186 3 1211 6 1192 3 
1189 2 1191 3 2047 1 1210 4 
1018 8 1194 7 436 7 790 7 
1195 4 435 7 1193 7 789 5 
1298 4 1196 4 1194 4 792 5 
1195 4 1197 4 1297 5 791 6 
1296 5 1198 9 794 4 1196 4 
1197 9 1295 8 1199 10 793 12 
1294 4 1200 3 207 4 1198 10 
795 3 1199 3 1293 4 1201 4 
798 6 1292 4 1202 8 1200 4 
1291 7 1201 8 797 5 
1204 5 500 5 2420 4 1994 8 
1203 5 1205 6 499 3 1529 6 
498 7 1996 5 1206 7 1204 6 
1205 7 1207 4 497 6 1995 5 
496 2 1206 4 2000 1 1208 5 
495 8 1998 5 2388 7 1207 5 
1875 3 157 6 1910 3 1873 5 
1211 7 1626 7 954 4 1192 4 
1230 8 1210 7 1191 6 1625 5 
1190 4 954 1 1810 2 1628 3 
1496 3 1214 7 
784 10 1215 9 1495 6 1213 7 
1214 9 1494 4 1216 8 786 5 
1221 7 1493 8 785 8 1215 8 
929 6 2535 7 1585 5 1220 6 
1233 4 1630 4 1188 6 1224 5 
1583 2 1756 2 931 5 1220 4 
1217 6 1582 7 1219 4 930 4 
1216 7 1222 5 788 5 1491 7 
1040 6 1490 4 787 4 1221 5 
935 5 2535 5 1587 3 35 5 
222 5 1629 6 1218 5 1187 4 
1228 4 1226 6 2203 7 275 5 
272 6 1225 6 2204 5 1231 5 
1268 2 1228 2 2201 4 1235 3 
1267 3 1225 4 2202 6 1227 2 
1232 4 2192 5 2207 3 1262 4 
1632 7 1211 8 1233 6 1186 5 
2205 4 1232 5 1264 6 1226 5 
1229 4 2206 3 1231 5 1263 8 
1631 2 1218 4 1185 6 1230 6 
1259 7 2199 5 1235 4 663 7 
1258 3 1234 4 1227 3 2200 6 
1066 5 2365 2 1934 4 1237 4 
1242 5 1236 4 2548 5 1933 4 
1936 5 1245 2 2543 4 1239 4 
2542 6 1935 3 1238 4 1240 5 
1938 5 1241 3 1239 5 2541 3 
1004 4 1937 3 2540 2 1240 3 
1237 5 2547 5 1940 5 1243 6 
1244 6 2546 7 1939 8 1242 6 
1243 6 1942 6 2362 4 1245 3 
2544 4 1238 2 1941 1 1244 3 
2250 5 1247 5 1256 6 1536 6 
2251 3 1246 5 1248 4 1535 3 
1247 4 2252 6 1249 6 1538 4 
2253 8 1248 6 1537 5 1250 5 
1540 3 2246 2 1251 5 1249 5 
1539 8 1250 5 1252 9 2247 7 
1542 9 1251 9 2248 7 1253 5 
2161 2 2249 2 1541 4 1252 5 
492 7 1885 5 
1256 6 1074 4 1544 4 2244 3 
1255 6 2245 5 1246 6 1543 6 
1791 4 347 6 343 5 2174 7 
1325 4 1235 3 1259 6 1268 2 
1792 6 1234 7 1258 6 1322 6 
1430 3 1266 4 2534 3 
1411 5 2440 5 2192 5 1262 4 
2439 4 1261 4 1229 4 1263 8 
1264 9 2438 8 1232 8 1262 8 
1263 9 2437 7 272 7 1231 6 
1429 7 2538 5 1266 6 88 4 
1428 6 1260 4 1265 6 2537 4 
1228 3 1406 5 1268 3 275 4 
1403 4 1267 3 1227 2 1258 2 
1270 8 146 6 2112 5 1272 5 
1269 8 1275 7 2113 7 145 11 
1272 5 2110 6 149 6 98 5 
1271 5 2111 5 1269 5 148 5 
1276 3 1274 3 1656 7 2116 4 
1277 7 2117 3 1273 3 1655 4 
2114 3 1276 3 1270 7 154 4 
1275 3 1273 3 2115 4 152 5 
1274 7 2118 9 1649 7 1278 8 
1427 3 1648 4 2119 3 1277 8 
1280 7 2487 7 1451 6 2525 6 
2524 5 1279 7 1281 5 2486 6 
2523 4 1280 5 1282 3 2489 5 
1283 4 2522 5 2488 8 1281 3 
1282 4 1284 7 2529 4 2491 7 
2490 8 2528 6 1283 7 1285 7 
2527 3 2493 4 1286 4 1284 7 
1287 2 2526 3 1285 4 2492 4 
1286 2 1288 2 2495 2 2533 2 
2494 2 1120 5 1287 2 2532 3 
1290 7 705 3 2539 3 
1289 7 2536 8 1299 10 
1616 3 1202 7 1292 3 
304 4 1201 4 1291 3 1293 4 
1294 5 2557 7 1200 4 1292 4 
1293 5 1617 5 1199 4 1295 2 
1294 2 1198 8 2559 4 1296 4 
1197 5 2558 5 1297 6 1295 4 
1622 5 1298 5 1196 5 1296 6 
435 7 1195 4 1297 5 1621 5 
1300 7 1620 8 1290 10 
1299 7 1619 5 
955 6 869 4 1302 4 1306 4 
503 3 878 6 1301 4 1475 5 
2121 4 447 4 512 3 1304 3 
952 6 1305 4 1303 3 506 4 
1304 4 1306 4 951 7 519 4 
950 3 1305 4 959 4 1301 4 
875 3 1123 5 1308 5 949 6 
948 5 1309 9 874 12 1307 5 
947 7 447 8 1308 9 877 7 
565 1 2081 3 
2097 5 1135 5 1647 3 1312 4 
2096 5 1320 6 1311 4 1646 8 
568 3 562 4 2084 4 
459 3 1641 3 2093 2 1315 1 
2436 2 1640 1 1314 1 2092 3 
459 6 1639 4 1319 8 2095 5 
2065 4 557 3 567 4 2289 3 
1321 2 1645 3 2089 4 1319 6 
1644 6 1316 8 2088 8 1318 6 
1643 7 2091 6 1312 6 1321 4 
1318 2 2090 2 1642 2 1320 4 
347 4 1259 6 2376 2 1325 4 
1423 3 2274 5 1519 2 1324 3 
1077 5 1323 3 1481 3 1426 2 
1258 4 2375 6 1403 6 1322 4 
1375 11 1329 9 1977 8 1327 7 
735 4 1978 5 1374 4 1326 7 
624 6 1979 3 1377 4 1329 4 
1980 7 1376 6 1326 9 1328 4 
1337 3 570 5 2561 5 1331 5 
569 5 1330 5 2560 5 1892 6 
1975 2 1373 4 1333 5 1522 4 
1332 5 887 5 1372 7 623 5 
2565 6 576 4 1341 3 1335 6 
575 6 2564 5 1336 4 1334 6 
1337 2 2563 3 1335 4 578 3 
1330 3 2562 4 577 4 1336 2 
2569 6 1497 5 572 4 1339 5 
571 5 1340 7 2568 6 1338 5 
574 6 2567 7 1341 5 1339 7 
573 5 2566 3 1340 5 1334 3 
675 2 1488 4 1417 3 80 2 
153 4 2343 6 475 4 2341 5 
1357 4 734 5 151 7 1060 6 
1352 6 638 6 1346 6 322 5 
1345 6 321 3 637 2 1347 5 
324 6 1348 8 636 6 1346 5 
1354 7 635 5 323 5 1347 8 
1350 6 642 6 1514 10 326 9 
1349 6 325 6 1351 4 641 3 
640 6 1350 4 1352 3 328 3 
1345 6 639 3 1351 3 327 3 
2007 5 1595 3 247 6 1356 6 
1348 7 330 4 644 5 1355 7 
137 5 1354 7 643 6 329 8 
2006 5 242 4 1594 8 1353 6 
1344 4 1059 1 150 5 729 3 
1365 6 2558 3 626 4 1359 4 
1358 4 2559 6 625 4 1360 3 
628 4 1617 4 1361 2 1359 3 
1366 4 2557 5 627 3 1360 2 
1363 4 2570 6 176 4 630 4 
1362 4 2571 7 1364 6 629 7 
1365 8 1621 6 632 4 1363 6 
1358 6 1364 8 1622 7 631 5 
304 6 1361 4 634 4 1367 5 
633 5 1366 5 1616 3 
374 4 1533 5 1369 4 738 7 
1368 4 735 4 1374 4 373 2 
1377 5 1371 3 624 7 382 3 
381 3 1370 3 1372 5 623 3 
1373 6 380 5 1371 5 1333 7 
2389 6 1332 4 379 5 1372 6 
378 5 1369 4 1327 4 1375 8 
1326 11 377 7 1376 8 1374 8 
1377 6 1329 6 1375 8 376 4 
1370 5 375 4 1376 6 1328 4 
1034 7 818 6 1768 7 1685 6 
897 5 670 3 209 4 972 6 
2222 4 2293 6 200 4 1381 7 
2292 5 2221 5 1380 7 1389 9 
458 7 1546 5 
2224 6 1386 4 1384 4 2301 5 
2300 3 1174 5 2223 7 1383 4 
2299 4 1386 4 2226 7 1388 5 
1385 4 2298 5 2225 5 1383 4 
2305 4 1390 2 1388 4 2228 3 
1385 5 1387 4 2227 5 2304 5 
2303 9 2230 7 1381 9 1390 5 
2229 2 2302 2 1387 2 1389 5 
1393 6 1408 7 1392 9 1079 9 
1407 9 726 5 1391 9 10 7 
1391 6 728 2 
1397 3 1091 4 1395 2 1927 2 
1926 5 1394 2 1402 4 1090 4 
1093 2 1397 3 1925 1 1399 3 
1396 3 1394 3 1924 6 1092 5 
1095 5 1399 7 1401 7 1931 5 
1396 3 1094 4 1930 3 1398 7 
1929 4 1401 6 1097 6 465 5 
1096 3 1400 6 1398 7 1928 7 
1099 5 1395 4 1932 5 
1268 4 2368 8 1406 6 1325 6 
1680 6 144 2 1407 5 
1606 9 1487 7 1409 10 1989 7 
1267 5 2443 6 2367 7 1403 6 
1392 9 1408 7 1580 7 1404 5 
1391 7 1407 7 
513 8 1988 6 1405 10 1605 7 
1664 8 1782 5 2233 6 1421 4 
2480 5 1412 5 1261 5 1489 8 
1417 4 1411 5 1488 5 1454 7 
1420 3 1414 5 2216 6 2364 4 
2215 4 1415 6 1413 5 1049 8 
1052 5 1414 6 658 5 1416 4 
1051 2 655 3 2435 2 1415 4 
1412 4 1418 4 1342 3 1054 5 
1419 3 1053 7 675 3 1417 4 
1418 3 1420 3 2218 5 1056 5 
1419 3 1413 3 1055 3 2217 2 
2232 2 1781 4 1410 4 1801 2 
1423 2 2280 2 1425 4 1521 2 
1422 2 2281 4 1323 3 1520 4 
2278 5 1432 3 1425 5 2231 6 
1524 4 1422 4 1424 5 2279 5 
2276 1 1427 1 1324 2 1517 1 
1516 5 1278 3 1426 1 2277 1 
1266 6 908 9 1430 5 1429 7 
907 8 1265 7 2022 6 1428 7 
1260 3 906 2 1428 5 
1432 3 902 2 2282 5 
1431 3 1424 3 2283 5 1476 2 
2468 6 1436 11 1434 5 1081 7 
1080 2 2469 2 1602 7 1433 5 
1438 6 1083 7 2478 4 1436 9 
2479 10 1082 10 1433 11 1435 9 
1440 4 1085 4 2476 1 1438 5 
1435 6 1084 7 2477 6 1437 5 
1087 4 2474 3 1442 2 1440 5 
1437 4 2475 4 1086 9 1439 5 
1442 2 2472 5 832 4 1089 3 
1441 2 2473 2 1439 2 1088 4 
1450 6 1175 5 1444 4 2271 3 
1445 6 978 5 2270 9 1443 4 
1444 6 1446 6 2273 6 2291 9 
2272 6 2290 5 1624 3 1445 6 
2297 6 1452 6 1448 3 2267 2 
1447 3 2296 4 1449 3 2266 7 
2269 2 1450 5 1448 3 2295 4 
2268 4 1443 6 1449 5 2294 9 
1452 7 289 4 1279 6 2265 5 
286 7 1451 7 1447 6 2264 5 
1080 7 1993 9 1465 9 1602 12 
1412 7 1054 8 2037 8 2480 7 
1456 6 1634 5 2105 6 366 6 
2104 4 1455 6 1457 4 365 2 
2344 6 1458 7 1456 4 2103 4 
1457 7 1459 5 2102 5 367 9 
2109 2 1460 5 1458 5 362 2 
2108 5 1461 6 1459 5 361 9 
1460 6 1462 4 2107 4 364 5 
2106 5 1463 7 1461 4 363 5 
2101 7 1462 7 360 5 1464 8 
2100 4 2053 6 1463 8 359 7 
1453 9 1992 4 1601 4 1469 6 
1640 5 2436 6 1467 12 696 7 
695 9 748 12 1466 12 1468 10 
747 4 702 9 1492 6 1467 10 
1604 4 1465 6 1487 5 1886 7 
2422 2 1492 4 704 5 1471 4 
744 8 1472 5 703 5 1470 4 
698 4 1471 5 1473 4 743 4 
1474 4 697 3 742 4 1472 4 
700 3 1473 4 1475 5 741 5 
740 4 699 6 1474 5 1302 5 
2231 5 1432 2 
1482 6 1114 5 945 7 1478 4 
944 4 1113 5 1658 6 1477 4 
1480 4 1116 5 1486 4 939 7 
1479 4 1115 2 938 6 1518 9 
1517 2 1519 2 1324 3 587 2 
1117 4 1477 6 936 6 1518 11 
1484 1 1120 4 943 1 2494 1 
1485 2 942 5 1483 1 1119 3 
1484 2 1486 3 1122 4 941 3 
1485 3 940 3 1479 4 1121 4 
1990 3 1469 5 1405 7 1603 3 
1342 4 1412 5 71 8 1489 8 
70 8 2440 8 1488 8 1411 8 
1222 4 2001 4 1142 2 1491 6 
1141 8 1493 8 1490 6 1221 7 
1470 4 1468 6 701 6 746 4 
1849 7 1494 4 1216 8 1491 8 
1848 3 1215 4 1493 4 1495 1 
1140 2 1494 1 1496 2 1214 6 
1213 3 1139 3 1495 2 
1498 4 1338 5 2331 4 426 4 
1497 4 425 3 2330 3 1499 2 
1500 4 2335 3 1498 2 418 2 
1499 4 1006 4 2334 5 417 6 
768 3 1784 3 1802 2 1083 7 
419 3 2332 4 1503 2 1006 2 
2337 4 1504 4 422 2 1502 2 
2336 6 1505 6 1503 4 421 7 
424 6 1504 6 
1507 2 472 3 191 4 1515 5 
1506 2 471 5 190 6 1508 4 
1509 6 193 4 470 4 1507 4 
469 4 1508 6 1510 5 192 6 
1511 4 1509 5 187 4 476 7 
1510 4 475 5 186 5 1512 6 
1513 8 189 4 1511 6 474 6 
1512 8 1682 7 473 7 188 5 
1515 11 1349 10 478 11 195 8 
1514 11 194 6 1506 5 477 6 
1427 5 1648 6 589 5 1517 5 
1481 2 588 1 1516 5 1426 1 
1482 11 1118 8 1480 9 937 11 
1481 2 1520 3 1323 2 
1519 3 1521 4 1423 4 
1524 2 1422 2 1520 4 
2389 6 1332 4 1523 6 2150 8 
2151 9 1522 6 1998 4 2388 6 
1521 2 1425 4 2231 5 
1528 4 1152 6 866 3 1526 3 
1701 2 865 2 1151 5 1525 3 
2146 8 1986 5 2420 3 1994 7 
1525 4 859 5 1985 7 1147 5 
1994 9 2148 6 1996 5 1204 6 
1149 8 857 4 1985 7 1991 5 
864 4 1144 3 1532 6 1534 6 
1143 8 1991 8 863 7 1531 6 
1368 5 862 4 1146 3 1534 7 
861 8 1145 6 1531 6 1533 7 
1536 4 143 2 1538 3 1247 3 
142 7 1543 6 1535 4 1246 6 
141 5 1540 3 1249 5 1538 3 
140 7 1535 3 1248 4 1537 3 
1540 6 1251 8 139 6 1542 8 
1539 6 1250 3 1537 3 138 5 
1253 4 137 4 643 5 1542 8 
1252 9 136 7 1539 8 1541 8 
1536 6 1256 6 1544 4 135 4 
134 6 1255 4 1719 5 1543 4 
428 5 2066 5 1548 7 1546 7 
427 4 1382 5 1545 7 2064 7 
1550 7 1548 8 430 8 336 9 
429 7 1547 8 335 4 1545 7 
432 5 334 4 1552 5 1550 5 
1547 7 431 2 333 4 1549 5 
1552 3 434 4 1554 4 332 4 
1551 3 331 6 433 4 1549 5 
851 6 1554 7 1736 5 341 6 
340 4 1553 7 1551 4 850 4 
862 4 1556 6 958 4 2162 5 
1557 7 1555 6 861 7 511 5 
510 4 1556 7 864 6 1558 6 
1559 8 863 5 509 5 1557 6 
1558 8 1560 9 858 8 508 6 
1559 9 857 6 1561 5 507 7 
860 4 953 4 1560 5 1562 3 
505 5 1563 4 1561 3 859 5 
866 3 1564 4 1562 4 515 6 
514 2 1563 4 1751 3 865 3 
2317 4 1566 4 1570 6 982 4 
983 4 226 3 1565 4 2316 6 
2319 6 1078 4 1568 5 1574 6 
1569 4 1567 5 979 5 2318 4 
1568 4 1570 6 2321 7 980 5 
981 6 1565 6 1569 6 2320 4 
974 2 1572 5 2323 4 1758 4 
1571 5 2322 7 1573 5 975 7 
1572 5 2325 5 976 5 1574 4 
977 5 2324 5 1573 4 1567 6 
951 6 2014 2 2012 3 1046 6 
668 5 1954 6 1577 5 1102 7 
1953 5 1576 5 1101 4 1578 4 
1577 4 1100 5 
133 7 2030 11 1184 8 2383 8 
1680 8 1581 5 10 5 1407 7 
1679 9 1580 5 1588 5 9 5 
370 8 1583 5 1220 7 1585 6 
1219 2 394 2 369 1 1582 5 
2535 6 372 7 1585 4 1587 4 
1217 5 1584 4 1582 6 371 5 
1587 3 1876 4 35 5 1589 2 
2496 5 1586 3 1584 4 1223 3 
1589 3 384 3 1581 5 8 6 
1588 3 383 2 23 2 1586 2 
1593 5 833 5 249 3 1591 3 
248 3 1089 4 832 5 1590 3 
1595 1 247 4 835 5 1593 5 
246 8 1590 5 834 6 1592 5 
1595 5 1597 7 837 6 1356 8 
1594 5 1353 3 1592 1 836 2 
243 3 1597 4 839 7 1599 8 
242 3 838 5 1594 7 1596 4 
241 4 1599 9 841 7 1799 4 
240 8 840 10 1598 9 1596 8 
2392 2 2056 6 253 5 2390 5 
2366 2 1604 2 1602 7 1465 4 
481 6 1601 7 1453 12 1434 7 
2349 3 1606 5 1604 2 1487 3 
1469 4 1603 2 1601 2 2361 2 
490 3 1606 6 1608 3 1409 7 
1605 6 1603 5 1405 9 491 10 
566 8 2067 6 
489 4 1605 3 513 4 
1612 3 2107 4 355 7 1610 3 
2106 4 1623 7 354 7 1609 3 
2109 4 353 3 1612 4 1614 4 
1611 4 1609 3 2108 2 352 6 
2103 2 1614 2 351 5 250 1 
1613 2 2102 2 1611 4 350 3 
1869 3 2105 3 250 2 349 2 
304 4 1291 3 1367 3 
1294 5 2559 7 1360 4 2557 7 
1770 6 1619 4 
1771 5 1618 4 1300 5 1620 6 
1299 8 1772 6 2536 6 1619 6 
1364 6 1622 5 1298 5 2571 7 
2558 4 1297 5 1621 5 1365 7 
346 9 1624 7 2101 8 1610 7 
345 4 1446 3 1623 7 2100 2 
1909 5 1626 5 1211 5 1632 4 
1625 5 1908 10 1627 7 1210 7 
1907 7 1626 7 954 4 1628 6 
1906 5 67 3 1212 3 1627 6 
1635 8 1913 8 1224 6 1630 5 
1218 4 1629 5 1912 5 1631 2 
1233 2 1632 3 1911 3 1630 2 
1230 7 1631 3 1625 4 1910 4 
167 6 590 7 2404 3 1636 4 
1635 5 1455 5 223 6 1905 1 
1634 5 1629 8 222 7 1904 7 
2399 4 591 6 1633 4 166 4 
1836 6 856 7 
459 4 1641 4 1639 2 510 2 
509 3 1644 2 1316 4 1638 2 
1466 5 958 2 1641 3 1315 1 
1314 3 1640 3 1638 4 511 4 
1645 3 1643 5 1321 2 953 4 
1320 7 1642 5 1646 9 505 7 
1645 3 1319 6 1639 2 508 2 
1644 3 1642 3 507 5 1318 3 
515 9 1643 9 1647 7 1312 8 
514 2 1843 5 1311 3 1646 7 
1516 6 1649 3 1278 4 446 5 
1648 3 445 3 1277 7 1655 4 
1651 4 909 3 737 5 
1650 4 915 6 1652 5 732 4 
1653 6 731 7 1651 5 914 3 
1654 4 730 7 1652 6 917 6 
1653 4 150 5 729 3 916 3 
440 4 1656 8 1274 4 1649 4 
439 7 1655 8 1273 7 152 9 
913 8 151 7 1658 8 734 5 
733 7 912 6 1478 6 1657 8 
1978 8 1660 7 1962 8 600 7 
599 5 1955 5 1977 5 1659 7 
1990 9 2391 9 2457 10 2419 9 
2076 6 341 4 161 5 1663 5 
340 4 615 5 1662 5 2075 6 
2456 8 1410 8 1993 7 1668 5 
2032 4 2377 4 1179 3 
336 6 2084 4 618 3 1667 5 
621 6 2083 6 335 4 1666 5 
2391 2 2455 10 1664 5 1992 2 
328 2 1672 3 1670 3 265 3 
327 4 264 5 1669 3 1675 7 
267 5 326 7 1672 4 1895 3 
325 6 266 4 1669 3 1671 4 
1674 7 324 7 269 6 1676 7 
1673 7 268 5 323 3 1677 4 
271 5 1676 7 322 5 1670 7 
1675 7 270 5 321 4 1673 7 
1678 5 330 3 274 4 1674 4 
273 9 1677 5 1948 6 329 7 
1680 12 1581 9 384 7 302 10 
1679 12 1404 6 301 6 1580 8 
1029 2 1688 1 2561 4 1682 3 
1513 7 2560 4 1028 3 1681 3 
2567 5 1684 6 1686 3 1037 7 
1683 6 1689 6 2566 6 1036 5 
2569 6 1897 8 1686 3 1378 6 
2568 4 1683 3 1685 3 1034 4 
1690 5 1688 4 2563 6 1033 8 
1687 4 1681 1 2562 3 1032 6 
2565 6 1031 3 1684 6 1690 4 
1687 5 1030 6 2564 3 1689 4 
1694 4 489 6 1692 7 1064 9 
483 6 1691 7 1063 7 1699 5 
491 8 1062 3 1696 5 1694 3 
1691 4 1693 3 1061 4 490 2 
1696 6 2361 4 1698 5 1060 5 
1695 6 2349 5 1693 5 1059 4 
481 1 1698 3 1058 2 1914 2 
1057 4 1697 3 2366 3 1695 5 
1050 4 1692 5 
1701 5 975 7 688 6 1703 6 
1700 5 1526 2 974 2 687 6 
686 5 1703 4 462 4 977 4 
976 6 685 5 1700 6 1702 4 
979 5 692 3 1707 3 462 4 
1986 4 851 2 2508 3 461 7 
981 4 1707 3 690 4 468 3 
1706 3 980 4 1704 3 689 4 
764 6 694 4 983 5 468 4 
2510 6 1710 5 432 6 467 6 
1709 5 433 3 1711 6 2513 4 
434 8 461 12 2512 7 1710 6 
427 2 2515 2 1713 3 
1714 4 428 3 2514 7 1712 3 
1713 4 429 6 1715 2 2517 4 
430 3 467 2 2516 3 1714 2 
1724 8 517 8 1717 6 466 3 
465 5 1716 6 1929 4 516 6 
1721 8 2485 5 1075 4 1719 5 
2484 5 1544 5 1074 5 1718 5 
2483 4 1721 8 
1076 7 2482 7 1718 8 1720 8 
1723 3 1002 4 
1722 3 358 8 464 4 1724 7 
463 7 530 9 1716 8 1723 7 
2456 7 1943 7 1726 4 2329 5 
2328 7 2455 10 1725 4 1727 7 
2458 8 2327 9 1728 7 1726 7 
2457 3 1729 4 1727 7 2326 3 
1730 9 1728 4 2453 4 368 9 
2340 6 1729 9 2452 6 1731 6 
2454 2 1730 6 
581 8 1733 4 2143 4 800 7 
799 5 1734 5 1732 4 2142 3 
1735 6 2145 7 210 7 1733 5 
1734 6 2144 6 208 7 585 5 
804 3 1737 2 2147 3 1553 5 
579 5 1736 2 803 4 2146 8 
670 3 1739 3 1741 5 2432 5 
1954 4 668 3 1738 3 2431 2 
2426 5 676 2 1743 2 1741 4 
2425 7 1738 5 672 5 1740 4 
1776 5 1743 1 1745 3 2424 5 
1742 1 1775 2 1740 2 2423 2 
1747 3 1745 4 2430 2 1778 4 
1744 4 2429 3 1742 3 1777 5 
1153 3 2428 4 1747 3 1780 3 
1744 3 2427 6 1779 4 1746 3 
686 8 392 6 1755 10 1749 7 
391 6 1750 5 685 5 1748 7 
390 5 1749 5 688 5 1751 4 
1564 3 389 4 687 6 1750 4 
388 6 1757 7 690 7 1753 5 
1754 4 387 3 689 3 1752 5 
1755 9 1753 4 692 5 386 6 
1754 9 1748 10 385 6 691 7 
1757 3 1219 2 394 2 694 2 
693 7 1756 3 1752 7 393 5 
1151 7 1759 9 2133 4 1571 4 
1760 7 1758 9 1152 10 2132 8 
1761 8 1759 7 1147 4 2139 5 
1760 8 1148 10 1762 9 2138 8 
2141 3 1761 9 1763 7 1149 8 
1150 9 1764 7 1762 7 2140 7 
1143 5 2135 6 1763 7 1765 3 
2134 4 1144 3 1766 4 1764 3 
1767 6 1145 4 2137 4 1765 4 
1766 6 2136 7 1982 8 1146 4 
1769 5 1983 6 1378 7 
1768 5 1034 5 
1618 6 1771 7 1030 9 
1619 5 1772 5 1770 7 1033 7 
1771 5 1620 6 1032 8 1773 3 
1774 3 1029 2 1772 3 2536 3 
2342 6 1028 3 1773 3 2539 4 
895 5 1743 2 1776 6 676 2 
1742 5 1777 7 1775 6 605 7 
1776 7 893 5 1745 5 1778 5 
892 4 1779 5 1744 4 1777 5 
891 7 1747 4 1778 5 1780 4 
1779 4 890 5 1746 3 2351 3 
768 5 1081 7 1782 5 1421 4 
1993 4 1410 5 1080 2 1781 5 
1790 6 1085 8 1784 6 855 10 
854 3 1084 4 1501 3 1783 6 
2507 6 1786 7 770 7 
2288 5 1785 7 
523 5 770 6 
1789 3 1803 3 769 7 1088 6 
1788 3 1087 3 1790 2 1806 3 
1086 7 1783 6 1789 2 1805 5 
1257 4 664 3 1794 4 1792 2 
1259 6 347 4 1791 2 663 6 
1794 7 344 5 666 8 1796 8 
1793 7 665 5 343 5 1791 4 
1796 10 342 8 660 8 1798 7 
339 8 1795 10 1793 8 659 6 
662 3 1798 3 1177 5 1800 4 
1797 3 1176 3 661 3 1795 7 
657 2 1800 4 1598 4 73 3 
72 7 656 6 1799 4 1797 4 
2239 4 1802 2 768 3 1421 2 
1801 2 2238 3 854 2 1501 2 
1788 3 1804 4 2237 3 1806 3 
769 8 2236 7 2011 7 1803 4 
1806 6 855 9 2235 6 1790 5 
1805 6 1789 3 1803 3 2234 5 
2023 3 1808 5 545 8 252 5 
544 7 1807 5 1809 3 251 3 
1808 3 546 3 
2573 4 1212 2 1811 6 67 2 
2572 7 1810 6 66 5 1812 10 
1813 9 290 6 1811 10 2575 7 
1812 9 1814 5 62 7 2574 5 
1813 5 65 2 
1816 5 594 6 2045 10 2573 7 
1815 5 2572 3 991 4 1817 6 
2575 7 1818 7 224 10 1816 6 
1817 7 2574 3 225 4 
2493 3 1822 3 1820 5 37 5 
1827 7 36 6 2492 6 1819 5 
39 1 1822 2 1824 3 2491 5 
2490 5 1819 3 1821 2 38 5 
1824 4 41 6 1826 4 2489 5 
2488 9 40 4 1823 4 1821 3 
2487 5 43 4 2049 6 1826 4 
42 4 2486 5 1825 4 1823 4 
1820 7 1828 4 47 5 2495 5 
943 1 46 3 2494 1 1827 4 
1830 5 678 6 1835 7 
1829 5 677 7 1831 3 
680 5 1830 3 
1837 5 682 4 1833 9 
681 8 1834 7 1832 9 
1835 5 684 3 1833 7 
683 4 1834 5 1829 7 
1637 6 1837 6 674 8 
673 6 1832 5 1836 6 
1839 4 1132 3 386 4 1841 4 
1838 4 1131 4 385 3 1844 5 
1847 6 1841 6 1130 4 388 5 
1129 5 387 5 1840 6 1838 4 
390 5 1843 6 1845 5 1136 4 
1647 5 1135 7 1842 6 389 6 
1134 4 392 4 1839 5 1845 5 
391 6 1842 5 1133 4 1844 5 
369 3 1847 5 394 4 1138 4 
1840 6 1846 5 393 5 1137 7 
1494 3 1849 6 1128 3 1140 4 
1493 7 1127 5 1848 6 1141 7 
1019 5 1853 4 1851 3 1104 7 
1018 4 436 3 1103 3 1850 3 
1106 1 1023 2 1853 2 1855 1 
1105 3 1022 4 1852 2 1850 4 
1021 7 1857 4 1108 4 1855 3 
1852 1 1854 3 1107 1 1020 2 
1110 2 1857 3 1027 6 1859 2 
1854 4 1856 3 1109 5 1026 4 
1025 5 1859 4 1112 9 2073 7 
1024 5 1858 4 1856 2 1111 2 
1925 2 1861 2 1867 4 218 5 
1860 2 1924 4 217 3 1862 3 
1927 4 216 5 1863 5 1861 3 
215 3 1868 5 1926 6 1862 5 
214 4 1929 2 1865 5 516 4 
1864 5 213 5 1928 8 1866 6 
1867 5 212 5 1865 6 1931 3 
1866 5 211 5 1860 4 1930 3 
1932 5 1863 5 219 6 
1615 3 164 4 1870 5 1905 2 
163 5 1904 6 1869 5 1877 6 
1874 2 1907 5 162 5 1872 5 
161 6 1906 6 2076 7 1871 5 
160 4 1874 4 1909 7 1209 5 
1871 2 1908 7 159 3 1873 4 
1209 3 1911 4 1878 6 158 2 
2496 6 295 4 383 4 1586 4 
1913 7 1878 7 757 7 1870 6 
1912 8 1877 7 1875 6 756 8 
1880 5 2519 5 2062 7 1883 9 
1879 5 2462 4 2063 4 2518 5 
1885 6 87 7 
2521 2 2060 3 1883 7 
1882 7 2520 9 1879 9 2061 10 
86 7 492 8 315 5 1885 6 
1881 6 1254 5 85 6 1884 6 
1992 5 2391 5 1469 7 1990 5 
1890 9 193 5 108 5 1888 6 
192 5 107 3 1887 6 1893 6 
110 4 191 5 1896 4 1890 7 
1887 9 190 10 109 8 1889 7 
1894 8 1892 7 189 5 104 7 
1891 7 103 5 188 3 1331 6 
1894 7 187 6 106 5 1888 6 
1891 8 1893 7 105 7 186 6 
1896 4 112 3 1671 3 195 3 
111 3 1889 4 1895 4 194 4 
2331 7 1685 8 1898 8 818 8 
2330 4 817 5 1901 6 1897 8 
1902 3 2333 7 1900 7 
1903 5 1899 7 2332 7 
2335 6 1902 4 821 5 1898 6 
1899 3 1901 4 2334 2 
1900 5 2337 4 
1905 3 1870 6 1635 7 1913 7 
1904 3 2105 2 1634 1 1869 2 
1628 5 1872 6 559 5 1907 6 
1627 7 1871 5 1908 10 1906 6 
1909 10 1626 10 1874 7 1907 10 
1625 5 1908 10 1910 5 1873 7 
1209 3 1911 4 1909 5 1632 4 
1631 3 1875 4 1910 4 1912 6 
1878 8 1913 8 1911 6 1630 5 
1877 7 1912 8 1629 8 1904 7 
2469 2 1915 8 1697 2 853 2 
852 8 1922 8 1914 8 2468 9 
2473 2 849 1 1919 2 1917 2 
620 2 2472 5 1916 2 848 4 
1921 5 847 3 2475 2 1919 3 
846 3 1916 2 2474 3 1918 3 
2477 3 1923 5 1921 5 845 4 
1918 5 844 6 1920 5 2476 4 
1915 8 843 2 2479 4 1923 5 
1920 5 842 5 1922 5 2478 6 
1397 6 1927 5 1925 4 1861 4 
1930 1 1860 2 1396 1 1924 4 
1395 5 1932 6 1863 6 1927 5 
1862 4 1924 5 1394 2 1926 5 
1929 5 1865 8 1931 5 1401 7 
1864 2 1400 4 1928 5 1717 4 
1925 1 1399 3 1931 1 1867 3 
1930 1 1928 5 1866 3 1398 5 
1868 5 1402 5 1926 6 
1114 4 1934 4 1940 4 1237 4 
1113 6 2128 4 1933 4 1236 4 
1122 3 1936 4 1239 3 1938 3 
1238 5 1121 6 1935 4 1941 4 
1241 3 1938 5 2532 4 1120 6 
1937 5 1240 5 1119 5 1935 3 
1942 8 1118 5 1243 8 1940 7 
1242 5 1117 3 1933 4 1939 7 
1245 1 1116 3 1936 4 1942 4 
1939 8 1244 6 1115 4 1941 4 
1725 7 2233 6 221 7 1944 4 
1949 1 2232 2 220 6 1943 4 
1946 3 2235 4 1952 4 230 4 
1945 3 2234 4 1947 6 229 4 
1948 7 228 5 1946 6 2237 7 
1947 7 2236 6 1678 6 227 9 
234 1 1944 1 2239 3 1950 4 
233 4 2238 6 1951 5 1949 4 
2241 5 1952 4 232 6 1950 5 
2240 5 1945 4 1951 4 231 4 
1577 5 1954 6 2210 3 
1739 4 1576 6 1953 6 2209 4 
1660 5 598 4 1956 4 1980 6 
1979 4 1955 4 597 3 1957 5 
604 6 1974 5 1956 5 1958 6 
603 6 1973 4 1959 7 1957 6 
602 7 887 6 1958 7 1960 6 
601 3 1975 2 586 3 1959 6 
2136 8 1982 9 596 8 1962 8 
1981 8 1961 8 1659 8 595 5 
1964 5 519 4 1966 7 496 4 
1963 5 495 6 1971 6 959 5 
1968 6 1966 7 512 4 498 6 
506 7 1965 7 1963 7 497 7 
1968 6 877 4 1970 4 500 5 
499 4 1965 6 1967 6 876 5 
502 8 875 8 1970 8 11 8 
1969 8 874 10 1967 4 501 6 
1964 6 494 7 869 5 1972 5 
2165 4 493 3 1971 5 503 3 
1958 4 1974 3 623 3 887 3 
1979 4 1957 5 1973 3 624 7 
1332 2 1960 2 2150 6 887 2 
264 4 242 2 2004 4 2006 3 
1980 6 1660 5 1326 8 1978 6 
1659 8 1981 8 1327 5 1977 6 
1974 4 1980 6 1956 4 1328 3 
1977 6 1329 7 1979 6 1955 6 
1982 9 1962 8 735 7 1978 8 
1981 9 738 9 1961 9 1767 8 
1984 5 818 5 1768 6 
1983 5 817 5 
1148 8 1528 7 860 8 1530 7 
2417 6 1527 5 1705 4 2147 6 
1988 6 513 8 2413 6 
1987 6 2421 2 1409 6 1989 3 
1988 3 1990 3 1405 7 2419 3 
1661 9 1487 3 1989 3 1886 5 
1532 8 858 6 1150 7 1530 5 
1886 5 1993 4 1465 4 1668 2 
1992 4 1782 4 1453 9 1664 7 
1529 9 2149 8 1527 7 1203 8 
2142 3 2000 2 1206 5 1996 3 
1205 5 2143 3 1995 3 1529 5 
947 3 1042 5 1999 6 2005 4 
2000 1 2144 4 1208 5 1523 4 
946 6 2013 11 1997 6 1041 7 
1998 1 1207 1 2145 4 1995 2 
1040 6 2005 5 1490 4 949 7 
267 8 241 6 2003 6 2180 6 
266 3 2002 6 240 3 2004 4 
1976 4 243 4 2003 4 265 5 
1039 5 2001 5 948 4 1997 4 
2007 4 1356 5 271 2 1976 3 
270 5 1353 5 2006 4 2008 6 
2009 5 2007 6 247 7 269 5 
2010 4 2008 5 246 5 268 4 
2009 4 2011 6 249 5 274 5 
2010 6 273 9 248 4 1804 7 
2470 3 950 3 1575 3 1045 5 
2014 7 1999 11 1044 8 2121 9 
952 5 2013 7 1575 2 1043 3 
410 1 2024 1 95 2 2016 3 
2017 5 94 6 2015 3 409 4 
2016 5 2018 7 93 5 412 4 
92 7 2017 7 2019 8 411 7 
2020 5 414 9 2018 8 91 9 
2021 3 413 2 2019 5 90 4 
2020 3 2022 4 416 3 89 4 
88 3 415 6 1429 6 2021 4 
1807 3 97 2 408 4 2024 1 
407 3 96 3 2015 1 2023 1 
921 8 2026 11 2032 8 1179 7 
920 11 2025 11 2027 7 1178 9 
1181 2 2026 7 2028 6 919 4 
918 6 1180 6 2029 8 2027 6 
133 5 2028 8 2030 9 923 5 
1579 11 2029 9 922 7 2031 6 
1184 3 2030 6 
1665 4 925 4 2025 8 
2036 6 880 3 2156 5 2034 3 
2033 3 2157 3 2039 2 879 5 
882 6 2036 5 580 4 2158 3 
2033 6 2035 5 881 5 2159 8 
2038 5 2044 5 1183 7 1454 8 
2037 5 1182 6 2208 6 2480 4 
2040 6 2034 2 886 2 2154 4 
2039 6 303 6 2155 8 885 7 
1055 6 1186 5 2048 5 2042 9 
2043 7 1185 9 1056 8 2041 9 
1053 8 2042 7 1188 6 2044 5 
2037 5 2043 5 1054 5 1187 4 
2120 7 1051 6 1815 10 1190 9 
25 5 870 7 2051 6 558 6 
2120 2 1049 5 2048 1 1192 1 
1191 3 2047 1 2364 3 2041 5 
2265 7 2050 6 1825 6 2402 6 
2264 2 2401 3 2058 4 2049 6 
24 4 2065 6 2046 6 557 5 
2055 5 2273 3 2053 4 2395 2 
1464 6 2394 4 2052 4 2272 7 
2057 6 2397 4 2055 7 2271 4 
2052 5 2270 11 2396 7 2054 7 
1600 6 2057 7 2059 6 2269 5 
2390 6 2056 7 2054 6 2268 3 
2393 4 2050 4 2059 4 2267 3 
2392 2 2266 7 2056 6 2058 4 
1882 3 2061 6 464 4 
463 6 2060 6 2062 8 1883 10 
466 4 1879 7 2063 6 2061 8 
1097 5 1880 4 465 4 2062 6 
458 9 622 8 2066 5 1546 7 
2067 7 22 5 1317 4 2051 6 
335 2 2064 5 1545 5 621 4 
567 7 2065 7 21 4 1607 6 
2070 4 905 6 
2070 4 2072 5 816 4 899 6 
2069 4 898 2 2068 4 
901 7 2074 7 814 5 2072 6 
813 5 900 6 2069 5 2071 6 
808 7 606 7 2074 7 1858 7 
807 4 894 5 2073 7 2071 7 
2076 7 2080 5 1663 6 560 6 
1662 6 2075 7 559 6 1872 7 
2078 5 2084 5 562 5 618 4 
2077 5 561 3 617 4 2079 5 
2080 5 616 6 564 5 2078 5 
2079 5 615 4 563 3 2075 5 
622 6 2082 6 1310 3 
621 7 2083 7 2081 6 565 4 
568 4 2082 7 1667 6 2084 5 
2077 5 1666 4 2083 5 1313 4 
2244 3 1074 4 529 4 2086 4 
528 3 1075 4 2087 4 2085 4 
1007 4 2086 4 1076 3 
2089 6 2095 5 654 5 1319 8 
2088 6 2090 4 1318 4 653 3 
652 4 1321 2 2089 4 2091 4 
651 5 1320 6 2090 4 2096 5 
123 10 2093 4 650 7 1315 3 
2094 6 1314 2 649 5 2092 4 
459 7 2093 6 2095 6 648 10 
647 3 2094 6 2088 5 1316 5 
1312 5 2091 5 2097 6 646 6 
2261 8 1311 5 2096 6 645 4 
156 3 2099 2 
292 2 2098 2 155 4 
1464 4 2101 3 1624 2 2272 5 
1463 7 1623 8 2100 3 2106 5 
2103 2 1614 2 2109 2 1458 5 
1613 2 2102 2 1457 4 2104 4 
1456 4 2105 4 2103 4 250 3 
1615 3 1905 2 1455 6 2104 4 
1610 4 1462 5 2107 5 2101 5 
2108 3 1609 4 2106 5 1461 4 
1460 5 2109 2 1612 2 2107 3 
1611 4 1459 2 2108 2 2102 2 
1040 7 2111 6 1271 6 787 5 
2110 6 1039 5 1272 5 2112 5 
2113 4 1269 5 1042 6 2111 5 
2112 4 1041 4 1270 7 2114 3 
1275 3 2115 4 1044 3 2113 3 
2114 4 2116 5 1043 5 1276 4 
2117 4 2115 5 1046 7 1273 4 
1274 3 2116 4 1045 5 2118 5 
1277 9 1048 5 2119 4 2117 5 
1278 3 2277 1 2118 4 1047 5 
2047 2 2045 7 1052 4 1189 3 
946 4 1303 4 2013 9 952 7 
1065 2 909 2 2125 7 
1071 5 2126 7 917 5 2124 6 
1070 6 2129 5 2123 6 916 6 
1073 11 2122 7 2126 11 915 10 
2123 7 1072 7 2125 11 914 5 
2130 5 2128 3 1067 6 913 6 
912 3 1066 5 1934 4 2127 3 
2130 5 1069 5 2124 5 911 5 
2127 5 2129 5 1068 5 910 5 
2314 5 856 7 252 4 
1759 8 1172 6 2139 6 2133 3 
1171 7 1758 4 2323 4 2132 3 
1170 7 2137 4 1765 4 2135 7 
1169 8 1764 6 2140 6 2134 7 
1961 8 1767 7 2137 5 1168 5 
1766 4 2134 4 2136 5 1167 5 
2141 2 2139 5 2285 7 1761 8 
2138 5 2284 7 1760 5 2132 6 
2135 6 2451 5 1763 7 2141 3 
1163 4 2138 2 1762 3 2140 3 
2143 3 2145 5 1995 3 1733 3 
2142 3 1996 3 1732 4 2148 4 
1735 6 1998 4 2151 9 2145 7 
1734 7 2000 4 2142 5 2144 7 
1527 8 2149 9 2147 9 1737 8 
851 4 1736 3 2146 9 1986 6 
581 8 1529 6 2143 4 2149 5 
2146 9 579 6 1994 8 2148 5 
586 7 1975 6 2151 11 1522 8 
1523 9 2144 9 585 8 2150 11 
2155 4 636 3 303 2 2153 2 
635 2 305 3 2152 2 2160 4 
2157 5 2155 6 638 4 2039 4 
2152 4 2154 6 2040 8 637 4 
2159 7 2033 5 2157 5 640 7 
639 4 2154 5 2034 3 2156 5 
2159 6 642 4 2338 3 2035 3 
641 5 2156 7 2158 6 2036 8 
2161 4 644 5 356 3 2153 4 
2160 4 1253 2 643 3 357 3 
696 5 374 4 2163 3 1555 5 
2170 4 373 1 2162 3 695 2 
2167 5 380 2 2165 3 700 2 
1972 4 699 5 379 5 2164 3 
2169 11 2167 9 698 7 382 6 
381 6 2166 9 2164 5 697 5 
2171 6 376 3 704 6 2169 8 
2166 11 375 7 703 8 2168 8 
378 6 2163 4 702 10 2171 8 
701 7 2170 8 2168 6 377 6 
2179 2 2173 5 344 3 106 3 
105 7 2174 7 343 5 2172 5 
2173 7 2175 5 104 6 1257 7 
2376 2 103 4 2174 5 347 4 
2177 3 1177 5 110 4 2181 5 
2178 5 1176 3 2176 3 109 4 
2179 4 108 5 342 6 2177 5 
2178 4 339 4 2172 2 107 1 
73 3 2181 5 2002 6 112 3 
2180 5 72 8 111 4 2176 5 
2189 5 517 6 2183 6 255 5 
254 9 214 8 516 8 2182 6 
2185 6 2187 5 527 5 257 3 
2184 6 526 5 256 5 2190 6 
2187 4 259 3 992 2 2378 4 
2186 4 2184 5 524 5 258 5 
2191 5 2189 6 261 3 358 8 
2182 5 2188 6 530 8 260 6 
1005 4 263 6 2191 6 2185 6 
2188 5 1002 6 2190 6 262 5 
2208 7 1229 5 2480 5 1261 5 
710 5 2194 8 2345 8 2196 10 
2193 8 709 11 147 4 2346 8 
2347 8 712 2 2196 6 582 1 
2348 6 2195 6 711 8 2193 10 
153 7 2198 6 706 8 2341 8 
2342 5 2197 6 705 3 2539 3 
1009 5 2200 7 1234 5 2407 5 
1008 5 2199 7 2201 7 1235 6 
1015 8 1227 4 2200 7 2202 8 
1228 6 2203 9 1014 9 2201 8 
1017 5 2204 6 2202 9 1225 7 
2203 6 1016 6 2205 4 1226 5 
1231 4 2204 4 2206 2 1011 5 
2207 2 1232 3 1010 1 2205 2 
2208 5 2206 2 1013 4 1229 3 
2207 5 2038 6 2192 7 1012 5 
2431 2 2210 1 338 4 1954 4 
337 2 1953 3 2209 1 
12 5 1124 6 2212 3 2220 2 
1123 5 2211 3 875 3 11 3 
2214 4 20 7 
2213 4 19 3 2556 3 
658 3 77 3 1414 4 2216 5 
2217 5 2215 5 76 5 1413 6 
2216 5 2218 4 79 2 1420 2 
78 5 1419 5 675 5 2217 4 
2220 5 14 7 671 6 1128 5 
13 1 2219 5 2211 2 1127 2 
1154 5 1381 5 2222 2 2230 3 
1380 4 2221 2 1153 3 2428 4 
2224 9 1384 7 1162 6 2445 7 
1383 6 1161 9 2223 9 2225 7 
1386 5 2224 7 2226 8 1160 7 
2227 7 1385 7 1159 9 2225 8 
2226 7 1158 3 1388 5 2228 4 
2229 3 1157 2 2227 4 1387 3 
1390 2 1156 5 2228 3 2230 4 
1389 7 2229 4 2221 3 1155 4 
1476 5 1424 6 1524 5 
2239 4 1944 2 2233 4 1421 2 
1943 6 2232 4 2456 6 1410 6 
2237 5 1946 4 2235 5 1806 5 
2240 5 1945 4 1805 6 2234 5 
2237 6 273 9 1948 6 1804 7 
2234 5 2236 6 1803 3 1947 7 
2241 6 1950 6 1802 3 2239 5 
2232 4 1801 4 2238 5 1949 3 
2235 5 855 8 1952 5 2241 6 
2240 6 1951 5 2238 6 854 5 
2518 4 2462 3 
2463 6 
2085 3 1255 3 396 5 2245 2 
1256 5 2244 2 2250 4 395 2 
1250 2 398 6 2253 5 2247 4 
1251 7 2246 4 397 4 2248 5 
400 3 1252 7 2247 5 2249 4 
1253 2 399 7 357 3 2248 4 
1246 5 402 6 2251 3 2245 4 
1247 3 2252 5 401 2 2250 3 
2253 8 404 6 2251 5 1248 6 
403 6 2252 8 1249 8 2246 5 
739 5 1130 3 2255 5 2263 7 
1129 5 488 6 2256 6 2254 5 
1132 5 2257 7 487 4 2255 6 
2258 4 2256 7 1131 5 486 5 
2257 4 2259 3 485 3 1134 2 
1133 4 2258 3 484 9 2260 5 
2259 5 736 5 1136 4 2261 7 
2097 8 1135 8 2260 7 482 5 
553 3 1138 4 2263 7 480 6 
1137 9 479 11 2254 7 2262 7 
2050 2 2267 1 1452 5 2265 3 
2487 6 2049 7 1451 5 2264 3 
2269 6 2267 6 2059 7 1448 7 
2266 6 2264 1 1447 2 2058 3 
1450 4 2271 1 2057 3 2269 1 
2266 6 1449 2 2268 1 2056 5 
2055 11 2271 8 1444 9 2273 9 
2270 8 2268 1 2054 4 1443 3 
1446 6 2273 6 2053 7 2100 5 
2052 3 2272 6 1445 6 2270 9 
829 4 1077 7 2281 6 1323 5 
1098 6 2448 5 1166 8 1164 5 
1077 4 1426 1 2277 1 831 3 
2119 1 2276 1 1427 1 830 3 
1424 5 2283 7 825 8 2279 5 
2280 3 824 3 2278 5 1425 5 
2279 3 1422 2 2281 4 827 3 
826 6 1423 4 2274 6 2280 4 
2283 7 2503 6 823 4 1431 5 
2282 7 2278 7 822 5 1432 5 
2285 9 1172 7 2139 7 2297 7 
1163 9 2284 9 2296 9 2138 7 
1174 6 2287 4 558 5 2300 4 
2289 4 2286 4 557 4 1173 3 
1786 5 2507 4 984 7 307 6 
2287 4 1098 5 1164 4 1317 3 
1446 5 345 6 1168 5 2291 8 
1167 8 1445 9 2290 8 978 8 
1381 5 2303 5 2418 1 2293 4 
1380 6 309 6 2416 4 2292 4 
1175 8 2295 8 1450 9 2451 9 
1163 5 2294 8 1449 4 2296 5 
2285 9 1448 4 2297 7 2295 5 
1447 6 286 7 2296 7 2284 7 
1386 5 2299 5 2301 6 749 4 
1385 4 2304 4 2298 5 2433 2 
1384 3 2301 4 751 6 2286 4 
750 3 2298 6 2300 4 1383 5 
1390 2 2303 6 2305 4 753 5 
1389 9 2302 6 2292 5 752 5 
2299 4 755 5 2305 5 1388 5 
1387 4 754 6 2302 4 2304 5 
2309 7 89 5 2307 7 680 6 
679 5 2306 7 88 5 2538 6 
91 8 2311 4 2309 7 678 5 
2306 7 90 7 677 10 2308 7 
2311 5 684 5 2313 9 93 6 
2310 5 92 4 2308 4 683 2 
95 7 2315 9 2313 11 682 6 
2312 11 681 8 2310 9 94 9 
97 5 2131 5 2315 7 674 7 
96 6 2312 9 2314 7 673 8 
2317 6 1566 6 2540 6 1004 8 
2316 6 1003 6 1565 4 2320 2 
2319 5 1001 4 2321 7 1568 4 
1567 6 2318 5 1000 3 2324 5 
999 1 2317 2 2321 5 1570 4 
998 6 2318 7 2320 5 1569 7 
997 8 2323 6 1572 7 2325 7 
2322 6 1571 4 2133 4 996 4 
2319 5 1574 5 995 4 2325 6 
2324 6 1573 5 2322 7 994 7 
2483 5 1728 3 2327 5 368 8 
1727 9 2326 5 2482 3 2328 9 
2485 10 1726 7 2327 9 2329 8 
221 5 2484 3 1725 5 2328 8 
1898 4 2335 4 1498 3 2331 3 
1897 7 2569 5 1497 4 2330 3 
2337 6 2333 7 1502 4 1900 7 
1899 7 2334 6 1006 5 2332 7 
2335 4 1902 2 1500 5 2333 6 
1901 6 2334 4 1499 3 2330 4 
1504 6 2337 6 
1903 4 2336 6 2332 6 1503 4 
580 4 2339 6 478 6 2158 3 
2338 6 582 5 2347 12 477 6 
1730 6 368 6 
474 6 2342 7 2197 8 1343 5 
1774 6 2198 5 473 6 2341 7 
147 5 476 10 2346 9 1343 6 
1457 6 1010 4 365 4 367 8 
2346 8 2348 4 470 5 2193 8 
2345 8 2343 9 469 5 2194 8 
2195 8 2348 8 472 10 2339 12 
2196 6 2347 8 2345 4 471 4 
1603 3 1696 5 2361 3 491 8 
2351 6 1154 9 716 6 2353 6 
715 6 2350 6 1153 3 1780 3 
720 5 1156 6 2355 5 2353 4 
1155 3 719 6 2352 4 2350 6 
718 5 1158 3 2357 5 2355 5 
717 6 1157 3 2354 5 2352 5 
2359 3 2357 4 1160 5 724 4 
1159 7 723 6 2356 4 2354 5 
2359 6 6 7 1162 5 722 9 
2358 6 2356 3 721 4 1161 7 
1019 5 2545 5 255 7 2551 5 
2366 2 1695 4 2349 3 1604 2 
2544 5 236 5 2546 5 1244 4 
1021 7 2549 5 263 6 2555 5 
1055 4 1049 7 2048 3 1413 4 
1236 2 169 5 2548 3 44 1 
1601 2 481 1 2361 2 1698 3 
2368 9 2370 6 1406 7 578 7 
577 7 2367 9 2375 8 1403 8 
2370 2 2444 2 576 2 2372 2 
2369 2 2367 6 575 4 2443 5 
574 3 2372 3 2374 5 2438 4 
2371 3 2437 5 2369 2 573 6 
572 4 70 6 2440 6 2374 6 
571 6 2371 5 2439 5 2373 6 
2368 8 570 7 1325 6 2376 4 
2175 2 569 2 2375 4 1322 2 
1665 4 867 5 2386 4 
2379 6 101 8 2186 4 
2378 6 100 5 
1184 5 2383 5 871 6 2381 4 
870 5 2380 4 25 3 
2383 8 873 7 133 7 2385 8 
2380 5 2382 8 872 5 1579 8 
2387 5 531 4 1181 3 2385 5 
1180 4 2382 8 2384 5 525 5 
1179 3 2387 4 533 4 2377 4 
2384 5 2386 4 532 3 1178 6 
2389 6 1208 7 494 6 1523 6 
1522 6 1373 6 2388 6 493 5 
924 6 2057 6 2397 4 1600 5 
1886 5 1661 9 1668 2 2458 3 
1600 2 2393 2 2059 2 806 2 
2058 4 2392 2 2401 3 805 4 
812 4 359 5 2053 4 2395 2 
2396 4 811 2 2394 2 2052 2 
2395 4 2397 4 810 4 2055 7 
2396 4 809 2 2390 4 2054 4 
171 6 2400 4 
1636 4 820 5 2400 3 
819 4 2398 4 2399 3 
2050 3 2393 3 288 7 2402 3 
815 6 2049 6 2401 3 43 4 
592 5 169 5 44 1 2404 2 
593 3 168 4 1633 3 2403 2 
2406 3 810 2 665 3 2408 8 
2411 5 2405 3 809 3 666 6 
812 5 663 7 2408 9 2199 5 
664 9 811 8 2407 9 2405 8 
2412 4 806 3 2410 4 661 3 
2414 3 805 5 2409 4 662 4 
924 6 2406 5 2412 6 659 5 
660 5 2409 4 2411 6 253 6 
2454 3 1987 6 2421 2 
2410 3 2415 1 656 4 288 6 
657 1 2414 1 815 5 53 3 
518 3 2418 1 2293 4 
502 4 1986 6 2420 4 2508 5 
2416 1 2292 1 752 1 867 3 
2453 2 1661 9 2421 2 1989 3 
2417 4 1203 4 501 6 1527 3 
1988 2 2452 1 2413 2 2419 2 
1470 2 744 6 125 4 746 2 
2426 5 197 3 2424 6 1743 2 
2429 5 1742 5 2423 6 196 9 
199 7 1741 7 2426 8 2432 7 
2423 5 1740 5 198 6 2425 8 
1747 6 2430 5 2428 7 201 6 
2427 7 1746 4 200 4 2222 4 
2424 5 1745 3 2430 1 203 4 
202 4 2427 5 1744 2 2429 1 
1739 2 2209 2 2432 4 205 4 
204 5 2431 4 2425 7 1738 5 
749 1 755 3 2299 2 873 2 
2435 2 2442 9 991 5 504 5 
2434 2 594 2 868 2 1416 2 
1315 2 123 9 1466 6 748 6 
2444 5 2372 5 1264 7 2438 6 
1263 8 2371 4 2437 6 2439 4 
1262 4 2374 5 2440 5 2438 4 
1489 8 2373 6 1261 5 2439 5 
2442 11 225 6 
224 12 2441 11 2434 9 165 9 
1406 6 2444 5 2370 5 275 5 
2437 5 2369 2 272 5 2443 5 
2446 5 986 4 1174 5 2223 7 
2445 5 2447 7 1173 5 985 5 
2446 7 990 7 1164 5 2448 5 
989 6 2275 5 2447 5 2449 2 
988 2 2450 3 1166 5 2448 2 
1165 4 2449 3 987 5 
1169 7 2140 5 2294 9 1163 6 
2421 1 2453 1 2454 2 1730 6 
2419 2 2457 3 2452 1 1729 4 
1731 2 2413 3 2452 2 
1668 10 1726 10 2458 11 2456 13 
1725 7 1664 8 2233 6 2455 13 
2458 4 2453 3 1728 3 1661 10 
1727 8 2457 4 2391 3 2455 11 
2460 8 2466 6 1094 5 
2459 8 1095 5 2461 7 
2460 7 2462 5 1096 3 
1880 4 1097 5 2242 3 2461 5 
2464 8 2243 6 1090 8 2467 8 
2465 4 1091 6 2463 8 
2466 4 2464 4 1092 4 
2465 4 2459 6 1093 4 
1099 5 2463 8 
2479 5 2469 3 1915 9 1433 6 
1914 2 2468 3 1434 2 481 1 
2471 5 2012 3 955 5 1048 3 
2470 5 130 7 1047 8 878 8 
1917 5 1441 5 56 7 2473 5 
1916 2 2474 3 1442 2 2472 5 
1439 3 2475 2 2473 3 1919 3 
2474 2 1440 4 1918 2 2476 1 
1437 1 1921 4 2475 1 2477 2 
1920 3 2478 4 1438 6 2476 2 
1435 4 2479 5 2477 4 1923 6 
2468 5 2478 5 1436 10 1922 4 
1411 5 2192 5 2038 4 1454 7 
2483 6 368 9 
2485 4 1721 7 2483 3 2327 3 
2481 6 2326 5 2482 3 1720 4 
1719 5 2329 3 2485 5 134 6 
2482 4 2328 10 2484 5 1718 5 
2487 6 2489 6 1826 5 1280 6 
1825 5 1279 7 2486 6 2265 6 
1824 9 1282 8 2489 10 2491 11 
2486 6 2488 10 1823 5 1281 5 
1284 8 1822 5 2491 8 2493 5 
2490 8 1283 7 2488 11 1821 5 
2495 4 1820 6 2493 4 1286 4 
1819 3 1285 4 2492 4 2490 5 
1288 2 1828 1 1483 1 2495 2 
2492 4 1287 2 2494 2 1827 5 
372 8 1876 6 1587 5 296 8 
2498 4 2500 3 652 4 900 5 
651 5 2497 4 2505 3 901 6 
2502 2 654 3 2500 3 898 2 
2497 3 899 5 653 2 2499 3 
2504 5 904 1 648 6 2502 1 
2499 2 905 4 647 2 2501 1 
2282 6 2504 7 902 3 650 7 
649 8 2501 5 2503 7 903 6 
894 2 2498 3 646 4 2506 1 
2505 1 179 3 606 4 645 1 
522 7 1785 6 306 5 2288 4 
69 6 2509 6 2417 5 1705 3 
461 10 2508 6 2512 5 68 5 
1709 6 2513 5 61 2 2511 4 
60 6 2516 5 467 4 2510 4 
59 4 2509 5 2513 5 1711 7 
58 7 2510 5 2512 5 1710 4 
2517 7 291 5 2515 6 1713 7 
1712 2 64 3 2514 6 
2517 5 2511 5 1715 3 63 7 
287 7 2516 5 2514 7 1714 4 
2242 4 2519 5 1880 5 
1879 5 2518 5 2520 5 
2521 4 2519 5 1883 9 
1882 2 2520 4 
1282 5 2529 5 2523 6 995 5 
1281 4 2524 4 994 6 2522 6 
1280 5 997 6 2523 4 2525 4 
2524 4 289 4 1279 6 996 4 
999 2 1286 3 2527 2 2533 3 
1285 3 998 2 2526 2 2528 2 
1284 6 1001 3 2527 2 2529 3 
1000 2 2522 5 1283 4 2528 3 
1166 8 2531 4 1098 6 566 9 
2530 4 1165 2 
1004 5 1937 4 1288 3 2533 3 
1003 6 1287 2 2532 3 2526 3 
2537 3 1260 3 
1584 6 1217 7 928 10 1223 5 
1290 8 2539 4 1620 6 1773 3 
2534 3 2538 3 1266 4 
1265 5 2537 3 2307 6 
2536 4 1289 3 1774 4 2198 3 
2541 2 226 3 1241 2 2316 6 
2540 2 727 3 2542 4 1240 3 
235 7 1239 6 2541 4 2543 6 
745 6 2544 6 1238 4 2542 6 
2362 5 1245 4 2543 6 237 7 
790 5 2360 5 254 6 1018 6 
239 7 2547 6 2362 5 1243 7 
2546 6 238 3 1242 5 2548 5 
2365 3 45 5 2547 5 1237 5 
1020 4 2363 5 2550 3 262 4 
1023 2 2551 3 261 2 2549 3 
2550 3 2360 5 260 4 1022 5 
2553 7 1025 5 259 5 172 5 
258 6 2552 7 1024 8 2554 8 
2555 7 1027 9 2553 8 257 5 
2554 7 256 4 1026 5 2363 5 
667 4 18 4 2214 3 
1293 7 304 7 1361 5 1617 7 
1622 4 2559 5 1358 3 1296 5 
1617 7 2558 5 1359 6 1295 4 
1682 4 188 2 2561 5 1331 5 
2562 6 1681 4 1330 5 2560 5 
1337 4 2561 6 1688 3 2563 5 
1336 3 1687 6 2562 5 2564 4 
1335 5 2565 5 2563 4 1690 3 
1689 6 1334 6 2566 6 2564 5 
1341 3 2565 6 1684 6 2567 5 
2568 6 1683 5 1340 7 2566 5 
2567 6 1686 4 1339 6 2569 7 
2331 5 1338 6 1685 6 2568 7 
436 7 2571 9 1362 6 1103 7 
2570 9 1363 7 435 9 1621 7 
1811 7 1816 3 2573 5 2575 4 
1810 4 2572 5 1190 6 1815 7 
2575 3 1813 5 1818 3 
1817 7 2574 3 1812 7 2572 4 
