44
44
44
44
45
44
45
45
44
44
16
16
16
16
6
16
6
6
6
6
16
16
16
16
2
2
16
16
2
2
20
19
1
18
18
18
18
19
19
19
19
36
34
1
25
25
25
25
34
34
34
34
45
45
44
45
44
44
44
44
44
44
14
46
46
46
19
19
19
19
18
18
18
18
20
19
32
32
32
32
33
33
33
33
33
33
2
2
2
2
2
5
5
5
5
5
11
11
8
8
8
8
11
8
11
11
0
24
24
10
10
10
10
10
10
10
37
27
37
44
44
37
44
39
44
44
39
39
39
39
45
45
45
45
44
44
44
44
44
44
25
34
25
25
34
36
34
34
36
36
48
48
38
21
21
22
21
49
49
49
49
48
20
49
49
19
19
19
19
18
18
18
18
24
24
44
44
45
45
45
45
44
44
44
44
17
17
17
17
23
23
17
23
17
17
3
3
3
15
15
3
20
20
20
20
15
15
15
15
3
3
18
34
34
34
34
25
25
25
25
34
36
17
17
3
49
45
45
20
49
20
20
17
17
17
17
8
8
8
8
11
11
8
8
6
9
6
11
5
5
9
9
20
43
43
25
34
15
34
15
36
36
15
15
43
43
38
20
20
20
20
15
15
47
47
47
15
15
42
14
4
4
4
5
5
4
4
8
7
7
7
7
7
14
14
14
14
29
29
29
29
29
29
29
29
43
43
36
36
36
36
36
40
40
39
39
49
14
14
14
7
7
7
7
42
24
46
24
7
7
7
7
7
7
14
14
14
14
23
23
23
21
21
21
21
22
22
22
11
11
11
11
11
35
35
35
35
35
23
23
21
21
21
21
21
21
23
21
7
8
43
29
29
29
29
29
29
29
9
9
9
9
8
8
8
8
15
15
15
15
20
20
10
9
6
6
18
18
18
18
19
19
19
19
19
23
48
13
36
36
36
36
36
31
31
31
31
31
19
19
19
19
18
18
18
18
20
20
25
6
6
48
46
48
19
19
46
46
46
19
36
46
46
36
36
36
36
13
18
33
33
11
11
33
33
33
33
11
11
43
47
49
38
38
38
1
38
38
38
11
11
11
11
8
11
8
8
8
8
21
21
21
21
36
36
21
21
34
34
24
24
25
25
25
25
22
13
13
13
13
23
23
23
23
13
13
13
13
13
13
13
13
23
23
23
23
45
12
12
12
12
12
12
23
23
13
13
19
19
19
19
18
18
18
18
20
20
19
20
18
18
18
18
19
19
19
19
18
18
19
18
19
19
19
19
20
19
18
23
23
23
23
13
13
13
13
13
13
8
8
11
11
8
8
8
8
11
11
36
36
34
36
34
36
49
42
49
34
47
47
47
34
31
31
31
31
31
39
7
48
17
23
23
23
17
17
17
17
17
17
25
13
39
11
11
31
31
31
31
31
8
8
8
8
8
8
11
11
30
30
28
28
30
30
30
30
25
28
28
28
28
30
30
30
30
30
30
28
28
10
4
4
10
49
49
39
49
48
48
49
49
39
39
30
30
30
30
28
28
30
30
17
17
28
28
23
23
23
23
24
24
12
18
12
12
12
12
14
14
22
29
29
43
43
29
29
29
29
29
29
22
22
22
22
22
22
22
22
9
9
9
9
23
23
8
9
30
30
30
30
30
30
28
28
28
28
24
24
12
12
12
12
39
39
39
39
39
39
39
39
26
26
27
27
27
27
27
27
27
27
19
19
25
25
18
18
18
18
17
17
17
17
20
20
20
20
17
17
48
15
15
15
15
15
15
20
20
20
20
23
23
21
23
21
21
21
21
21
21
45
46
46
46
46
46
48
48
46
48
11
11
11
11
11
21
22
22
22
22
22
22
22
22
23
23
11
11
11
11
11
2
24
14
39
39
39
39
44
44
39
44
44
44
36
21
23
23
22
22
22
22
22
22
22
22
45
10
10
10
10
10
24
48
21
21
21
21
21
21
24
24
39
39
40
39
40
40
40
40
40
40
11
11
8
8
8
8
11
11
8
8
17
17
20
20
20
20
17
17
17
17
10
10
10
10
10
48
48
48
42
43
43
45
45
45
45
43
43
43
43
18
1
1
15
15
15
15
15
1
1
1
1
1
15
15
15
15
1
1
15
1
16
16
40
40
28
28
26
26
28
26
26
26
26
26
2
20
2
48
48
41
48
48
34
34
34
2
2
35
16
16
16
16
16
16
2
45
34
34
31
18
31
31
25
25
31
27
27
27
27
27
25
27
27
25
25
27
27
27
27
27
27
27
27
2
2
16
16
16
16
28
28
26
28
26
26
26
26
26
26
26
26
26
26
26
26
26
25
25
25
41
23
23
22
22
22
22
22
22
22
22
31
31
31
31
35
35
35
35
35
31
43
32
32
32
32
28
33
33
33
35
35
5
5
5
2
2
40
2
2
5
5
37
10
10
37
10
37
10
37
37
27
3
42
42
42
41
42
3
41
41
41
46
37
27
37
37
37
37
41
37
37
37
45
32
32
32
32
33
32
33
33
28
33
45
42
3
3
3
3
3
3
3
47
47
47
43
43
43
43
45
45
45
46
35
43
22
22
22
22
22
22
22
22
23
23
35
41
41
42
42
42
42
41
41
41
42
48
48
39
39
40
40
49
49
49
49
39
49
24
24
12
12
12
12
12
12
23
14
23
17
17
17
17
17
32
32
35
32
28
28
33
33
35
35
28
48
48
28
48
35
35
35
35
35
32
32
33
33
33
33
33
32
32
32
40
40
38
38
38
38
39
39
38
38
38
26
31
31
31
31
31
42
42
42
42
41
42
41
41
41
41
1
1
0
1
0
0
0
0
0
0
37
37
37
37
41
37
49
20
49
41
41
42
42
42
42
41
41
41
42
48
26
38
38
38
38
40
38
38
38
38
5
5
18
27
37
37
41
37
37
37
37
37
37
11
46
46
46
46
47
47
47
47
6
13
6
6
46
46
13
13
23
23
23
23
13
13
13
13
6
6
13
6
13
13
13
13
25
14
14
25
45
45
45
46
43
25
43
43
38
27
0
0
0
1
1
38
0
0
0
0
15
36
22
7
7
14
17
14
14
7
7
7
17
6
6
16
16
16
16
6
6
16
6
39
39
39
39
39
39
39
39
17
26
26
17
24
24
24
24
24
24
47
47
47
47
38
38
40
40
40
40
40
40
40
40
12
6
6
13
13
13
13
6
6
6
6
21
5
5
4
4
4
4
4
31
32
32
32
32
32
32
33
33
33
28
37
37
37
41
38
37
37
37
27
38
49
49
49
32
32
33
28
33
33
32
33
32
32
4
4
5
5
21
4
4
4
31
31
31
31
31
0
0
0
0
1
1
0
1
0
0
48
48
38
38
40
40
40
40
40
40
40
48
41
41
42
41
42
42
42
42
41
41
39
15
40
31
31
31
31
40
31
40
40
2
40
40
9
10
46
46
47
47
47
47
46
46
46
46
47
47
47
8
8
10
40
5
5
4
4
4
4
4
37
41
10
37
10
38
26
37
38
38
38
10
38
14
38
38
14
20
12
41
12
9
9
9
9
6
6
32
9
32
32
9
34
38
38
38
38
38
38
38
38
3
26
38
3
25
3
3
35
3
3
35
3
3
3
3
24
24
21
21
21
21
21
21
5
2
5
5
2
2
24
24
41
41
42
42
42
42
40
40
42
41
42
41
41
41
42
42
42
42
41
41
41
41
4
4
4
4
4
5
5
9
10
9
9
9
9
6
9
6
6
18
32
32
33
33
32
32
33
33
33
33
1
1
1
0
0
0
6
0
0
0
20
19
7
7
7
7
14
14
14
14
7
7
29
29
0
29
29
29
43
29
1
0
1
1
0
19
29
29
19
27
27
26
22
26
26
26
26
26
14
14
14
14
7
7
7
7
46
46
7
8
47
47
47
47
35
35
35
35
35
7
7
7
7
14
14
14
14
7
7
24
24
5
5
2
2
2
2
5
5
5
2
15
5
9
5
5
6
6
9
6
5
5
29
43
29
29
29
29
29
29
29
29
21
4
10
4
4
4
4
4
40
40
40
40
41
41
40
40
38
38
9
10
8
8
8
9
9
9
9
9
21
12
12
12
12
24
24
12
12
14
14
37
41
37
37
10
37
10
10
27
37
37
37
41
37
37
37
37
27
37
38
46
46
46
46
47
47
47
47
48
48
46
46
14
14
12
12
12
12
12
12
24
24
42
3
3
3
3
3
3
3
47
47
47
47
24
24
24
24
24
24
43
3
3
3
3
3
3
3
8
7
43
43
43
43
43
43
46
45
45
45
12
12
12
12
12
12
24
24
48
14
14
48
49
39
49
49
33
33
33
33
32
32
6
33
10
35
35
35
35
35
5
10
10
10
10
10
40
10
35
35
35
5
5
5
9
9
9
9
6
6
6
43
10
9
31
31
31
31
31
6
6
9
6
9
9
9
9
45
45
46
45
43
43
43
43
43
43
2
2
2
2
5
5
2
5
5
5
21
24
24
14
24
24
24
24
21
21
21
21
28
28
30
30
28
28
30
30
30
30
28
28
28
28
30
30
30
30
30
30
33
43
43
43
43
43
43
45
46
45
45
24
24
12
12
12
12
12
12
36
36
36
36
36
47
33
33
33
32
32
33
32
32
32
47
47
34
29
29
30
30
30
30
29
29
29
30
3
2
3
43
43
30
30
30
29
29
29
29
29
5
6
28
28
2
30
30
30
30
30
30
28
28
45
45
36
27
27
48
48
48
9
8
8
8
9
9
9
9
49
10
9
49
49
49
35
35
28
28
34
34
34
34
35
34
31
31
31
31
31
0
0
0
0
0
0
2
2
2
2
42
42
42
42
15
15
17
41
17
36
36
36
36
36
42
18
18
14
20
23
20
0
0
0
0
1
0
1
1
48
48
0
0
46
46
47
47
47
47
46
46
46
46
42
36
36
36
36
36
4
4
4
5
4
4
4
34
34
34
34
25
25
25
25
34
34
35
35
33
33
28
28
32
35
32
32
4
4
5
5
4
4
4
36
36
36
36
36
22
3
3
3
3
3
3
3
15
15
15
15
1
1
1
15
1
1
1
16
1
1
16
16
16
16
21
1
1
0
26
26
26
28
26
26
26
26
28
28
47
47
20
47
15
15
15
15
1
15
39
39
1
1
49
49
49
49
48
48
16
16
16
16
16
16
2
2
2
2
20
45
45
48
48
49
49
49
49
49
49
15
27
27
27
27
27
27
27
27
25
25
35
35
25
26
26
26
26
26
26
26
25
25
42
1
1
16
1
1
1
16
16
16
16
25
25
2
2
2
2
16
16
16
16
16
16
41
47
47
26
47
42
18
18
29
27
27
27
48
27
27
27
27
46
25
25
41
19
19
19
20
45
45
0
25
25
25
25
34
34
34
34
34
34
0
44
44
35
10
11
11
11
10
40
40
10
10
11
11
11
13
7
7
7
13
13
13
13
7
7
6
6
13
6
13
13
13
13
6
6
4
4
4
4
4
5
4
38
35
35
32
35
34
34
34
34
28
28
49
48
48
48
49
49
49
49
45
45
48
48
48
14
14
14
14
7
7
7
7
7
7
44
44
44
44
44
45
17
17
17
17
17
17
20
20
20
20
18
0
44
44
39
44
44
44
39
39
39
39
