2564 4988 001
840 3 3 2 2 3 
839 4 1 3 192 3 2191 2 
1 2 838 1 
2391 2 951 2 
1708 1 2160 1 2158 1 1573 2 
72 1 7 2 9 2 691 2 
71 3 690 2 6 2 12 2 
9 4 16 4 2295 3 990 3 
8 4 989 3 2294 2 6 2 
13 2 11 1 988 3 
66 2 10 1 
65 3 13 2 7 2 
10 2 12 2 64 3 
958 2 337 2 1180 2 1194 3 
1278 2 16 2 994 1 2303 1 
8 4 2302 2 15 2 993 2 
959 4 629 2 957 2 557 2 
1363 2 1820 1 671 1 962 1 
959 3 563 2 750 1 631 1 
550 5 624 2 21 3 332 3 
623 2 953 2 545 2 20 3 
2226 3 2121 2 2228 2 882 1 
2239 3 980 2 75 2 
25 1 1745 2 27 2 1911 1 
24 1 29 2 1743 2 1910 2 
1747 2 1909 1 27 2 2452 1 
24 2 26 2 1746 2 1908 3 
1907 2 1740 2 30 1 
1906 4 25 2 1742 4 30 2 
1741 2 1905 1 28 1 29 2 
2234 1 880 2 2232 2 2123 1 
360 3 363 2 2519 2 42 3 
34 1 984 1 567 1 2247 1 
979 3 2246 1 33 1 565 1 
1387 2 2514 1 460 1 36 1 
364 1 2238 2 37 1 35 1 
2044 2 2516 3 36 1 38 3 
2517 3 37 3 39 3 366 4 
40 1 2046 2 2510 2 38 3 
2045 1 2233 3 39 1 41 3 
2236 4 2052 3 42 4 40 3 
41 4 2237 2 32 3 370 2 
44 1 2032 1 46 3 2257 1 
43 1 2256 2 1306 1 2463 2 
2259 4 46 5 1305 3 48 3 
45 5 1304 3 43 3 2258 3 
2253 1 50 1 48 1 1303 2 
1302 3 45 3 47 1 2252 1 
2255 2 1301 3 50 2 52 2 
1918 4 49 2 47 1 1300 1 
2146 2 1309 1 52 1 2251 2 
1308 3 51 1 2250 2 49 2 
805 1 2462 2 1476 1 1520 3 
1177 2 57 3 317 2 55 3 
60 2 1176 2 316 2 54 3 
1291 3 1175 2 57 3 319 2 
318 3 1174 3 54 3 56 3 
1173 1 61 1 321 1 59 2 
62 3 320 3 1172 2 58 2 
55 2 323 2 1171 3 61 1 
58 1 1170 1 322 1 60 1 
59 3 1169 2 325 3 63 3 
62 3 1168 4 324 3 1347 3 
768 2 988 4 65 4 13 3 
767 3 12 3 64 4 71 4 
988 4 11 2 
261 2 68 3 90 5 1767 4 
67 3 1766 2 89 3 
70 3 2188 2 777 2 2189 3 
2186 2 69 3 1286 2 991 2 
7 3 72 2 774 3 65 4 
6 1 773 3 989 2 71 2 
74 1 2492 2 645 1 362 2 
646 2 578 3 361 1 73 1 
78 2 23 2 470 1 
653 3 590 2 77 3 365 3 
654 3 76 3 98 3 569 3 
463 3 79 3 980 2 75 2 
78 3 462 3 979 4 565 2 
982 1 83 2 81 1 469 1 
981 2 468 4 80 1 1467 1 
984 1 467 1 567 1 83 2 
466 2 80 2 82 2 983 4 
2523 2 1725 3 85 3 
84 3 1726 2 86 2 
1723 3 85 2 
95 2 2136 3 510 2 2368 2 
498 2 2365 1 2141 1 1771 2 
68 3 244 2 90 5 
67 5 245 4 2520 4 89 5 
92 3 498 4 2363 3 2143 3 
91 3 2362 3 510 1 2142 2 
238 2 489 1 94 1 
93 1 239 2 
87 2 96 1 2139 2 2367 3 
95 1 2138 2 1956 2 2366 1 
247 4 488 1 
77 3 365 3 1900 2 367 2 
1507 3 287 2 1369 2 1011 2 
392 4 342 2 101 2 865 2 
391 1 864 1 102 2 100 2 
867 2 390 3 101 2 103 2 
104 1 389 3 866 2 102 2 
105 1 103 1 861 2 388 1 
387 2 104 1 106 1 860 1 
107 1 863 2 105 1 386 1 
106 1 385 1 1036 3 862 1 
2054 2 1417 1 109 2 2524 1 
110 3 2053 2 1416 3 108 2 
109 3 111 2 2056 2 1415 3 
1414 3 2055 2 110 2 112 3 
113 5 1421 3 111 3 2050 4 
112 5 114 4 1420 3 2049 4 
113 4 1840 3 115 3 1419 4 
1418 3 925 3 114 3 2051 3 
1991 1 960 2 117 1 381 2 
116 1 118 1 1990 2 380 1 
1993 1 379 1 117 1 119 2 
378 3 120 2 1992 3 118 2 
1995 3 119 2 377 3 121 1 
1007 1 1994 1 376 1 120 1 
2412 2 356 1 1648 1 123 2 
1647 4 2411 2 124 3 122 2 
2414 2 123 3 125 3 1652 2 
1651 3 126 2 2413 4 124 3 
125 2 1650 2 127 1 2416 1 
2415 1 1649 1 126 1 128 3 
129 3 1656 4 2418 3 127 3 
128 3 1655 3 130 1 2417 2 
131 2 2420 1 1654 1 129 1 
130 2 2540 4 1653 2 2419 2 
1524 1 2468 2 1484 1 1718 3 
351 2 1085 1 134 2 140 1 
1084 3 133 2 135 5 350 3 
349 4 136 5 134 5 1087 4 
135 5 141 2 348 2 1086 4 
383 3 347 2 138 3 806 3 
346 4 1080 2 137 3 139 2 
1083 2 140 1 345 1 138 2 
133 1 1082 1 139 1 344 3 
355 1 142 1 136 2 1079 2 
141 1 825 2 1078 2 354 2 
2547 2 1567 1 144 1 150 1 
1568 2 143 1 145 1 2546 1 
2509 1 1565 2 144 1 146 1 
154 1 1566 3 2548 2 145 1 
1127 2 1563 3 2543 2 2552 5 
152 3 1914 2 2505 5 1125 3 
1561 1 1127 1 2504 2 150 1 
2503 3 1562 2 149 1 143 1 
1851 4 1527 4 2467 3 807 3 
153 2 148 3 2553 2 1919 3 
2543 1 152 2 1136 1 2552 4 
2551 1 146 1 155 1 1559 2 
154 1 2550 2 1560 1 1399 2 
159 5 558 5 708 4 157 4 
162 1 156 4 566 3 
556 1 159 2 2214 1 
156 5 709 2 158 2 555 2 
562 2 163 3 161 1 
160 1 561 2 164 1 
157 1 163 3 560 2 
160 3 162 3 559 3 
622 2 161 1 165 1 
164 1 549 2 
167 1 594 1 181 1 909 1 
593 1 166 1 908 2 2560 3 
169 1 1464 1 1027 1 171 2 
1543 1 168 1 1026 2 1183 1 
1550 2 173 4 1029 2 171 2 
1028 3 1549 3 170 2 168 2 
1198 4 173 4 1031 1 1548 1 
1547 4 1030 5 172 4 170 4 
1198 4 1033 3 
1117 4 1196 3 595 4 176 3 
598 2 1116 2 177 2 175 3 
597 2 1115 2 176 2 178 3 
600 4 177 3 179 3 1122 2 
180 4 599 2 178 3 1121 2 
179 4 181 3 1120 4 602 5 
180 3 1119 4 601 1 166 1 
614 2 183 2 185 2 640 3 
191 1 639 2 182 2 613 1 
616 1 187 1 638 2 185 1 
637 3 182 2 184 1 615 3 
187 1 189 2 618 2 636 1 
186 1 635 2 617 3 184 1 
208 2 189 3 634 2 620 3 
188 3 619 3 186 2 633 2 
1386 3 471 2 1869 2 1917 4 
183 1 642 3 192 2 910 1 
641 3 621 3 2 3 191 2 
194 1 1636 1 196 1 2124 2 
2123 1 193 1 1635 1 207 2 
2126 1 198 1 1634 1 196 1 
771 1 193 1 2125 2 195 1 
198 1 2120 2 200 3 770 1 
197 1 2119 2 1621 4 195 1 
427 1 580 2 1282 3 1769 1 
2121 4 1286 3 197 3 1278 4 
1761 3 575 3 202 3 1282 4 
1760 2 574 2 203 3 201 3 
577 2 204 2 1759 3 202 3 
1758 2 203 2 205 1 576 3 
1765 1 206 2 204 1 571 2 
570 3 1764 3 205 2 1284 2 
776 3 208 2 2128 2 194 2 
775 3 207 2 188 2 2127 3 
1865 2 2481 3 210 2 1390 2 
1864 1 1887 1 2480 2 209 2 
661 3 1581 3 1214 3 272 3 
1318 2 213 3 1677 3 221 2 
212 3 829 2 1676 2 1317 3 
431 1 1324 1 215 2 2306 3 
216 2 1714 2 214 2 1323 2 
215 2 1326 1 217 1 2297 1 
1325 2 216 1 218 1 1361 2 
1320 3 2310 3 219 1 217 1 
2309 1 220 2 218 1 1319 1 
221 2 2308 2 1322 3 219 2 
220 2 2307 1 1321 3 212 2 
224 2 226 3 241 2 1362 3 
1357 2 2508 3 
222 2 240 2 1717 2 1358 2 
1253 2 243 2 226 3 1349 3 
222 3 242 4 1346 3 225 3 
1126 2 237 3 228 1 1345 1 
1348 2 236 2 234 1 227 1 
1334 3 1699 3 1408 1 230 2 
1333 2 1698 2 229 2 1503 2 
1406 2 2453 2 1666 2 233 1 
1341 2 533 1 1913 1 2474 2 
1747 2 2452 1 1667 1 231 1 
247 4 228 1 1140 1 235 3 
246 3 1382 5 1542 3 234 3 
228 2 247 5 237 4 488 2 
227 3 236 4 489 3 238 4 
93 2 239 3 237 4 1126 3 
1717 3 238 3 240 3 94 2 
224 2 239 3 241 2 
242 3 222 2 240 2 
243 3 241 3 226 4 
242 3 450 3 225 2 485 2 
245 1 89 2 
244 1 363 1 90 4 
235 3 247 4 
236 5 97 4 234 4 246 4 
251 1 1370 4 2209 2 249 1 
2208 2 1369 1 248 1 
251 1 2211 2 1611 2 1368 2 
248 1 250 1 1367 1 2210 2 
1989 2 357 4 295 2 263 2 
1616 2 254 2 2233 3 256 1 
2510 3 253 2 259 3 1615 2 
256 3 262 4 1614 3 2237 3 
255 3 2236 2 1613 1 253 1 
258 2 260 2 1620 2 2238 3 
2514 1 257 2 1619 3 1578 1 
1618 3 2517 2 254 3 260 2 
2516 3 257 2 1617 1 259 2 
67 2 2520 1 262 2 1623 1 
1622 3 255 4 2519 2 261 2 
356 1 2412 2 1988 1 252 2 
273 3 2100 1 855 1 265 3 
266 3 2099 5 854 3 264 3 
2102 2 265 3 853 1 267 1 
2101 1 268 1 1744 1 266 1 
2104 2 269 2 267 1 304 1 
2103 3 268 2 302 3 270 2 
294 3 2106 2 271 2 269 2 
2105 2 1801 3 2201 2 270 2 
273 3 503 1 211 3 2108 1 
264 3 272 3 2107 3 1581 3 
2433 1 494 2 275 2 933 1 
932 3 2432 4 274 2 279 2 
277 3 927 2 2435 2 282 2 
276 3 278 2 2434 2 926 2 
277 2 2436 1 
2518 1 280 2 2438 1 275 2 
279 2 2437 2 281 2 930 3 
929 2 280 2 2440 1 282 1 
2439 3 928 3 276 2 281 1 
284 5 463 5 1500 4 291 4 
283 5 1495 3 462 3 285 2 
465 1 286 1 1493 3 284 2 
287 1 1011 1 285 1 464 1 
286 1 99 2 288 1 467 1 
1507 2 287 1 289 2 466 1 
290 3 469 2 1505 2 288 2 
468 5 1588 3 1504 4 289 3 
470 1 283 4 
1665 2 298 3 2390 2 293 4 
301 3 292 4 2170 4 1664 3 
1220 3 302 4 270 3 2201 3 
358 2 1986 2 252 2 2262 1 
298 2 1782 1 1663 1 
722 2 2181 2 1426 2 
1605 2 296 2 292 3 2172 3 
2167 2 303 1 300 1 1604 1 
2166 2 1603 2 299 1 2372 2 
293 3 2169 2 303 1 1602 5 
304 2 294 4 1223 2 269 3 
2168 2 1658 1 299 1 301 1 
1222 1 302 2 1744 1 268 1 
352 1 393 3 2262 1 1294 1 
307 2 313 3 2300 3 1987 1 
306 2 1986 3 2301 3 308 3 
2298 2 1989 2 309 3 307 3 
1988 2 2299 4 308 3 420 2 
1983 2 2304 3 315 2 2421 3 
404 3 2031 1 1983 1 2269 2 
313 4 704 2 1985 2 2421 3 
1294 3 312 4 306 3 705 3 
315 1 319 1 2292 2 1291 2 
1290 1 314 1 310 2 2293 2 
323 2 1949 1 55 2 317 1 
318 2 1950 2 54 2 316 1 
57 3 317 2 1947 2 319 2 
1948 1 314 1 56 2 318 2 
321 2 59 3 1953 2 325 3 
320 2 1954 3 322 1 58 1 
1951 1 323 2 321 1 61 1 
60 2 316 2 322 2 1952 3 
1945 2 325 3 527 2 63 3 
62 3 324 3 1946 2 320 3 
2052 1 329 1 1225 1 327 2 
1224 2 370 2 326 2 
2046 2 329 1 1227 1 331 1 
2045 1 328 1 326 1 1226 2 
333 3 2044 2 331 1 1229 1 
366 2 330 1 1228 1 328 1 
1231 4 333 4 460 2 20 3 
330 3 332 4 364 3 1230 3 
340 2 1499 4 667 3 335 4 
334 4 666 4 1494 4 336 3 
1178 3 1492 1 335 3 
343 3 14 2 1124 2 338 2 
1458 3 1180 2 337 2 339 3 
1454 3 1190 3 338 3 340 3 
1441 2 334 2 672 3 339 3 
1198 4 1548 1 2239 2 
1195 1 100 2 1531 1 343 2 
1194 4 337 3 342 2 1139 3 
345 3 1790 4 351 4 140 3 
1789 2 346 3 344 3 139 1 
138 4 345 3 347 3 1792 4 
137 2 1791 2 346 3 1010 1 
136 2 1786 1 349 1 355 1 
135 4 350 2 348 1 1785 3 
349 2 1788 2 351 3 134 3 
133 2 350 3 344 4 1787 2 
305 1 353 1 359 1 1487 2 
794 2 352 1 393 3 2030 2 
543 2 355 2 142 2 1784 4 
141 1 354 2 348 1 1783 1 
122 1 1491 1 263 1 357 3 
358 4 252 4 1490 4 356 3 
1489 4 295 2 359 2 357 4 
1488 2 358 2 352 1 2262 1 
32 3 370 2 
369 1 362 2 74 1 2215 1 
361 2 556 2 2214 2 73 2 
32 2 245 1 2520 1 
36 1 333 3 2044 2 460 1 
934 3 98 3 2198 3 76 3 
331 2 2044 3 2046 3 38 4 
569 2 2043 1 98 2 
369 2 2192 2 371 2 581 3 
361 1 2190 3 578 3 368 2 
327 2 360 2 2052 1 42 2 
2534 3 2185 1 934 2 368 2 
893 3 373 2 1904 4 2533 2 
372 2 1942 2 2532 3 892 2 
375 3 1008 1 885 1 384 2 
374 3 1007 3 376 3 884 5 
377 3 121 1 375 3 887 1 
376 3 886 3 120 3 378 4 
2291 4 119 3 379 2 377 4 
118 1 2290 2 380 1 378 2 
381 2 379 1 891 1 117 1 
380 2 890 3 394 3 116 2 
1225 3 2261 4 2263 4 
137 3 1381 2 1010 2 384 3 
1009 5 374 2 2296 2 383 3 
107 1 2316 2 386 1 395 2 
385 1 387 2 2315 2 106 1 
2318 3 105 2 388 2 386 2 
389 3 387 2 2317 1 104 1 
388 3 103 3 390 4 2312 4 
2311 3 102 3 389 4 391 2 
392 3 101 1 2314 1 390 2 
100 4 391 3 2313 3 1531 3 
404 5 305 3 353 3 1985 3 
2320 4 381 3 960 3 395 3 
1036 4 385 2 2319 3 394 3 
424 3 1586 2 399 3 397 3 
423 4 1585 2 402 4 396 3 
1584 2 406 1 399 2 426 2 
425 3 398 2 396 3 1583 4 
401 2 403 1 1582 1 428 4 
400 2 1850 3 580 3 427 2 
403 3 397 4 1580 3 430 3 
1579 4 402 3 400 1 429 2 
311 3 1292 3 393 5 2030 4 
1588 3 1504 4 422 2 406 2 
398 1 1587 1 421 2 405 2 
699 2 2271 2 408 4 414 2 
698 4 407 4 2270 3 409 3 
697 1 2273 1 410 1 408 3 
2272 3 696 2 415 1 409 1 
2275 3 591 3 695 2 412 2 
2274 3 413 1 411 2 694 2 
693 1 414 1 412 1 2277 1 
413 1 692 1 2276 1 407 2 
416 2 410 1 2279 1 702 2 
701 4 415 2 1189 2 2278 2 
1147 2 418 3 1592 2 1336 2 
1591 3 417 3 1335 3 519 3 
420 1 518 2 924 2 2432 3 
419 1 2433 1 923 1 309 2 
426 3 406 2 1612 2 422 2 
1368 2 1611 2 405 2 421 2 
397 4 1661 3 424 4 430 3 
1660 3 396 3 423 4 425 3 
399 3 426 3 424 3 1659 3 
421 3 425 3 1601 3 398 2 
428 4 199 1 1608 1 401 2 
427 4 1607 4 429 5 400 4 
428 5 1606 3 430 2 403 2 
423 3 1662 1 429 2 402 3 
214 1 1521 2 432 1 1152 3 
1520 3 437 1 1151 2 431 1 
1525 3 440 2 434 2 1155 4 
1524 1 435 2 1154 2 433 2 
436 2 1523 2 434 2 1157 2 
1522 4 441 2 435 2 1156 3 
1529 1 438 2 1159 1 432 1 
1158 2 437 2 1528 3 439 2 
1161 1 440 1 1527 2 438 2 
1526 1 1160 2 433 2 439 1 
436 2 442 2 2522 2 1839 3 
1838 3 441 2 445 1 2521 2 
1425 2 767 1 663 2 1048 2 
2515 2 1841 2 448 4 
442 1 2511 1 446 1 1845 1 
445 1 1844 1 2227 3 447 1 
1843 3 2513 2 448 3 446 1 
447 3 2512 4 1842 4 444 4 
457 3 1254 2 450 3 2490 1 
2491 3 243 3 449 3 1253 3 
1878 5 1739 3 499 3 790 3 
455 1 1260 1 2494 3 453 3 
2495 3 458 4 1259 3 452 3 
455 3 645 3 1262 3 2492 4 
452 1 2493 2 1261 3 454 3 
2498 1 459 1 457 3 1256 1 
1255 5 449 3 456 3 2499 3 
453 4 459 2 2496 3 1258 2 
1257 1 456 1 458 2 2497 1 
550 4 364 1 332 2 35 1 
472 3 1481 1 1881 1 1252 1 
79 3 463 3 284 3 465 2 
470 2 78 3 283 5 462 3 
467 1 465 1 286 1 567 1 
565 1 285 1 464 1 462 2 
83 2 469 1 288 1 467 1 
82 1 464 1 287 1 466 1 
290 5 81 4 688 4 469 4 
289 2 466 1 80 1 468 4 
463 2 291 1 75 1 
190 2 2472 2 1868 2 1389 2 
461 3 1880 4 1480 4 1739 3 
1078 2 589 1 474 1 825 2 
824 2 473 1 588 1 475 3 
476 3 587 3 474 3 827 4 
475 3 586 4 477 2 826 1 
476 2 478 2 821 3 585 2 
820 1 477 2 584 3 479 2 
480 3 583 3 478 2 823 2 
481 2 479 3 822 2 582 3 
480 2 482 1 592 1 819 1 
481 1 695 1 591 2 818 1 
1479 4 1875 3 501 3 1503 3 
937 2 946 2 1552 1 1178 3 
2491 2 243 2 2541 2 
2293 2 493 2 487 1 711 3 
710 3 1958 1 2292 2 486 1 
489 1 236 2 97 1 
488 1 93 1 237 3 
705 1 491 1 715 1 497 3 
492 3 714 1 490 1 704 1 
491 3 713 3 2305 3 493 4 
712 2 492 4 486 2 2304 3 
2299 4 274 2 719 2 495 3 
718 3 2298 2 494 3 496 2 
2301 2 497 3 495 2 717 1 
2300 5 496 3 716 3 490 3 
88 2 91 4 2364 2 2140 3 
1877 1 451 3 1477 3 501 1 
667 4 1554 3 946 4 2135 3 
1876 3 483 3 779 2 499 1 
509 2 664 1 662 1 1373 1 
661 1 1909 1 504 2 272 1 
1908 3 505 2 503 2 660 2 
504 2 506 4 1911 1 659 3 
658 4 1910 5 505 4 507 4 
508 2 665 1 506 4 1906 3 
507 2 509 3 664 2 1905 2 
508 3 502 2 1907 3 
2137 2 87 2 2369 1 92 1 
1108 2 512 1 
513 1 2436 1 1107 4 511 1 
512 1 2434 1 514 1 1110 1 
1109 2 2435 1 515 2 513 1 
1112 3 514 2 2439 4 516 2 
517 1 1111 1 515 2 2440 1 
516 1 2437 1 918 2 518 2 
1113 2 419 2 517 2 2438 2 
1342 3 1596 3 520 2 418 3 
521 2 1341 3 1595 3 519 2 
1594 1 520 2 1344 1 522 1 
1593 3 523 1 521 1 1343 4 
524 2 1338 1 522 1 1600 2 
1337 2 523 2 525 3 1599 2 
526 2 1598 3 1340 3 524 3 
525 2 721 2 1597 1 1339 2 
528 2 2138 2 324 2 1347 2 
527 2 2476 2 2139 3 529 3 
530 3 2136 3 1939 3 528 3 
529 3 2137 3 531 2 1935 2 
2473 1 532 2 2142 2 530 2 
531 2 2143 2 533 2 1913 2 
532 2 232 1 534 1 2140 2 
535 1 2141 1 533 1 2474 2 
534 1 1944 1 2133 1 536 1 
1943 1 2134 1 535 1 738 2 
538 2 540 3 1644 2 823 2 
537 2 546 1 822 1 1643 4 
1646 3 542 3 821 3 540 3 
1645 2 537 3 820 2 539 3 
544 1 827 2 542 2 1640 2 
539 3 1639 2 541 2 826 2 
354 2 825 2 544 1 1642 1 
541 1 1641 1 824 2 543 1 
554 2 550 4 1388 1 21 2 
547 2 538 1 1638 2 819 1 
546 2 760 2 818 2 1637 2 
958 2 948 2 1557 1 1180 2 
2491 2 2541 2 622 3 165 2 
460 4 545 4 20 5 1387 5 
956 4 568 4 552 3 1392 3 
955 1 551 3 1391 1 553 1 
954 2 554 2 552 1 1394 1 
545 2 1393 3 553 2 953 2 
556 1 558 2 159 2 2493 2 
362 2 158 1 2492 2 555 1 
17 2 568 2 564 2 1398 2 
566 4 156 5 2494 4 555 2 
2497 1 560 2 562 2 163 3 
2496 3 566 4 559 2 162 2 
622 3 161 2 562 3 2499 2 
160 2 2498 2 561 3 559 2 
564 3 1396 2 19 2 780 3 
563 3 959 4 557 2 1395 3 
465 1 567 1 34 1 79 2 
558 4 560 4 2495 3 157 3 
82 1 565 1 33 1 464 1 
1397 2 551 4 557 2 957 2 
2523 2 367 2 651 2 77 3 
571 3 206 3 573 2 1438 2 
570 3 576 4 1437 5 205 2 
573 2 1436 3 1285 2 2554 2 
1284 1 572 2 570 2 1435 2 
575 2 577 1 202 2 1434 1 
579 2 1433 2 201 3 574 2 
571 4 577 3 204 3 1432 3 
1431 2 203 2 576 3 574 1 
369 3 649 3 581 4 74 3 
575 2 580 2 1282 3 1440 2 
579 2 199 2 1439 3 401 3 
578 4 2534 4 368 3 650 2 
2072 4 583 3 480 3 592 2 
479 3 582 3 584 4 2071 3 
2074 3 583 4 478 3 585 3 
2073 1 586 4 477 2 584 3 
585 4 476 4 2068 5 587 4 
475 3 588 1 2067 1 586 4 
589 1 2070 3 587 1 474 1 
588 1 2069 2 473 1 796 1 
76 2 648 3 934 2 2534 3 
592 2 411 3 2078 2 482 2 
591 2 2077 2 481 1 582 2 
814 2 167 1 594 1 2358 1 
593 1 601 1 2357 3 166 1 
598 3 596 3 2375 3 175 4 
2047 3 595 3 2162 2 1196 2 
177 2 600 3 598 2 2373 4 
176 2 595 3 597 2 2370 2 
2159 1 179 2 600 3 602 3 
597 3 599 3 178 4 2361 4 
594 1 181 1 602 3 2360 2 
2359 3 599 3 601 3 180 5 
604 3 752 2 610 2 702 3 
603 3 751 3 2243 2 701 4 
608 2 762 1 606 2 693 1 
761 3 605 2 611 2 692 2 
608 2 760 1 818 1 695 1 
607 2 605 2 759 2 694 3 
697 2 612 4 766 2 610 2 
765 4 603 2 609 2 696 2 
699 1 764 3 612 3 606 2 
763 3 698 4 611 3 609 4 
1205 3 910 1 183 1 614 1 
182 2 615 3 1204 1 613 1 
1203 5 616 3 614 3 185 3 
184 1 1202 1 615 3 617 3 
1209 3 187 3 616 3 618 4 
1208 2 186 2 619 3 617 4 
620 3 189 3 618 3 1207 2 
619 3 2127 4 188 3 1206 3 
910 2 192 3 1201 3 2191 2 
164 2 561 3 549 3 2490 2 
624 1 21 2 2066 1 626 1 
623 1 20 2 2065 2 1231 3 
628 4 626 3 954 4 2064 3 
2063 1 625 3 953 1 623 1 
956 2 630 2 628 2 2062 1 
625 4 2061 3 627 2 955 2 
17 2 632 1 630 2 2060 2 
2059 3 629 2 627 2 957 2 
632 1 836 1 2058 2 19 1 
629 1 631 1 2057 4 959 3 
636 1 634 1 1895 1 189 2 
775 3 188 2 633 1 1894 1 
187 2 636 2 1898 2 638 3 
1896 2 633 1 635 2 186 1 
1901 4 640 4 638 4 185 3 
1899 2 637 4 184 2 635 3 
183 2 640 3 642 4 1903 2 
639 3 637 4 182 3 1902 2 
192 3 839 4 642 4 2076 2 
2075 3 191 3 639 4 641 4 
1423 2 778 2 644 1 689 3 
2189 2 1422 1 643 1 777 1 
646 2 454 3 73 1 1057 1 
649 2 74 2 1056 3 645 2 
648 4 2534 4 650 2 1061 2 
647 4 653 4 590 3 1060 3 
646 2 578 3 650 1 1063 3 
647 2 1062 2 649 1 581 2 
654 2 652 2 1065 2 569 2 
651 2 2523 2 1725 3 1064 3 
648 4 76 3 1067 3 654 3 
651 2 77 3 653 3 706 2 
1372 3 656 3 
655 3 1371 3 662 2 
2424 4 1657 4 917 3 1044 3 
665 1 506 4 659 3 1378 2 
660 3 658 3 505 3 1377 5 
659 3 661 1 504 2 1380 1 
211 3 1379 3 503 1 660 1 
1374 2 502 1 656 2 
443 2 1045 2 1426 3 768 2 
508 2 502 1 1376 1 665 1 
658 1 1375 2 507 1 664 1 
946 3 667 3 1178 4 335 4 
672 4 500 4 334 3 666 3 
912 1 937 2 1178 3 
675 2 915 2 2426 2 1657 3 
1363 2 671 1 2398 3 2194 1 
670 1 2193 1 676 3 18 1 
667 4 340 3 2135 3 1190 3 
1462 2 2210 2 1460 1 
2205 2 1193 2 677 3 964 1 
1049 2 669 2 922 3 2429 2 
2207 3 671 3 962 3 677 5 
2206 3 676 5 674 3 961 3 
1199 2 1193 3 966 3 2203 3 
1050 3 1048 2 773 3 1427 1 
1580 2 687 2 681 3 1471 2 
1470 2 1579 5 682 4 680 3 
681 4 1582 3 683 3 1469 3 
1468 2 879 1 682 3 1850 2 
1213 3 852 2 1584 2 1475 1 
1051 2 2431 3 920 3 1049 2 
1473 2 1586 2 687 2 852 3 
680 2 1472 1 686 2 1585 1 
468 4 1467 1 1213 3 1588 2 
1633 5 1050 5 1429 3 643 3 
691 2 2029 1 7 2 
690 2 2294 2 2028 3 6 2 
699 1 414 1 606 2 693 1 
413 1 694 2 605 1 692 1 
695 2 693 2 608 3 412 2 
694 2 482 1 411 2 607 1 
410 2 697 2 702 3 610 2 
696 2 409 1 698 2 609 2 
699 2 697 2 408 4 612 4 
692 1 407 2 611 1 698 2 
2014 1 998 1 703 1 1055 2 
1545 3 416 4 702 4 604 4 
696 3 701 4 603 3 415 2 
997 4 2015 1 1058 1 700 1 
312 2 705 1 491 1 2305 1 
490 1 313 3 2300 3 704 1 
1067 2 2408 2 1065 2 654 2 
1066 2 1005 2 1052 3 2013 3 
709 1 156 4 
708 1 159 2 
487 3 2196 4 711 5 1802 3 
1486 3 712 3 710 5 486 3 
711 3 493 2 713 1 1481 1 
714 1 492 3 1480 2 712 1 
715 1 713 1 491 1 791 1 
714 1 716 1 490 1 790 1 
717 1 715 1 497 3 1477 3 
779 2 718 2 716 1 496 1 
495 3 719 2 717 2 1479 3 
1478 2 718 2 933 1 494 2 
1169 1 1443 1 726 2 721 2 
526 2 1168 4 1442 4 720 2 
297 2 1315 3 
730 2 1171 3 1447 2 724 2 
1170 2 1446 2 725 2 723 2 
1445 2 724 2 726 2 1173 1 
1172 2 1444 3 725 2 720 2 
1175 1 728 2 1451 3 2023 2 
1450 2 727 2 1174 3 729 3 
1449 2 1177 2 728 3 730 3 
1448 2 723 2 1176 2 729 3 
949 1 732 1 2321 1 2348 2 
2322 1 2347 1 731 1 735 2 
1145 2 753 1 2351 1 1570 2 
2326 3 739 1 1530 1 2353 2 
2323 2 736 2 732 2 2356 3 
735 2 2355 2 2324 4 1530 1 
738 3 2350 4 2329 2 740 3 
737 3 2330 3 2349 2 536 2 
740 2 734 1 2327 1 2352 3 
739 2 2351 2 2328 2 737 3 
748 1 833 3 785 1 742 2 
784 2 743 3 832 4 741 2 
783 3 744 4 742 3 835 3 
782 4 743 4 834 3 749 3 
746 3 1317 2 789 1 829 1 
745 3 788 3 747 4 828 4 
787 2 748 2 831 2 746 4 
741 1 747 2 830 1 786 2 
750 1 781 2 837 1 744 3 
749 1 780 2 836 1 19 1 
604 3 752 2 981 3 1467 2 
603 2 1466 3 751 2 765 4 
754 1 733 1 2350 3 1148 2 
753 1 1336 2 1147 2 2349 1 
756 2 2356 2 1142 1 1590 2 
2355 3 755 2 1141 4 757 2 
758 1 756 2 1144 1 2354 2 
2353 2 757 1 1570 2 1143 1 
1469 1 760 1 762 1 608 2 
547 2 1468 2 607 1 759 1 
762 2 606 3 1471 2 764 4 
761 2 1470 1 605 1 759 1 
612 3 764 3 766 1 1473 1 
611 3 761 4 763 3 1472 3 
766 4 1475 4 752 4 610 4 
765 4 1474 1 609 2 763 1 
774 2 65 3 443 1 768 1 
64 2 769 1 767 1 663 2 
988 3 768 1 1045 1 
1621 4 991 1 197 1 1286 1 
986 1 196 1 1634 1 1636 1 
989 4 1050 5 773 5 1633 5 
72 3 679 3 774 4 772 5 
767 2 773 4 1048 3 71 3 
208 3 634 3 776 4 996 3 
207 3 775 4 995 2 1635 2 
69 2 644 1 994 1 778 2 
643 2 777 2 993 2 1633 4 
717 2 1477 4 1479 3 501 2 
1242 2 750 2 563 3 781 3 
782 3 749 2 1241 2 780 3 
1248 2 744 4 781 3 783 3 
743 3 782 3 1247 3 784 2 
742 2 1250 2 783 2 785 1 
786 2 1249 3 741 1 784 1 
785 2 1244 3 748 2 787 2 
747 2 788 1 1243 3 786 2 
1246 2 746 3 787 1 789 1 
1245 1 745 1 788 1 1006 2 
791 1 715 1 1477 3 451 3 
790 1 1739 1 1480 2 714 1 
1485 4 2031 2 1483 4 1095 3 
2483 1 2470 1 1522 4 1484 1 
353 2 1097 3 1485 4 1487 3 
1079 3 796 2 1865 2 802 3 
1864 1 1078 2 589 1 795 2 
1871 3 1083 3 798 3 800 3 
803 4 1870 2 797 3 1082 2 
1873 2 806 2 1013 1 800 2 
1872 2 797 3 1080 2 799 2 
804 3 1867 2 802 2 1087 1 
1866 2 1086 4 801 2 795 3 
798 4 804 5 1085 3 1869 3 
801 3 803 5 1868 4 1084 4 
2465 1 807 1 1529 1 53 1 
1381 2 137 3 799 2 1080 2 
805 1 1528 2 151 3 2464 1 
811 2 2562 2 1973 1 809 1 
2561 3 816 2 1972 1 808 1 
2564 2 1313 1 813 1 811 2 
2563 2 808 2 810 2 1312 4 
813 1 815 3 2558 4 1969 4 
812 1 810 1 1968 1 2557 1 
593 2 1967 2 815 4 2560 4 
812 3 2559 3 814 4 1966 4 
817 3 809 2 2555 3 1316 5 
1314 2 816 3 1285 2 2554 2 
819 1 607 1 547 2 482 1 
818 1 481 1 546 1 822 1 
821 2 823 1 478 1 540 2 
820 2 539 3 477 3 826 2 
823 1 480 2 538 1 819 1 
820 1 822 1 537 2 479 2 
825 3 474 2 544 2 827 3 
824 3 142 2 543 2 473 2 
827 2 821 2 542 2 476 1 
826 2 541 2 824 3 475 4 
831 2 1861 3 829 2 746 4 
213 2 828 2 745 1 1860 2 
748 1 1859 1 833 3 831 1 
828 2 830 1 747 2 1858 2 
1857 4 742 4 833 5 835 4 
830 3 1856 3 741 3 832 5 
1855 2 837 1 835 2 744 3 
1854 3 834 2 743 3 832 4 
631 1 837 1 750 1 842 1 
841 1 834 1 749 1 836 1 
840 2 883 2 3 1 
2 4 1212 4 641 4 840 4 
1 3 838 2 1210 2 839 4 
837 1 842 1 1138 1 1855 2 
841 1 1137 1 2058 2 836 1 
1849 2 1853 1 
1307 1 845 2 1809 3 851 1 
1182 2 844 2 2171 3 1810 4 
986 1 2176 4 2165 1 1568 2 
1812 1 2171 2 856 2 1184 1 
1562 2 2184 1 992 2 2176 4 
2178 5 850 5 1186 5 1806 5 
1310 1 851 1 1807 3 849 5 
850 1 1808 1 1188 2 844 1 
684 2 1583 4 1474 2 686 3 
266 1 854 1 1744 1 1216 1 
853 1 265 3 855 1 1219 1 
264 1 1218 2 854 1 1581 1 
1803 3 1192 2 847 2 857 2 
1059 2 1191 1 1804 2 856 2 
859 1 996 1 1560 1 1925 3 
995 1 858 1 2164 2 1559 2 
861 2 2082 3 863 2 105 1 
2081 2 866 3 104 2 860 2 
863 2 2080 1 869 1 107 1 
862 2 2079 2 106 2 860 2 
101 1 865 1 867 1 2086 1 
2085 1 1195 1 864 1 100 2 
861 3 103 2 2084 3 867 2 
102 2 2083 1 864 1 866 2 
960 2 1991 1 2089 2 869 1 
1036 3 2088 1 862 1 868 1 
1436 2 871 3 1642 1 1068 1 
1641 3 872 5 870 3 1435 4 
871 5 1438 3 1640 4 873 4 
1437 5 1639 2 872 4 874 2 
875 2 1432 1 1646 2 873 2 
874 2 1431 3 876 3 1645 2 
875 3 1434 2 877 2 1644 2 
878 2 1433 1 876 2 1643 4 
877 2 1440 3 879 2 1638 3 
683 1 878 2 1439 2 1637 1 
881 2 1863 4 31 2 
880 2 2232 2 1153 1 
1287 1 22 1 1364 1 
2131 2 838 2 1210 2 
1018 3 885 3 887 3 375 5 
1017 1 884 3 374 1 2296 1 
1016 2 887 1 2291 3 377 3 
886 1 884 3 376 1 1015 1 
1648 1 889 2 2249 2 1092 2 
1647 4 888 2 894 2 2248 3 
381 3 2320 4 891 2 1020 3 
1019 1 2290 2 890 2 380 1 
895 4 373 2 1650 3 893 3 
372 3 898 3 1649 2 892 3 
1957 1 889 2 1652 1 895 3 
1942 4 1651 4 892 4 894 3 
1654 2 899 2 1938 2 897 2 
2254 1 1106 1 1653 1 896 2 
893 3 1656 3 899 2 1904 4 
1655 3 898 2 896 2 1897 2 
995 1 2164 2 987 3 1635 1 
2334 1 2058 2 902 2 1137 1 
2057 5 901 2 903 3 2333 4 
904 2 902 3 2060 3 2332 4 
903 2 905 1 2059 2 2331 2 
904 1 2062 1 2336 1 906 2 
2335 2 905 2 907 3 2061 3 
2064 2 906 3 
909 2 1982 2 167 2 1264 2 
908 2 1263 2 166 1 1119 4 
613 1 621 2 1200 1 191 1 
1195 2 914 2 2085 2 1544 3 
668 1 913 1 1041 1 
912 1 919 1 1040 3 
1461 1 958 2 911 2 1194 3 
916 1 922 3 2394 1 669 2 
917 1 915 1 1657 2 2393 2 
916 1 2395 1 657 3 
2413 4 1111 2 1113 2 517 2 
1051 2 913 1 920 3 
921 4 685 3 919 3 
2397 2 1049 3 922 4 920 4 
675 3 915 3 2396 5 921 4 
2412 2 924 2 420 1 1988 1 
923 2 1113 2 2411 2 419 2 
931 2 115 3 1413 3 2048 2 
927 1 1328 1 277 2 
926 1 276 2 1327 4 928 3 
1330 3 929 4 282 3 927 3 
1329 2 281 2 928 4 930 3 
1332 2 2518 2 280 3 929 3 
925 2 1412 1 1196 1 2047 2 
275 3 933 2 2518 2 1334 4 
1333 1 719 1 932 2 274 1 
365 3 590 2 371 2 2187 2 
936 3 978 2 1460 2 2011 3 
935 3 977 3 2010 2 944 3 
484 2 1551 3 668 2 1041 2 
1465 3 970 3 939 3 941 2 
938 3 969 3 1150 2 2006 3 
972 3 941 2 943 2 2005 3 
940 2 938 2 2004 1 971 1 
974 2 1459 1 943 1 945 3 
973 3 1457 1 942 1 940 2 
976 2 945 4 936 3 1456 3 
1455 3 944 4 975 4 942 3 
484 2 1553 3 666 3 500 4 
950 4 2556 2 2458 2 2387 3 
548 2 1556 2 1190 2 2135 2 
2456 1 731 1 2389 1 950 3 
2457 4 947 4 949 3 2388 4 
2173 3 2556 2 4 2 
1890 1 1974 1 1888 1 2073 1 
954 2 21 2 626 1 554 2 
953 2 553 2 625 4 955 2 
552 1 954 2 628 2 956 2 
551 4 627 2 957 2 955 2 
956 2 17 2 630 2 568 2 
548 2 914 2 14 2 1558 2 
19 3 17 4 564 4 632 3 
868 2 116 2 1036 4 394 3 
964 1 1817 4 962 1 677 3 
1277 1 676 3 961 1 18 1 
1193 2 966 2 1280 2 964 1 
961 1 674 1 1279 2 963 1 
968 1 966 2 1199 1 1274 1 
963 2 678 3 1273 4 965 2 
1276 3 968 1 
965 1 1275 2 967 1 
2389 2 1589 3 970 3 939 3 
938 3 971 2 2388 3 969 3 
972 2 970 2 941 1 2387 2 
940 3 2386 2 971 2 973 4 
943 3 2173 4 974 4 972 4 
942 2 2391 3 973 4 975 3 
1891 3 945 4 976 2 974 3 
944 2 977 2 975 2 
936 3 978 2 976 2 
977 2 935 2 
980 3 34 3 2245 4 79 4 
979 3 2244 1 23 2 78 2 
81 2 751 3 982 2 2243 2 
80 1 2242 1 983 3 981 2 
984 3 982 3 2241 4 83 4 
2240 2 983 3 82 1 33 1 
992 2 986 1 2176 4 1634 1 
846 1 771 1 987 3 985 1 
2165 3 986 3 1636 3 900 3 
64 4 66 4 769 3 10 3 
990 2 9 3 772 4 72 2 
989 2 993 1 1633 3 8 3 
770 1 2184 1 70 2 992 2 
985 2 848 2 1621 5 991 2 
990 1 994 1 16 2 778 2 
2188 1 993 1 15 1 777 1 
900 1 859 1 996 1 776 2 
1894 1 858 1 775 3 995 1 
998 4 703 4 1326 4 1000 5 
997 4 1325 2 700 1 1003 1 
1191 1 1324 1 1059 2 1000 2 
1058 2 1323 2 999 2 997 5 
1004 2 1002 1 1322 2 1053 2 
1005 1 1001 1 1321 3 1052 2 
998 1 1320 3 1004 2 1055 2 
1001 2 1319 2 1054 2 1003 2 
1002 1 707 2 1318 1 1006 2 
1317 3 1066 2 1005 2 789 2 
1997 1 121 1 1008 1 375 3 
374 1 1996 2 1007 1 1009 4 
1010 4 1999 4 384 5 1008 4 
1009 4 383 2 347 1 1998 1 
1366 2 286 1 1493 3 99 2 
1035 2 2025 1 2087 2 
1014 1 1689 2 1381 1 799 1 
1013 1 1688 1 2296 1 1017 1 
1016 2 1691 3 887 1 1018 1 
886 2 1015 2 1690 2 1021 3 
1693 1 885 1 1018 1 1014 1 
884 3 1017 1 1692 2 1015 1 
891 1 1022 3 1020 2 1695 1 
2041 3 890 3 1019 2 1694 2 
2291 4 1022 4 1016 3 1697 4 
1021 4 2290 4 1696 3 1019 3 
1201 2 2191 1 
1189 1 2289 1 1025 4 2278 1 
1026 5 2288 4 1024 4 1183 4 
1025 5 1027 2 2287 4 169 2 
1028 2 1026 2 168 1 2286 1 
2285 4 1029 3 1027 2 171 3 
1028 3 1030 3 170 2 2284 3 
1029 3 173 5 2283 3 1031 2 
2282 1 172 1 1032 1 1030 2 
1198 4 1031 1 1033 3 2281 2 
2280 3 1211 3 174 3 1032 3 
1035 3 2027 2 1037 2 
1012 2 1034 3 2026 3 
869 3 395 4 960 4 107 3 
1034 2 2028 2 
1101 3 2459 5 2482 4 1350 3 
1098 3 2549 2 1315 2 1123 1 
1041 3 913 3 1051 4 2423 5 
1040 3 912 1 937 2 2422 1 
1726 2 2091 3 1043 2 1047 2 
2090 3 1042 2 1725 2 1064 2 
2425 2 657 3 
1424 1 663 2 769 1 
2093 2 1047 2 1724 2 
1723 3 1046 2 1042 2 2092 1 
679 2 1428 3 774 3 443 2 
675 2 921 3 2428 3 685 2 
679 3 689 5 1430 4 772 5 
685 2 919 2 1040 4 2430 2 
2018 3 1053 3 707 3 1002 2 
2019 2 1001 2 1052 3 1054 2 
2020 1 1004 2 1055 2 1053 2 
1054 2 2021 3 1003 2 700 2 
646 3 1063 4 2402 2 1057 2 
1262 1 1056 2 645 1 2401 4 
1000 2 703 1 2016 1 1059 2 
999 2 857 2 2017 3 1058 2 
1067 2 648 3 2406 1 1061 1 
1062 2 647 2 2405 1 1060 1 
1063 4 1061 2 650 2 2404 3 
2403 4 1056 4 1062 4 649 3 
2410 2 1065 3 1043 2 652 3 
2409 2 651 2 1064 3 706 2 
1006 2 707 2 2012 3 1245 1 
706 2 1060 2 653 3 2407 4 
1069 3 1289 2 870 1 1784 3 
1783 3 1288 3 1068 3 1072 3 
1071 4 1788 3 1297 3 1073 4 
1296 5 1070 4 1787 2 1076 2 
1299 2 1786 1 1073 2 1069 3 
1298 2 1070 4 1072 2 1785 4 
1075 2 1792 2 1293 1 1077 2 
1982 2 1074 2 1264 2 1791 3 
1077 2 1790 2 1295 1 1071 2 
1789 3 1076 2 1984 2 1074 2 
473 2 1079 3 796 2 142 2 
1078 3 795 3 141 2 1086 4 
138 2 1083 2 800 2 806 2 
1852 1 1276 3 
140 1 1085 1 1083 2 798 2 
139 2 797 3 1082 2 1080 2 
134 3 1085 2 1087 2 804 4 
133 1 1084 2 803 3 1082 1 
1087 3 802 4 136 4 1079 4 
1084 2 1086 3 135 4 801 1 
1089 2 1095 2 2048 1 1483 3 
1088 2 2162 2 2047 3 1482 2 
2056 2 1093 2 1091 2 1489 4 
2055 2 1488 2 1090 2 1096 2 
1491 2 2054 3 1093 2 888 2 
1092 2 2053 1 1490 2 1090 2 
1840 2 1485 3 1097 2 1095 2 
1088 2 2051 3 792 3 1094 2 
1487 3 1097 3 2050 3 1091 2 
794 3 1096 3 1094 2 2049 3 
1039 3 2000 4 1912 3 1916 3 
2489 1 1100 2 1163 3 1104 1 
1099 2 1162 2 1101 2 2482 3 
1102 1 1038 3 1165 1 1100 2 
1101 1 2459 3 1105 1 1164 2 
1104 1 2508 3 
1103 1 1099 1 2502 2 
2213 1 1106 1 1102 1 1167 1 
897 1 1166 2 1105 1 2212 2 
2420 4 1108 5 512 4 1110 4 
1107 5 511 2 2419 2 
514 2 1112 3 2418 2 1110 2 
2417 2 1107 4 1109 2 513 1 
918 2 516 1 1112 2 2416 1 
515 3 1111 2 1109 3 2415 2 
518 2 918 2 924 2 2414 1 
1311 1 2150 1 1358 2 1717 2 
177 2 1122 1 1266 1 1116 2 
1117 3 1265 2 176 2 1115 2 
175 4 1116 3 1268 2 1118 3 
1267 4 1196 2 1117 3 1412 2 
181 4 1120 5 1270 4 909 4 
1119 5 1121 2 1269 3 180 4 
1272 1 1122 1 1120 2 179 2 
1121 1 1115 1 1271 1 178 2 
1125 2 2507 1 1912 1 1039 1 
1815 2 1458 3 337 2 1139 2 
1123 2 1915 2 2506 2 148 3 
227 2 1311 2 1717 3 238 3 
147 2 149 1 2500 1 1564 1 
1129 1 1135 1 2149 2 1859 1 
1128 1 1130 2 2148 2 1858 2 
1129 2 1861 3 1131 3 2147 2 
1309 2 1860 3 2146 3 1130 3 
1133 4 1138 2 1855 3 2153 3 
1132 4 2152 3 1854 4 1134 4 
1857 3 1135 2 2151 3 1133 4 
1856 1 2150 1 1134 2 1128 1 
153 1 2009 2 1919 2 2115 1 
1138 1 842 1 2145 1 901 1 
1137 1 1132 2 841 1 2144 2 
2455 2 1531 2 343 3 1124 2 
1382 3 1348 2 234 1 2144 2 
756 4 1144 3 1757 3 1142 3 
1149 1 755 1 1756 1 1141 3 
1144 1 1755 1 1146 1 758 1 
1754 2 1141 3 1143 1 757 1 
733 2 1753 2 1146 2 1148 3 
1752 3 1570 2 1143 1 1145 2 
417 2 1751 3 1148 3 754 2 
1750 3 1147 3 753 2 1145 3 
1150 1 1749 1 1142 1 1590 2 
1149 1 1589 2 939 2 1748 1 
1192 2 1159 2 432 2 1152 4 
1191 3 1324 3 1151 4 431 3 
881 1 2231 2 1232 1 
1157 2 434 2 1155 4 1310 2 
1160 4 1154 4 1188 4 433 4 
2522 3 1187 5 436 3 1157 3 
1154 2 1186 1 435 2 1156 3 
438 2 1161 1 1185 1 1159 1 
437 1 1151 2 1158 1 1184 1 
1155 4 1161 2 1307 2 440 2 
439 1 1160 2 1158 1 1182 1 
2538 2 1165 1 1163 3 1100 2 
1162 3 2537 3 1099 3 
2536 3 1102 2 1165 2 1167 2 
1162 1 2535 2 1101 1 1164 2 
1167 2 2540 4 1106 2 1653 2 
2539 2 1166 2 1105 1 1164 2 
1169 3 721 4 63 4 1339 4 
720 1 62 2 1168 3 1172 1 
724 2 1173 1 61 1 1171 3 
723 3 1176 3 60 3 1170 3 
726 2 1173 1 59 2 1169 1 
58 1 1172 1 1170 1 725 1 
1175 2 1177 2 57 3 728 3 
1174 2 56 2 727 1 2268 2 
1177 1 55 2 1171 3 730 2 
1176 1 1174 2 54 2 729 2 
336 3 666 4 668 3 484 3 
2475 3 1931 3 1390 2 2481 3 
338 2 1190 2 14 2 548 2 
1934 4 1932 5 2478 4 2014 4 
845 2 1185 1 1161 1 1307 1 
1189 1 169 1 1546 2 1025 4 
1185 1 1192 1 847 1 1159 1 
1184 1 1182 1 1158 1 2171 2 
1187 3 1157 1 1310 1 849 5 
1831 4 1186 3 1156 5 2178 3 
1310 2 1307 2 1155 4 851 2 
1545 1 1183 1 416 2 1024 1 
1180 2 339 3 948 2 672 3 
999 1 857 1 1152 3 1192 1 
1151 2 856 2 1191 1 1184 1 
963 2 678 3 674 2 2204 4 
343 4 914 3 1195 3 14 3 
911 2 865 1 342 1 1194 3 
175 3 931 1 1118 2 596 2 
2477 1 1937 1 2479 1 1384 3 
341 4 174 4 172 4 1032 4 
678 2 2202 2 965 1 
1201 2 1205 3 1822 1 910 1 
1200 2 1023 2 621 3 1821 2 
1203 3 616 1 1209 1 1824 2 
1202 3 1823 3 615 5 1204 3 
1203 3 1205 3 614 1 1826 1 
613 3 1200 3 1204 3 1825 3 
1828 2 2235 2 1207 2 620 3 
1827 2 1206 2 1208 1 619 2 
618 2 1830 1 1209 1 1207 1 
617 3 1829 1 1208 1 1202 1 
840 2 883 2 1212 2 2130 2 
1033 3 2094 1 
2129 2 839 4 2076 2 1210 2 
1587 3 684 3 688 3 1466 5 
1215 1 211 3 1781 3 1379 3 
1218 2 1581 1 1214 1 1780 2 
1219 1 1779 1 1217 1 853 1 
1744 1 1778 2 1222 1 1216 1 
1215 2 1777 4 1219 2 855 2 
1216 1 1218 2 1776 1 854 1 
294 3 1221 2 1223 1 1775 2 
2201 2 1774 2 1220 2 1251 2 
304 1 1223 1 1217 1 1773 3 
1772 2 302 2 1220 1 1222 1 
1225 1 2263 2 327 2 
382 3 1224 1 326 1 1226 2 
1227 2 2261 3 329 2 1225 2 
1226 2 328 1 1228 1 2260 1 
2267 2 331 1 1227 1 1229 1 
330 1 2266 2 1230 1 1228 1 
1231 3 333 3 2265 2 1229 1 
1230 3 332 4 2264 3 624 3 
2230 1 1153 1 1283 2 
1238 1 2204 3 1835 2 1234 1 
2205 2 1834 2 1235 1 1233 1 
1837 1 1236 2 2206 1 1234 1 
1239 4 2207 2 1235 2 1836 3 
1238 1 2202 2 
2203 2 1233 1 1833 1 1237 1 
1832 3 1236 4 1240 3 2193 3 
2194 1 2178 1 1239 3 1831 2 
2216 3 1248 1 1242 1 781 2 
780 2 1396 1 2217 2 1241 1 
2222 3 787 3 1246 4 1244 4 
1249 4 1243 4 2223 2 786 3 
789 1 2224 2 1246 2 1066 1 
788 2 2225 3 1243 4 1245 2 
1250 3 1248 2 783 3 2218 2 
782 2 1247 2 1241 1 2219 3 
1244 4 785 3 2220 3 1250 4 
1247 3 784 2 2221 2 1249 4 
1802 1 1221 2 1252 1 1883 3 
1882 1 1251 1 461 1 1486 1 
2251 2 225 2 450 3 1254 2 
449 2 2250 3 1253 2 1255 4 
457 5 1256 3 2255 3 1254 4 
1918 4 1257 1 1255 3 456 1 
2253 1 1258 1 459 1 1256 1 
1257 1 2252 1 1259 1 458 2 
2259 2 1260 1 1258 1 453 3 
2258 1 1259 1 452 1 1261 3 
1262 3 2257 3 455 3 1260 3 
1261 3 2256 2 454 3 1057 1 
1270 2 909 2 1999 2 1264 2 
1998 1 1075 2 1263 2 908 2 
1266 1 1116 2 1268 1 1993 1 
1265 1 1992 2 1115 1 1271 1 
1118 4 1268 3 2089 4 1991 3 
1265 1 1117 2 1267 3 1990 2 
1272 2 1997 2 1270 2 1120 3 
1996 2 1263 2 1269 2 1119 4 
1272 1 1995 3 1122 1 1266 1 
1121 1 1269 2 1994 1 1271 1 
1687 3 1280 4 1274 3 966 4 
1273 3 1275 2 965 1 1686 1 
968 2 1685 3 1276 4 1274 2 
967 3 1275 4 1684 4 1081 3 
1820 1 962 1 1683 2 1817 4 
2188 2 15 2 200 4 2122 2 
1280 3 1681 3 1817 5 964 2 
1273 4 1279 3 1680 2 963 2 
1679 4 1535 4 1363 4 1820 3 
1768 3 579 3 199 3 201 4 
2229 2 1287 2 1232 2 
573 1 1763 4 1285 1 206 2 
817 2 572 2 1284 1 1762 1 
2188 1 70 2 200 3 770 1 
2228 2 1283 2 882 1 
1289 2 1069 3 2555 2 1299 2 
1288 2 2554 2 1068 2 1436 3 
1983 1 315 1 2269 2 1291 2 
56 3 2268 3 1290 2 314 2 
1985 1 404 3 2421 2 1983 1 
2559 1 1982 1 1074 1 1984 1 
313 3 1987 1 305 1 1985 1 
1984 1 2557 1 1076 1 1296 4 
1071 5 1297 4 2564 5 1295 4 
1296 4 1298 1 1070 3 2563 1 
1073 2 1297 1 2562 2 1299 2 
1072 2 1298 2 2561 4 1288 2 
1303 2 1301 2 2308 1 50 1 
2307 2 1300 2 1308 4 49 3 
1303 4 1305 3 48 3 2310 5 
1300 2 2309 2 1302 4 47 2 
46 3 2297 1 2032 1 1305 1 
1361 2 45 3 1304 1 1302 3 
1476 1 44 1 2032 1 2306 3 
844 1 1160 2 1188 2 1182 1 
1309 3 52 3 1301 4 1677 4 
1131 2 1308 3 51 1 1676 1 
850 1 1188 2 1186 1 1154 2 
1114 1 1126 2 1345 1 2151 2 
1594 3 811 4 1973 3 1313 3 
810 1 1968 1 1312 3 1593 3 
1592 2 1316 4 817 2 1762 1 
1916 2 722 3 1039 2 2181 3 
1314 4 816 5 1972 4 1591 4 
1006 3 745 2 1318 2 213 3 
212 2 1005 1 1321 3 1317 2 
1322 2 1004 2 1320 3 219 1 
218 3 1325 4 1319 3 1003 3 
221 3 1002 3 1322 4 1318 3 
1319 2 220 3 1001 2 1321 4 
1326 1 1324 1 1000 2 215 2 
999 1 1323 1 214 1 1152 3 
1326 2 217 2 998 2 1320 4 
216 1 1325 2 1323 1 997 4 
1328 4 1411 4 1330 4 927 4 
1327 4 926 1 
1330 1 929 2 1410 1 1332 1 
1329 1 1327 4 1409 1 928 3 
1332 1 1334 3 2518 1 1408 1 
1407 2 1329 1 930 2 1331 1 
933 1 230 2 1334 3 1478 2 
229 3 1333 3 1331 3 932 4 
1944 1 418 3 1336 2 1342 3 
1943 2 754 2 1335 2 417 2 
524 2 1939 2 1338 1 1340 2 
523 1 1935 1 1343 4 1337 1 
1340 3 1347 3 1168 4 526 2 
1339 3 525 3 2476 2 1337 2 
1342 4 232 2 1344 2 520 3 
1341 4 519 3 2474 4 1335 3 
2473 4 1338 4 1344 4 522 4 
1341 2 521 1 1913 1 1343 4 
2152 1 1348 2 1311 1 227 1 
1362 3 2147 2 226 3 1349 3 
1339 3 527 2 63 3 2476 2 
228 2 1140 2 2153 3 1345 2 
2146 3 1346 3 2251 3 225 3 
1353 1 2431 3 1351 1 1038 3 
2430 1 2459 3 1359 1 1350 1 
2429 3 2489 2 1355 3 1353 2 
1350 1 2428 2 2482 2 1352 2 
1355 2 2508 3 1357 2 2427 2 
1354 2 2502 3 1352 3 2426 2 
2425 2 1357 2 
2424 3 1356 2 1354 2 223 2 
2149 3 1114 2 1362 3 224 2 
2213 1 2423 3 1351 1 1360 2 
2529 2 2212 3 2422 2 1359 2 
1305 2 2297 2 2310 4 217 2 
1346 3 2148 3 1358 3 222 3 
18 2 670 2 2339 2 1281 4 
2087 2 882 1 2226 3 
1493 3 1366 2 
1011 2 1369 2 1365 2 
1505 1 1368 2 1370 4 251 1 
422 2 1504 4 1367 2 250 2 
249 1 1366 2 99 2 1370 4 
248 4 1507 5 1367 4 1369 4 
656 3 1705 3 1374 3 1372 3 
655 3 1632 2 1518 4 1371 3 
1374 2 1631 2 1376 1 502 1 
662 2 1373 2 1630 3 1371 3 
665 2 1376 2 1378 3 1629 3 
664 1 1375 2 1373 1 1628 3 
1627 4 659 5 1380 3 1378 4 
1626 2 658 2 1375 3 1377 4 
1625 3 1380 3 661 3 1214 3 
1624 1 1379 3 660 1 1377 3 
2296 1 383 2 806 2 1013 1 
1140 3 2145 3 235 5 2544 5 
1540 3 1384 4 1873 3 2477 2 
1385 3 1383 4 1872 3 1197 3 
1384 3 1386 2 2479 1 1871 2 
2478 2 190 3 1385 2 1870 2 
35 2 2384 2 550 5 1388 2 
2385 1 545 1 1393 2 1387 2 
2475 3 471 2 1390 2 1867 3 
1179 2 1389 2 1866 1 209 2 
1394 1 552 1 2380 3 1392 1 
2381 1 1397 1 551 3 1391 1 
1394 2 554 3 1388 2 2382 5 
1393 2 1391 1 2383 1 553 1 
2376 3 1396 2 1398 3 564 3 
563 2 1242 1 1395 2 2377 1 
1398 2 568 2 2378 2 1392 1 
2379 3 1397 2 1395 3 557 2 
1670 3 155 2 2445 2 1400 2 
2444 4 1401 1 1671 2 1399 2 
1668 1 1402 3 1400 1 2447 2 
1669 4 2446 4 1401 3 1403 3 
2449 1 1674 2 1404 1 1402 3 
1405 1 1675 2 2448 1 1403 1 
1404 1 1672 3 1406 2 2451 2 
231 2 1673 2 1405 2 1818 3 
1332 2 1410 2 1408 2 1701 2 
229 1 1700 1 1407 2 1331 1 
1410 1 1703 1 1330 1 1411 1 
1329 1 1407 2 1702 3 1409 1 
1327 4 1704 2 1409 1 
931 1 2089 2 1118 2 1413 2 
2088 2 1418 3 925 3 1412 2 
111 3 1421 3 2084 4 1415 4 
110 3 2083 2 1414 4 1416 3 
2086 2 109 3 1417 2 1415 3 
1544 2 108 1 2085 1 1416 2 
2080 2 115 3 1419 4 1413 3 
1420 3 2079 3 1418 4 114 4 
2082 3 1419 3 113 3 1421 1 
112 3 1414 3 2081 1 1420 1 
2552 4 644 1 1423 2 1563 2 
643 2 2553 2 1429 2 1422 2 
1045 1 1426 2 
443 2 1426 3 1428 3 2181 3 
1425 3 663 3 1424 2 297 2 
1430 2 2507 1 1428 2 679 1 
1425 3 1427 2 1048 3 2549 3 
1423 2 689 3 1430 2 2505 4 
1427 2 1050 4 2506 2 1429 2 
1432 2 875 3 577 2 1434 2 
1431 2 874 1 1437 4 576 3 
575 2 877 1 1434 1 1440 2 
1431 2 876 2 1433 1 574 1 
1436 3 871 4 573 2 1438 2 
870 2 572 3 1435 3 1289 3 
1438 4 571 5 1432 4 873 5 
1437 4 872 3 570 2 1435 2 
1440 3 1850 3 879 2 580 3 
1439 3 878 3 579 2 1433 2 
1454 2 340 2 1499 4 1814 3 
1443 3 721 4 2358 3 1597 3 
1442 3 720 1 2357 3 1444 2 
1445 3 726 3 2360 3 1443 2 
725 2 1444 3 1446 2 2359 2 
2159 1 1447 2 724 2 1445 2 
1446 2 1448 2 2361 3 723 2 
730 2 1447 2 1449 1 2373 4 
2370 1 729 2 1450 1 1448 1 
1449 1 728 2 1451 3 2375 2 
1450 3 2162 3 727 3 1482 3 
1453 3 2457 2 
1452 3 1610 3 2456 3 
1441 2 1813 1 339 3 1458 3 
945 3 1459 1 1659 2 1456 2 
2010 2 1601 3 1455 2 944 3 
943 1 1459 1 2005 2 1661 1 
338 3 1816 3 1124 3 1454 3 
1455 1 942 1 1660 2 1457 1 
2211 2 935 2 673 1 
914 1 1558 1 2525 2 1544 2 
1463 2 2209 3 673 2 
1462 2 2208 2 
1549 2 2240 2 1543 1 168 1 
2006 3 938 3 2004 2 1607 2 
752 3 1467 3 1213 5 1475 3 
1466 3 688 1 751 2 81 1 
683 2 1637 2 760 2 1469 2 
759 1 1468 2 1470 1 682 3 
1471 1 762 1 681 2 1469 1 
1470 1 1472 1 761 2 680 2 
1471 1 687 1 764 3 1473 1 
686 2 1474 1 763 1 1472 1 
1475 1 852 2 766 1 1473 1 
765 4 1474 1 684 1 1466 3 
1306 1 2463 2 1521 2 53 1 
779 4 499 3 790 3 716 3 
719 2 1503 2 1333 2 1479 3 
483 4 718 3 779 3 1478 3 
1481 2 713 2 472 4 791 2 
1480 2 461 1 1486 1 712 1 
1483 3 1089 2 2023 2 1451 3 
1482 3 2022 3 792 4 1088 3 
2471 2 1523 1 132 1 793 1 
792 4 2030 4 1094 3 794 4 
1802 1 711 3 1252 1 1481 1 
1488 3 1096 3 352 2 794 3 
359 2 1487 3 1091 2 1489 4 
358 4 1488 4 1490 4 1090 4 
1491 2 357 4 1093 2 1489 4 
1490 2 1092 2 356 1 1648 1 
336 1 1494 2 
1365 3 1011 3 285 3 1495 4 
1819 2 1499 4 335 4 1492 2 
1500 2 284 3 1493 4 
2536 3 1497 2 1502 3 
1498 2 1496 2 2535 2 
1497 2 2538 3 
334 4 1441 4 2450 3 1494 4 
1495 2 283 4 
2540 3 1502 2 2419 1 
1501 2 2539 3 1496 3 
1478 2 1874 2 230 2 483 3 
405 4 290 4 1368 4 1505 3 
1507 2 1367 1 289 2 1504 3 
2374 2 1571 2 2376 3 1569 4 
99 3 1370 5 288 2 1505 2 
1511 3 1509 2 2130 2 1746 1 
1508 2 2129 2 1667 2 1747 3 
2132 2 1511 4 1513 2 1743 3 
1508 3 1510 4 2131 3 1745 4 
1741 3 1514 2 1513 2 
1510 2 1512 2 1742 3 
1740 2 1512 2 
2169 2 1516 2 1519 1 
1517 2 1515 2 2168 3 
1516 2 2167 2 1518 3 
1372 4 1517 3 2166 4 
1515 1 2170 2 
432 3 1521 4 1529 3 53 3 
1476 2 2306 4 431 2 1520 4 
436 4 793 4 1523 4 1839 5 
1524 1 1484 1 435 2 1522 4 
1523 1 132 1 434 1 1525 2 
433 3 1718 4 1526 2 1524 2 
1527 2 1851 2 440 1 1525 2 
1526 2 151 4 1528 3 439 2 
1529 2 807 2 1527 3 438 3 
1528 2 437 1 805 1 1520 3 
2354 2 734 1 2325 2 736 1 
342 1 1139 2 2454 1 392 3 
2338 2 1533 4 1539 2 1697 4 
1534 3 1532 4 1696 3 2337 3 
1533 3 1535 2 2340 1 1695 1 
1694 2 1281 4 1534 2 2339 2 
1541 1 1537 2 2342 1 1693 1 
1538 2 1536 2 1692 3 2341 3 
2344 2 1537 2 1539 1 1691 3 
2343 1 1690 1 1538 1 1532 2 
1383 3 1541 2 2346 3 1689 3 
1536 1 1540 2 1688 1 2345 1 
2544 3 235 3 
169 1 1546 2 1464 1 2241 2 
1417 2 911 3 2524 2 1461 2 
701 3 1189 1 1546 2 2243 1 
1543 2 1545 2 2242 2 1183 2 
1550 2 1548 1 2245 2 173 4 
1547 1 341 1 2244 1 172 1 
2247 2 1550 3 1464 2 171 3 
1547 2 1549 3 170 2 2246 2 
2529 2 937 3 1552 2 2422 2 
484 1 1553 2 1551 2 2528 1 
1554 2 946 3 1552 2 2527 2 
1553 2 500 3 2526 1 1555 1 
2135 1 2533 1 1556 1 1554 1 
948 2 1557 1 2532 3 1555 1 
2531 2 548 1 1556 1 1558 1 
2530 1 1461 1 958 2 1557 1 
1566 4 1560 2 154 2 859 2 
1559 2 1670 2 155 1 858 1 
1562 2 149 1 1564 1 2184 1 
1561 2 1567 2 848 2 150 2 
1564 2 147 3 2189 3 1422 2 
2186 1 1563 2 1561 1 1127 1 
1568 3 145 2 1566 4 2165 2 
2164 4 1559 4 146 3 1565 4 
1562 2 2176 4 143 1 1568 2 
1565 3 144 2 1567 2 846 2 
1737 3 2377 3 2163 3 1506 4 
758 2 2352 4 733 2 1146 2 
2161 2 1506 2 1572 2 2379 2 
2160 2 1573 3 1571 2 2378 3 
1574 4 1572 3 2381 2 5 2 
1573 4 2380 5 2158 3 1575 5 
1576 3 2383 3 1574 5 2157 3 
1575 3 1577 1 2382 4 2156 1 
2155 1 1576 1 1578 1 2385 1 
2154 1 1577 1 2384 1 258 1 
403 4 1580 4 1582 4 681 5 
680 2 1579 4 1585 1 402 3 
211 3 1215 1 273 3 855 1 
1850 2 1579 4 682 3 400 1 
1586 3 852 4 1584 4 399 4 
398 2 1587 2 684 2 1583 4 
1580 1 1586 1 397 2 687 1 
396 2 1583 3 1585 1 686 2 
1213 3 1588 2 1584 2 406 1 
405 3 1587 2 290 3 688 2 
1590 3 1150 2 969 3 2348 3 
1149 2 1589 3 2347 2 755 2 
418 3 1592 2 1316 4 1596 3 
1314 2 1751 3 417 2 1591 2 
522 3 1600 4 1594 3 1313 3 
521 1 1312 3 1595 2 1593 3 
520 3 1973 2 1596 4 1594 2 
1972 3 519 3 1595 4 1591 3 
1598 2 526 1 1967 1 1442 3 
1597 2 525 3 1599 2 1966 3 
1969 4 1600 2 1598 2 524 2 
1968 2 523 2 1593 4 1599 2 
1456 3 1612 2 1659 3 426 3 
1664 5 1658 5 2327 5 301 5 
300 2 2330 3 1604 2 1770 4 
2329 1 1658 1 1603 2 299 1 
298 2 1663 1 1665 1 2324 4 
2004 2 1607 2 1662 2 429 3 
428 4 1606 2 1608 1 1465 2 
2006 2 1769 1 1607 1 427 1 
1663 5 1782 5 1610 5 2322 5 
2321 1 1453 3 1609 5 
422 2 250 2 1612 2 2011 3 
2010 1 1601 2 1611 2 421 2 
1616 2 2283 2 1614 1 256 1 
255 3 1622 2 1613 1 2282 1 
1618 2 1616 2 2285 3 254 2 
1613 2 253 2 2284 3 1615 2 
1618 2 2287 3 260 1 1620 1 
1617 2 2286 2 1615 2 259 3 
2154 3 258 3 2289 3 1620 3 
1619 3 257 2 2288 1 1617 1 
1634 4 770 4 992 5 198 4 
1623 2 262 3 1614 2 2281 3 
1622 2 2280 1 1767 3 261 1 
1380 1 1625 1 1627 2 2367 3 
1379 3 1781 3 1624 1 2366 1 
1629 2 1378 2 1627 2 2369 1 
1377 4 1624 2 2368 2 1626 2 
1631 4 1629 4 2363 3 1376 3 
1626 2 2362 4 1628 4 1375 3 
2365 2 1374 3 1631 3 1705 3 
2364 2 1628 4 1373 2 1630 3 
1372 2 2166 2 1705 2 2372 2 
689 5 990 3 772 5 778 4 
1621 4 771 1 985 1 195 1 
1636 1 194 1 776 2 900 1 
987 3 1635 1 193 1 771 1 
1468 2 1638 2 879 1 547 2 
1643 5 546 2 1637 2 878 3 
542 2 1640 2 1646 2 873 2 
1641 2 1639 2 541 2 872 4 
871 3 544 1 1640 2 1642 1 
1641 1 1784 3 870 1 543 1 
1638 5 1644 4 877 4 538 4 
537 2 1645 1 1643 4 876 2 
540 2 1644 1 1646 2 875 2 
539 3 874 2 1645 2 1639 2 
123 4 1648 3 889 4 1652 3 
888 1 1647 3 1491 1 122 1 
1650 2 127 1 1656 2 893 2 
1649 2 126 2 1651 3 892 3 
1652 2 895 4 125 3 1650 3 
1651 2 1647 3 894 1 124 2 
1654 1 131 2 897 1 1166 2 
1653 1 896 2 130 1 1655 3 
899 3 129 3 1656 4 1654 3 
898 3 1649 2 128 4 1655 4 
2427 3 916 2 657 4 669 3 
1604 1 2328 1 303 1 1602 5 
1455 2 1660 3 1601 3 425 3 
424 3 1459 2 1659 3 1661 2 
1662 1 423 3 1660 2 1457 1 
1661 1 1606 2 2005 2 430 1 
1609 5 2323 1 1605 1 296 1 
1602 5 293 3 1665 1 2326 3 
2325 2 292 2 1605 1 1664 1 
1921 4 231 2 1673 2 1667 2 
1920 1 1509 2 1666 2 233 1 
1401 1 1671 2 1669 2 1923 1 
1922 2 1402 4 1668 2 1674 3 
1399 3 1560 2 1671 3 1925 4 
1924 3 1668 2 1670 3 1400 2 
1927 5 1405 3 1675 4 1673 3 
1666 2 1926 2 1406 2 1672 3 
1929 3 1675 3 1403 2 1669 3 
1404 2 1674 3 1672 4 1928 2 
1309 1 213 2 1677 2 1860 2 
2307 2 212 3 1676 2 1308 4 
2042 2 1820 1 1683 2 1679 2 
1678 2 1281 4 2041 3 1694 2 
1681 2 1280 2 2038 1 1687 1 
2037 2 1279 3 1680 2 1682 3 
1681 3 1683 3 1817 5 2040 2 
1678 2 2039 2 1682 3 1277 2 
1852 2 2034 2 1685 3 1276 4 
2033 2 1684 3 1275 3 1686 2 
1687 1 1685 2 2036 1 1274 1 
1273 3 1686 1 1680 1 2035 1 
1541 1 1693 1 1689 2 1014 1 
1873 3 1688 2 1013 2 1540 3 
1539 1 1691 3 1016 2 1697 3 
1015 3 1690 3 1692 4 1538 3 
1691 4 1018 2 1693 2 1537 3 
1017 1 1688 1 1692 2 1536 1 
1695 1 1535 2 1679 2 1020 2 
1694 1 1019 1 1696 1 1534 1 
1697 3 1022 3 1533 3 1695 1 
1696 3 1690 3 1532 4 1021 4 
230 2 2009 2 1699 3 1874 2 
1700 3 229 3 2008 4 1698 3 
1699 3 1408 1 1701 1 2003 1 
1702 3 1407 2 1700 1 2002 1 
1410 3 2001 4 1701 3 1703 3 
1409 1 1704 2 2000 2 1702 3 
2007 2 1703 2 1411 2 
1632 2 1371 3 2371 4 1630 3 
2273 2 2157 2 1707 4 1709 3 
2272 5 2156 3 1706 4 1715 5 
2271 1 5 1 1711 1 1709 2 
1706 3 1708 2 2270 2 2158 2 
2277 2 1711 2 1713 3 2161 3 
1710 2 1708 1 2276 1 2160 1 
1884 1 2275 2 2163 1 1713 2 
2374 2 1710 3 1712 2 2274 4 
2306 3 215 2 2032 1 2297 1 
1716 3 2155 3 2279 3 1707 5 
1715 3 2289 1 2154 1 2278 1 
239 3 224 2 1114 2 1126 3 
1525 4 2469 3 1851 4 132 3 
2091 3 1720 3 2484 2 1722 4 
1719 3 2090 4 2470 2 2483 2 
2488 1 2093 1 1722 3 
2487 5 1719 4 2092 3 1721 3 
1047 3 86 3 1724 3 1726 3 
1723 3 1046 2 
84 3 1043 2 1726 2 652 3 
1042 2 1723 3 1725 2 85 2 
1863 3 1728 2 
2097 3 1862 2 1727 2 
1981 1 2223 1 1730 3 1736 1 
1980 4 1731 3 2222 3 1729 3 
1732 1 1979 2 1730 3 2225 2 
1731 1 1941 1 1978 2 2224 2 
1738 2 1734 2 1977 1 2219 3 
2218 2 1976 4 1733 2 1735 3 
2221 2 1975 2 1734 3 1736 2 
1974 1 2220 1 1729 1 1735 2 
1569 3 2217 2 1738 2 1971 1 
1970 2 2216 4 1733 2 1737 2 
451 3 791 1 1879 2 472 3 
1741 3 1514 2 28 2 
30 2 1512 3 1740 3 1742 4 
1741 4 1743 4 1513 3 29 4 
1742 4 1745 3 1510 3 25 2 
1217 1 304 1 853 1 267 1 
1511 4 1743 3 24 2 1746 2 
1747 2 1508 1 27 2 1745 2 
233 2 26 2 1746 2 1509 3 
1769 1 2006 2 1749 1 1150 1 
1149 1 1768 1 1748 1 1756 1 
1763 5 1148 3 1753 2 1751 3 
1592 3 1147 3 1762 2 1750 3 
1753 3 1146 3 1755 3 1765 3 
1752 3 1764 2 1145 2 1750 2 
1144 2 1757 2 1755 2 1759 3 
1754 2 1752 3 1143 1 1758 2 
1757 1 1761 2 1142 1 1749 1 
1756 1 1754 2 1141 3 1760 1 
1759 3 1765 2 204 2 1755 2 
1758 3 1760 2 1754 3 203 3 
202 2 1759 2 1761 2 1757 1 
1768 2 201 3 1756 2 1760 2 
1751 2 1314 1 1285 1 1763 4 
1764 5 1750 5 1284 4 1762 4 
1753 2 206 3 1763 5 1765 2 
1758 2 205 1 1764 2 1752 3 
68 2 1767 3 
2094 3 67 4 1766 3 1623 3 
1282 3 1761 2 1749 1 1769 1 
1608 1 1748 1 1768 1 199 1 
2134 3 1603 4 2372 4 1771 4 
2371 4 2133 2 88 2 1770 4 
1773 4 1223 2 1775 3 2442 3 
1772 4 1778 4 2441 4 1222 3 
1221 2 1775 2 1802 1 2196 2 
1774 2 1772 3 2195 2 1220 2 
2443 2 1777 3 1779 1 1219 1 
1780 4 2197 3 1218 4 1776 3 
1773 4 2200 2 1779 2 1217 2 
1216 1 1778 2 2199 1 1776 1 
1777 4 1215 2 1781 4 2461 3 
1625 3 2460 3 1214 3 1780 4 
1609 5 296 1 
1069 3 1786 1 1784 3 355 1 
1642 3 354 4 1783 3 1068 3 
1788 3 1786 3 349 3 1073 4 
1785 3 1072 1 1783 1 348 1 
1788 1 1071 2 1790 2 351 2 
1785 3 350 2 1787 1 1070 3 
1790 3 345 2 1077 3 1792 3 
1789 3 1076 2 344 4 1787 2 
347 2 1792 3 1998 2 1075 3 
1789 3 1074 2 1791 3 346 4 
1800 2 2114 2 1877 2 1794 3 
1795 2 1876 4 1793 3 2113 2 
1796 2 1794 2 2116 2 1875 1 
1795 2 1874 3 2009 3 2115 2 
1798 2 2110 1 1881 1 2392 1 
1797 2 1799 3 2109 3 1880 3 
1879 3 1798 3 1800 2 2112 3 
1793 2 1799 2 1878 3 2111 1 
2118 3 271 3 2392 2 1883 4 
1486 1 1251 1 710 3 1774 1 
856 3 2175 2 1804 3 1812 2 
2174 2 2017 3 1803 3 857 2 
2178 2 1806 2 2398 4 2194 2 
1805 2 1807 3 2177 2 849 5 
1808 3 2180 3 850 3 1806 3 
1807 3 851 1 1809 3 2179 3 
1810 5 1808 3 844 3 2182 3 
1809 5 2399 4 845 4 1811 4 
2400 3 2171 3 1812 2 1810 4 
847 1 2183 1 1803 2 1811 2 
1816 1 1454 1 1814 2 
2450 2 1813 2 1441 3 
1124 2 1849 3 1816 2 2455 2 
1813 1 1848 2 1458 3 1815 2 
1279 5 1682 5 961 4 1277 4 
2451 3 2100 2 2453 3 1406 3 
1494 2 2450 1 
1678 1 1277 1 18 1 1281 3 
1201 2 1822 1 
1825 1 1200 1 1821 1 
1203 3 1824 2 1826 1 
1829 2 1823 2 1202 2 
1826 1 1822 1 1205 3 
1825 1 1204 1 1823 1 
1207 2 1828 2 2098 2 1830 2 
1206 2 1827 2 1862 1 2097 2 
1209 1 1824 2 2096 1 1830 1 
1208 1 2095 3 1827 2 1829 1 
1187 4 2522 2 1240 2 1832 2 
1239 3 2521 2 1836 2 1831 2 
1238 1 2515 1 1835 2 
1837 2 1234 2 1835 3 2513 3 
1233 2 2512 3 1834 3 1833 2 
1236 3 1837 2 1832 2 2511 2 
1235 1 1836 2 1834 2 2227 3 
442 3 2484 3 1839 4 1845 3 
1838 4 441 3 2483 2 1522 5 
2051 3 2049 3 1094 2 114 3 
1842 2 444 2 
1843 4 1841 2 2486 2 448 4 
447 3 1842 4 2485 3 1844 3 
2488 1 1845 1 446 1 1843 3 
2487 3 445 1 1844 1 1838 3 
1853 3 1847 3 1849 4 2455 3 
2034 1 1852 1 1846 3 2454 1 
1816 2 1849 3 
1815 3 1846 4 843 2 1848 3 
1582 2 401 3 1439 3 683 2 
1526 2 151 4 1718 4 2466 2 
1847 1 1684 2 1853 1 1081 1 
1846 3 1852 1 843 1 
1857 3 835 3 1855 3 1133 4 
834 2 1132 3 1854 3 841 2 
1135 1 833 3 1859 1 1857 2 
1854 3 1134 3 832 4 1856 2 
1861 3 831 2 1129 2 1859 2 
830 1 1856 1 1128 1 1858 2 
1131 3 1861 3 1676 2 829 2 
1858 3 1130 3 828 3 1860 3 
2235 1 1863 3 1828 1 1728 2 
2234 3 880 4 1862 3 1727 3 
210 1 796 1 1865 1 2069 2 
209 2 1866 1 1864 1 795 2 
1865 1 802 2 1867 2 1390 1 
1866 2 801 2 1868 3 1389 3 
1869 2 471 2 1867 3 804 4 
1868 2 803 3 190 2 1870 1 
798 2 1869 1 1386 2 1871 2 
797 3 1872 2 1385 2 1870 2 
800 2 1873 2 1871 2 1384 3 
1872 2 799 2 1689 3 1383 3 
1796 3 1875 2 1698 2 1503 2 
1876 3 1874 2 483 3 1795 1 
1877 3 1794 4 1875 3 501 3 
1876 3 1878 3 1793 2 499 1 
1877 3 451 5 1800 3 1879 4 
1799 3 1878 4 1880 3 1739 2 
472 4 1879 3 1881 2 1798 3 
1797 1 1880 2 1882 1 461 1 
2392 1 1252 1 1881 1 1883 3 
2201 3 1251 3 1882 3 1801 4 
2078 1 1971 1 1712 1 1885 2 
2077 3 1970 2 1884 2 1892 3 
2070 3 1887 1 1889 3 1979 2 
1886 1 210 1 1978 2 2069 2 
1981 1 952 1 1889 3 2068 2 
1886 3 1888 3 2067 3 1980 4 
1893 1 952 1 2074 1 1975 1 
2391 3 975 3 
2072 4 1977 2 1893 2 1885 3 
1890 1 1892 2 2071 2 1976 3 
996 1 1895 1 1925 3 634 1 
1924 2 1894 1 633 1 1896 2 
1923 2 636 2 1898 2 1895 2 
2527 2 1938 2 1904 4 899 2 
1922 1 1899 1 1896 2 635 2 
638 2 1898 1 1901 2 1929 2 
2198 2 98 2 
637 4 1928 2 1902 2 1899 2 
1903 1 1901 2 1927 3 640 2 
1902 1 2075 1 1926 2 639 2 
1897 4 372 4 2526 3 898 4 
1906 3 508 2 30 1 1907 2 
1905 3 29 4 1910 4 507 3 
28 2 509 3 1905 2 
504 3 1911 2 27 3 1909 2 
503 1 26 1 2108 1 1908 2 
506 5 1906 4 1911 2 25 2 
1908 2 1910 2 505 1 24 1 
1915 1 2001 2 1098 3 1123 1 
532 2 2473 1 232 1 1344 1 
1915 1 148 2 2003 1 1919 2 
1912 1 1914 1 1125 2 2002 1 
1315 2 1098 3 2007 1 
2478 3 1932 4 2472 4 190 4 
50 4 1256 4 2255 4 2253 4 
2008 3 1136 2 1914 2 152 3 
1667 1 2129 1 2076 1 1921 3 
2075 3 1666 4 1920 3 1926 4 
1669 2 1923 1 1898 1 1929 2 
1896 2 1922 1 1924 2 1668 1 
1895 2 1923 2 1925 4 1671 3 
1894 3 1924 4 858 3 1670 4 
1927 4 1673 2 1903 2 1921 4 
1926 4 1928 3 1672 5 1902 3 
1901 2 1927 3 1929 2 1675 2 
1674 3 1928 2 1922 2 1899 2 
2475 4 2019 3 1933 3 1931 4 
1940 3 1179 3 1930 4 2018 3 
1917 4 2021 3 1181 5 1933 2 
2472 2 2020 1 1930 3 1932 2 
1181 4 2479 1 1937 1 2015 1 
2473 1 1939 2 1338 1 530 2 
1937 2 2017 3 2174 2 2477 2 
1936 2 2016 1 1197 1 1934 1 
1897 2 2254 1 2528 1 896 2 
1337 2 1935 2 2476 2 529 3 
2013 3 1931 3 1941 2 2481 3 
1940 2 1732 1 2012 3 2480 2 
895 4 1957 2 373 2 2531 3 
2349 1 1944 1 536 1 1336 2 
1335 1 1943 1 535 1 2474 2 
324 2 2138 2 1956 2 1946 1 
325 2 1953 1 1945 1 1955 2 
1950 2 318 2 1948 1 1959 2 
2292 2 1947 1 319 1 1958 1 
316 1 1961 3 1952 2 1950 2 
1947 2 1960 3 317 2 1949 2 
1963 2 322 1 1954 3 1952 2 
323 3 1962 3 1951 2 1949 2 
320 2 1954 3 1946 1 1965 2 
1964 3 321 3 1951 3 1953 3 
1956 3 1965 3 2461 3 1946 2 
1955 3 2460 2 1945 2 96 2 
2248 2 2530 1 894 1 1942 2 
2196 2 487 1 1948 1 1959 2 
2195 2 1947 2 1958 2 1960 3 
1950 3 1961 4 2442 3 1959 3 
2441 4 1962 4 1960 4 1949 3 
1963 3 1961 4 2200 2 1952 3 
1951 2 1964 2 1962 3 2199 2 
1954 3 1963 2 1965 2 2443 2 
2197 2 1955 3 1964 2 1953 2 
1967 2 1969 5 815 4 1598 3 
1966 2 814 2 1597 1 2358 1 
813 1 1600 2 1313 1 1969 4 
812 4 1966 5 1599 4 1968 4 
1971 1 1738 2 1977 1 1885 2 
1970 1 1884 1 2163 1 1737 1 
1973 1 1596 3 809 1 1316 4 
1972 1 1595 2 808 1 1312 3 
1736 1 1981 1 952 1 1975 1 
1735 2 1890 1 1976 3 1974 1 
1977 3 1734 4 1975 3 1893 3 
1976 3 1892 2 1970 1 1733 1 
2480 3 1979 3 1887 2 1732 2 
1731 2 1980 3 1978 3 1886 2 
1730 4 1981 2 1979 3 1889 4 
1729 1 1980 2 1888 1 1974 1 
1075 2 2560 3 1293 1 908 2 
1290 1 1292 1 310 2 311 1 
2558 4 1295 1 1077 2 1293 1 
1292 1 312 2 1294 1 393 3 
307 3 295 2 1987 2 1989 2 
2262 1 1294 1 1986 2 306 1 
309 2 923 1 263 1 1989 1 
252 2 308 2 1986 2 1988 1 
1991 2 1993 2 117 2 1268 2 
116 1 868 1 1990 2 1267 3 
1993 2 1266 2 1995 4 119 3 
1992 2 118 1 1990 2 1265 1 
1272 1 121 1 1997 1 1995 3 
120 3 1271 3 1992 4 1994 3 
1008 2 1270 2 1997 2 1999 2 
1007 1 1996 2 1269 2 1994 1 
1999 1 1791 2 1010 1 1264 1 
1998 1 1009 4 1996 2 1263 2 
2007 2 1098 4 1703 2 2001 3 
2002 2 1702 4 1912 2 2000 3 
2001 2 2003 1 1915 1 1701 1 
2008 2 1914 1 1700 1 2002 1 
1606 2 2005 2 1465 2 941 1 
2004 2 1662 2 940 3 1457 2 
1608 2 1465 3 1748 2 939 3 
1704 2 2000 2 1916 1 
2003 2 2009 3 1699 4 1919 3 
2008 3 1136 2 1796 3 1698 2 
1456 2 1612 1 2011 2 936 2 
2010 2 2211 3 935 3 1611 3 
1066 3 1941 3 2013 4 2224 4 
1940 3 2018 3 707 3 2012 4 
700 1 2021 2 2015 1 1181 4 
2016 1 703 1 2014 1 1934 1 
1937 1 2017 2 2015 1 1058 1 
1936 3 2016 2 1804 3 1059 3 
1052 3 2013 3 2019 2 1931 3 
1053 2 2020 1 1930 3 2018 2 
1054 1 1933 1 2021 2 2019 1 
2020 2 2014 2 1932 3 1055 3 
1483 3 2031 1 2023 2 2269 2 
1482 2 727 2 2022 2 2268 3 
2025 2 2226 4 2303 2 2087 3 
2026 2 1012 1 2024 2 2302 1 
2025 2 2027 2 1035 3 2295 2 
2026 2 1034 2 2294 1 2028 2 
691 3 2029 2 1037 2 2027 2 
690 1 2028 2 
1485 4 2031 2 353 2 404 4 
311 1 792 2 2022 1 2030 2 
43 1 1304 1 1714 1 1306 1 
1685 2 2034 1 2314 1 2036 1 
1847 1 1684 2 2033 1 2313 1 
2036 1 2038 1 1687 1 2312 2 
2035 1 2311 2 1686 1 2033 1 
1681 2 2040 1 2318 2 2038 1 
2317 1 1680 1 2035 1 2037 1 
1683 2 2042 2 2040 1 2316 2 
2037 1 2315 2 2039 1 1682 2 
2042 3 1020 3 2320 4 1679 3 
1678 2 2041 3 2319 3 2039 2 
367 1 2523 1 
330 2 37 2 364 2 366 3 
40 1 329 1 2052 1 2046 2 
328 2 2045 2 366 3 39 2 
596 3 1089 3 931 2 2048 2 
2051 2 2047 2 1088 1 925 2 
1840 3 2050 3 113 4 1097 3 
2049 3 1096 3 2055 3 112 4 
1840 3 2048 2 1095 3 115 3 
2045 1 326 1 41 3 370 1 
109 2 2056 1 2054 2 1093 1 
108 2 2249 3 1092 3 2053 2 
1091 2 111 2 2050 3 2056 2 
2053 1 110 2 1090 2 2055 2 
2058 5 902 5 632 4 2060 5 
2057 5 901 2 631 2 842 2 
630 3 2060 3 904 2 2062 2 
2059 3 903 3 2057 5 629 2 
2062 2 628 3 906 3 2064 2 
2061 2 905 1 2059 2 627 1 
626 1 2066 1 2064 1 
907 2 625 3 2063 1 2061 2 
2066 2 624 2 2264 2 
2063 1 623 1 2065 2 
2068 2 1889 3 587 1 2070 3 
2067 2 586 5 2073 2 1888 2 
2070 4 589 2 1864 2 1887 2 
2069 4 1886 3 588 3 2067 3 
2072 4 2074 2 583 3 1893 2 
582 4 2077 4 1892 4 2071 4 
585 1 2074 1 952 1 2068 2 
2071 2 2073 1 1890 1 584 3 
1903 1 642 3 1921 3 2076 1 
2075 1 1920 1 1212 2 641 2 
2072 4 2078 2 1885 3 592 2 
2275 2 2077 2 1884 1 591 2 
2080 1 863 2 1419 3 2082 3 
1418 2 862 1 2079 1 2088 1 
861 2 2084 2 2082 3 1421 1 
1420 3 2081 3 2079 3 860 3 
2086 1 867 1 2084 2 1415 2 
2081 2 1414 4 866 3 2083 2 
865 1 911 2 1417 1 2086 1 
1416 2 2083 1 2085 1 864 1 
1012 2 1364 2 2024 3 
2089 2 869 1 1413 2 2080 1 
2088 2 868 2 1412 2 1267 4 
1043 3 2091 4 1720 4 2410 3 
1719 3 1042 3 2090 4 2092 2 
2091 2 1722 3 1047 1 2093 1 
1046 2 1721 1 2092 1 
1767 3 2280 1 1211 1 
2096 3 1830 3 2098 3 
1829 1 2095 3 
1728 3 2098 2 1828 2 
1827 2 2097 2 2095 3 
265 5 2451 4 2100 3 2102 4 
2107 1 1818 2 264 1 2099 3 
267 1 2102 2 2449 1 2104 2 
2101 2 266 2 2099 4 2448 2 
2106 3 269 3 2447 3 2104 3 
268 2 2446 3 2103 3 2101 2 
2106 2 271 2 2445 1 2118 2 
2103 3 2105 2 2444 5 270 2 
2453 2 2100 1 2108 1 273 3 
2107 1 2452 1 1909 1 272 1 
2110 2 2509 2 1798 3 2112 3 
2109 2 1797 1 2117 1 2548 2 
2547 2 1800 1 2112 2 2114 1 
2109 3 2111 2 1799 3 2546 2 
2116 2 2504 2 1794 2 2114 1 
1793 2 2113 1 2503 3 2111 1 
2116 2 2543 1 1136 1 1796 2 
1795 2 2500 2 2113 2 2115 2 
2110 1 2392 1 2551 1 2118 2 
1801 3 2117 2 2105 2 2550 3 
2120 3 198 2 2229 2 2126 2 
197 2 2119 3 2228 3 2121 3 
200 4 2122 2 22 2 2120 3 
2226 3 2121 2 2303 1 1278 2 
194 1 2128 1 2124 2 31 1 
2232 3 2125 3 193 2 2123 2 
2124 3 2126 2 2231 3 196 2 
2230 1 2125 2 2119 2 195 1 
208 3 2235 3 620 4 2128 3 
2234 1 207 2 2123 1 2127 3 
2130 2 1212 2 1920 1 1509 2 
2129 2 1508 2 2131 2 1210 2 
1511 3 883 2 2130 2 2132 1 
1510 2 2131 1 
1771 2 535 1 2141 1 2134 1 
1770 3 536 1 2330 2 2133 1 
1555 1 500 3 948 2 672 3 
87 3 2137 3 529 3 2139 3 
510 2 2142 3 2136 3 530 3 
96 2 527 2 1945 2 2139 3 
2138 3 95 2 528 3 2136 3 
2141 2 2143 2 498 3 533 2 
2140 2 534 1 88 1 2133 1 
2137 3 531 2 2143 2 92 2 
532 2 2142 2 2140 2 91 3 
2145 2 1138 2 2153 3 1140 2 
2144 2 1382 3 2334 1 1137 1 
1349 3 51 2 2147 2 1131 3 
1346 2 2148 2 2146 2 1130 2 
2147 2 2149 3 1362 3 1129 2 
1358 3 2148 3 2150 2 1128 2 
2151 2 1135 1 1114 1 2149 2 
2152 2 2150 2 1134 3 1311 2 
1345 1 1133 3 2151 2 2153 2 
1348 3 2144 3 2152 2 1132 3 
1716 1 2155 1 1619 3 1578 1 
2154 1 1577 1 1715 3 2156 1 
1707 3 2157 1 1576 1 2155 1 
1706 2 2158 1 1575 3 2156 1 
2157 1 1574 3 5 1 1709 2 
1446 1 599 1 2359 1 2361 2 
1572 2 5 1 2161 2 1711 1 
1571 2 2374 2 1710 3 2160 2 
2375 2 1089 2 1451 3 596 2 
2374 1 1971 1 1712 1 1569 3 
1566 4 900 2 859 2 2165 2 
987 3 846 1 1565 2 2164 2 
300 2 1632 2 2167 3 1518 4 
1517 2 299 2 2166 3 2168 3 
303 2 1516 3 2167 3 2169 3 
2170 3 301 2 1515 2 2168 3 
2169 3 293 4 2390 2 1519 2 
847 2 1185 2 845 3 1811 3 
298 3 2390 2 
2386 2 951 3 973 4 2391 3 
2346 2 1936 2 1804 2 2175 1 
2183 1 2345 1 1803 2 2174 1 
1567 4 846 4 985 4 848 4 
2180 2 1806 2 2340 2 2398 4 
1805 2 849 5 1240 1 1187 3 
2180 3 2182 3 2338 3 1808 3 
2177 2 2179 3 1807 3 2337 1 
297 2 2549 3 1315 3 1425 3 
2179 3 2343 1 2399 2 1809 3 
1812 1 2175 1 2342 1 2400 2 
2186 1 848 1 1561 1 991 1 
2192 1 371 1 2187 1 
2184 1 1564 1 70 2 2189 2 
2198 2 934 2 2185 1 
1286 1 1278 2 994 1 69 2 
644 2 2186 2 1563 3 69 3 
2192 3 369 3 2215 3 
621 2 2 2 1023 1 
2190 3 2185 1 368 2 
2194 1 671 1 1239 3 2207 1 
2193 1 1240 1 670 1 1805 2 
1959 2 2196 2 2442 2 1775 2 
2195 2 1958 2 710 4 1774 2 
1965 2 2461 2 1777 3 2443 2 
2187 2 1900 2 365 3 
2200 1 2443 2 1963 2 1779 1 
1778 2 2199 1 2441 2 1962 2 
1221 2 1883 3 271 2 294 3 
1199 2 1237 2 2203 3 
1238 2 2204 4 678 3 2202 3 
2203 4 1233 3 1193 4 2205 4 
2206 2 674 2 1234 2 2204 4 
2205 2 2207 1 677 3 1235 1 
676 3 2206 1 1236 2 2193 1 
249 2 2209 3 1463 2 
2210 3 1462 3 248 2 2208 3 
2209 3 2211 3 251 2 673 2 
1460 2 2011 3 250 2 2210 3 
2254 2 1360 3 2213 2 1106 2 
1359 1 1105 1 2459 3 2212 2 
2215 1 158 1 362 2 
2190 3 2214 1 361 1 
2219 5 1241 3 1738 4 2217 4 
2377 2 1737 2 1242 2 2216 4 
1734 2 2219 3 2221 1 1247 2 
2218 3 2216 5 1733 3 1248 3 
2223 1 1736 1 2221 1 1249 3 
1735 2 2220 1 2218 1 1250 2 
2225 2 2223 1 1730 3 1243 3 
2220 1 2222 1 1729 1 1244 2 
1245 2 2225 3 2012 4 1732 2 
2222 2 2224 3 1246 3 1731 2 
22 3 2122 3 2024 4 1364 3 
2513 4 446 3 2511 3 1837 3 
1287 2 2120 3 22 2 2229 2 
1283 2 2230 1 2119 2 2228 2 
2126 1 2229 1 2231 2 1232 1 
2232 3 2230 2 2125 3 1153 2 
2124 3 2231 3 881 2 31 2 
2236 4 2510 4 40 3 253 3 
1863 3 31 1 2235 1 2128 1 
1862 1 1206 2 2127 3 2234 1 
2233 4 2237 2 41 4 256 2 
2236 2 42 2 255 3 2519 1 
2516 4 36 2 2514 2 257 3 
23 3 341 2 2244 2 
984 2 2247 2 1464 2 2241 3 
2242 2 983 4 1543 2 2240 3 
2241 2 982 1 2243 1 1546 2 
2242 1 604 2 981 2 1545 1 
980 1 2245 2 1548 1 2239 2 
979 4 1547 2 2244 2 2246 2 
2247 1 34 1 2245 2 1550 2 
1549 2 2240 2 2246 1 33 1 
2525 3 2249 3 1957 2 889 3 
2248 3 2054 3 888 2 2524 2 
2255 2 1254 3 52 2 2251 3 
1253 2 2250 3 51 2 1349 3 
1258 1 2259 2 48 1 2253 1 
47 1 1257 1 1918 4 2252 1 
2529 1 897 1 1938 1 2212 2 
49 2 1918 4 2250 2 1255 3 
2401 5 44 2 1262 2 2257 2 
2258 1 1261 3 43 1 2256 2 
2257 1 46 3 2259 2 1260 1 
1259 2 45 4 2258 2 2252 2 
2267 2 2261 2 1227 1 
382 4 2260 2 1226 3 
1987 1 305 1 295 1 359 1 
1224 2 382 4 
1231 3 2265 2 2065 2 
2266 3 2264 2 1230 2 
2265 3 2267 3 1229 2 
2260 2 1228 2 2266 3 
1291 3 2269 3 2023 3 1175 2 
2268 3 1290 2 2022 2 311 2 
2271 1 408 3 2273 1 1709 2 
1708 1 2276 1 2270 1 407 2 
1707 5 410 3 2279 3 2273 3 
1706 2 409 1 2270 1 2272 3 
2275 4 412 3 2277 3 1713 4 
2078 2 411 3 2274 4 1712 2 
2271 1 1711 1 2277 1 414 1 
1710 2 2274 3 2276 1 413 1 
2279 1 1716 1 416 2 1024 1 
2272 3 2278 1 415 1 1715 3 
2281 2 1033 3 2094 1 1623 1 
2280 2 2282 2 1622 3 1032 2 
2283 2 2281 2 1031 1 1614 1 
2282 2 1613 2 1030 3 2284 3 
2285 4 1616 3 1029 3 2283 3 
1028 4 2284 4 1615 3 2286 3 
1618 2 2287 3 1027 1 2285 3 
2288 3 2286 3 1617 3 1026 4 
2287 3 1025 4 2289 1 1620 1 
1716 1 1619 3 1024 1 2288 1 
2291 4 1022 4 891 2 379 2 
1021 4 378 4 2290 4 886 3 
1948 2 2293 3 487 2 314 2 
2304 3 2292 3 486 2 315 2 
691 2 9 2 2295 1 2027 1 
2302 1 8 3 2294 1 2026 2 
1381 1 384 2 885 1 1014 1 
1304 1 1361 2 216 1 1714 1 
2301 2 2299 3 308 2 495 2 
2298 3 494 4 309 4 2433 3 
497 5 2301 4 306 3 705 3 
496 2 2298 2 307 3 2300 4 
2295 1 2303 1 16 2 2025 1 
2122 1 2302 1 2024 2 15 1 
2293 3 2305 2 310 3 493 3 
2304 2 2421 2 492 3 704 1 
1714 3 1521 4 214 3 1306 3 
1301 2 221 1 1677 2 2308 1 
220 2 1300 1 2309 1 2307 1 
1303 2 2308 1 219 1 2310 3 
218 3 1302 5 1361 4 2309 3 
390 3 2312 3 2036 2 2314 2 
2317 2 2311 3 2035 2 389 4 
2454 1 2314 1 392 3 2034 1 
391 1 2033 1 2313 1 2311 2 
2316 3 2318 3 2040 2 386 2 
2315 3 385 2 2319 3 2039 2 
2312 2 2038 1 388 1 2318 2 
387 3 2315 3 2317 2 2037 2 
2042 3 2320 4 395 3 2316 3 
2319 4 394 4 890 4 2041 4 
2322 1 1610 1 2456 1 731 1 
2321 1 732 1 2323 1 1609 5 
1663 1 735 2 2324 4 2322 1 
2323 4 2325 5 1605 4 736 4 
1665 2 2326 4 2324 5 1530 2 
2327 3 2325 4 734 3 1664 3 
2328 1 2326 3 739 1 1602 5 
2327 1 1658 1 740 2 2329 1 
1604 1 2330 2 2328 1 737 2 
1603 3 2329 2 738 3 2134 2 
2336 2 2501 2 904 2 2332 4 
903 4 2542 3 2331 4 2333 5 
2545 3 2334 3 902 4 2332 5 
2544 3 901 1 2333 3 2145 1 
906 2 2336 1 
2331 2 905 1 2335 1 
2340 1 2338 1 2180 1 1533 3 
1532 2 2337 1 2179 3 2343 1 
2398 3 1535 2 1363 2 2340 1 
2337 1 1534 1 2177 2 2339 1 
2344 3 2342 2 1537 3 2400 3 
2345 1 2183 1 1536 1 2341 2 
1539 1 2182 1 2344 2 2338 1 
2341 3 1538 2 2343 2 2399 3 
2342 1 2175 1 1541 1 2346 2 
2174 2 1540 3 2345 2 2477 2 
2348 2 732 1 1590 2 2356 2 
2389 2 2347 2 731 2 1589 3 
1943 1 738 2 754 1 2350 3 
2351 3 753 3 737 4 2349 3 
740 2 2350 3 2352 3 733 1 
2351 3 2353 4 1570 4 739 3 
758 2 2354 3 2352 4 734 2 
1530 2 2353 3 2355 3 757 2 
756 3 2356 3 2354 3 736 2 
755 2 2355 3 2347 2 735 3 
2360 4 594 3 2358 3 1443 3 
1442 3 2357 3 593 1 1967 1 
602 3 2159 1 1445 2 2360 2 
2357 4 2359 2 1444 3 601 2 
2373 5 1447 3 600 4 2159 2 
1629 4 2363 3 92 3 2369 3 
2364 1 2362 3 91 3 1628 3 
1631 2 2363 1 2365 1 498 2 
2371 3 1630 2 2364 1 88 1 
2460 1 2367 3 96 1 1625 1 
2368 3 2366 3 1624 3 95 3 
2367 3 1627 2 87 2 2369 1 
510 1 1626 1 2368 1 2362 3 
1449 1 2373 4 2375 2 598 2 
2365 3 1771 4 2372 4 1705 4 
1770 4 2371 4 300 2 1632 2 
2370 4 2361 5 597 4 1448 4 
1713 2 2163 1 1506 2 2161 2 
2162 2 595 3 1450 2 2370 2 
2377 2 2379 3 1395 3 1506 3 
2376 2 2217 2 1396 1 1569 3 
2381 2 2379 3 1397 2 1572 3 
1398 3 2378 3 2376 3 1571 2 
1574 5 1391 3 2383 3 2381 3 
2378 2 1392 1 1573 2 2380 3 
1576 4 1393 5 2385 4 2383 4 
1575 3 1394 1 2382 4 2380 3 
2514 1 1387 2 2385 1 1578 1 
1388 1 2384 1 2382 4 1577 1 
2173 2 2556 1 972 2 2387 2 
2386 2 2388 3 947 3 971 2 
2389 2 2387 3 970 3 950 4 
2388 2 2348 2 969 2 949 1 
292 2 2172 2 2170 2 
1891 3 974 3 4 2 2173 3 
1882 1 1797 1 2117 1 1801 2 
2394 2 2395 2 916 2 
2396 3 2393 2 915 1 
917 1 2393 2 
2394 3 922 5 2397 3 
921 2 2396 3 
2339 3 670 3 1805 4 2177 4 
2400 3 1810 4 2344 3 2182 2 
1811 3 2183 2 2399 3 2341 3 
2402 4 2256 5 2463 5 1057 4 
2401 4 2462 2 1056 2 2403 2 
1063 4 2465 2 2404 3 2402 2 
2464 2 2405 2 2403 3 1062 3 
2406 1 2404 2 1061 1 2467 1 
2407 3 2466 1 2405 1 1060 1 
2408 4 2406 3 2469 3 1067 4 
2407 4 706 2 2409 2 2468 3 
2410 1 1065 2 2408 2 2471 2 
1064 2 2090 3 2409 1 2470 1 
123 2 2412 2 924 2 2414 1 
923 2 122 2 2411 2 263 2 
918 4 2416 3 125 4 2414 3 
124 2 2411 1 2413 3 1113 1 
127 1 2418 1 1112 2 2416 1 
2413 3 126 1 2415 1 1111 1 
2418 2 1110 2 2420 2 129 2 
2417 2 2415 1 1109 2 128 3 
2420 1 1501 1 131 2 1108 2 
1107 4 130 1 2419 1 2417 2 
1292 2 2305 2 310 3 312 3 
2423 3 1360 2 1041 1 1551 2 
1359 3 2422 3 1040 5 2430 3 
1357 3 2427 3 657 4 2425 3 
1356 2 1044 2 2424 3 
2427 2 669 2 1355 2 2429 2 
2424 3 2426 2 1657 3 1354 2 
2431 4 1049 3 1353 2 2429 3 
1352 3 2426 2 2428 3 675 2 
1351 1 2431 3 1051 2 2423 3 
2428 4 2430 3 685 3 1350 3 
275 4 2433 3 419 3 2438 3 
274 1 420 1 2432 3 2299 3 
2436 1 2435 1 513 1 277 2 
2439 3 276 2 2434 1 514 1 
512 1 2434 1 278 1 
517 1 280 2 2438 1 2440 1 
279 1 518 2 2437 1 2432 3 
282 3 2435 3 2440 3 515 4 
2439 3 281 1 2437 1 516 1 
2442 3 1773 4 2200 2 1961 4 
2441 3 2195 2 1772 3 1960 3 
1776 2 2199 2 2197 2 1964 2 
2445 4 1400 4 2106 5 2447 5 
2444 4 2105 1 2550 2 1399 2 
2104 3 1402 4 2447 3 2449 2 
2103 3 2446 3 1401 2 2444 5 
2449 1 2451 2 1404 1 2102 2 
2101 1 1403 1 2448 1 2446 2 
1814 2 1819 1 1499 3 
1818 3 2099 4 2448 2 1405 2 
2453 2 233 1 2108 1 26 1 
2107 2 2452 2 231 2 1818 3 
1847 1 2313 1 2455 1 1531 1 
1139 2 2454 1 1815 2 1846 3 
949 1 2321 1 2457 2 1453 3 
950 4 1452 2 2456 2 2458 2 
947 2 2457 2 
1102 3 1038 5 2213 3 1351 3 
2366 1 1956 2 1781 3 2461 2 
2197 2 1955 3 2460 2 1780 3 
2402 2 2463 3 2465 2 53 2 
1476 2 44 2 2462 3 2401 5 
2467 1 2404 2 2465 1 807 1 
805 1 2403 2 2462 2 2464 1 
2469 1 2467 1 2406 1 1851 2 
2464 1 2466 1 151 3 2405 1 
2469 2 132 2 2471 3 2408 3 
2466 1 2468 2 2407 3 1718 3 
2471 2 793 1 2410 1 1720 2 
2470 2 1484 2 2468 3 2409 2 
1933 2 2475 3 471 2 1917 4 
531 1 1935 1 1913 1 1343 4 
1944 2 1342 4 232 2 534 2 
1179 3 1389 3 2472 3 1930 4 
528 2 1939 2 1340 2 1347 2 
1197 1 2346 2 1383 2 1936 2 
1386 2 1917 3 2479 1 1181 4 
1385 1 2478 1 1934 1 1197 1 
1978 3 210 2 2481 3 1941 2 
209 3 2480 3 1179 3 1940 3 
1353 2 1038 4 2489 2 1100 3 
2484 1 793 1 1839 2 1720 2 
1719 2 1838 3 2483 1 2487 3 
2486 1 2488 1 1843 3 
2485 1 1842 2 
2488 3 1845 3 1722 5 2484 3 
1844 1 1721 1 2487 3 2485 1 
1099 1 1352 2 2502 2 2482 2 
2499 1 449 1 2491 1 622 2 
450 3 485 2 549 2 2490 1 
556 2 73 2 454 4 2493 3 
2494 4 455 2 555 2 2492 3 
2493 4 558 4 2495 3 452 3 
2496 2 453 3 566 3 2494 3 
2495 2 2497 2 560 3 458 3 
2496 2 559 1 459 1 2498 1 
456 1 2499 1 562 2 2497 1 
2490 1 2498 1 561 2 457 3 
2116 2 1127 1 2504 2 2543 1 
2331 2 2542 1 
1355 3 2489 2 2508 4 1104 2 
2547 4 2504 4 150 3 2114 3 
2503 4 2113 2 149 2 2500 2 
148 5 2553 4 2506 4 1429 4 
1430 2 1125 2 2505 4 2507 1 
2549 2 1123 1 1427 1 2506 1 
1354 3 2502 4 1103 3 223 3 
2109 2 145 1 2546 1 2548 2 
2233 4 254 3 39 2 2517 2 
445 1 2227 3 1836 2 2521 2 
2515 2 2513 3 448 4 1835 3 
2227 4 447 2 2512 3 1834 3 
258 1 2384 1 35 1 2238 2 
2512 2 444 2 1833 1 
2238 4 2517 3 260 3 37 3 
2516 3 259 2 38 3 2510 2 
279 1 930 2 932 2 1331 1 
2520 1 32 2 262 2 2237 1 
2519 1 261 1 363 1 90 4 
1832 2 2522 2 442 2 2511 2 
441 2 1156 3 1831 2 2521 2 
84 2 569 2 652 2 2043 1 
2525 2 1544 2 2249 2 108 1 
2248 3 1461 2 2524 2 2530 2 
2527 1 2533 1 1554 1 1904 3 
2526 1 1897 2 1553 2 2528 1 
2529 1 1938 1 1552 1 2527 1 
1551 2 2254 1 2528 1 1360 2 
1558 1 1957 1 2531 2 2525 2 
1557 2 2530 2 1942 3 2532 4 
373 3 1556 3 2533 3 2531 4 
1555 1 2526 1 372 2 2532 3 
371 3 647 4 581 4 590 3 
2538 3 2536 3 1165 2 1497 2 
2535 3 1164 3 1496 3 2539 3 
2538 2 1163 3 
1162 2 2535 3 2537 2 1498 3 
1167 2 2540 4 1502 3 2536 3 
1501 3 2539 4 131 4 1166 4 
549 2 485 2 
2545 1 2501 1 2332 3 
153 1 147 2 2115 1 2500 1 
2334 3 2545 3 1542 3 1382 5 
2544 3 2333 3 2542 1 
2509 1 144 1 2112 2 2547 2 
2503 4 143 2 2111 2 2546 2 
2509 2 2551 2 2110 2 146 2 
1039 2 2507 2 2181 3 1428 3 
155 2 2551 2 2445 2 2118 3 
154 1 2548 2 2117 1 2550 2 
1422 4 2553 4 147 5 153 4 
1423 2 152 2 2505 4 2552 4 
1289 2 2555 2 817 2 572 2 
2554 2 2561 4 816 3 1288 2 
2386 1 951 2 947 2 
2564 2 1295 1 2558 4 813 1 
812 4 1984 4 2557 4 2559 4 
815 3 1293 1 2558 4 2560 3 
1982 3 2559 3 167 3 814 4 
809 3 2562 4 2555 4 1299 4 
808 2 2561 4 1298 2 2563 2 
811 2 2564 2 2562 2 1297 1 
810 2 2557 2 1296 5 2563 2 
