23
23
39
39
39
39
39
39
39
39
20
20
35
35
36
35
43
43
35
35
36
36
29
29
29
29
30
30
30
29
30
30
36
36
35
35
43
43
35
36
35
35
27
29
27
27
27
27
27
27
27
12
12
14
14
12
2
12
12
2
2
41
41
41
48
41
41
41
41
42
42
27
27
30
44
15
15
13
13
28
13
28
28
15
15
25
31
33
33
33
33
33
36
36
28
31
31
37
37
37
37
37
40
37
37
37
37
4
4
5
5
5
5
5
5
5
4
28
28
29
29
15
13
15
15
49
49
42
42
42
42
42
42
37
37
37
37
40
40
37
37
37
37
16
16
44
17
13
16
15
15
42
42
42
42
42
42
41
41
48
41
40
40
47
47
47
47
47
47
47
47
47
47
47
46
47
47
47
40
40
46
0
38
38
39
39
39
38
38
38
23
23
26
26
26
26
25
26
27
27
26
26
31
31
31
31
31
31
36
36
33
36
4
4
4
46
46
46
46
46
48
48
48
48
48
6
14
14
14
14
31
31
14
31
14
14
18
18
18
18
18
18
22
22
4
4
4
4
5
5
20
1
43
17
17
15
15
15
15
16
16
17
16
4
4
4
4
5
5
5
5
45
4
4
14
14
31
31
31
31
14
14
14
14
19
43
45
10
43
8
8
3
3
2
2
2
2
3
3
2
2
8
8
8
8
8
49
49
49
49
49
49
48
48
48
48
44
44
44
44
44
44
34
44
23
23
38
38
23
38
38
38
38
38
4
4
4
42
42
33
33
33
33
33
33
32
32
39
39
40
40
40
39
40
40
40
40
46
46
46
8
8
8
8
8
22
40
40
47
47
47
47
47
47
47
46
29
27
27
27
27
27
27
27
27
30
29
29
30
29
30
30
30
30
37
37
37
37
37
40
46
46
46
39
39
43
34
21
21
21
21
21
21
21
21
22
22
8
34
11
5
3
3
5
5
5
5
5
5
46
34
46
46
2
2
14
18
18
18
12
12
12
2
22
22
32
32
21
32
21
21
21
21
2
2
2
2
0
2
0
0
5
0
27
27
14
34
34
34
34
34
24
19
17
5
24
24
24
24
0
0
0
0
0
2
2
2
5
0
46
46
2
12
12
12
12
12
14
46
12
12
24
24
24
19
24
7
7
7
7
7
7
7
6
6
6
6
7
6
7
7
8
7
48
45
45
45
45
46
48
23
23
39
39
38
38
38
39
39
39
36
7
7
7
7
6
6
6
6
8
7
4
48
28
26
26
26
6
6
9
19
19
22
19
20
20
20
20
46
46
47
47
47
47
47
47
40
48
20
20
18
18
18
18
22
22
20
20
3
2
3
3
2
2
2
2
3
3
14
14
14
32
32
32
14
14
14
14
30
30
23
19
19
2
6
2
2
48
48
0
0
19
19
48
48
46
46
24
46
10
10
24
16
16
16
17
15
15
15
16
17
17
44
34
44
44
44
44
44
44
44
48
48
48
48
48
48
48
48
48
48
23
24
23
23
24
22
24
24
22
22
22
22
24
24
24
24
23
23
23
23
41
41
41
41
40
40
41
41
5
39
39
9
9
42
6
6
6
9
9
9
9
9
8
7
36
7
7
6
6
7
36
8
7
0
0
0
44
2
2
2
15
44
0
44
44
44
21
32
32
33
33
33
33
33
33
36
33
41
41
41
41
48
41
41
41
41
41
7
7
7
7
7
7
7
8
34
34
34
5
5
19
5
4
4
4
5
23
34
4
4
24
24
24
24
0
5
0
0
0
0
2
2
0
0
34
45
15
15
29
29
29
29
28
28
15
15
15
15
29
15
15
15
28
28
29
29
34
34
34
7
7
6
7
6
6
6
6
34
7
8
0
0
0
0
0
17
17
0
0
7
8
7
7
7
7
6
6
6
6
20
20
20
20
19
22
19
19
6
20
47
48
47
47
46
47
46
46
48
48
8
8
3
3
10
10
10
8
2
2
2
2
3
3
2
2
32
39
39
39
39
39
39
39
32
32
10
30
8
8
9
9
9
10
10
10
10
4
4
27
5
5
5
5
4
10
4
4
22
10
20
20
18
18
18
20
22
22
18
18
20
49
49
42
42
42
42
42
42
36
36
46
46
48
48
48
48
48
48
48
48
20
32
32
32
32
32
32
42
42
42
42
8
8
8
31
31
31
31
31
31
31
49
43
43
49
49
38
38
38
38
4
4
28
28
25
25
25
25
26
26
26
26
7
8
6
6
6
6
7
7
7
7
8
22
17
17
17
16
16
16
15
15
15
15
8
8
8
8
8
1
13
13
12
12
12
16
16
16
17
17
10
8
8
8
8
8
26
26
26
26
25
25
25
26
26
28
38
38
38
38
38
38
38
38
23
23
12
18
7
1
14
1
9
9
9
6
6
22
22
4
5
7
9
21
21
21
5
22
5
21
5
26
26
26
26
27
27
27
27
29
26
46
46
46
22
22
21
21
21
21
21
21
21
21
49
49
49
49
45
48
48
49
49
49
46
46
46
35
35
43
43
36
35
35
35
36
36
37
37
36
36
25
25
43
43
35
35
35
35
35
35
25
25
34
8
34
34
8
8
8
8
34
34
34
34
35
35
34
34
25
25
29
29
6
8
29
29
15
13
28
28
28
13
13
13
2
13
13
2
2
0
0
17
17
0
0
0
0
25
25
13
13
46
28
28
28
13
13
13
13
13
37
37
37
37
37
37
37
37
44
4
37
37
40
37
37
37
37
37
37
37
31
31
31
14
14
14
14
14
14
14
20
20
22
22
18
18
30
30
30
29
30
30
30
30
30
34
32
32
39
39
39
32
42
42
42
49
34
42
42
42
42
32
32
32
32
32
32
48
45
45
45
45
45
45
45
46
43
43
43
43
7
43
7
12
12
12
12
12
12
13
13
12
2
8
45
28
28
31
36
8
36
31
31
31
31
23
23
23
23
24
24
24
24
24
19
26
26
26
25
25
25
26
26
28
26
25
25
25
25
28
28
31
28
31
31
36
31
36
36
28
28
17
17
16
16
15
16
16
17
16
16
47
47
47
47
47
40
40
40
10
10
17
17
15
15
15
15
16
16
16
16
19
6
19
19
19
19
19
19
39
6
6
29
29
27
27
27
26
27
27
27
23
23
38
38
38
38
38
38
38
38
1
1
18
1
2
12
12
12
9
9
2
2
41
41
41
41
41
41
41
41
41
40
6
34
6
7
7
41
41
41
41
41
48
41
41
42
41
5
5
5
21
5
34
22
45
5
45
21
34
4
45
4
4
3
3
1
3
1
1
1
1
9
9
45
3
3
3
3
3
3
1
1
1
1
45
45
45
13
13
13
13
13
13
28
13
28
28
29
29
28
28
29
15
29
29
15
15
13
13
31
31
13
31
13
13
13
13
17
17
17
0
0
0
0
17
17
0
0
15
15
29
29
15
29
28
28
29
29
44
19
24
35
36
35
35
35
35
43
35
24
24
44
4
4
36
35
43
43
35
43
35
35
35
35
19
19
19
19
6
19
19
19
24
19
24
24
24
24
23
23
23
23
36
36
42
6
10
10
49
49
10
10
36
36
18
18
22
22
20
20
18
20
20
20
10
10
9
9
11
11
11
11
10
10
9
9
1
1
6
1
9
9
9
9
10
10
11
11
11
11
11
11
11
11
10
10
9
9
11
11
11
11
11
11
10
10
11
11
11
11
11
11
11
11
43
43
43
45
45
45
43
43
43
43
16
13
13
12
12
12
12
12
12
17
17
37
37
37
37
37
37
16
16
17
17
37
37
11
11
11
11
11
11
11
11
10
10
40
40
47
47
40
47
47
47
36
4
4
36
36
25
36
25
25
28
28
28
28
10
10
5
5
11
11
3
11
5
5
11
5
43
43
44
44
44
43
44
44
44
44
17
19
19
19
19
19
19
6
19
6
6
15
21
21
21
21
21
21
21
22
22
22
17
27
27
9
9
28
1
1
1
1
9
9
9
1
8
10
10
10
10
10
10
9
9
9
9
32
32
28
33
36
33
33
33
33
33
33
1
1
1
1
3
1
3
3
3
3
44
44
44
26
26
28
26
17
17
17
17
15
15
38
38
38
38
38
38
29
38
49
49
49
49
45
49
45
45
49
49
3
3
3
3
1
1
1
1
3
3
42
42
48
41
41
41
41
41
41
41
17
17
0
0
0
0
0
17
17
9
9
9
9
10
10
10
10
10
10
23
23
44
44
8
23
3
3
3
3
3
3
1
1
1
1
43
44
44
43
45
30
30
30
30
29
30
30
4
23
7
34
34
35
20
20
34
22
34
18
18
20
20
20
34
10
34
34
20
29
26
26
27
27
27
26
26
26
26
23
23
23
24
24
24
22
22
22
22
0
0
45
17
34
45
45
12
2
12
12
12
12
13
13
12
12
34
34
22
22
18
18
18
5
18
4
4
4
18
18
45
45
17
17
16
16
16
16
17
16
16
16
45
44
45
45
43
43
43
43
43
43
17
32
32
45
45
42
42
42
42
32
32
32
32
6
6
19
20
20
20
19
19
19
19
9
1
9
9
1
1
1
1
9
9
28
28
44
44
44
4
44
44
25
25
25
4
25
25
28
43
14
18
18
18
18
18
18
18
1
1
11
9
9
42
42
42
11
11
4
4
4
22
21
23
23
23
22
22
33
21
30
30
30
30
30
30
29
29
29
29
19
19
22
22
20
20
20
20
20
20
49
49
49
49
49
49
49
45
45
45
13
14
14
14
14
14
31
31
31
31
46
46
42
46
13
13
13
13
31
31
31
13
13
13
45
44
27
27
27
27
27
27
27
31
31
25
25
33
33
33
33
36
33
33
33
45
45
45
43
43
43
35
35
35
35
35
25
25
34
34
34
45
45
49
45
49
49
22
22
21
21
21
21
21
21
32
21
24
24
24
24
23
34
23
23
24
5
1
1
1
24
3
3
3
3
3
3
19
24
24
24
24
24
23
23
23
23
40
40
25
25
35
34
34
34
35
35
35
35
14
32
32
32
14
14
14
14
14
14
14
14
32
32
32
21
21
21
21
21
27
27
27
26
26
26
26
26
26
29
5
32
32
39
39
39
39
39
39
39
39
44
16
16
16
40
39
40
40
40
40
40
40
39
39
29
30
30
30
30
30
33
33
36
36
2
31
33
33
31
31
40
40
47
40
47
47
47
47
16
16
48
16
16
16
16
17
46
46
46
46
48
48
48
46
12
12
12
12
12
12
13
13
2
12
30
30
30
29
30
43
43
43
44
43
43
30
30
30
30
25
25
26
25
26
26
36
36
36
36
36
49
49
49
49
49
42
42
42
33
33
33
33
32
32
32
25
25
25
25
28
28
25
25
28
28
49
35
36
36
49
49
49
49
20
20
36
36
20
20
20
20
19
19
19
19
6
6
11
11
11
11
11
11
11
11
10
10
38
38
38
38
38
38
38
38
23
23
17
17
16
17
16
16
15
15
15
15
33
33
33
33
33
33
42
33
32
32
40
40
40
47
47
1
1
18
18
18
14
18
18
18
18
27
27
40
40
41
40
40
40
39
40
39
39
