27
21
26
26
26
26
25
25
25
25
26
26
8
40
38
38
38
2
2
2
38
38
38
38
38
38
38
38
26
31
31
31
31
11
11
0
0
11
11
11
11
11
11
46
46
47
46
33
2
2
26
26
25
25
25
25
21
21
10
9
9
16
16
16
16
16
16
17
17
13
13
31
31
31
31
32
31
11
11
11
11
11
11
11
11
0
0
20
20
18
18
20
20
20
20
20
20
31
15
15
38
38
12
12
12
12
39
39
39
39
38
38
39
38
40
40
18
18
18
18
20
20
20
20
20
20
20
18
18
32
32
30
30
30
30
30
30
33
33
27
27
27
27
27
26
26
26
26
26
18
18
18
18
46
46
46
46
46
46
46
42
42
42
3
3
4
48
48
47
47
47
47
26
26
27
27
27
27
26
26
26
26
4
4
4
4
4
4
4
1
2
2
2
2
1
1
0
0
0
0
0
0
32
32
42
42
42
42
46
26
46
27
46
27
2
2
2
4
4
5
5
2
2
4
4
5
5
4
4
4
4
4
4
2
2
2
2
49
13
13
13
6
26
26
11
7
7
7
7
7
34
8
13
41
32
34
32
33
2
33
34
34
30
36
36
36
36
36
36
36
27
36
36
36
36
36
36
5
5
0
0
1
1
1
1
0
0
0
0
36
36
36
36
36
36
36
36
36
36
35
36
36
36
32
32
32
32
31
31
31
32
31
31
31
26
31
48
48
47
47
47
47
47
46
48
25
25
37
37
37
37
37
25
25
25
47
49
41
36
49
49
49
48
48
48
48
40
27
28
28
28
28
28
28
28
28
21
39
39
47
21
21
49
45
39
48
48
43
43
43
49
28
28
28
28
28
28
28
28
27
27
35
31
31
38
31
31
31
31
32
32
37
10
25
2
25
2
48
48
28
27
28
28
28
28
28
28
28
28
13
13
36
36
36
36
36
36
20
20
20
20
20
20
18
18
20
20
7
7
7
7
10
10
7
7
8
8
37
37
9
43
9
43
3
11
34
34
6
6
6
34
34
34
34
34
35
35
35
35
2
43
25
25
2
25
37
25
25
37
37
37
37
24
24
21
21
1
1
1
1
1
24
46
42
46
46
46
46
46
46
25
25
42
42
1
1
21
1
1
0
1
1
0
0
1
1
0
0
1
1
1
1
0
0
23
23
21
23
21
21
21
21
24
24
22
22
13
13
13
13
22
3
23
3
3
3
11
40
11
11
11
11
0
40
10
10
20
19
18
18
19
19
19
19
15
19
44
44
25
25
37
25
37
37
37
37
25
25
45
34
34
35
35
33
33
33
34
44
35
35
45
32
32
33
33
30
30
33
33
30
30
30
30
23
23
23
23
21
21
21
21
24
23
30
27
20
20
20
20
20
20
20
6
6
30
6
6
6
8
27
44
9
9
9
30
8
27
8
8
6
6
29
44
29
29
29
29
26
26
29
27
29
29
29
29
29
29
30
29
28
28
28
28
28
28
32
32
26
26
26
25
25
25
25
32
32
32
32
32
31
31
31
35
35
6
6
9
9
9
9
6
8
8
8
26
47
47
47
47
47
47
26
26
26
26
27
27
25
25
26
26
29
29
29
29
29
29
28
44
28
18
28
28
28
14
30
29
14
26
29
29
28
28
28
28
29
28
27
29
13
13
31
16
16
16
16
14
14
14
16
14
31
31
31
32
31
31
31
31
14
12
12
12
12
15
15
15
15
12
12
15
33
33
30
30
30
9
2
2
2
33
33
8
8
7
7
10
7
7
7
7
7
38
40
35
35
35
35
34
34
34
33
33
33
18
22
17
21
17
40
40
40
40
6
6
43
43
43
43
43
43
43
43
30
30
30
14
30
30
3
3
3
3
5
3
3
3
21
3
9
48
27
47
48
47
3
27
10
37
37
37
25
25
37
25
4
4
3
3
10
10
10
10
30
30
30
30
33
33
30
30
32
32
27
37
37
37
37
41
41
41
41
41
41
41
42
41
41
41
41
9
9
37
37
3
27
3
3
4
4
25
25
25
25
26
26
26
26
26
26
3
3
3
22
5
23
22
23
23
23
3
9
22
23
23
23
21
21
22
22
45
26
45
45
23
23
44
44
44
44
41
41
45
45
44
26
44
41
27
27
27
27
37
37
27
27
41
41
37
37
41
41
41
41
16
41
41
39
39
42
42
41
42
23
18
18
39
39
18
23
6
16
15
23
15
23
6
22
22
22
22
22
22
17
17
18
18
24
17
24
24
24
24
12
40
40
12
40
40
40
40
16
39
39
39
39
39
40
42
42
42
42
40
40
40
40
40
40
39
39
39
39
26
26
27
27
27
27
6
10
2
10
2
23
10
23
22
23
10
22
21
22
22
18
18
18
22
22
22
22
22
22
10
49
49
49
49
49
49
48
48
48
48
3
30
3
3
5
3
3
3
3
3
37
37
47
41
41
39
39
42
42
41
41
24
17
17
17
23
23
23
24
17
17
5
29
29
29
29
29
29
29
29
30
15
15
12
12
12
12
10
23
15
11
15
15
12
12
12
11
12
12
11
48
23
22
0
0
32
32
32
32
35
32
35
35
35
35
11
6
6
6
8
6
6
6
37
49
49
37
48
48
48
48
49
37
49
49
37
28
28
28
37
29
29
29
29
10
29
44
29
10
10
10
10
0
0
30
30
29
30
29
29
29
29
44
29
29
29
10
10
4
4
10
10
10
10
10
10
10
10
35
31
31
32
31
31
32
32
32
32
31
31
31
31
31
32
31
31
31
21
14
14
12
12
15
15
15
15
12
12
47
47
21
21
47
47
2
2
48
48
48
46
32
42
46
46
46
46
32
3
3
3
3
3
42
3
8
12
12
3
3
29
3
3
5
3
3
8
8
30
29
35
6
6
19
19
19
19
19
19
18
18
6
19
15
9
9
4
4
3
3
9
10
9
9
35
35
35
35
35
35
34
34
8
8
33
34
33
33
34
34
34
34
13
13
13
13
6
34
6
6
6
6
6
6
21
21
18
8
8
8
8
8
8
10
10
8
8
9
9
35
35
35
35
3
3
35
4
16
16
16
16
16
14
14
14
14
14
15
46
18
18
2
5
5
5
5
5
5
12
18
46
34
34
14
14
14
14
33
34
33
33
34
34
34
34
44
44
45
45
45
45
44
44
45
44
41
44
44
45
45
44
44
45
45
45
45
18
18
5
5
45
5
45
45
43
45
18
18
43
43
5
5
5
5
5
5
5
5
49
6
6
8
8
6
6
23
40
40
23
49
11
6
49
9
9
9
9
33
33
9
33
14
14
33
33
48
35
35
32
35
33
32
33
33
35
35
8
8
7
7
7
11
7
7
7
7
48
10
10
4
10
33
33
10
10
9
9
33
9
9
9
9
9
6
16
16
16
16
14
14
14
16
13
13
10
10
8
8
8
8
8
8
6
8
24
32
13
13
32
32
31
31
32
31
16
16
31
16
16
16
16
13
19
9
9
9
9
9
6
9
9
6
6
13
14
14
14
49
17
18
47
2
1
1
1
1
0
0
0
0
18
18
0
0
19
19
19
19
47
47
6
6
9
9
6
9
9
9
9
9
34
40
40
21
21
34
7
7
7
7
10
10
7
7
43
43
43
43
8
8
29
10
22
34
34
34
34
33
33
34
33
24
24
24
14
34
34
17
17
46
46
46
46
42
42
46
46
42
42
47
21
47
47
18
18
19
19
19
19
19
19
15
19
40
11
11
11
11
11
11
11
11
0
0
8
40
11
11
11
11
0
0
11
11
11
11
22
33
33
27
30
30
30
30
30
30
33
33
17
17
24
17
24
24
24
24
27
17
17
47
27
46
28
27
30
33
33
30
30
30
30
13
13
13
1
32
4
4
4
34
34
34
34
33
6
34
33
34
34
5
5
2
5
5
4
5
5
36
4
5
14
14
14
14
4
4
4
4
2
2
2
2
48
4
4
45
4
4
4
4
2
4
36
2
4
4
25
45
49
5
48
48
48
48
49
49
49
48
15
15
19
19
19
19
23
23
19
19
15
44
30
15
47
15
43
43
13
13
13
43
43
6
47
47
42
42
46
46
46
46
42
42
46
46
27
30
8
8
36
36
26
29
29
19
22
36
36
36
19
19
18
18
19
19
19
19
15
19
46
17
17
14
14
14
14
14
14
15
15
15
14
48
48
48
48
48
49
49
49
49
49
23
23
21
21
21
21
14
14
14
2
2
27
24
44
24
17
16
21
0
16
12
47
7
21
17
17
21
28
23
23
24
24
17
24
17
17
27
48
21
21
43
43
43
43
43
43
43
43
47
24
32
17
49
24
16
16
16
16
11
11
16
16
17
13
13
13
13
16
16
16
16
16
16
16
17
13
13
13
27
2
2
48
36
36
36
36
36
35
24
24
24
1
1
1
21
21
21
21
1
21
1
1
1
1
1
1
0
0
35
35
35
35
35
35
13
13
13
27
24
24
12
12
15
15
15
15
17
17
12
12
0
0
1
1
1
21
0
1
1
1
0
0
0
1
0
0
1
1
1
1
19
19
23
23
19
19
19
19
15
15
22
2
2
2
15
15
15
15
12
12
12
12
12
12
47
47
47
47
47
47
15
17
17
19
19
19
19
23
23
23
12
13
13
13
12
11
7
7
7
7
7
7
7
8
8
24
24
24
24
17
17
24
17
17
17
32
16
17
16
16
16
16
13
16
13
13
39
39
42
40
40
40
40
40
39
39
27
40
40
40
40
25
25
25
25
39
39
40
40
40
40
40
40
40
27
40
40
39
39
42
39
42
42
42
42
39
39
43
43
43
43
43
43
45
43
20
20
18
18
20
20
20
20
20
20
13
13
7
7
7
7
11
11
7
7
42
42
38
38
39
39
39
39
47
47
49
49
49
49
49
49
27
38
38
38
38
38
38
38
28
43
43
43
43
43
43
43
43
28
28
28
42
42
49
49
49
49
47
47
42
42
46
15
15
15
15
14
9
14
14
14
46
38
38
38
38
38
38
38
38
38
21
21
42
36
3
8
31
5
4
4
2
45
2
1
13
4
32
39
39
39
39
25
39
25
25
25
25
37
37
42
42
41
41
41
41
39
39
44
45
44
44
45
45
45
45
42
42
41
45
44
44
44
44
46
12
42
42
46
41
41
49
41
44
44
41
44
22
22
44
44
23
23
22
22
41
41
37
37
41
41
41
41
44
37
37
44
37
37
41
41
41
41
42
41
37
37
25
47
18
15
18
18
47
47
23
23
22
22
22
22
22
22
22
23
3
45
22
18
22
22
22
22
22
22
18
18
20
20
20
20
20
20
20
20
2
47
10
46
14
14
14
14
35
35
35
48
48
35
35
17
17
17
24
17
17
24
24
24
24
5
5
7
43
43
45
43
45
45
5
5
5
5
5
5
5
2
5
5
5
5
24
24
24
24
17
17
17
24
17
17
8
7
7
45
45
45
7
44
44
44
45
8
44
44
8
38
38
38
38
38
38
38
45
12
12
10
38
38
44
44
45
45
45
45
45
45
44
44
49
38
49
36
49
49
48
49
48
36
48
48
36
46
46
38
38
38
38
39
39
39
39
39
39
36
36
12
12
12
12
20
15
15
12
12
