2471 4814 001
2 3 2352 2 4 2 2119 2 
1 3 2351 2 2120 3 841 3 
44 2 2117 3 2354 1 4 1 
2118 2 2353 3 1 2 3 1 
6 1 1150 2 537 1 2131 1 
11 1 5 1 2130 4 1149 2 
188 1 8 2 1267 3 1541 1 
7 2 1540 2 1266 3 58 2 
2137 2 10 3 1148 4 12 3 
2136 2 15 3 9 3 1147 3 
6 1 12 2 2139 1 1146 1 
11 2 1145 2 2138 3 9 3 
71 3 2133 2 1144 2 16 2 
1260 2 65 3 72 4 1532 2 
10 3 16 2 1142 3 2135 3 
1141 3 15 2 13 2 2134 2 
18 4 221 2 1484 4 1415 2 
1414 4 17 4 174 3 1483 3 
20 3 22 2 244 4 438 3 
19 3 2292 2 501 2 243 2 
24 4 22 3 237 3 504 3 
19 2 21 3 236 3 503 1 
24 2 26 1 235 2 506 2 
23 2 505 3 21 4 234 4 
241 1 28 3 26 1 508 2 
23 1 240 1 25 1 507 1 
510 3 603 1 28 3 239 1 
509 3 238 5 27 3 25 3 
30 2 1090 1 
29 2 1089 3 1126 2 224 2 
151 5 1602 2 1557 2 1604 3 
847 1 845 2 1525 1 
976 2 36 1 34 1 1010 1 
1011 1 975 3 39 1 33 1 
259 3 36 2 978 3 1008 2 
33 1 35 2 1009 1 977 1 
972 3 1014 2 40 2 38 2 
41 2 1015 1 971 2 37 2 
974 1 40 1 1012 2 34 1 
1013 1 973 1 39 1 37 2 
38 2 42 3 970 3 1005 2 
969 2 41 3 1006 3 2312 3 
2356 2 112 4 44 3 2123 3 
2355 5 3 2 43 3 2124 2 
1054 1 46 2 893 1 55 2 
1053 5 891 3 45 2 2279 2 
2121 1 887 1 112 3 2358 3 
465 3 450 4 422 3 49 4 
464 4 2332 2 48 4 421 3 
1597 1 51 1 53 1 1322 1 
1321 2 50 1 1596 3 455 1 
53 1 1599 2 1320 4 2323 2 
52 1 1319 2 50 1 1598 1 
57 4 55 4 890 3 1606 3 
54 4 1603 2 45 2 1325 3 
418 3 278 2 456 4 470 2 
54 4 455 2 1607 2 886 3 
1265 3 59 1 8 2 1537 1 
60 1 58 1 1264 1 1536 2 
63 1 1263 3 59 1 1539 1 
422 1 327 1 511 2 62 2 
421 3 326 2 1887 2 61 2 
60 1 65 2 1538 2 1262 2 
335 1 2282 1 502 1 418 2 
1261 3 14 3 63 2 1533 2 
502 1 420 2 67 1 333 1 
419 1 68 2 66 1 332 1 
414 3 331 2 69 3 67 2 
68 3 70 3 413 3 330 4 
416 3 69 3 511 3 329 2 
13 3 2132 2 1143 3 
1259 3 14 4 1535 3 895 3 
74 1 2365 4 1884 1 2266 1 
1883 2 73 1 2265 3 75 1 
76 2 1882 1 2267 1 74 1 
75 2 77 4 1881 4 
76 4 1886 3 
1843 2 81 2 79 2 1830 4 
78 2 84 2 1842 2 1829 2 
1828 2 1845 4 81 2 87 3 
80 2 78 2 1844 2 1827 2 
1839 2 83 1 85 2 1834 1 
1833 2 82 1 1838 2 618 3 
85 3 1841 3 79 2 1832 2 
84 3 1840 4 82 2 1831 3 
305 5 1837 2 87 3 1826 3 
1836 2 1825 2 86 3 80 3 
89 4 295 3 1097 2 523 3 
88 4 1096 3 522 3 90 3 
1095 1 525 1 91 3 89 3 
1094 4 524 3 92 3 90 3 
1093 1 93 1 526 1 91 3 
1092 2 92 1 
97 2 95 2 272 3 830 4 
829 3 94 2 271 3 100 4 
1998 2 270 2 97 1 832 2 
94 2 269 2 831 2 96 1 
834 3 101 2 268 2 99 2 
687 1 833 2 267 1 98 2 
101 4 836 4 266 5 95 4 
100 4 265 1 835 1 98 2 
768 2 103 1 1284 1 
104 1 767 3 102 1 
103 1 105 1 766 2 
106 1 765 1 104 1 
105 1 107 1 764 2 
106 1 108 1 763 1 
2082 1 107 1 
2214 2 110 2 
109 2 1182 2 1867 2 2213 2 
2462 2 1181 2 256 2 1183 3 
2122 3 47 3 43 4 2357 4 
114 2 2389 2 709 3 116 3 
335 1 2388 3 2282 1 113 2 
116 3 1958 2 
115 3 2378 2 1957 4 113 3 
124 1 1343 1 118 1 1865 1 
119 1 1864 1 1342 3 117 1 
118 1 1863 3 1345 2 120 2 
1862 2 377 2 119 2 1344 2 
122 3 1347 3 1861 4 846 2 
121 3 1860 3 1346 2 839 2 
2409 1 1200 2 1150 2 840 1 
1127 2 117 1 1858 1 839 1 
126 2 840 2 1146 2 1170 2 
1408 3 1145 1 125 2 127 1 
1407 2 1148 3 128 2 126 1 
129 3 1147 3 1164 2 127 2 
128 3 1142 3 1189 2 130 4 
1412 5 1141 5 131 3 129 4 
1144 1 1411 2 132 2 130 3 
1410 2 350 3 1143 3 131 2 
724 1 134 1 138 2 2273 2 
723 1 2274 1 133 1 2420 1 
142 1 2238 5 730 1 136 1 
2116 1 137 2 135 1 729 2 
2236 2 136 2 732 2 138 3 
731 4 137 3 133 2 2091 4 
726 2 2251 3 2037 2 140 3 
1580 2 725 3 139 3 141 2 
1577 2 728 2 142 1 140 2 
135 1 727 1 141 1 1578 1 
1075 3 2429 2 1778 3 144 2 
1074 1 1777 1 145 2 143 2 
144 2 146 4 1788 3 1071 3 
147 3 1787 5 145 4 1070 3 
146 3 148 1 1711 2 1786 1 
1785 2 149 5 147 1 1072 4 
1710 5 148 5 1784 5 150 5 
1653 1 149 5 
31 5 152 4 153 4 311 4 
151 4 154 2 1602 1 312 1 
151 4 1604 2 
155 3 1620 3 1601 3 152 2 
154 3 358 2 1625 2 1600 2 
1242 3 157 3 1645 2 163 2 
1646 3 1241 3 949 3 156 3 
368 2 159 3 1826 2 1202 1 
168 4 158 3 233 4 1825 3 
1238 2 1641 3 2045 1 161 1 
1237 3 162 1 1642 2 160 1 
163 2 1639 2 161 1 1240 3 
162 2 1239 2 1640 3 156 2 
262 3 171 2 165 1 1832 1 
261 1 1831 2 164 1 166 2 
260 4 1834 2 167 3 165 2 
1833 3 257 2 166 3 2459 3 
1828 2 159 4 938 3 169 2 
1125 4 1827 2 170 1 168 2 
248 1 171 2 169 1 1830 3 
246 2 1829 3 164 2 170 2 
175 1 173 2 1945 1 1478 1 
179 3 1911 4 172 2 1477 3 
1476 1 18 3 175 1 1413 1 
172 1 174 1 1473 1 1475 2 
2465 3 1162 2 
1482 4 178 5 180 4 1800 3 
1755 3 177 5 1481 3 557 3 
173 3 1480 2 180 3 1216 3 
177 4 613 4 179 3 1479 3 
1617 1 533 3 1619 3 1610 3 
185 1 183 2 2316 1 1048 3 
1507 2 182 2 2315 2 
185 2 2318 3 1046 4 187 2 
184 2 182 1 2317 1 1045 2 
187 2 719 3 2320 2 1044 2 
186 2 1043 2 184 2 2319 1 
7 1 189 1 1320 4 1108 1 
188 1 1319 2 190 1 1107 1 
1106 2 191 2 189 1 1322 1 
192 4 1321 3 190 2 1105 2 
191 4 888 4 1104 3 193 4 
1103 2 886 3 194 2 192 4 
195 2 890 1 193 2 1102 2 
194 2 196 2 1101 2 1325 3 
1073 1 195 2 893 1 1100 1 
1229 2 1069 2 1002 2 202 1 
199 3 1001 2 1232 3 1068 1 
198 3 1000 3 1069 4 1231 4 
1234 2 203 4 201 3 1214 3 
381 2 998 4 200 3 1233 3 
997 2 203 3 1236 1 197 1 
202 3 200 4 996 4 1235 5 
826 2 1323 1 1626 2 
2115 4 2365 5 841 3 2266 2 
210 2 245 2 1326 2 2321 2 
1153 2 208 3 1232 3 1138 1 
1231 4 207 3 209 4 1152 3 
208 4 1155 3 1230 2 1129 3 
206 2 889 1 1626 2 824 2 
212 2 1157 3 1129 3 1236 2 
211 2 1235 3 1156 1 213 1 
1159 2 214 1 1234 1 212 1 
1158 1 394 3 213 1 1233 2 
1206 2 218 3 216 2 1128 2 
1205 2 1130 1 1278 1 215 2 
218 2 1208 1 220 1 1277 1 
217 2 1276 2 215 3 1207 3 
222 2 1210 3 220 2 1283 3 
1209 2 217 1 219 2 1282 1 
222 1 1281 1 17 2 1212 1 
1280 2 219 2 221 1 1211 1 
224 2 230 2 274 2 1286 4 
752 3 223 2 1287 1 30 2 
228 2 1294 3 958 3 226 3 
957 4 231 3 1295 3 225 3 
2452 2 960 2 228 1 1292 1 
1293 3 225 2 227 1 959 1 
962 2 232 3 230 2 1290 4 
223 2 229 2 961 4 1291 2 
1288 2 232 3 964 2 226 3 
1289 2 963 3 229 3 231 3 
938 3 159 4 1202 2 2324 2 
235 4 2369 4 24 4 237 3 
234 4 23 2 240 2 2368 2 
237 3 2371 3 22 3 244 5 
236 3 2370 1 21 3 234 3 
239 3 241 3 28 5 2373 3 
238 3 2372 1 1422 2 27 1 
26 1 2375 2 235 2 241 1 
238 3 25 1 240 1 2374 1 
2187 4 1328 3 245 3 822 4 
426 1 1474 3 244 3 20 2 
2376 3 243 3 19 4 236 5 
206 2 1327 1 242 3 821 2 
171 2 248 1 262 3 1816 2 
684 2 1185 2 686 2 1761 1 
170 1 1815 1 246 1 1125 4 
258 3 1180 2 251 2 1758 2 
1909 1 350 2 1410 1 255 3 
1759 2 249 2 1179 2 
253 3 529 4 1311 1 2321 1 
252 3 254 4 530 3 824 4 
527 3 1279 2 253 4 827 2 
1908 4 1201 3 349 3 250 3 
258 2 685 3 111 2 1756 2 
1810 3 167 2 704 2 260 3 
249 3 256 2 1181 2 1757 3 
35 3 1311 2 822 3 531 2 
1804 3 166 4 257 3 261 3 
262 3 165 1 1814 3 260 3 
164 3 261 3 1813 4 246 3 
440 2 688 3 264 3 2115 4 
2114 2 267 2 687 2 263 3 
101 1 266 2 268 1 2118 2 
2117 4 271 4 265 2 100 5 
268 1 264 2 2120 2 99 1 
267 1 98 2 265 1 2119 1 
97 2 272 3 2122 2 270 3 
2121 2 96 2 1124 2 269 3 
272 4 2124 3 266 4 95 3 
271 4 269 3 94 3 2123 3 
480 1 478 1 1102 2 1807 3 
2376 1 752 3 961 4 223 2 
312 1 279 2 907 2 276 1 
906 1 311 1 275 1 
1803 3 280 3 1106 4 285 4 
1625 1 279 2 56 2 904 2 
278 2 1620 3 903 2 275 2 
1105 1 277 3 1132 1 479 1 
1075 4 282 4 753 3 297 3 
288 3 296 2 1074 2 281 4 
1108 2 1805 2 315 3 285 3 
294 4 1710 2 287 3 
1107 2 1806 3 277 4 283 3 
1711 3 291 3 287 3 289 4 
290 2 1072 5 286 3 284 3 
1071 3 282 3 289 4 293 4 
292 3 286 4 1070 3 288 4 
291 2 287 2 294 3 988 2 
290 2 987 3 292 2 286 3 
986 1 291 2 289 3 293 3 
296 3 292 3 985 3 288 4 
984 3 290 3 284 4 
309 2 363 2 88 3 1215 2 
293 3 282 2 297 1 983 2 
2151 1 982 4 296 1 281 3 
1643 4 1649 1 2173 1 950 1 
1275 1 1666 2 300 2 302 4 
307 2 1665 3 308 2 299 2 
1648 3 302 4 304 1 1668 2 
1647 4 1667 4 301 4 299 4 
306 3 1654 4 1670 4 304 3 
1924 1 1669 2 301 1 303 3 
86 5 373 4 306 4 1652 5 
303 3 372 1 305 4 1651 2 
300 2 1215 1 1275 1 367 3 
309 1 1215 1 391 1 300 2 
308 1 295 2 1097 1 390 1 
1486 3 995 2 952 2 1649 2 
312 1 276 1 151 4 
311 1 275 1 1620 2 152 1 
2237 3 481 3 314 2 2235 2 
1907 2 313 2 1835 1 321 4 
1623 2 316 2 1267 4 283 3 
315 2 1611 1 1266 2 1624 2 
2078 2 318 3 1584 3 2360 3 
1583 3 319 4 2359 4 317 3 
320 3 318 4 1582 4 2362 3 
319 3 817 1 2361 1 1581 2 
1588 5 2364 4 322 5 314 4 
2363 3 321 5 323 2 1587 2 
1586 1 322 2 2078 1 2275 3 
2051 2 2045 1 1777 1 1271 2 
1984 2 1726 3 2096 2 2098 4 
1007 1 485 3 327 1 62 2 
328 2 61 1 326 1 2175 1 
327 2 2170 3 329 2 511 3 
70 2 330 3 328 2 2169 3 
2172 3 329 3 69 4 331 3 
68 2 2171 1 330 3 332 1 
2166 2 333 1 67 1 331 1 
2165 1 334 3 332 1 66 1 
502 3 333 3 2168 4 335 3 
114 1 64 1 334 3 2167 2 
742 1 337 1 1672 2 1472 1 
338 1 1671 1 336 1 741 1 
736 2 337 1 339 1 1674 1 
1673 3 735 2 338 1 340 2 
1676 2 341 2 339 2 734 2 
340 2 733 3 342 1 1675 2 
343 1 1678 1 341 1 740 1 
342 1 739 1 344 2 1677 1 
345 2 343 2 1680 3 738 5 
443 1 344 2 737 1 1679 1 
1681 2 842 2 
348 2 
349 2 1201 2 347 2 
348 2 255 3 350 2 
250 2 132 3 1016 2 349 2 
361 2 1459 1 352 1 471 2 
472 3 1458 3 351 1 353 1 
473 2 1461 2 352 1 354 2 
355 3 353 2 474 3 1460 2 
354 3 356 3 467 2 1455 2 
1454 3 355 3 468 2 357 2 
356 2 1457 1 469 3 358 1 
470 1 155 2 1456 1 357 1 
1505 1 1705 1 887 1 878 1 
1453 3 361 2 464 3 514 1 
351 2 360 2 465 2 1452 2 
363 2 367 4 1054 2 1215 2 
1053 4 295 2 362 2 523 2 
1608 1 1648 3 365 1 371 2 
1647 1 1607 1 364 1 366 3 
367 5 365 3 1606 3 1275 3 
362 4 366 5 1603 3 307 3 
158 2 1652 3 1599 3 369 3 
1651 3 1598 2 370 2 368 3 
371 2 369 2 1654 2 1597 1 
370 2 1924 2 1596 4 364 2 
373 1 306 1 1850 2 1670 2 
305 4 372 1 1837 1 1851 1 
392 2 375 3 1132 2 1547 2 
374 3 376 3 1546 3 1803 2 
1545 2 1806 3 2081 4 375 3 
1722 3 120 2 2470 2 2079 1 
547 2 379 2 
546 2 1543 3 2395 2 378 2 
383 1 1744 2 381 1 868 1 
201 2 380 1 1077 1 867 1 
383 1 1084 2 385 3 876 1 
1083 2 380 1 382 1 875 1 
387 2 385 4 874 2 1766 3 
873 3 382 3 384 4 1085 3 
387 1 389 1 1764 1 872 2 
386 1 384 2 871 1 1079 1 
870 1 541 2 1082 1 389 1 
386 1 1081 2 869 3 388 1 
865 3 391 1 309 1 1854 2 
390 1 308 1 1855 1 1665 2 
374 2 2087 1 1809 1 1548 1 
1744 2 394 3 1026 2 402 1 
214 3 1077 3 393 3 1025 4 
1082 1 1139 1 396 1 1022 1 
1021 3 1081 2 395 1 397 1 
398 2 1024 1 1764 1 396 1 
397 2 399 3 1023 2 1079 2 
398 3 1766 3 400 3 1018 3 
1085 2 401 4 1017 3 399 3 
1020 3 400 4 402 3 1084 4 
1019 1 1083 2 401 3 393 1 
2281 3 406 2 404 3 734 2 
409 2 814 2 733 4 403 3 
813 1 412 1 406 1 736 2 
403 2 735 2 812 1 405 1 
408 3 2272 2 410 3 738 5 
407 3 1431 3 737 2 559 3 
404 2 1419 1 740 1 410 2 
2262 2 407 3 739 2 409 2 
1581 5 817 4 742 4 412 4 
405 1 816 1 741 1 411 4 
69 3 414 3 452 2 416 3 
68 3 419 2 413 3 451 3 
416 3 511 3 450 3 422 2 
415 3 70 3 449 2 413 3 
502 1 420 2 418 2 456 3 
56 3 417 2 904 3 64 2 
420 2 67 1 414 2 454 1 
419 2 453 3 417 2 66 2 
422 2 566 3 62 3 49 3 
421 2 61 1 48 3 415 2 
2288 4 425 5 
425 3 2160 1 2294 3 427 2 
2159 3 424 3 2293 3 423 5 
243 1 968 1 2292 1 427 2 
2291 2 967 2 424 2 426 2 
705 1 703 1 2456 2 446 2 
546 2 1543 3 430 2 1812 2 
429 2 2083 1 1542 3 1811 1 
434 3 1789 2 432 5 2399 2 
702 4 585 4 431 5 2398 4 
436 2 1802 3 2404 2 434 3 
431 3 2403 3 1801 2 433 3 
436 1 707 3 2402 2 
2401 2 433 2 435 1 706 3 
1098 1 1515 4 587 1 500 1 
503 2 1868 4 19 3 501 2 
441 1 2099 1 2392 1 
2067 1 263 2 441 1 2391 2 
439 1 440 1 2390 2 1462 1 
591 1 1098 1 1511 1 443 1 
345 1 590 2 442 1 1510 1 
445 1 701 2 1699 1 
444 1 446 2 703 1 1698 2 
447 4 445 2 428 2 1697 4 
446 4 448 3 1703 4 705 3 
704 2 1702 1 447 3 1810 3 
416 2 450 2 472 3 452 1 
449 2 48 4 415 3 471 3 
452 2 414 3 454 2 474 3 
473 2 451 2 449 1 413 2 
420 3 456 4 454 2 468 2 
467 1 453 2 451 2 419 1 
1608 1 57 2 51 1 888 2 
453 4 469 5 417 3 56 4 
1261 2 466 1 1617 1 1610 3 
2298 1 992 2 461 1 459 1 
462 3 2297 2 1783 1 458 1 
1782 1 2300 1 461 1 
2299 1 458 1 1781 1 460 1 
459 3 1780 4 463 4 2296 4 
1779 2 630 2 462 4 2295 2 
49 4 465 3 360 3 640 3 
48 3 464 3 361 2 471 2 
1613 1 1618 4 1260 1 457 1 
454 1 474 2 355 2 468 1 
356 2 469 3 453 2 467 1 
456 5 468 3 470 3 357 3 
358 1 469 3 1625 1 56 2 
472 4 465 2 351 2 450 3 
352 3 471 4 473 4 449 3 
452 2 353 2 472 4 474 3 
467 2 473 3 354 3 451 3 
1100 1 1811 1 478 1 476 1 
1812 1 991 1 1099 2 475 1 
484 1 2158 2 1349 3 
273 1 1101 1 475 1 1808 3 
480 1 1809 1 1104 1 280 1 
1103 1 479 1 273 1 1140 1 
313 3 2155 5 482 3 1353 2 
2154 2 481 3 1352 2 483 2 
484 1 1351 1 2157 3 482 2 
483 1 477 1 2156 1 1350 1 
486 5 326 3 1887 3 1985 3 
485 5 487 3 1885 3 1984 3 
2340 1 2457 1 486 3 488 1 
2454 1 487 1 489 1 2339 3 
2338 1 1989 1 488 1 490 3 
2337 3 491 4 1988 4 489 3 
492 2 2336 3 490 4 1991 3 
2335 1 491 2 493 1 1990 1 
494 2 1893 1 492 1 2471 2 
493 2 1889 3 2470 3 1953 3 
496 2 1517 1 2398 1 585 1 
495 2 1516 2 584 2 497 3 
583 2 498 3 1519 2 496 3 
582 3 497 3 499 3 1518 3 
1513 2 498 3 500 2 589 2 
1512 1 588 1 499 2 437 1 
1869 1 655 1 20 2 438 2 
334 3 417 1 66 1 64 1 
438 2 1879 1 22 1 504 1 
505 2 21 3 1878 1 503 1 
1877 2 24 3 504 2 506 3 
507 2 505 3 1876 4 23 2 
506 2 508 2 26 1 1875 2 
1874 3 509 2 507 2 25 2 
1552 2 510 3 28 3 508 2 
27 3 509 3 1872 3 2342 4 
415 3 70 3 328 3 61 2 
521 2 1249 3 634 2 513 1 
635 2 1248 2 1690 2 512 1 
640 1 1251 1 360 1 515 1 
641 1 516 1 1250 3 514 1 
1253 2 642 1 515 1 517 2 
1252 2 516 2 518 4 643 3 
636 3 519 3 517 4 1255 4 
1254 2 520 1 518 3 637 1 
519 1 521 2 1257 4 638 1 
1256 2 512 2 520 2 639 4 
525 1 1576 1 523 2 89 3 
1575 2 363 2 522 2 88 3 
91 3 1574 3 525 1 526 1 
1573 2 522 1 524 1 90 1 
1579 2 92 1 524 1 
254 3 528 2 1306 3 530 2 
527 2 792 1 1279 1 
532 4 530 4 252 4 1269 4 
529 4 253 3 527 2 1268 1 
532 1 1824 1 259 2 1008 1 
1311 1 531 1 529 4 1823 1 
540 4 181 3 1335 3 534 3 
1619 3 535 2 1334 2 533 3 
534 2 1333 4 536 4 1622 3 
1621 3 543 4 535 4 1332 3 
5 1 1339 1 1616 1 538 1 
1615 1 1338 2 539 1 537 1 
1337 2 1618 4 538 1 540 2 
533 4 539 2 1336 2 1617 2 
1328 2 793 3 388 2 542 2 
708 2 791 2 1327 1 541 2 
544 2 1341 2 536 4 1624 3 
1340 1 543 2 2081 3 1623 1 
547 3 1272 3 
429 2 547 2 379 2 1274 2 
546 2 545 3 378 2 1273 3 
549 2 838 2 946 3 1635 4 
548 2 1634 1 550 1 945 1 
1633 3 551 1 549 1 948 2 
556 2 947 1 1632 1 550 1 
553 2 555 2 583 1 647 2 
552 2 825 2 646 4 582 3 
585 1 702 1 555 2 645 1 
554 2 584 2 552 2 644 2 
551 2 937 2 557 2 1629 4 
936 4 556 2 178 3 1628 1 
653 2 823 3 559 3 591 2 
590 3 652 2 558 3 408 3 
877 2 2330 1 561 2 2336 2 
2335 2 2329 2 560 2 892 3 
1384 2 563 2 1926 2 1039 2 
562 2 572 1 1383 1 1925 1 
2334 1 567 1 2340 1 565 2 
2339 4 1589 2 1817 2 564 2 
1887 2 421 3 567 2 2332 2 
1885 1 564 1 566 2 2331 1 
569 4 1928 2 1382 2 575 2 
568 4 1381 3 570 4 1927 4 
1380 4 1930 2 571 3 569 4 
1379 4 714 2 570 3 1929 3 
1932 1 573 1 1378 2 563 1 
1931 2 572 1 1377 1 574 1 
1934 1 1376 1 575 1 573 1 
1375 1 1933 3 574 1 568 2 
1078 1 2168 2 1895 1 581 1 
989 3 1709 4 580 3 578 3 
577 3 1708 3 
1707 3 580 2 1099 3 991 2 
577 3 1706 2 990 3 579 2 
1894 1 700 3 2167 2 576 1 
498 3 589 2 583 2 553 3 
497 2 584 1 582 2 552 1 
583 1 585 1 555 2 496 2 
554 1 584 1 432 4 495 1 
587 1 591 1 1098 1 823 2 
820 2 586 1 437 1 588 1 
500 1 587 1 828 1 589 1 
582 2 499 2 825 1 588 1 
559 3 443 2 737 2 591 2 
442 1 586 1 590 2 558 2 
2090 1 2088 2 629 1 1300 1 
594 1 746 2 2145 2 2237 2 
2144 1 593 1 1835 1 601 1 
598 2 919 2 1582 3 596 3 
742 2 595 3 1581 3 1472 2 
908 2 598 1 600 1 1584 2 
595 2 1583 2 905 1 597 1 
902 3 602 5 1586 3 600 3 
1585 1 597 1 901 1 599 3 
1588 2 900 2 594 1 602 3 
599 5 1587 3 899 3 601 3 
27 1 1422 2 2342 2 604 1 
2341 3 603 1 1421 2 605 1 
606 1 1430 1 604 1 2344 2 
1429 1 605 1 607 1 2343 1 
1428 4 608 1 2346 2 606 1 
607 1 2345 2 609 1 1427 1 
1426 3 608 1 610 3 2348 2 
2347 3 1425 3 611 3 609 3 
610 3 1424 2 2350 1 612 1 
1423 2 2349 1 762 1 611 1 
1216 4 180 4 1800 3 2178 3 
966 1 615 2 
614 2 965 3 1569 3 778 2 
2412 1 2259 3 944 1 940 1 
621 2 1310 3 1971 3 618 3 
1970 3 1309 3 617 3 83 3 
620 3 1969 3 
1308 5 619 3 1968 3 621 4 
1307 2 617 2 1967 3 620 4 
1200 2 2252 2 2141 2 2409 1 
624 3 2093 1 2304 1 633 1 
623 3 2092 5 625 3 2303 3 
2302 3 624 3 626 1 2095 1 
625 1 2094 2 2301 1 627 1 
2089 1 2308 2 628 1 626 1 
2088 2 627 1 629 1 2307 1 
2306 2 592 1 628 1 630 1 
2305 2 2090 1 463 2 629 1 
2191 2 2407 1 2254 1 2141 2 
781 2 2310 1 633 1 2086 2 
2085 1 2309 3 632 1 623 1 
635 3 639 4 2326 4 512 2 
513 2 799 4 2325 2 634 3 
518 3 2328 2 637 1 643 2 
2327 1 636 1 519 1 638 1 
639 3 2330 1 637 1 520 1 
638 3 634 4 2329 3 521 4 
514 1 2332 1 464 3 641 1 
515 1 2331 1 640 1 642 1 
516 1 643 2 2334 1 641 1 
1817 2 642 2 636 2 517 3 
2306 2 647 2 645 1 555 2 
2305 2 554 1 1110 3 644 1 
2308 4 553 4 647 4 649 4 
644 2 646 4 552 2 2307 2 
649 2 2302 3 651 1 828 1 
648 2 825 2 2301 2 646 4 
823 3 653 2 651 2 2304 2 
2303 1 650 2 820 2 648 1 
1431 2 2310 1 559 2 653 1 
558 2 650 2 652 1 2309 3 
2140 3 1569 3 1496 2 
501 1 1662 3 2292 1 656 2 
657 3 655 2 1661 3 2291 2 
1660 2 656 3 2294 4 658 3 
659 2 2293 2 657 3 1659 3 
1658 3 658 2 2288 2 660 2 
659 2 2287 2 1657 3 661 3 
662 2 1656 2 2290 2 660 3 
1655 2 663 2 661 2 2289 1 
1664 3 662 2 2284 3 664 3 
1663 2 2283 3 663 3 
863 4 2024 3 666 2 1420 4 
2023 2 667 2 864 2 665 2 
861 3 2026 3 668 2 666 2 
862 1 669 2 2025 2 667 2 
670 3 668 2 2028 3 859 2 
669 3 860 3 2027 3 1405 2 
672 2 1684 3 
671 2 673 1 1683 2 
1682 1 672 1 848 2 
677 1 1376 1 2346 2 675 2 
680 2 2345 3 674 2 1375 2 
1378 2 683 1 677 1 2344 2 
674 1 1377 1 2343 1 676 1 
679 3 681 2 2350 2 1380 4 
678 3 2349 2 1379 4 858 2 
675 2 2348 2 1382 1 681 1 
2347 1 678 2 680 1 1381 1 
1384 1 2342 2 683 1 1872 1 
1383 1 2341 3 682 1 676 1 
1184 2 247 2 1762 2 685 4 
1763 4 256 3 1183 4 684 4 
1760 2 2038 4 1186 3 247 2 
2393 3 99 1 264 2 688 2 
2391 3 687 2 263 3 837 2 
691 3 1463 2 
691 2 693 2 1467 1 2082 1 
690 2 1466 3 689 3 761 3 
693 3 695 2 1465 2 764 3 
690 2 692 3 763 2 1464 2 
697 1 695 1 1471 1 766 2 
765 1 694 1 692 2 1470 3 
768 3 1469 2 1203 3 697 2 
694 1 1468 2 767 3 696 2 
1329 2 699 1 2378 1 
700 3 1331 1 2389 1 698 1 
699 3 1330 3 581 3 2388 5 
444 2 703 2 2367 3 
554 1 432 4 1789 1 1110 3 
428 1 445 1 701 2 2455 2 
2459 3 448 2 705 2 257 2 
428 1 704 2 2458 1 447 3 
707 5 1112 4 1802 4 436 3 
706 5 435 3 1111 3 
542 2 710 3 954 4 1326 2 
2282 2 1957 4 903 2 113 3 
711 3 953 2 889 2 708 3 
712 3 710 3 956 3 1324 3 
711 3 955 3 1323 2 
1177 2 714 2 718 2 1791 2 
571 2 713 2 1176 2 1790 1 
1174 3 722 1 716 1 1797 1 
1173 1 1796 4 717 2 715 1 
1799 2 716 2 1172 2 718 2 
1171 2 1798 4 713 2 717 2 
186 3 1213 3 720 2 1793 2 
1792 3 721 1 1169 3 719 2 
722 1 1795 3 720 1 1168 1 
721 1 1794 1 1167 1 715 1 
724 1 134 1 924 1 2250 1 
2249 2 723 1 133 1 731 3 
728 3 2246 5 726 2 140 3 
1188 1 139 2 2245 1 725 2 
142 1 2244 2 728 2 730 1 
725 3 141 2 2243 2 727 2 
2242 2 732 2 730 2 136 2 
135 1 2241 4 727 1 729 2 
138 4 2240 4 732 3 724 3 
2239 3 137 2 731 3 729 2 
740 3 734 3 341 3 404 4 
735 2 733 3 403 2 340 2 
734 2 406 2 736 3 339 2 
338 2 741 2 735 3 405 2 
590 2 345 1 738 4 408 2 
407 5 344 5 737 4 739 4 
343 1 410 2 738 4 740 1 
733 3 409 1 342 1 739 1 
736 2 742 1 412 1 337 1 
336 1 596 2 741 1 411 4 
1956 2 749 4 
1966 2 745 2 1351 1 747 2 
744 2 750 2 1350 2 1965 3 
1353 2 593 2 1964 2 747 3 
1963 2 746 3 1352 2 744 2 
749 3 1962 2 751 1 
748 3 743 4 1961 4 
1349 3 745 2 751 1 1960 2 
1348 1 1959 1 748 1 750 1 
224 3 1474 5 274 3 1089 4 
2151 1 1224 2 281 3 754 1 
755 1 2150 1 1223 1 753 1 
1222 3 754 1 2153 1 756 1 
1221 1 757 2 2152 1 755 1 
758 2 756 2 2147 2 1220 2 
2146 1 757 2 759 1 1219 2 
760 1 758 1 1218 1 2149 4 
759 1 2148 2 2080 2 1217 2 
2082 2 691 3 
1225 2 2142 2 612 1 2080 2 
2082 1 764 2 693 2 107 1 
765 2 763 2 106 2 692 3 
105 1 695 1 764 2 766 2 
767 4 765 2 694 2 104 2 
766 4 768 4 697 3 103 3 
767 4 1131 4 696 3 102 2 
799 4 770 3 2325 2 1372 3 
798 3 769 3 1371 2 771 2 
801 1 772 2 1370 1 770 2 
773 3 771 2 1369 3 800 3 
772 3 803 2 774 2 1368 3 
1367 1 802 1 773 2 775 1 
805 5 1366 3 774 1 776 4 
1365 4 804 4 777 4 775 4 
1374 3 807 2 778 1 776 4 
806 2 1373 2 777 1 615 2 
1915 2 780 2 788 1 2110 3 
2109 2 779 2 1914 2 1940 3 
632 2 2103 4 1917 2 782 3 
1916 3 2102 3 783 3 781 3 
2101 2 782 3 784 2 1919 3 
1918 2 2100 2 783 2 785 1 
786 2 2107 1 1921 2 784 1 
1920 2 785 2 787 2 2106 4 
1923 1 786 2 2105 2 788 1 
1922 2 779 1 2104 2 787 1 
2264 1 1258 1 790 2 819 2 
796 2 818 3 789 2 2263 2 
542 2 793 3 954 4 1151 3 
2300 1 528 1 1306 2 
1082 2 541 3 791 3 1139 2 
797 4 809 2 2271 3 795 2 
2270 1 808 1 794 2 
2269 1 790 2 811 2 797 3 
794 4 810 4 2268 3 796 3 
1689 2 770 3 801 2 799 4 
635 4 1690 4 769 4 798 4 
801 2 1691 2 772 3 803 2 
771 1 1692 3 800 2 798 2 
774 1 803 1 805 5 1685 1 
773 2 802 1 1686 3 800 2 
805 5 776 4 1687 1 807 2 
775 5 1688 5 804 5 802 5 
965 3 778 2 1693 3 807 3 
1694 2 777 2 804 2 806 3 
815 1 2136 1 809 1 795 1 
2137 1 810 2 794 2 808 1 
811 3 809 2 797 4 2138 3 
818 3 810 3 796 2 2139 2 
813 1 406 1 2105 2 2281 2 
812 1 2104 2 405 1 816 1 
404 2 1419 1 2281 2 2107 1 
808 1 2135 2 
412 1 813 1 817 1 2110 3 
320 1 2109 1 816 1 411 4 
811 3 819 3 790 3 2130 5 
1614 3 818 3 2131 2 789 2 
587 2 828 2 823 3 651 2 
822 3 1311 2 2321 2 245 2 
821 3 978 3 259 3 242 4 
650 3 558 3 820 3 586 2 
2321 2 827 2 210 2 253 4 
553 2 649 2 589 1 828 1 
204 2 1279 2 827 2 
1626 2 824 2 826 2 254 2 
820 2 648 1 825 1 588 1 
95 3 1030 3 830 5 836 3 
831 4 829 5 94 4 1029 3 
1028 2 97 2 830 4 832 3 
1027 3 994 3 96 2 831 3 
2393 4 99 2 834 3 1034 2 
98 3 835 2 833 3 1033 2 
1032 4 834 2 101 1 836 1 
1031 2 100 4 835 1 829 3 
979 1 688 2 1036 1 2393 3 
548 2 1631 1 943 1 
1859 2 124 1 1354 1 122 2 
1416 2 125 2 123 1 1149 2 
1913 2 2114 2 205 3 2 3 
846 2 2248 3 1857 2 346 2 
844 1 1528 3 
843 1 1527 2 845 2 
1526 2 32 2 844 2 
1856 2 2247 1 842 2 121 2 
32 1 1530 2 848 2 
847 2 1529 2 673 2 
850 1 852 1 2149 4 1172 1 
2148 2 849 1 1171 2 857 2 
2147 3 1174 5 852 3 854 4 
1173 1 849 1 851 3 2146 1 
856 1 854 2 1168 1 2153 1 
853 2 2152 2 1167 2 851 4 
2151 1 982 4 1213 2 856 1 
853 1 855 1 2150 1 1169 3 
858 2 850 2 2143 2 1177 2 
1176 2 857 2 2142 2 679 2 
860 2 1091 1 862 1 669 2 
670 3 859 2 
667 3 862 2 864 3 1093 2 
668 1 861 2 859 1 1092 2 
665 4 866 3 864 4 1095 3 
1094 3 863 4 861 3 666 2 
866 3 390 3 1097 3 1418 4 
865 3 863 3 1420 3 1096 1 
2182 1 998 3 868 1 381 1 
2181 4 867 1 875 1 380 1 
872 4 870 3 389 3 2188 3 
2187 2 388 1 1328 1 869 3 
872 2 387 1 874 1 2190 2 
871 2 869 4 2189 3 386 2 
2184 2 385 3 876 1 874 1 
2183 1 871 1 873 1 384 2 
2186 1 383 1 868 1 876 1 
873 1 2185 1 382 1 875 1 
560 2 2327 2 2337 2 1589 2 
1498 1 1700 1 879 1 359 1 
880 1 878 1 1701 3 1497 1 
879 1 1500 1 881 1 1695 1 
1499 1 880 1 1696 1 882 2 
2313 2 883 2 1502 2 881 2 
1501 2 884 2 882 2 2314 1 
883 2 2311 4 1504 3 885 4 
1006 4 2312 4 884 4 1503 3 
888 3 890 2 193 3 57 3 
1704 3 47 1 1506 2 359 1 
1321 3 886 3 192 4 455 2 
210 1 710 2 1324 2 1326 1 
886 2 54 3 194 1 1325 2 
893 2 1073 2 46 3 1133 2 
1893 2 561 3 2326 4 894 2 
891 2 45 1 1325 2 196 1 
1372 2 1889 2 892 2 2325 1 
1534 1 2264 1 1258 1 72 3 
981 2 1593 3 897 2 
1595 2 980 3 896 2 898 1 
979 1 1594 3 897 1 1036 1 
602 3 900 2 2228 3 902 1 
2144 2 2227 2 899 2 601 2 
908 2 600 1 2230 3 902 1 
599 3 2229 2 901 1 899 1 
907 2 709 2 279 2 904 2 
2282 2 418 3 278 2 903 2 
919 1 2232 1 598 1 908 2 
1958 1 276 1 907 2 
903 2 906 2 275 2 1957 4 
597 2 901 2 2231 2 905 2 
912 1 910 1 1903 1 1400 1 
1399 1 909 1 1902 2 1520 2 
1905 4 1398 3 914 1 912 1 
1397 2 909 1 1904 1 911 1 
1899 4 916 1 1404 1 914 1 
1898 1 1403 1 911 1 913 1 
918 2 916 1 1901 1 1402 3 
1401 2 913 1 915 1 1900 1 
918 2 1396 2 
917 2 1906 2 1395 3 915 2 
905 1 595 2 2233 1 1472 1 
927 3 921 3 2066 3 2416 2 
920 3 2415 2 2065 3 
925 1 923 2 2064 1 2418 1 
922 2 2063 2 2417 3 928 4 
723 1 2420 1 2062 3 925 1 
922 1 2061 3 924 1 2419 2 
2060 2 929 3 927 3 2422 2 
920 3 926 3 2059 2 2421 2 
2424 3 929 4 923 4 2058 3 
2423 5 926 3 2057 4 928 4 
935 1 931 1 2091 3 
2236 1 930 1 932 2 
2116 2 933 2 931 2 
2238 5 932 2 
2274 1 935 1 1049 1 
930 1 2273 2 934 1 
557 4 937 4 1755 4 1987 4 
947 1 936 4 556 2 1986 3 
1125 5 233 3 168 3 2333 2 
940 1 2261 3 1063 3 2406 2 
939 1 2405 2 616 1 2260 2 
944 1 942 2 2414 1 2257 1 
941 2 2256 2 2413 2 2191 3 
946 2 1993 1 838 1 
941 1 2258 1 2411 2 616 1 
1997 1 946 2 948 2 549 1 
945 2 943 2 548 3 1996 4 
1995 3 937 1 948 2 551 1 
947 2 1994 3 550 2 945 2 
950 1 1643 4 157 3 1244 1 
949 1 1243 1 298 1 951 3 
952 3 1649 3 1246 5 950 3 
951 3 310 2 2447 3 1245 1 
954 3 710 2 956 2 2286 1 
953 3 791 4 2285 3 708 4 
1560 3 712 3 956 3 
953 2 711 3 955 3 1559 3 
958 4 964 3 226 4 2375 4 
959 2 957 4 225 3 2374 2 
958 2 2373 1 960 2 228 1 
2372 2 1451 5 227 2 959 2 
962 4 2371 4 230 4 274 4 
961 4 229 2 963 2 2370 1 
964 2 962 2 232 3 2369 3 
963 2 957 3 231 2 2368 1 
966 2 806 3 615 3 1866 5 
614 1 965 2 1867 1 
427 2 1090 1 2160 1 968 1 
1474 3 426 1 1089 2 967 1 
2182 1 42 2 970 2 1115 2 
971 3 2181 5 41 3 969 2 
2186 2 970 3 38 2 972 3 
37 3 973 2 2185 2 971 3 
2184 2 972 2 40 1 974 1 
39 1 2183 1 975 3 973 1 
34 3 976 4 2190 4 974 3 
33 2 2189 3 977 2 975 4 
976 2 2188 1 36 1 978 2 
2187 3 822 3 35 3 977 2 
898 1 980 3 837 1 2391 2 
2390 4 979 3 897 3 981 3 
896 2 2392 1 980 3 
983 5 855 4 1044 4 297 4 
982 5 985 2 1043 3 296 2 
988 2 294 3 
1046 3 983 2 986 1 293 3 
292 1 1045 2 985 1 987 2 
988 3 291 3 986 2 1048 4 
984 2 987 3 1507 2 290 2 
577 3 1272 2 990 3 
580 3 989 3 991 3 1273 4 
1274 2 476 1 990 3 579 2 
1781 2 1113 3 458 2 1783 2 
1999 2 994 3 1068 2 1001 3 
1067 4 993 3 1998 3 832 3 
310 2 2008 2 999 1 1415 1 
997 3 203 4 1214 3 2001 2 
202 2 996 3 2000 2 1002 3 
867 3 1214 4 2003 3 201 4 
1649 1 995 1 1414 2 2173 1 
199 3 1003 2 2005 1 1001 2 
198 2 993 3 2004 2 1000 2 
1003 3 2007 2 197 2 997 3 
1069 3 1002 3 2006 2 1000 2 
1945 2 1646 2 2176 2 2174 2 
1305 1 1006 2 41 2 1015 1 
1304 3 42 3 1005 2 885 4 
326 1 2175 1 1065 2 1985 1 
1301 1 35 2 1009 1 531 1 
1010 1 36 1 1008 1 1300 1 
1303 3 1009 1 1011 1 33 1 
1012 2 34 1 1010 1 1302 2 
1011 2 1013 2 39 2 1297 2 
40 1 1014 1 1012 2 1296 3 
1299 1 37 2 1013 1 1015 1 
38 1 1014 1 1298 1 1005 1 
1143 2 350 2 
1018 3 1020 2 400 3 1461 3 
1017 3 1460 2 1023 2 399 3 
1026 2 1020 1 402 1 1459 1 
1019 1 401 3 1017 2 1458 3 
1457 3 1024 3 396 3 1022 3 
1554 2 1456 1 1021 3 395 1 
1024 1 398 2 1018 2 1455 1 
1021 3 1023 1 397 1 1454 2 
1158 2 1026 3 1453 4 394 4 
1019 2 1025 3 1452 2 393 2 
832 3 1067 4 1028 2 1433 3 
831 2 1432 2 1029 1 1027 2 
1030 1 1435 4 1028 1 830 3 
1434 1 829 3 1029 1 1031 2 
1437 2 836 2 1030 2 1032 5 
1033 4 835 4 1436 4 1031 5 
1032 4 1439 2 1034 1 834 2 
1438 2 1035 1 1033 1 833 2 
1441 2 2393 3 1036 1 1034 1 
1440 2 1035 1 837 1 898 1 
1040 3 1038 4 1733 3 1195 3 
1732 2 1037 4 1194 2 1508 3 
1735 2 562 2 1193 1 1040 1 
1037 3 1734 1 1039 1 1192 2 
1199 2 1042 2 1509 1 1737 1 
1047 2 1198 2 1736 3 1041 2 
1044 2 1046 4 187 2 983 3 
1043 2 982 4 1213 2 186 2 
986 2 1046 4 1048 4 185 2 
985 3 184 4 1043 4 1045 4 
1520 2 1042 2 1191 1 1741 1 
1507 3 1045 4 182 3 987 4 
1178 1 1050 2 934 1 
1049 2 1051 2 1175 3 
1050 2 1052 2 2377 2 
2366 4 1051 2 
46 5 363 4 1575 4 1054 4 
45 1 1603 1 1053 4 362 2 
2069 2 1056 2 2203 2 1058 2 
2202 2 1055 2 2068 1 
1058 2 2211 2 2071 5 1060 2 
1057 2 2210 2 2070 2 1055 2 
1062 2 2073 2 1060 2 2209 3 
2072 1 1059 2 2208 3 1057 2 
2207 2 1062 1 1064 1 2075 2 
1059 2 1061 1 2074 1 2206 2 
1064 3 2077 3 939 3 2205 3 
1063 3 1061 1 2076 2 2204 4 
2098 4 1066 3 1765 3 1007 2 
2175 2 1065 3 1087 2 1888 3 
994 4 1228 3 1027 4 1068 3 
993 2 1227 1 1067 3 198 1 
1003 3 197 2 199 4 1230 2 
1711 2 289 3 1071 2 146 3 
288 3 1074 2 1070 2 145 3 
148 4 1710 4 1711 5 287 5 
1707 2 196 1 891 2 1099 2 
144 1 1075 2 1071 2 282 2 
281 4 1074 2 143 3 1224 3 
1897 2 2166 3 1086 4 1078 2 
394 3 381 1 1233 2 1744 2 
576 1 2165 1 1896 1 1076 2 
1766 2 1764 1 387 1 398 2 
2172 3 1891 4 1086 5 1088 4 
1764 2 1082 2 396 2 389 2 
793 2 1081 2 395 1 388 1 
383 2 1084 3 1744 3 402 2 
1083 3 1085 2 382 2 401 4 
1084 2 400 2 1766 2 385 3 
1080 5 2171 3 1076 4 1890 3 
1572 1 1066 2 1088 2 2170 2 
2169 4 1087 2 1080 4 1892 3 
1090 2 752 4 30 3 968 2 
1089 2 967 1 29 1 
859 1 1092 2 
93 2 1093 2 1091 2 862 2 
92 1 1094 2 1092 2 861 2 
91 4 1093 2 864 3 1095 2 
1096 1 90 1 863 3 1094 2 
89 3 1095 1 1097 1 866 1 
309 1 1096 1 88 2 865 3 
437 1 442 1 1514 2 586 1 
1100 2 476 2 579 3 1073 2 
475 1 1099 2 1101 1 196 1 
1102 2 478 1 195 2 1100 1 
1101 2 1103 2 273 2 194 2 
193 2 480 1 1102 2 1104 1 
1103 1 479 1 192 3 1105 1 
280 1 191 2 1106 2 1104 1 
190 2 277 4 1107 2 1105 2 
285 2 1106 2 189 1 1108 1 
283 2 1267 3 188 1 1107 1 
1110 3 1780 2 1114 1 1789 1 
1109 3 1779 3 702 3 645 3 
1782 1 1112 2 707 3 
706 4 1111 2 1781 2 1113 3 
992 3 1112 3 1114 2 1802 3 
1801 1 1109 1 1783 1 1113 2 
2312 3 1116 2 969 2 2003 2 
2311 3 2002 3 1115 2 1117 4 
2001 4 1118 5 1116 4 2314 4 
2313 2 1117 5 1119 2 2000 2 
2007 1 1120 1 1118 2 1696 1 
1119 1 2006 1 1695 1 1121 2 
1701 4 2005 2 1122 2 1120 2 
1123 2 1121 2 1700 1 2004 1 
1999 2 1122 2 1705 2 1124 2 
1704 3 1998 2 270 2 1123 2 
169 4 938 5 1818 4 248 4 
1287 1 30 2 
1343 2 124 2 2026 3 1354 2 
1278 1 1276 1 215 2 
1154 3 1229 3 209 3 211 3 
1131 3 216 1 1204 2 1285 2 
1130 3 1203 4 768 4 1284 3 
280 1 374 2 1809 1 1803 1 
1134 1 2279 1 1707 2 891 2 
1135 1 2278 1 1133 1 1706 2 
1134 1 1709 2 1136 1 2277 1 
1708 3 2276 2 1135 1 
1228 2 1138 2 1773 3 1161 2 
207 1 1160 2 1137 2 1227 1 
1554 2 1151 2 395 1 793 2 
480 1 2087 1 1809 1 1807 3 
16 3 1144 3 130 5 1142 4 
129 3 1141 4 15 3 1147 3 
1016 2 132 3 1144 2 71 3 
1141 3 131 1 13 2 1143 2 
1146 1 1148 3 12 2 126 1 
1145 1 1149 2 11 1 125 2 
128 3 1148 4 10 3 1142 3 
1145 3 1147 4 127 3 9 4 
6 2 1146 2 1150 3 840 2 
5 2 1149 3 123 2 1339 2 
1553 2 1139 2 2285 2 791 3 
1153 2 1155 2 208 3 1257 4 
207 2 1256 2 1152 2 1160 3 
1129 3 1155 3 1157 3 1255 3 
1154 3 1152 2 209 3 1254 3 
1157 2 1253 2 212 1 1159 2 
1156 2 1154 3 1252 2 211 3 
214 1 1025 2 1159 2 1251 1 
213 2 1250 4 1158 2 1156 2 
1249 4 1138 2 1161 2 1153 3 
2036 2 1248 2 1160 2 1137 2 
1363 2 1909 2 1163 2 176 2 
1908 2 1162 2 
128 2 1189 1 1750 1 1407 2 
1406 1 2366 3 2424 1 
1409 2 2421 2 1417 3 
722 1 1174 3 854 2 1168 1 
721 1 853 1 1169 3 1167 1 
1213 4 1168 3 720 3 856 3 
1408 3 1751 2 125 2 1416 2 
718 2 1177 2 850 2 1172 2 
1173 1 849 1 1171 2 717 2 
716 1 852 1 1172 1 1174 3 
715 3 851 5 1173 3 1167 3 
2419 3 2377 3 1178 2 1050 3 
1379 4 858 2 1177 2 714 2 
713 2 1171 2 1176 2 857 2 
2420 1 1049 1 2274 1 1175 2 
2465 4 1180 2 251 2 
249 2 1179 2 2464 2 1181 1 
258 2 2463 2 111 2 1180 1 
1394 2 110 2 1866 4 2212 3 
1184 2 2469 2 685 4 111 3 
1185 2 684 2 1183 2 2468 2 
1184 2 1186 3 2467 2 247 2 
1185 3 1187 2 2466 3 686 3 
1186 2 2461 1 1188 1 2038 3 
726 1 2460 3 2037 1 1187 1 
1164 1 129 2 1412 3 1747 1 
1191 1 1869 1 1520 2 1399 1 
1190 1 1198 1 1868 3 1047 1 
1193 2 1552 3 1195 2 1040 2 
1192 2 1384 1 1872 1 1039 1 
1875 2 1038 2 1197 2 1195 1 
1874 2 1192 2 1194 1 1037 3 
1197 3 1509 2 1877 2 1199 3 
1196 3 1194 2 1508 3 1876 4 
1042 2 1879 1 1191 1 1199 2 
1041 2 1878 2 1198 2 1196 3 
622 2 123 2 1742 3 1416 3 
348 2 255 3 1910 1 
1599 2 2323 2 233 2 158 1 
1131 4 1204 3 2387 3 696 3 
2386 2 1205 3 1130 2 1203 3 
216 2 1206 2 1204 3 2385 2 
1205 2 1207 2 215 2 2384 1 
1208 2 1206 2 2383 3 218 3 
1209 2 1207 2 2382 1 217 1 
1208 2 220 2 2381 3 1210 3 
2380 3 1211 2 219 3 1209 3 
1212 1 2379 3 1210 2 222 1 
1211 1 1415 1 2008 2 221 1 
1169 4 1044 2 855 2 719 3 
998 4 2002 4 200 3 996 3 
308 1 307 1 295 2 362 2 
1911 4 613 4 2177 2 179 3 
1226 3 760 2 2432 4 1218 2 
759 1 1217 2 1219 2 2431 1 
1220 2 758 2 1218 2 2434 2 
1219 2 1221 1 757 2 2433 2 
756 1 1220 1 1222 3 2428 2 
755 3 1223 3 1221 3 2427 5 
1224 2 1222 3 754 1 2430 2 
2429 2 1223 2 753 2 1075 3 
762 2 2426 3 1226 3 1423 3 
1217 3 2080 3 1225 3 2425 3 
1228 1 1068 1 1138 1 1232 3 
1227 1 1137 2 1067 3 1433 2 
197 2 1230 2 1129 3 1236 2 
1229 2 1231 2 209 2 1069 2 
208 4 1230 2 199 4 1232 4 
207 3 198 3 1231 4 1227 3 
214 2 201 3 1077 2 1234 2 
200 2 1235 3 213 1 1233 2 
1234 3 212 3 1236 3 203 5 
202 1 1235 3 211 2 1229 2 
2430 4 161 3 1238 4 1240 5 
2429 2 160 2 1778 3 1237 4 
1242 3 163 2 2428 2 1240 3 
2427 5 1237 5 1239 3 162 3 
157 3 1244 1 1242 3 2434 1 
156 3 2433 4 1239 3 1241 3 
950 1 2432 3 1246 3 1244 1 
2431 1 1241 1 949 1 1243 1 
2426 2 1444 1 952 1 1246 3 
1243 3 2425 4 951 5 1245 3 
2056 2 1531 3 1992 2 
1249 4 1389 3 513 2 1161 2 
1248 4 1160 4 512 3 1256 3 
1251 3 1159 4 515 3 1253 4 
1250 3 1453 3 514 1 1158 1 
1255 2 517 2 1157 2 1253 2 
516 2 1156 2 1250 4 1252 2 
519 2 1255 3 1257 5 1155 3 
1252 2 1254 3 1154 3 518 4 
521 2 1153 2 1257 4 1249 3 
1256 4 1254 5 520 4 1152 4 
1259 1 1614 2 895 1 789 1 
1258 1 72 3 1613 1 1260 1 
14 2 466 1 1261 2 1259 1 
457 2 1262 3 65 3 1260 2 
1261 3 1263 4 1610 4 63 2 
1264 3 1262 4 60 3 1609 3 
1263 3 1265 3 59 1 1612 2 
58 3 1611 3 1266 4 1264 3 
8 3 1265 4 1267 4 316 2 
7 3 315 4 1108 3 1266 4 
1306 2 530 1 2298 1 1269 1 
2297 2 1268 1 1823 1 529 4 
1271 2 1641 3 2045 1 1987 1 
1986 4 1270 2 1819 2 324 2 
545 3 1273 3 989 2 
1272 3 1274 3 990 4 547 3 
546 2 991 2 1273 3 1812 2 
299 1 1647 1 307 1 366 3 
1128 1 1277 1 218 2 
1276 1 1282 1 217 1 
1285 2 1128 1 216 1 
254 2 826 2 528 1 
222 2 1683 3 1281 2 1283 3 
1484 3 1682 1 1280 2 221 1 
1277 1 1283 2 220 1 
1684 3 1280 3 219 3 1282 2 
1131 3 1285 2 102 1 
1278 2 1284 2 1130 2 
1463 3 1291 4 1287 3 223 4 
1126 1 224 1 1286 3 
1295 2 1289 1 231 2 1465 1 
1290 3 232 2 1288 1 1464 1 
1289 3 1291 4 1467 3 229 4 
1286 4 1466 3 1290 4 230 2 
1493 1 1469 1 1293 3 227 1 
228 3 1292 3 1468 4 1294 4 
1295 3 1471 2 225 3 1293 4 
1288 2 1294 3 1470 4 226 3 
2095 3 1297 3 1299 3 1013 3 
1302 2 1296 3 1012 2 2094 2 
2093 1 1299 1 1305 1 1015 1 
1298 1 1014 1 1296 3 2092 3 
1303 3 592 1 1301 1 1009 1 
2090 1 1824 1 1008 1 1300 1 
1303 4 1297 2 2089 2 1011 2 
2088 4 1302 4 1010 3 1300 3 
1006 3 1503 2 2086 3 1305 2 
2085 1 1298 1 1005 1 1304 2 
527 3 2299 2 1268 2 792 2 
621 2 1310 3 2163 2 1308 3 
620 5 2164 3 1307 3 
2161 1 1838 2 1310 3 618 3 
2162 4 617 3 1307 3 1309 3 
532 1 259 2 821 2 252 1 
1629 4 1313 2 1315 3 
1524 2 1312 2 1628 1 
1315 2 1317 1 1633 3 
1632 2 1314 2 1312 3 
1318 2 1317 1 1635 3 
1316 1 1634 1 1314 1 
1316 2 1631 2 
53 2 1322 2 189 2 1320 5 
1541 4 52 4 188 4 1319 5 
51 2 191 3 888 3 1322 2 
1321 2 1319 2 190 1 50 1 
204 1 1324 2 712 2 
1323 2 711 3 1626 3 889 2 
893 2 195 3 890 2 55 3 
1327 1 206 2 708 2 889 1 
1326 1 245 1 542 1 1328 1 
541 2 870 1 1327 1 242 3 
1331 2 698 2 1873 3 
700 3 1894 1 1871 2 1331 1 
1329 2 1870 1 699 1 1330 1 
1341 1 1333 3 536 3 2412 1 
535 4 1332 3 2411 4 1334 4 
1335 2 1333 4 534 2 2414 2 
1334 2 2413 1 1336 1 533 3 
1337 2 2408 3 540 2 1335 1 
539 2 1336 2 2407 2 1338 3 
1337 3 538 2 1339 2 2410 3 
537 1 1338 2 2409 1 1150 2 
544 1 2406 2 1341 1 1544 1 
1332 1 543 2 2405 2 1340 1 
1343 3 118 3 1345 4 2024 4 
1127 2 1342 3 2023 2 117 1 
2022 2 1345 2 1722 3 120 2 
119 2 1342 4 1344 2 2021 2 
1354 1 2028 2 122 2 1347 2 
121 3 2247 2 2027 3 1346 2 
1349 3 751 1 
1348 3 1350 3 750 3 477 3 
1349 3 1351 1 745 2 484 1 
1352 1 483 1 1350 1 744 1 
1351 1 1353 1 482 2 747 2 
746 2 1352 1 2237 2 481 2 
2025 2 1346 1 839 1 1127 2 
2461 3 1743 3 1358 3 1356 4 
1742 3 1564 2 2460 4 1355 4 
2467 1 1360 1 1752 1 1358 1 
2466 2 1751 2 1355 3 1357 1 
2469 1 1362 1 1360 1 1750 1 
1749 3 1357 1 1359 1 2468 2 
1362 1 1748 2 2463 2 1364 1 
1361 1 1747 1 1359 1 2462 1 
1364 1 1746 3 1162 2 2465 3 
1363 1 1361 1 1745 1 2464 2 
1374 3 776 4 1366 3 1630 2 
1367 3 775 3 1365 3 1627 4 
1636 1 774 1 1368 2 1366 3 
1367 2 2322 4 1369 3 773 3 
1370 2 772 3 1638 3 1368 3 
1371 1 1369 2 1637 2 771 1 
1370 1 1650 2 1372 2 770 2 
894 2 1644 2 1371 2 769 3 
1569 3 1496 2 778 2 1374 4 
1365 3 777 3 1495 3 1373 4 
1376 1 575 1 1382 1 675 2 
1375 1 574 1 674 1 1377 1 
677 1 1378 2 1376 1 573 1 
1377 2 676 2 1383 2 572 2 
571 4 1176 4 679 4 1380 5 
570 4 1379 5 1381 3 678 4 
1382 1 569 3 1380 3 681 1 
1381 1 680 1 1375 1 568 2 
683 1 1384 1 1378 2 563 1 
682 1 562 2 1193 1 1383 1 
2032 2 1686 4 1392 2 1386 3 
1387 3 2031 2 1685 2 1385 3 
1386 3 1388 3 2030 2 1688 2 
1387 3 1393 3 2029 3 1687 2 
1248 3 1690 3 2036 3 1390 3 
1689 2 1389 3 1391 3 2035 2 
1392 2 2034 3 1692 4 1390 3 
1391 2 2033 3 1385 2 1691 1 
1388 3 1394 3 2040 3 1694 2 
2039 3 1182 2 1393 3 1693 3 
918 3 1396 3 1664 3 1402 4 
917 2 1395 3 1663 2 
912 2 1400 2 1398 4 1660 2 
1659 4 911 3 1403 3 1397 4 
910 1 1400 1 1662 3 1190 1 
1661 2 1397 2 1399 1 909 1 
916 2 1656 2 1402 4 1404 2 
1655 4 1401 4 1395 4 915 3 
1404 1 1658 3 1398 3 914 1 
1657 2 1403 1 913 1 1401 2 
670 2 2020 3 
1409 1 1165 1 2423 4 
127 2 1749 4 1408 4 1164 2 
126 3 1752 3 1170 3 1407 4 
1406 1 1166 2 2422 1 
132 2 250 1 1411 2 1746 3 
131 2 1412 4 1745 2 1410 2 
130 5 1411 4 1189 3 1748 4 
2173 1 1473 1 1414 2 174 1 
18 4 1415 2 999 2 1413 2 
995 1 1414 2 1212 1 17 2 
840 2 1743 2 1200 3 1170 2 
2416 2 1166 3 
2022 3 1854 3 1420 4 865 4 
814 1 409 1 2100 2 2262 1 
2021 3 1418 4 866 3 665 4 
1422 3 1430 2 2216 3 604 2 
1421 3 603 2 239 2 2215 3 
612 2 1225 3 2218 3 1424 3 
1425 2 2217 2 611 2 1423 3 
1424 2 2220 1 610 3 1426 3 
2219 4 609 3 1425 3 1427 3 
1428 4 1426 3 2222 2 608 1 
607 4 1427 4 1429 4 2221 5 
606 1 1428 4 2224 1 1430 1 
605 1 1421 2 2223 1 1429 1 
652 2 2103 4 408 3 2272 2 
1435 5 1433 3 1028 2 1774 2 
1432 3 1773 3 1228 2 1027 3 
1030 1 1435 4 1437 1 1772 1 
1432 5 1434 4 1029 4 1771 4 
1439 2 1032 4 1437 1 1770 4 
1769 1 1031 2 1436 1 1434 1 
1034 2 1441 3 1439 3 1768 3 
1436 2 1033 2 1767 3 1438 3 
1036 2 1776 2 1594 4 1441 3 
1035 2 1775 2 1438 3 1440 3 
2220 2 1443 2 2445 4 1445 4 
2219 2 1442 2 2444 3 1448 3 
2218 2 1245 1 1445 3 2447 3 
1444 3 2217 3 2446 3 1442 4 
2449 1 1449 1 2224 1 1447 2 
2223 2 1450 2 2448 3 1446 2 
1449 3 2222 4 2451 3 1443 3 
1448 3 2221 2 1446 1 2450 1 
2216 2 1451 4 1447 2 2453 2 
960 5 2452 5 1450 4 2215 5 
1453 3 1459 1 361 2 1026 2 
360 3 1452 3 1251 3 1025 4 
1455 2 356 3 1024 2 1457 2 
1460 1 1454 2 1023 1 355 2 
1457 1 1600 1 1022 1 358 1 
1021 3 1456 1 357 1 1454 2 
1461 4 352 3 1459 3 1020 3 
1452 1 351 1 1458 3 1019 1 
1455 1 1018 2 354 2 1461 2 
1458 4 353 2 1017 3 1460 2 
2067 1 2265 3 2099 1 441 1 
1286 3 1466 2 689 2 
1465 1 1289 1 1467 1 693 2 
1470 3 1464 1 692 2 1288 1 
1467 2 1291 3 691 3 1463 2 
1466 2 690 1 1290 3 1464 1 
1471 2 697 2 1469 2 1293 4 
2387 2 1292 1 1468 2 696 2 
1295 4 1465 3 1471 3 695 3 
1468 2 694 1 1470 3 1294 2 
336 1 2234 2 919 1 596 2 
1413 1 1945 1 2174 1 175 1 
968 3 243 3 752 5 2376 3 
1526 2 1476 2 175 2 1478 2 
174 1 1475 2 1483 1 1525 1 
1478 2 173 3 1528 4 1480 2 
1477 2 172 1 1475 2 1527 2 
1480 2 1522 3 1482 3 180 3 
1479 2 179 2 1477 2 1521 1 
1524 2 178 3 1628 1 1482 2 
177 4 1479 3 1523 3 1481 2 
1484 3 1530 2 1476 1 18 3 
1281 3 1483 3 1529 3 17 4 
1488 1 1486 2 2446 1 2379 3 
310 3 1485 2 2447 4 2008 3 
1490 1 1488 1 2444 3 2381 2 
1485 1 2380 2 2445 3 1487 1 
2383 3 2450 2 1490 2 1492 2 
1487 1 2451 1 1489 2 2382 1 
2448 2 2385 1 1492 1 1494 1 
1491 1 2384 1 2449 1 1489 2 
1292 1 2387 2 1494 1 2452 2 
2453 2 2386 1 1493 1 1491 1 
1496 1 1374 3 1630 2 1947 1 
1495 1 1946 1 654 2 1373 2 
1500 1 1923 1 879 1 1498 1 
878 1 1922 2 1505 1 1497 1 
881 1 1500 1 1921 2 1502 1 
1497 1 1499 1 880 1 1920 1 
883 2 1919 3 1502 2 1504 3 
1918 2 1499 1 882 2 1501 2 
1504 2 1304 2 1917 1 885 3 
1503 2 1916 3 884 3 1501 3 
359 1 1506 2 1915 2 1498 1 
1505 2 2358 4 887 2 1914 2 
183 2 1048 3 988 2 
1509 2 1739 3 1038 3 1197 3 
1508 2 1041 1 1738 1 1196 2 
1790 1 1511 1 1679 1 443 1 
1510 1 442 1 1791 1 1514 2 
500 1 1513 1 1796 4 1515 4 
499 2 1512 1 1797 1 1518 2 
1515 5 1098 2 1798 5 1511 2 
1514 5 437 4 1799 4 1512 4 
496 2 1519 1 1517 1 1792 3 
1981 1 495 1 1516 1 1793 1 
1519 2 1794 2 498 3 1513 2 
497 2 1516 1 1795 3 1518 2 
1047 2 1740 3 910 2 1190 2 
1528 3 1522 2 1480 1 
1479 3 1521 2 1523 3 
1524 3 1482 3 1522 3 
1523 3 1313 2 1481 2 
32 1 1526 1 1476 1 1530 2 
1475 2 1527 2 845 2 1525 1 
1526 2 1528 4 844 2 1478 2 
1521 3 843 3 1527 4 1477 4 
1682 1 1484 3 1530 2 848 2 
847 2 1483 2 1529 2 1525 2 
1993 2 1247 3 1822 2 2055 3 
1814 3 1533 1 1535 1 14 2 
1532 1 1813 2 65 2 1538 2 
1535 1 895 1 1702 1 1810 3 
1534 1 1532 1 72 3 1804 1 
1537 2 1539 2 1818 2 59 2 
1536 2 1540 1 2333 1 58 1 
1539 2 63 2 1816 3 1533 2 
1538 2 1815 1 1536 2 60 1 
8 2 1537 1 1541 1 2324 1 
1320 4 2323 2 1540 1 7 1 
1543 4 430 3 2203 3 1551 4 
429 3 2202 3 1542 4 379 3 
2205 1 2081 3 1545 1 1340 1 
376 2 2204 4 1544 1 1546 2 
2207 3 375 3 1545 2 1547 2 
1548 1 2206 2 374 2 1546 2 
1547 1 392 1 2209 2 1549 2 
2087 2 1548 2 2208 4 1550 2 
1551 2 2084 2 2211 1 1549 2 
2210 3 1550 2 2083 2 1542 4 
509 2 1192 3 1872 2 1874 3 
1558 1 1554 2 1151 2 1601 2 
1022 2 1139 2 1553 2 1600 2 
1605 1 1560 2 1556 1 
1557 1 1604 2 1559 2 1555 1 
1556 1 1558 1 31 2 2286 1 
1553 1 1557 1 2285 1 1602 1 
2286 2 1560 3 1556 2 956 3 
1559 3 955 3 1555 2 
1568 3 2255 3 2244 3 1562 4 
2243 3 1563 3 2254 3 1561 4 
2246 4 1564 1 1562 3 2253 1 
2252 2 2245 1 1356 2 1563 1 
2240 2 1571 3 2259 3 1566 1 
2239 3 1565 1 1567 1 2258 1 
1568 2 2242 1 1566 1 2257 1 
1561 3 1567 2 2241 5 2256 2 
654 3 1373 3 615 3 
2261 3 1716 2 1571 3 2250 1 
2249 4 1565 3 2260 4 1570 3 
1087 1 1888 2 1892 2 2013 1 
525 2 1576 2 1574 4 2277 2 
1579 4 524 3 1573 4 2276 4 
523 2 2279 1 1053 4 1576 1 
2278 1 1573 2 522 1 1575 1 
141 2 1578 2 1580 2 
2238 5 142 1 1577 2 
1574 4 526 2 2280 2 
2251 2 140 2 1577 2 
1582 3 411 5 320 2 596 3 
1581 3 595 3 319 4 1583 3 
318 3 598 2 1584 3 1582 3 
1583 3 1585 2 317 3 597 2 
1586 1 600 1 2078 1 1584 2 
1585 1 599 3 323 1 1587 1 
602 3 1586 1 1588 2 322 2 
601 2 321 5 1835 2 1587 2 
2338 1 565 2 2328 2 877 2 
2213 2 1592 3 1591 2 1595 3 
1776 1 2212 3 1590 2 1594 3 
1590 3 1593 3 2214 3 
896 3 1592 3 1595 3 
1595 4 1440 4 898 3 1591 3 
1594 4 897 2 1590 3 1593 3 
371 4 51 3 1608 3 1597 3 
50 1 1598 1 1596 3 370 1 
1599 2 53 1 369 2 1597 1 
1598 2 52 2 1202 2 368 3 
1456 1 1601 2 155 2 1554 2 
1600 2 154 3 1602 2 1553 2 
31 2 1558 1 1601 2 152 1 
1054 1 55 2 367 3 1606 1 
1556 2 1605 2 31 3 153 2 
1604 2 1555 1 
1607 1 1603 1 366 3 54 3 
1606 1 365 1 57 2 1608 1 
364 1 455 1 1596 3 1607 1 
1619 3 1263 3 1610 3 1612 2 
1262 4 1609 3 457 3 181 3 
1612 2 1265 3 1621 1 316 1 
1611 2 1622 3 1264 2 1609 2 
1614 2 1615 1 1259 1 466 1 
1613 2 819 3 1258 2 1616 2 
1613 1 538 1 1616 1 1618 4 
1615 1 1614 2 2131 1 537 1 
181 1 457 1 1618 4 540 2 
539 4 466 4 1615 4 1617 4 
1609 3 534 3 1622 4 181 3 
154 3 279 3 312 2 1625 2 
536 3 1622 2 1611 1 1624 2 
1612 3 1619 4 1621 2 535 3 
315 2 1805 1 544 1 1624 2 
1623 2 1621 2 316 2 543 3 
278 1 155 2 470 1 1620 2 
210 2 1324 3 827 2 204 2 
1630 3 1951 4 1636 2 1366 4 
1629 3 1313 1 1481 1 557 1 
1632 3 1312 4 1628 3 556 4 
1950 2 1495 2 1627 3 1365 2 
1635 3 838 1 1318 2 
1315 2 1629 3 551 1 1633 3 
550 3 1634 3 1314 3 1632 3 
549 1 1633 3 1317 1 1635 3 
1631 3 1316 3 548 4 1634 3 
1367 1 1948 2 2322 3 1627 2 
1638 3 1650 3 1370 2 1955 2 
1637 3 1954 2 1369 3 2322 4 
1640 3 162 2 2178 2 1642 3 
1639 3 2177 2 1645 3 163 3 
160 3 1642 4 2180 4 1270 3 
1641 4 2179 3 161 2 1639 3 
1646 4 949 4 298 4 2174 4 
1372 2 1889 2 1953 2 1650 2 
1640 3 1646 2 2176 2 156 2 
1643 4 157 3 1004 2 1645 2 
365 1 302 4 1275 1 1648 3 
364 3 301 3 1924 3 1647 3 
999 1 951 3 310 2 298 1 
1952 2 1371 2 1637 3 1644 2 
1654 3 306 2 1652 3 369 3 
1826 3 368 3 1651 3 305 5 
150 1 2056 1 1784 1 
1924 2 1651 3 303 4 370 2 
662 2 1402 4 1656 2 1664 3 
1401 2 1657 2 661 2 1655 2 
1404 2 1658 4 660 3 1656 2 
659 3 1657 4 1403 3 1659 4 
1398 4 1660 2 1658 4 658 3 
1661 2 657 2 1659 2 1397 2 
1660 2 1400 2 1662 4 656 3 
655 3 1869 3 1661 4 1399 3 
1664 2 664 2 1396 2 
1663 2 663 3 1395 3 1655 3 
300 3 391 2 1848 3 1666 3 
299 2 1849 2 1667 2 1665 3 
1846 1 1668 2 302 4 1666 2 
1847 4 1667 2 1669 3 301 2 
1852 2 1670 3 1668 3 304 2 
1669 3 303 4 372 2 1853 3 
1674 1 337 1 1672 2 1925 1 
1926 2 2234 3 1671 2 336 2 
339 3 1676 3 1674 3 1931 4 
1932 1 1671 1 1673 3 338 1 
1678 2 1933 4 341 2 1676 2 
340 2 1934 1 1673 3 1675 2 
1680 2 1678 1 1927 2 343 1 
1675 2 342 1 1677 1 1928 1 
1680 2 1510 1 345 1 1929 2 
1930 2 1677 2 344 3 1679 2 
2140 3 346 2 1857 2 
1281 1 673 1 1529 1 1683 2 
1280 3 1684 3 1682 2 672 2 
1283 3 1683 3 671 3 
1386 2 802 1 1688 1 1686 3 
803 3 1385 4 1691 3 1685 3 
1688 1 1694 1 1388 2 804 1 
805 5 1687 1 1685 1 1387 2 
798 2 1692 3 1690 2 1390 2 
799 4 1689 2 1389 3 513 2 
1692 3 800 2 1686 3 1392 1 
801 3 1689 3 1691 3 1391 4 
806 3 1694 2 1866 5 1394 3 
807 2 1687 1 1693 2 1393 2 
1696 1 1120 1 1701 3 880 1 
2313 1 1695 1 881 1 1119 1 
1703 4 1698 4 446 4 2269 3 
2268 2 1699 2 445 2 1697 4 
2271 2 1698 2 444 1 
1701 3 1705 1 878 1 1122 1 
1700 3 1121 4 879 3 1695 3 
2264 1 448 1 1703 2 1534 1 
1697 4 2263 2 1702 2 447 4 
887 3 2121 3 1124 3 1705 3 
359 1 1700 1 1704 3 1123 2 
1134 2 580 2 1707 3 1709 3 
1073 2 579 3 1133 2 1706 3 
1709 4 1136 3 578 3 
1708 4 1135 2 577 4 1706 3 
149 5 1072 4 284 2 
286 3 1072 5 1070 2 147 2 
1713 4 2058 4 2073 4 1719 5 
1712 4 2057 3 2072 1 1714 1 
2060 1 2071 4 1715 1 1713 1 
2059 1 2070 2 1720 2 1714 1 
1717 2 2077 2 2062 4 1570 2 
2061 3 1716 2 2076 2 1718 1 
1719 2 2075 2 1717 1 2064 1 
1718 2 2074 2 1712 5 2063 2 
2066 3 1715 2 2069 2 1721 3 
2068 2 2065 3 1720 3 
2201 3 1723 5 377 3 1344 3 
1722 5 2200 3 1728 4 2079 3 
2097 3 1731 3 2199 3 1725 3 
2096 2 2198 2 1724 3 1726 3 
325 3 2197 2 1727 3 1725 3 
1726 3 2098 4 2196 2 1765 3 
2195 2 1723 4 1729 3 2111 2 
2108 2 2194 4 1728 3 1730 3 
1731 3 2113 3 2193 3 1729 3 
2112 3 1730 3 1724 3 2192 2 
1038 2 1733 1 2231 1 1739 2 
1732 1 1734 1 1037 3 2232 1 
1735 2 1040 1 1733 1 2233 1 
1734 2 1926 2 2234 3 1039 2 
1042 3 1741 2 1737 2 2227 2 
2228 3 1736 2 1041 1 1738 1 
2229 2 1739 2 1737 1 1509 1 
1508 3 1738 2 2230 4 1732 2 
1741 2 2225 3 1520 3 1902 3 
1740 2 1736 2 2226 1 1047 1 
1356 3 1200 3 1743 2 2252 3 
1751 2 1742 2 1355 3 1416 2 
1083 3 380 2 393 2 1077 2 
1746 3 1411 2 1748 2 1364 1 
1745 3 1909 3 1363 3 1410 3 
1362 1 1748 2 1750 1 1189 1 
1747 2 1361 2 1745 2 1412 4 
1360 3 1407 4 1750 3 1752 3 
1164 1 1747 1 1749 3 1359 1 
1743 2 1358 2 1752 2 1170 2 
1408 3 1751 2 1357 1 1749 3 
1754 1 2251 2 2037 1 
1760 1 1753 1 2038 3 
178 3 1800 1 2180 2 936 4 
1763 3 1757 3 256 2 
1756 3 1758 2 258 3 
249 2 1759 2 1757 2 
251 2 1758 2 
1761 1 1754 1 686 2 
1762 1 1760 1 247 1 
1761 1 1763 2 684 2 
685 4 1756 3 1762 2 
1081 2 397 1 1079 1 386 1 
1888 3 1065 3 2017 3 1727 3 
1079 2 399 3 1085 2 384 3 
1768 3 1439 3 2030 2 1770 5 
1775 2 1767 3 2029 3 1438 3 
1437 1 2032 1 1770 4 1772 1 
2031 4 1767 5 1769 4 1436 4 
2034 2 1772 1 1774 1 1435 4 
1771 1 2033 3 1769 1 1434 1 
2036 3 1433 3 1774 2 1137 3 
1773 2 2035 1 1771 1 1432 2 
1768 2 1441 2 1776 1 2040 2 
1591 1 1440 2 1775 1 2039 2 
144 1 1778 2 1788 2 324 1 
1777 2 2045 2 1238 3 143 3 
1780 2 463 2 2305 2 1110 3 
1779 2 1783 2 462 4 1109 2 
992 2 1782 1 461 1 1112 2 
460 1 1111 1 1781 1 
1780 2 1114 1 459 1 992 2 
2055 2 1785 2 149 5 1653 1 
1784 2 148 2 1786 2 2050 2 
1787 3 1785 2 2049 2 147 1 
1786 3 1788 4 146 5 2052 3 
1787 4 2051 3 1777 2 145 3 
1109 1 431 2 702 1 1801 1 
1791 1 1929 2 1510 1 714 1 
1790 1 1798 4 1511 1 713 2 
720 3 1793 3 1516 3 1795 5 
1792 3 2320 1 1517 1 719 2 
722 1 1797 1 1795 3 1518 2 
721 3 1794 3 1519 3 1792 5 
716 4 1797 4 1512 4 1799 4 
1513 1 1796 4 1794 1 715 1 
1791 4 1799 4 718 4 1514 5 
1798 4 717 2 1515 4 1796 4 
2179 2 1755 1 613 3 177 3 
1802 2 1114 1 434 2 1789 1 
1801 2 433 3 706 4 1113 3 
277 3 1806 2 375 2 1132 1 
260 3 1814 3 1535 1 1810 3 
1623 1 1806 2 2081 3 283 2 
1805 2 1803 2 376 3 285 3 
2084 4 1140 3 273 3 1808 5 
2083 3 1811 3 478 3 1807 5 
392 1 1140 1 479 1 1132 1 
257 3 448 3 1534 3 1804 3 
1812 1 1808 3 475 1 430 1 
476 1 1811 1 429 2 1274 2 
1814 4 1816 3 262 4 1533 2 
1532 3 1813 4 261 3 1804 3 
1816 2 1818 1 248 1 1539 1 
1815 2 1813 3 246 2 1538 3 
565 2 643 2 2334 1 2328 2 
1815 1 1125 4 1536 2 2333 1 
1995 3 1271 2 1820 1 2051 2 
1994 2 2052 1 1821 4 1819 1 
1997 4 1820 4 2049 5 1822 4 
1996 3 1821 4 2050 1 1531 2 
2296 2 532 1 1824 1 1269 1 
1301 1 531 1 1823 1 2295 1 
1826 2 87 2 1828 1 159 3 
1825 2 1652 3 158 2 86 3 
1830 4 1828 2 169 2 81 2 
80 2 168 2 1827 2 1825 1 
171 3 1832 2 1830 4 79 2 
1827 4 1829 4 78 4 170 3 
1832 2 1834 2 165 2 85 3 
1831 2 1829 2 164 1 84 2 
1970 2 167 3 83 2 1834 2 
1831 2 166 2 1833 2 82 1 
594 1 314 1 1588 2 2237 2 
87 2 1982 1 1837 1 1845 3 
86 2 1836 1 1983 3 373 1 
1978 2 1839 3 1309 2 83 2 
82 2 1838 3 1840 4 1979 3 
85 4 1841 4 1839 4 1976 4 
1977 2 84 3 1840 4 1842 3 
2397 2 1843 2 79 2 1841 3 
78 2 1975 5 1842 2 1844 2 
2394 2 1845 4 81 2 1843 2 
80 4 2396 4 1844 4 1836 3 
2193 2 1667 1 1849 1 1847 3 
2192 3 1668 4 1852 3 1846 3 
2195 2 1855 2 1849 2 1665 3 
1846 1 2194 3 1848 2 1666 2 
1853 3 2197 2 1851 2 372 2 
1850 2 1983 3 2196 1 373 1 
1669 2 1847 3 2199 2 1853 2 
1850 3 2198 2 1852 2 1670 3 
2201 2 1418 3 1855 2 390 2 
1848 2 1854 2 2200 1 391 1 
846 2 1857 2 1947 2 1861 4 
1946 1 1856 2 842 2 1681 2 
1859 2 1865 1 124 1 1949 1 
1858 2 839 2 1948 3 1860 3 
1951 4 122 3 1859 3 1861 4 
121 4 1950 3 1856 4 1860 4 
120 2 1953 2 1863 3 2470 2 
119 3 1864 3 1952 3 1862 3 
118 1 1863 3 1865 1 1955 1 
1954 1 1858 1 1864 1 117 1 
1867 4 1182 4 1693 5 965 5 
1866 4 966 1 110 2 
1869 3 1879 3 1191 3 438 4 
501 1 1868 3 1190 1 1662 3 
1331 1 1873 2 1871 2 2162 2 
1870 2 2161 2 1330 2 2012 3 
1552 2 510 3 1193 1 682 1 
2163 3 1870 2 1329 3 
1195 2 508 3 1875 3 1552 3 
1876 4 1194 2 1874 3 507 2 
1875 4 1877 3 506 4 1197 4 
505 2 1876 3 1196 2 1878 1 
1199 2 1879 1 504 1 1877 1 
1868 3 1198 1 503 1 1878 1 
1940 3 1914 2 2358 4 2046 2 
1886 3 2127 4 1882 3 76 4 
1883 2 75 1 1881 3 2126 1 
1884 2 74 2 1882 2 2129 2 
1883 2 2054 1 2128 2 73 1 
1887 1 2340 1 567 1 486 3 
1881 3 2125 2 77 3 
566 2 1885 1 485 3 62 2 
1765 3 2018 3 1572 2 1066 3 
1644 2 494 3 1893 2 894 2 
1891 2 2016 1 1897 1 1086 3 
1890 2 1080 4 1892 3 2015 2 
1891 3 1572 2 1088 3 2014 2 
493 1 1889 2 2335 1 892 2 
581 1 1895 1 1330 1 2012 2 
1894 1 2011 1 1896 1 576 1 
1897 1 2010 2 1078 1 1895 1 
1896 1 1076 2 2009 1 1890 1 
914 1 1899 4 1905 4 2439 2 
913 4 2440 4 1898 4 1900 4 
2441 1 916 1 1901 1 1899 4 
2442 1 1906 1 915 1 1900 1 
2435 5 1903 2 910 2 1740 3 
1902 2 1904 1 909 1 2436 1 
1905 4 912 1 1903 1 2437 1 
1904 4 911 4 1898 4 2438 4 
1901 1 918 2 2443 2 
314 2 1944 2 2364 2 2235 2 
255 4 1163 2 1910 2 1909 2 
250 1 1746 3 1162 2 1908 2 
1908 2 1201 1 
1216 4 2176 3 173 4 1945 3 
2275 3 2078 1 1936 1 2360 2 
2365 4 2053 2 841 2 2351 1 
1880 2 1915 2 780 2 1506 2 
779 2 1505 2 1914 2 1922 3 
1919 3 1917 2 782 3 1504 3 
1916 2 781 2 2086 2 1503 1 
1502 2 1919 3 784 2 1921 3 
1916 3 1918 3 1501 3 783 3 
1921 2 786 2 1500 1 1923 1 
1920 2 1499 2 1918 3 785 2 
1923 2 788 2 1915 3 1498 2 
787 1 1922 2 1497 1 1920 1 
1654 2 371 2 304 1 1648 3 
1926 1 1671 1 563 1 1932 1 
1735 2 1672 2 562 2 1925 1 
1930 2 1928 2 1677 2 569 4 
1933 3 1927 2 568 2 1678 1 
1790 2 1930 2 571 3 1679 2 
1927 2 1680 2 570 2 1929 2 
573 2 1934 2 1673 4 1932 2 
572 1 1674 1 1931 2 1925 1 
1928 3 575 3 1675 4 1934 3 
1676 1 574 1 1931 2 1933 3 
2275 4 2042 2 1936 2 1938 2 
1912 1 1935 2 2041 3 1941 2 
1944 2 2364 2 2044 2 1938 2 
2363 2 1937 2 1935 2 2043 2 
2046 4 2362 4 1942 4 1940 5 
1880 3 2361 2 780 3 1939 5 
2360 3 1942 2 1936 2 2048 2 
2047 2 2359 3 1941 2 1939 4 
2235 2 1944 2 2128 3 2054 2 
1943 2 1937 2 1907 2 2053 2 
1004 2 1473 1 172 1 1911 3 
2140 2 1947 1 1496 1 1857 1 
1950 1 1946 1 1856 2 1495 1 
1636 2 1859 3 1949 2 1951 4 
2322 3 1954 1 1948 2 1858 1 
1630 2 1947 1 1951 3 1861 3 
1860 4 1627 4 1950 3 1948 4 
1650 2 1955 1 1863 3 1953 2 
1644 2 1862 2 494 3 1952 2 
1955 1 1949 1 1638 2 1865 1 
1954 1 1952 1 1637 2 1864 1 
1961 2 743 2 2443 2 
1958 3 709 4 116 4 907 4 
906 1 1957 3 115 2 
1960 2 2440 1 1962 2 751 1 
1965 3 1959 2 2439 3 750 2 
1956 2 1962 3 2442 2 749 4 
1959 2 1961 3 2441 2 748 2 
2436 1 1966 2 747 2 1964 1 
2435 4 746 2 2145 2 1963 1 
1966 3 1960 3 2438 2 745 3 
1963 2 744 2 1965 3 2437 2 
1971 4 2456 3 1968 2 621 3 
1967 2 620 3 2455 2 1969 3 
2367 4 619 3 1968 3 
618 3 1833 2 1971 3 2459 2 
2458 3 1970 3 1967 4 617 3 
2315 1 2402 2 1973 1 
2316 1 1974 3 1972 1 2401 2 
2404 3 2400 4 2317 3 1973 3 
2394 5 1843 5 2015 5 2397 5 
1977 2 1979 3 2010 3 1840 4 
1976 2 2009 1 1841 2 2397 1 
1838 2 1979 2 2161 1 2012 2 
1978 2 1976 3 2011 2 1839 3 
1981 2 2319 2 2399 2 2400 3 
1517 1 2398 1 1980 2 2320 1 
1836 1 2396 2 1983 3 2018 2 
1851 3 1837 3 1982 3 2017 4 
325 2 486 3 2457 1 1985 1 
2098 3 1007 1 485 3 1984 1 
1987 3 1271 4 1995 5 937 3 
1986 3 2180 2 1270 1 936 4 
1989 2 1991 3 2113 3 490 4 
1988 2 2112 2 489 1 2454 1 
2471 2 1991 2 492 1 2111 1 
2108 2 1990 2 1988 3 491 3 
1993 1 1247 2 
1531 2 943 1 1992 1 1996 3 
1997 2 1820 2 1995 4 948 3 
947 3 1994 4 1819 3 1986 5 
1997 3 1822 3 946 4 1993 3 
945 1 1994 2 1821 4 1996 3 
96 2 1999 2 1124 2 994 3 
2004 1 1123 2 993 2 1998 2 
997 2 1118 2 2007 1 2001 1 
1117 4 2002 3 2000 1 996 2 
2001 3 1116 3 1214 4 2003 3 
998 3 2182 1 1115 2 2002 3 
1999 1 1001 2 1122 1 2005 1 
1000 1 1121 2 2006 1 2004 1 
1003 2 1120 1 2005 1 2007 1 
1119 1 1002 2 2000 1 2006 1 
995 2 2379 4 1212 2 1486 3 
2010 2 1977 1 2016 1 1897 1 
2009 2 1896 2 2011 2 1976 3 
2010 2 1979 2 1895 1 2012 2 
1978 2 2011 2 1894 2 1871 3 
2396 2 2018 2 1572 1 2014 1 
2394 1 1892 2 2015 1 2013 1 
2016 1 1891 2 2014 1 1975 5 
2015 1 2009 1 2397 1 1890 1 
2018 3 2196 2 1765 3 1983 4 
2017 3 1888 3 2013 2 1982 2 
2020 3 2248 2 
2027 4 2019 3 2247 3 1405 3 
2022 2 1420 3 2024 2 1345 2 
1418 3 2021 2 1344 2 2201 2 
2026 3 666 2 2024 3 1343 2 
1342 4 2023 3 2021 2 665 3 
1354 2 2026 3 668 2 2028 3 
2025 3 2023 3 667 3 1127 3 
2020 4 670 3 2028 3 1347 3 
2025 3 669 3 1346 2 2027 3 
1768 3 1388 3 2040 3 2030 2 
1387 2 1767 2 2029 2 2031 1 
1386 2 2032 1 1770 4 2030 1 
1385 2 2031 1 1769 1 2033 3 
2034 4 1772 3 1392 3 2032 3 
1771 2 2035 2 2033 4 1391 3 
2034 2 1774 1 2036 2 1390 2 
1773 3 1161 2 2035 2 1389 3 
2038 3 1188 1 139 2 1753 1 
2037 3 686 4 1754 3 1187 3 
1394 3 2040 3 2212 4 1776 2 
2039 3 1393 3 2029 3 1775 2 
2354 3 1936 3 2042 3 2048 3 
1935 2 2043 2 2353 3 2041 3 
2352 2 2042 2 2044 2 1938 2 
2043 2 2351 1 2053 2 1937 2 
324 1 160 1 1778 2 1270 1 
2357 2 1939 4 1880 2 2047 2 
1942 2 2048 2 2356 2 2046 2 
2355 4 2047 2 1941 2 2041 3 
2052 2 2050 2 1786 2 1821 5 
2049 2 1822 1 2055 2 1785 2 
324 2 1788 3 1819 2 2052 2 
2049 2 1820 1 1787 3 2051 2 
1913 2 2054 2 1944 2 2044 2 
1884 1 2053 2 2365 4 1943 2 
2056 2 1784 2 2050 2 1531 3 
2055 2 1653 1 1247 2 
1713 3 929 4 2060 3 2058 3 
2063 1 1712 4 2057 3 928 3 
1715 1 2060 1 2066 2 927 2 
1714 1 926 2 2059 1 2057 3 
2062 5 925 3 1717 3 2064 3 
2061 5 2250 3 924 3 1716 4 
2064 1 2058 1 923 2 1719 2 
2063 1 922 1 2061 3 1718 1 
2066 3 1721 3 921 3 
1720 3 2065 3 2059 2 920 3 
440 1 1462 1 2266 1 2115 3 
1721 2 2069 1 1056 1 
1055 2 2070 2 2068 1 1720 2 
2071 5 1715 2 1058 2 2069 2 
2070 5 1714 4 1057 5 2072 4 
1060 1 1713 1 2071 4 2073 1 
1059 2 1712 4 2074 1 2072 1 
1062 1 1719 2 2073 1 2075 2 
1718 2 1061 2 2076 3 2074 2 
2075 3 2077 2 1717 2 1064 2 
2076 2 1716 2 1063 3 2261 3 
1912 1 317 2 1585 1 323 1 
2111 1 377 1 2471 2 1723 3 
2143 2 760 2 1226 3 762 2 
544 3 1805 3 376 4 1544 3 
108 1 763 1 690 1 761 2 
2084 2 430 1 1808 3 1551 2 
1807 4 2083 2 1550 2 2087 2 
633 1 1305 1 2086 2 2093 1 
2085 2 1917 2 632 2 1304 3 
1549 2 392 1 1140 1 2084 2 
1303 4 628 2 2089 2 592 2 
627 1 2088 2 1302 2 2094 2 
2295 1 1301 1 630 1 592 1 
2273 4 2236 3 930 3 138 4 
624 5 2095 3 2093 3 1299 3 
1298 1 623 1 2092 3 2085 1 
2095 2 626 2 2089 2 1297 2 
2092 3 1296 3 2094 2 625 1 
1725 2 2457 1 325 2 2097 2 
1724 3 2112 3 2096 2 2454 2 
1065 4 1985 3 1727 4 325 4 
439 1 1462 1 2267 1 
2101 2 784 2 2107 2 1419 2 
783 2 2100 2 2102 2 2262 1 
782 3 2101 2 2272 2 2103 4 
2310 3 781 4 1431 4 2102 4 
813 2 2110 4 788 2 2105 3 
2106 4 812 2 787 2 2104 3 
2105 4 786 4 2281 4 2107 3 
2100 2 785 1 814 1 2106 3 
1729 2 1991 2 2113 2 2111 1 
780 2 2361 1 817 1 2110 3 
2104 4 816 3 2109 3 779 3 
2079 1 2108 1 1990 1 1728 2 
1731 3 2097 3 1989 2 2113 3 
1730 3 2108 2 2112 3 1988 3 
2115 3 841 2 264 2 2120 2 
205 4 2114 3 2067 3 263 4 
932 2 136 1 2236 1 2238 5 
266 4 3 3 2118 4 2124 3 
2119 2 2117 4 4 2 265 2 
2120 2 2118 2 268 1 1 2 
2119 2 267 2 2114 2 2 3 
270 2 47 1 1704 3 2122 1 
112 3 2121 1 2123 2 269 2 
43 3 2122 2 2124 2 272 3 
271 3 2117 3 2123 2 44 2 
1886 2 2158 3 2127 3 
2157 3 2129 1 2127 2 1882 1 
1881 4 2126 2 2125 3 2156 2 
2129 2 2155 5 1884 2 1943 3 
1883 2 2126 1 2128 2 2154 1 
2139 4 6 4 2131 4 818 5 
819 2 5 1 2130 4 1616 1 
2133 1 71 2 
2132 1 13 2 2134 2 
2135 3 2133 2 16 2 
2134 3 815 2 15 3 2136 2 
10 2 2137 1 808 1 2135 2 
809 1 2138 2 2136 1 9 2 
2137 2 12 3 810 3 2139 2 
2130 4 11 1 811 2 2138 2 
1946 2 1681 3 654 3 
2253 2 622 2 2410 3 631 2 
2143 2 2349 2 858 2 762 2 
2148 2 2142 2 2080 2 857 2 
594 1 900 2 2226 1 2145 2 
1964 2 2225 3 593 2 2144 2 
758 1 2149 4 2147 1 852 1 
851 3 757 2 2152 1 2146 1 
2143 2 850 2 760 2 2149 5 
759 4 2146 4 2148 5 849 4 
2151 1 754 1 856 1 2153 1 
2150 1 855 1 753 1 297 1 
2153 1 854 2 756 1 2147 1 
2152 1 755 1 2150 1 853 1 
482 2 2129 1 2155 4 2157 3 
481 5 2128 5 2154 4 2235 4 
2158 2 484 1 2157 3 2127 2 
2126 3 2154 3 483 3 2156 3 
2156 2 477 2 2125 3 
425 3 2160 1 
424 1 2159 1 967 1 
2162 2 1871 2 1978 1 1309 1 
2161 2 1310 4 2163 3 1870 2 
1873 3 2164 2 2162 3 1307 2 
2163 2 1308 3 
333 1 1078 1 2168 2 2166 2 
332 2 2171 2 1076 3 2165 2 
2388 4 2168 3 335 2 581 2 
576 2 2165 2 2167 3 334 4 
1088 4 2172 3 2170 4 329 3 
2175 2 328 3 2169 4 1087 2 
2172 1 2166 2 331 1 1086 3 
330 3 1080 3 2171 1 2169 3 
1413 1 999 1 298 1 2174 1 
1473 1 1643 4 1004 2 2173 1 
1066 2 1007 1 2170 2 327 1 
1004 2 2177 1 1911 3 1645 2 
1640 2 2178 1 2176 1 1216 2 
2177 1 2179 2 1639 2 613 3 
1800 2 1642 3 2180 3 2178 2 
1641 4 1755 2 1987 2 2179 3 
2186 4 970 5 2182 4 868 4 
969 1 867 1 2181 4 2003 1 
874 1 974 1 2190 2 2184 2 
973 2 873 2 2185 2 2183 2 
2186 1 972 2 2184 2 876 1 
971 2 2185 1 2181 4 875 1 
870 2 2188 2 978 3 242 4 
2187 2 977 1 2189 2 869 3 
976 3 872 3 2188 2 2190 3 
871 2 975 4 2183 2 2189 3 
2408 4 631 2 2255 3 942 3 
1847 3 2193 2 1731 2 2199 2 
1846 2 2192 2 1730 3 2194 4 
1849 3 2195 3 1729 4 2193 4 
1848 2 1728 2 2200 1 2194 3 
1851 1 2017 2 2197 1 1727 2 
1726 2 1850 2 2196 1 2198 1 
1725 2 2199 2 1853 2 2197 1 
2198 2 1724 3 1852 2 2192 2 
2201 1 2195 1 1723 3 1855 1 
1722 3 1854 2 2200 1 2022 2 
1543 3 2203 2 2395 2 1056 2 
2210 2 2202 2 1542 3 1055 2 
2207 5 2205 4 1545 4 1064 4 
1544 1 2406 2 2204 4 1063 3 
1547 2 2209 3 2207 3 1062 2 
2204 5 1061 2 1546 3 2206 3 
2211 3 1549 4 2209 4 1060 3 
1548 2 2206 3 2208 4 1059 3 
2211 2 1551 3 1058 2 2203 2 
2210 2 1057 2 2208 3 1550 1 
1591 3 2039 4 2213 3 1182 3 
1590 2 2212 3 2214 2 110 2 
109 2 2213 2 1592 3 
2372 2 1451 5 2216 3 1422 3 
1450 2 2215 3 1421 3 2223 2 
1424 2 2218 2 1445 3 2220 1 
2426 3 1444 2 2217 2 1423 3 
1426 4 1443 2 2220 2 2222 3 
1425 1 1442 2 2219 2 2217 1 
1449 2 2224 2 2222 3 1428 5 
1448 4 2219 3 2221 3 1427 2 
1447 2 1430 1 2224 1 2216 2 
2221 2 1429 1 1446 1 2223 1 
1740 3 2226 2 2435 5 2145 3 
2227 1 2144 1 2225 2 1741 1 
2226 1 2228 3 900 2 1736 2 
2227 3 1737 3 2229 4 899 3 
1738 2 902 2 2228 4 2230 4 
1739 4 2231 3 2229 4 901 3 
1732 1 2230 3 908 2 2232 1 
905 1 1733 1 2233 1 2231 1 
2234 2 919 1 2232 1 1734 1 
2233 2 1672 3 1735 3 1472 2 
1943 2 313 2 2155 4 1907 2 
931 1 137 2 2091 3 2116 1 
313 3 1835 2 1353 2 593 2 
933 5 135 5 1578 5 2116 5 
1566 3 732 3 2242 3 2240 4 
1565 2 2249 3 731 4 2239 4 
730 4 2244 5 1568 5 2242 4 
1567 1 729 2 2239 3 2241 4 
2246 4 1562 3 2244 2 728 2 
2243 2 1561 3 727 2 2241 5 
2246 4 1564 1 726 1 2460 3 
2243 4 1563 4 2245 4 725 5 
846 1 2248 2 2020 3 1347 2 
842 3 2247 2 2019 2 
724 2 1571 4 2240 3 2250 2 
2062 3 2249 2 723 1 1570 1 
1580 2 139 3 1753 2 
622 2 1564 2 2253 2 1742 3 
2141 2 2252 2 2254 1 1563 1 
2255 2 631 1 1562 3 2253 1 
2254 2 1561 3 2191 3 2256 2 
2257 1 942 2 2255 2 1568 2 
2258 1 2256 1 1567 1 941 1 
2257 1 2259 3 944 1 1566 1 
1565 3 2258 3 2260 4 616 3 
1571 4 2259 4 2261 4 940 2 
939 3 1570 3 2077 3 2260 4 
410 2 1419 1 2101 1 2272 1 
2264 1 1703 2 2269 1 790 2 
1702 1 895 1 2263 1 789 1 
1462 3 2267 3 74 3 2266 3 
2067 1 73 1 2265 3 205 2 
2265 3 75 1 2099 1 
2271 2 1698 2 797 3 2269 1 
796 1 2263 1 2268 1 1697 3 
2271 2 795 1 
1699 2 2270 2 2268 2 794 3 
407 2 2102 2 1431 2 2262 1 
2091 4 935 2 133 2 2274 2 
1178 1 134 1 934 1 2273 2 
1912 3 1935 4 2363 4 323 3 
1136 2 1574 4 2277 2 2280 2 
2276 2 1135 1 1573 2 2278 1 
1576 1 1134 1 2279 1 2277 1 
1133 1 1575 1 46 2 2278 1 
1579 2 2276 2 
403 3 814 2 812 2 2106 4 
64 1 904 2 114 1 709 2 
664 3 2284 3 
2283 3 663 3 2289 2 
2286 1 1558 1 1151 2 954 3 
1559 2 2285 1 1557 1 953 1 
2288 2 660 2 2290 1 
423 4 2293 2 659 2 2287 2 
2290 1 662 1 2284 2 
2289 1 2287 1 661 2 
427 2 2294 3 2292 1 656 2 
2291 1 655 1 20 2 426 1 
2294 3 2288 2 425 3 658 2 
2293 3 657 4 2291 3 424 3 
2090 1 1824 1 2296 2 463 2 
1823 2 2295 2 2297 3 462 4 
2298 2 459 2 1269 2 2296 3 
458 1 2297 2 1268 1 2299 1 
2300 1 461 1 1306 2 2298 1 
2299 1 792 1 460 1 
2302 3 626 1 649 2 2308 2 
625 3 2301 3 648 3 2303 3 
651 1 2302 3 2304 1 624 3 
2309 3 623 1 650 2 2303 1 
630 2 2306 3 1779 2 645 2 
644 2 2307 2 2305 3 629 2 
2306 2 2308 2 628 1 647 2 
627 2 646 4 2307 2 2301 2 
2304 3 633 3 2310 3 653 3 
632 1 2103 3 652 1 2309 3 
1116 3 2312 4 884 4 2314 3 
2311 4 1115 3 885 4 42 3 
1118 2 882 2 1696 1 2314 1 
2313 1 883 1 1117 4 2311 3 
2316 1 1972 1 183 2 
2315 1 1973 1 2317 1 182 1 
185 1 1974 3 2316 1 2318 2 
184 3 2319 2 2400 3 2317 2 
2320 1 2318 2 1980 2 187 1 
186 2 1793 1 2319 1 1981 1 
824 2 821 2 206 2 252 1 
1949 3 1636 3 1368 4 1638 4 
1202 2 1541 2 2324 2 52 2 
2333 1 2323 2 1540 1 233 2 
635 2 769 2 2326 3 894 1 
2329 3 634 4 2325 3 892 4 
877 2 2328 2 637 1 2330 1 
2327 2 636 2 1589 2 1817 2 
2330 1 561 2 2326 3 639 3 
560 1 2329 1 2327 1 638 1 
2332 1 641 1 2334 1 567 1 
2331 1 640 1 49 2 566 2 
1537 1 2324 1 1818 1 938 2 
564 1 1817 1 2331 1 642 1 
492 1 1893 1 561 2 2336 2 
491 3 2335 2 2337 2 560 2 
877 2 2338 1 490 3 2336 2 
2339 3 1589 1 2337 1 489 1 
2338 3 565 4 2340 3 488 3 
487 1 1885 1 564 1 2339 3 
604 3 683 3 2344 4 2342 4 
682 2 2341 4 603 2 510 4 
2344 2 677 1 2346 2 606 1 
2341 4 2343 2 676 2 605 2 
2346 3 608 2 675 3 2348 3 
2345 3 674 2 607 2 2343 2 
681 1 610 3 2350 1 2348 2 
680 2 609 2 2345 3 2347 2 
2350 1 679 2 612 1 2142 2 
2349 1 2347 1 678 2 611 1 
2352 1 2 2 2044 1 1913 1 
2043 2 2351 1 1 2 2353 3 
4 3 2042 3 2352 3 2354 3 
2041 3 3 1 2355 4 2353 3 
44 5 2048 4 2356 4 2354 4 
43 2 2355 4 2047 2 2357 2 
2046 2 2358 4 2356 2 112 4 
1880 4 1506 4 2357 4 47 3 
2360 4 318 4 1942 3 2362 3 
2359 4 1912 2 1941 3 317 3 
2109 1 2362 1 320 1 1940 2 
2361 1 2359 3 1939 4 319 3 
2364 2 322 3 1938 2 2275 4 
2363 2 321 4 1907 2 1937 2 
1913 4 205 5 2054 4 73 4 
2417 4 1165 3 1052 4 2377 4 
2455 3 1969 4 701 3 
2369 2 2375 2 235 2 964 1 
2368 2 2370 2 234 4 963 3 
2369 2 237 1 962 1 2371 1 
961 4 236 3 2376 1 2370 1 
2373 1 2215 2 960 2 239 1 
2372 1 959 1 238 3 2374 1 
2373 1 2375 2 958 2 241 1 
957 4 240 2 2368 2 2374 2 
244 3 274 1 2371 1 1474 3 
2418 2 1175 3 2366 4 1051 2 
116 2 2389 1 698 1 
1211 3 2008 4 1485 3 2380 4 
1488 2 1210 3 2381 3 2379 4 
2382 2 2380 3 1487 2 1209 3 
2381 2 1208 1 2383 2 1490 1 
1489 3 1207 3 2382 2 2384 2 
2385 1 1492 1 1206 1 2383 2 
1491 1 2384 1 1205 2 2386 1 
1204 2 1494 1 2387 2 2385 1 
1469 2 1493 2 2386 2 1203 3 
114 3 2389 3 2167 4 700 5 
2388 3 113 2 699 1 2378 1 
980 4 2391 3 2392 2 441 2 
2390 3 688 3 979 2 440 2 
981 1 2390 2 439 1 
1035 3 833 4 687 3 837 3 
1844 2 2396 2 1975 5 2014 1 
2202 2 379 2 
2013 2 2394 2 1845 4 1982 2 
1842 2 2016 1 1977 1 1975 5 
1981 1 495 1 2399 1 432 4 
2403 2 2398 1 431 2 1980 2 
1974 4 2403 3 2318 3 1980 3 
436 2 2404 2 2402 3 1973 2 
2401 3 1972 2 435 2 
2399 2 2404 2 434 3 2400 3 
1974 3 2403 2 2401 2 433 2 
2412 2 1341 2 940 2 2406 3 
1340 2 2205 2 2405 3 939 2 
2408 3 1337 2 631 1 2410 2 
2191 4 2407 3 2413 3 1336 3 
2410 2 123 1 1339 1 622 1 
2409 2 2141 3 2407 2 1338 3 
1333 4 2412 2 2414 2 944 2 
616 1 2405 2 2411 2 1332 1 
2408 3 1335 1 2414 1 942 2 
941 1 2413 1 2411 2 1334 2 
2416 1 921 2 
2415 1 1417 2 920 2 2421 1 
2418 2 2366 4 2424 2 923 3 
2419 2 2417 2 2377 2 922 1 
2418 2 1175 3 925 2 2420 2 
1178 1 924 1 2419 2 134 1 
1166 2 2422 1 927 2 2416 1 
2421 1 1409 1 926 2 2423 4 
929 5 2424 4 1406 4 2422 4 
2423 4 2417 2 928 3 1165 1 
2432 4 2426 3 1246 4 1226 3 
2218 3 2425 3 1225 3 1245 2 
1240 5 2430 4 2428 4 1222 5 
1239 2 2427 4 2433 3 1221 2 
1224 2 1238 2 2430 2 143 2 
1237 4 2427 4 2429 2 1223 2 
2434 1 1244 1 1218 1 2432 3 
2425 4 1243 3 1217 4 2431 3 
2434 2 1242 4 2428 3 1220 2 
2431 1 2433 2 1219 2 1241 1 
1902 5 2436 4 1964 4 2225 5 
1963 1 2437 1 2435 4 1903 1 
2436 1 1904 1 2438 1 1966 2 
2439 2 1965 2 2437 1 1905 4 
2438 2 1960 3 2440 2 1898 2 
1959 1 1899 4 2439 2 2441 1 
1900 1 1962 2 2440 1 2442 1 
1901 1 1961 2 2441 1 2443 2 
1906 2 2442 2 1956 2 
2451 3 1443 3 2445 5 1487 3 
1442 4 1488 3 2444 5 2446 3 
2447 3 1485 1 1445 3 2445 3 
2446 3 952 3 1486 4 1444 3 
1491 2 2453 3 2449 2 1447 3 
1446 1 2448 2 2450 1 1492 1 
2449 1 1489 2 2451 1 1449 1 
2444 3 1448 3 1490 1 2450 1 
227 2 1451 5 2453 3 1493 2 
1494 2 2448 3 2452 3 1450 2 
488 1 1989 1 2097 2 2457 1 
2367 3 1968 2 2456 3 703 2 
428 2 1967 3 2458 2 2455 3 
2096 1 487 1 2454 1 1984 1 
1971 3 2459 2 2456 2 705 1 
704 3 2458 2 167 3 1970 2 
1188 3 1356 4 2245 3 2461 3 
2466 2 1355 3 1187 1 2460 3 
111 2 2469 1 2463 2 1362 1 
2464 3 1181 2 2462 2 1361 2 
2463 3 1180 2 2465 4 1364 2 
1179 4 1363 3 176 3 2464 4 
2461 2 1358 2 1186 3 2467 2 
1357 1 1185 2 2468 2 2466 2 
2469 2 2467 2 1184 2 1360 2 
2462 1 1359 1 2468 2 1183 2 
2471 3 377 2 494 3 1862 2 
1990 2 2470 3 2079 2 493 2 
