43
43
43
22
22
21
21
21
21
21
21
21
18
8
29
8
22
8
8
29
29
12
12
12
12
12
12
12
12
32
32
32
24
35
35
32
32
45
9
45
45
45
45
30
30
30
38
38
38
33
38
38
38
41
41
41
41
31
31
33
20
19
47
47
26
47
28
26
28
20
28
28
6
31
31
31
31
37
37
31
37
37
40
19
24
24
19
40
31
31
13
13
41
40
40
40
40
40
40
41
43
43
43
43
25
25
25
25
26
25
29
32
32
35
32
36
35
36
36
36
36
35
35
16
17
17
24
17
17
32
11
11
49
11
49
49
49
49
48
48
38
30
43
43
5
2
2
2
2
2
5
5
5
5
5
4
4
4
4
4
37
37
37
37
37
37
39
37
38
37
40
31
0
0
8
8
8
0
0
0
31
31
14
13
13
13
18
18
18
18
18
18
23
23
23
23
24
24
24
23
23
41
46
41
41
48
48
46
48
48
19
31
20
31
31
31
31
29
29
29
29
20
20
29
29
29
29
49
49
49
49
9
9
9
49
9
9
19
39
19
39
39
36
36
36
36
36
36
24
22
22
22
27
27
22
22
44
41
41
33
33
33
33
33
33
33
33
34
34
27
27
27
27
26
27
26
26
46
34
34
26
26
34
34
34
34
28
26
25
28
3
3
3
3
7
7
3
3
3
3
39
30
39
47
37
5
47
37
29
29
29
29
30
30
29
30
12
13
16
16
16
16
16
16
16
16
46
46
46
42
48
48
46
46
48
48
12
12
12
12
12
12
12
12
24
24
33
1
1
1
1
1
1
1
1
40
8
10
15
15
15
15
15
15
40
15
4
6
6
4
2
2
21
18
6
2
21
21
10
5
13
5
13
4
13
6
13
2
32
32
32
32
35
35
32
32
35
35
21
21
18
7
21
24
24
20
20
20
20
19
19
19
19
20
20
35
38
38
41
38
41
41
39
38
39
39
39
39
10
10
10
10
10
10
10
10
10
10
32
35
33
33
35
36
36
36
36
36
36
36
43
43
25
25
25
25
25
25
43
43
25
25
25
25
43
43
25
25
1
1
1
1
1
1
1
1
42
42
42
42
38
38
38
38
42
42
42
42
42
42
38
28
28
42
42
42
24
23
24
24
23
23
23
23
23
4
3
3
3
3
3
3
3
3
3
18
18
19
18
18
18
19
19
19
19
36
36
36
36
36
36
36
32
32
13
13
14
14
14
14
14
7
7
27
27
6
6
6
6
6
6
7
7
41
41
41
41
41
48
48
48
19
19
32
32
36
36
36
36
47
47
42
42
42
42
28
28
28
28
33
8
33
8
19
20
37
45
45
45
6
45
48
34
26
34
34
35
11
34
11
11
25
26
22
22
21
9
22
21
22
24
22
9
48
48
45
45
46
46
42
42
47
47
47
47
46
46
48
48
45
45
45
45
45
17
17
17
17
1
1
1
1
1
1
1
1
6
8
8
8
6
8
14
19
35
35
18
32
32
32
32
32
33
33
33
30
30
30
29
29
29
29
29
46
46
46
46
46
47
47
47
26
26
26
5
28
27
49
49
39
39
37
37
37
37
37
37
40
37
29
15
17
18
18
19
15
19
19
20
20
18
15
9
15
15
25
39
39
25
41
9
39
37
37
17
37
37
47
47
47
47
17
17
46
46
31
31
45
45
45
45
45
0
0
0
46
5
5
21
5
4
5
5
4
4
4
4
11
10
11
11
7
7
10
10
7
7
9
9
24
24
24
24
13
13
13
13
13
13
29
29
29
47
4
29
4
28
28
28
28
28
4
28
47
16
29
5
29
4
15
12
14
15
15
15
5
15
15
15
16
19
33
33
7
7
3
3
3
3
3
3
3
3
20
15
29
11
11
19
49
49
48
48
11
11
11
49
46
20
8
8
6
8
18
8
20
32
32
27
27
27
27
27
27
27
26
26
26
36
42
42
42
42
44
45
28
28
44
44
44
44
42
47
47
44
40
32
40
40
14
14
40
35
14
14
34
34
35
35
34
34
34
39
6
6
21
21
18
21
6
6
21
21
29
41
41
39
39
41
39
39
39
39
39
11
11
20
19
11
20
48
48
19
48
39
39
39
14
14
14
14
14
14
16
14
14
14
4
8
33
8
8
33
31
33
33
7
2
2
2
2
2
2
2
42
42
42
42
28
28
28
28
4
42
42
14
14
16
4
14
14
5
14
5
5
13
13
8
0
8
11
26
26
27
26
27
27
27
27
27
27
33
33
33
33
33
33
33
33
15
15
15
15
15
15
15
15
15
31
10
10
7
7
10
9
11
11
7
7
11
11
11
11
33
33
33
33
33
33
33
33
43
43
35
35
34
34
31
25
25
44
26
43
43
43
44
34
43
43
31
9
9
10
10
10
10
10
10
10
45
45
45
9
45
9
9
18
18
18
18
19
19
19
19
18
18
40
37
37
37
37
37
37
37
37
39
40
19
40
40
41
40
41
41
41
41
7
7
7
7
6
11
11
6
11
11
27
27
26
26
27
27
27
27
26
26
1
1
1
1
1
1
1
1
34
30
34
34
34
34
35
30
30
26
25
30
30
38
38
18
18
13
13
13
13
18
18
18
13
48
48
42
46
46
46
46
46
48
48
28
28
28
28
26
28
47
26
47
47
37
17
17
17
43
37
2
2
2
2
16
2
2
43
43
44
34
44
44
44
44
44
48
44
44
49
49
8
49
49
34
49
8
7
7
3
3
3
3
3
3
3
3
9
9
33
33
18
18
18
18
18
18
13
14
18
13
22
43
43
43
43
22
32
9
4
9
36
9
9
49
9
49
49
49
49
6
22
31
18
21
21
21
21
21
21
6
40
40
40
40
40
40
40
40
40
19
38
38
38
46
19
19
19
46
20
20
20
20
20
20
38
38
38
38
41
41
41
38
41
41
6
8
44
44
44
44
44
44
44
44
44
44
6
6
6
3
3
3
3
3
3
7
3
7
7
10
10
2
2
2
5
2
22
22
8
8
8
8
8
8
21
21
35
45
32
32
32
32
45
45
44
45
44
44
47
44
47
47
23
23
23
23
24
24
23
24
23
23
25
25
25
25
25
25
31
22
23
1
1
1
1
1
1
1
1
2
2
2
2
2
2
49
22
22
34
34
34
34
26
26
34
34
26
26
22
22
22
21
19
21
21
21
21
18
21
10
10
9
9
10
10
10
10
10
10
16
16
16
16
16
16
16
16
13
13
39
41
39
39
22
22
39
15
22
24
22
22
22
22
22
22
15
45
15
15
15
15
28
13
6
6
6
6
20
20
20
6
6
6
46
48
48
48
42
42
42
46
38
48
48
30
30
39
39
39
48
48
42
42
46
42
46
46
48
48
5
5
4
4
4
4
4
5
5
5
22
22
22
0
0
0
0
32
32
30
30
30
30
30
30
30
12
12
12
12
12
12
12
12
24
24
13
32
32
13
13
22
22
13
13
13
24
24
36
36
36
36
36
36
27
27
22
5
5
4
5
5
5
4
4
4
4
35
25
25
43
43
25
25
25
25
43
43
37
37
39
39
37
37
37
37
40
37
49
49
49
49
49
9
9
9
9
9
17
17
17
17
17
16
24
24
12
12
13
13
13
13
24
24
13
13
17
20
17
36
27
36
36
36
36
36
23
39
39
39
2
21
0
0
0
3
8
8
8
7
7
7
42
42
38
30
38
38
42
42
38
30
29
29
3
31
31
3
29
25
25
25
25
25
29
45
12
12
3
16
16
16
16
12
12
31
31
35
35
35
35
35
35
32
32
32
32
26
10
35
47
4
26
28
46
0
0
0
0
0
0
0
0
27
46
7
7
21
6
6
6
6
6
6
7
7
14
14
14
14
40
40
14
14
14
14
30
30
30
30
30
30
49
49
46
46
46
46
47
47
47
47
23
23
23
23
23
23
24
24
23
23
30
30
30
30
30
30
30
30
17
17
17
17
17
17
5
14
16
16
42
42
5
30
30
29
30
29
29
29
29
28
28
28
34
34
35
35
49
49
46
46
46
46
47
42
46
38
48
41
48
48
25
41
41
41
34
19
19
13
1
0
0
0
0
0
0
0
5
5
30
4
4
5
5
22
7
19
7
7
11
11
11
11
11
11
8
8
0
8
7
7
8
8
20
0
31
31
31
18
31
25
34
31
31
34
34
31
34
35
35
17
17
17
17
17
17
24
24
23
24
23
23
23
23
23
17
2
32
32
32
35
35
35
35
35
35
35
39
8
8
8
0
7
7
7
8
0
0
39
20
20
19
19
48
19
20
20
19
20
35
35
34
24
24
47
47
28
28
28
28
28
47
28
28
21
21
2
27
27
29
29
29
29
29
29
23
24
24
24
23
23
23
23
17
16
2
44
39
39
39
44
43
43
43
26
44
44
44
43
43
47
47
28
28
28
30
47
28
28
28
39
49
49
42
42
2
2
42
42
28
2
2
2
41
41
38
38
38
34
38
38
41
41
22
22
22
43
43
2
5
2
25
25
25
25
25
25
43
43
15
15
12
15
16
44
16
16
16
45
44
48
48
48
49
49
11
11
11
11
11
44
44
44
44
44
44
0
0
0
0
0
0
0
0
9
46
4
22
22
21
18
21
21
21
21
21
21
12
24
24
2
32
32
45
48
48
48
48
48
46
46
41
41
41
7
7
12
12
12
12
12
12
12
12
24
24
26
27
27
27
27
27
27
27
11
26
26
45
45
39
45
39
47
47
47
46
45
46
46
36
36
36
36
36
9
36
36
9
35
35
45
33
33
33
45
33
33
33
33
10
10
10
6
10
10
10
10
6
6
4
20
6
6
6
5
15
2
2
2
2
2
2
25
26
34
34
34
34
26
26
34
34
14
14
14
40
14
14
14
14
14
14
17
17
17
17
17
17
21
21
6
6
20
20
21
20
47
6
6
26
26
27
26
26
26
27
27
27
27
45
9
9
9
22
22
22
22
1
1
1
1
1
1
1
1
18
18
30
30
29
29
30
30
18
18
29
18
15
15
17
15
17
17
17
17
16
17
12
15
9
9
45
45
45
45
45
45
15
16
17
38
38
38
38
38
38
41
41
41
41
15
12
13
12
12
13
13
13
13
24
24
17
9
34
9
34
43
43
9
49
9
9
49
49
49
49
43
9
9
22
47
35
35
49
49
49
11
49
20
49
49
20
20
20
20
11
11
19
19
15
15
5
5
5
5
4
5
4
4
4
4
41
28
37
40
37
37
26
37
38
37
37
39
32
32
4
12
12
12
12
16
16
16
16
16
16
20
20
20
20
19
19
19
19
20
20
4
47
47
44
47
44
44
44
44
3
44
7
7
3
3
3
3
10
14
14
14
14
14
40
40
40
40
40
15
16
16
16
16
16
16
16
16
31
31
31
31
31
31
15
43
43
43
43
38
15
32
42
0
8
0
8
27
38
38
38
38
23
23
23
23
23
23
24
24
11
11
7
7
11
11
23
23
5
5
4
4
4
4
5
5
5
4
9
10
9
9
10
10
10
10
10
4
40
40
40
40
40
40
40
40
19
40
8
0
8
0
0
0
8
8
29
31
31
31
31
31
31
