2464 4789 001
466 3 1109 2 2 3 8 5 
1108 4 3 3 1 3 465 3 
4 4 468 2 2 3 1107 5 
3 4 467 5 9 4 1106 8 
1105 9 462 8 6 8 232 8 
461 3 7 5 1104 3 5 8 
8 7 6 5 464 5 1103 8 
7 7 1 5 2138 6 1102 7 
1101 4 4 4 470 9 10 4 
1100 5 9 4 469 6 1582 7 
1368 3 1355 6 14 6 12 5 
1354 6 1367 6 1055 6 11 5 
1370 10 14 7 16 6 1353 5 
13 7 11 6 1369 8 1352 5 
1372 4 18 3 1359 2 16 5 
13 6 1371 7 1358 8 15 5 
19 4 18 4 1357 6 1374 5 
1356 6 15 3 1373 4 17 4 
17 4 1365 6 
600 5 463 5 1387 5 
27 7 22 4 1044 3 1353 5 
23 4 1352 2 21 4 
22 4 1355 7 
25 5 1357 5 
24 5 1356 8 26 6 1047 5 
1045 6 1359 3 25 6 27 7 
21 7 1358 9 1046 7 26 7 
463 4 1386 6 398 5 596 5 
30 3 750 6 32 4 2464 4 
2463 3 29 3 1027 3 
34 5 2462 5 32 4 733 4 
1021 6 29 4 31 4 2461 5 
1024 8 263 8 2460 7 34 9 
31 5 2459 9 1023 5 33 9 
282 7 312 6 620 6 36 6 
281 5 311 5 41 3 35 6 
278 5 38 7 44 4 306 6 
305 7 39 6 37 7 277 8 
38 6 280 2 1338 4 40 6 
303 6 279 6 1702 6 39 6 
42 4 274 5 36 3 310 6 
273 6 43 6 309 5 41 4 
308 5 44 5 42 6 276 6 
307 6 43 5 37 4 275 2 
46 3 458 7 283 4 1129 5 
45 3 47 2 1128 3 457 3 
1127 2 46 2 48 4 460 4 
1126 3 49 7 47 4 459 7 
454 8 48 7 1125 8 50 5 
1124 5 453 3 49 5 51 2 
456 4 1123 4 52 7 50 2 
51 7 455 6 53 9 1122 6 
54 7 451 5 52 9 1131 6 
53 7 450 4 629 7 1130 6 
1569 3 56 3 2215 4 846 4 
2216 4 55 3 845 3 304 3 
1376 7 1974 6 58 6 
1973 2 59 5 1375 3 57 6 
1970 6 60 9 1380 7 58 5 
1969 5 59 9 61 7 1379 8 
1972 3 1378 5 62 7 60 7 
63 6 61 7 1971 10 1377 9 
62 6 1976 4 64 5 1382 3 
1381 6 1975 8 63 5 1998 5 
1562 6 1857 3 231 2 1495 2 
67 8 236 4 929 6 2334 6 
66 8 235 5 69 6 928 9 
550 2 560 3 2038 4 
930 2 67 6 234 4 
229 6 1518 5 1495 4 1859 4 
72 7 74 8 1210 4 
75 4 71 7 1209 5 
74 8 183 7 1212 5 884 6 
73 8 71 8 1211 7 182 6 
72 4 76 2 1215 3 
1214 6 75 2 
1364 12 1655 10 1341 7 1873 10 
1547 6 1523 6 1860 9 226 7 
937 6 81 5 1805 5 999 4 
660 3 1273 3 1279 4 1403 4 
79 5 946 5 1806 3 998 5 
1270 9 196 11 133 9 1272 7 
2050 5 84 6 1944 5 444 5 
83 6 443 5 98 4 1943 4 
2049 4 2047 7 2387 9 1139 5 
87 3 684 1 1571 2 514 2 
86 3 88 6 513 6 1572 5 
2190 7 87 6 89 8 508 5 
90 7 88 8 1576 10 507 8 
91 3 89 7 2188 5 506 5 
90 3 92 2 505 4 1574 1 
91 2 512 2 2196 6 93 4 
511 5 2202 4 94 5 92 4 
2193 7 1161 6 510 3 93 5 
1234 5 1133 6 114 4 2385 7 
1274 6 2311 5 934 6 97 6 
933 7 2310 7 96 6 100 7 
442 2 84 4 1946 6 99 2 
1945 3 2051 3 441 5 98 2 
2309 6 935 5 97 7 
102 7 104 7 1849 6 1552 4 
101 7 1551 8 107 6 1848 9 
104 6 1847 7 601 6 1554 4 
103 6 101 7 1553 5 1846 8 
478 4 480 6 2067 4 411 3 
1401 8 1281 5 112 9 656 5 
108 4 1550 4 102 6 1843 3 
573 4 107 4 1549 5 1842 4 
1217 3 195 2 110 6 116 2 
194 10 109 6 111 7 1216 7 
1219 4 193 2 110 7 598 3 
106 9 655 10 1276 7 1400 6 
1221 6 1522 7 342 3 199 4 
2056 4 2382 3 95 4 1140 3 
116 5 1522 8 1223 6 197 4 
1222 5 196 6 115 5 109 2 
2377 5 679 5 553 5 118 6 
552 3 678 5 126 3 117 6 
2055 6 2317 11 1949 8 448 5 
561 3 123 3 121 3 687 5 
686 6 120 3 376 4 320 5 
125 9 123 8 559 7 689 7 
1164 7 372 4 122 8 120 3 
125 7 557 5 691 5 127 8 
122 9 124 7 556 7 690 6 
555 1 127 5 118 3 693 4 
692 6 124 8 126 5 554 8 
2004 8 2425 8 153 7 2385 9 
959 4 1873 5 953 3 1896 3 
1752 4 585 5 958 3 1388 4 
1275 5 1850 4 132 8 134 5 
1274 8 2311 7 131 8 1841 5 
136 6 134 4 82 9 2357 8 
1272 2 133 4 2356 5 131 5 
136 5 2359 4 138 3 1271 2 
135 5 133 6 2358 8 1270 6 
138 3 1253 4 140 3 1269 4 
137 3 1268 3 1252 3 135 3 
140 5 2344 7 1283 6 349 6 
1282 3 139 5 2342 7 137 3 
142 5 144 4 1163 4 1806 4 
141 5 1805 4 1162 6 671 5 
1804 6 144 3 
141 4 1803 5 143 3 
150 5 146 5 897 4 1515 5 
145 5 1514 5 896 5 147 5 
148 6 899 4 1513 6 146 5 
147 6 898 5 151 9 1512 5 
150 6 895 9 1517 6 
145 5 2035 5 149 6 1516 3 
148 9 1521 9 152 6 889 7 
888 2 151 6 949 2 1520 6 
1537 3 2382 4 128 7 154 4 
2381 4 1536 7 417 4 153 4 
156 5 162 4 2183 5 830 4 
155 5 157 4 829 9 2182 7 
2181 5 158 5 832 2 156 4 
2180 7 157 5 163 7 831 7 
2187 6 826 9 2403 11 160 6 
2186 5 825 4 161 3 159 6 
160 3 828 4 162 3 2185 3 
155 4 2184 4 827 5 161 3 
834 4 2179 5 158 7 164 4 
2178 2 1008 2 163 4 833 2 
170 7 2241 8 643 6 166 8 
167 6 642 6 2240 6 165 8 
645 4 168 5 2239 3 166 6 
644 5 2238 5 167 5 361 5 
170 4 647 4 2243 3 
169 4 165 7 2242 4 646 3 
178 5 1433 4 172 5 923 7 
917 6 365 5 1434 4 171 5 
187 6 176 10 174 6 1443 8 
179 9 186 5 1444 3 173 6 
745 6 1195 5 185 5 176 10 
1197 10 173 10 184 8 175 10 
915 5 180 5 178 5 1447 4 
177 5 171 5 914 8 1448 4 
174 9 180 9 189 8 1445 8 
177 5 1446 6 188 8 179 9 
1914 5 874 7 407 5 490 6 
183 5 74 6 
73 7 182 5 
187 4 176 8 185 3 989 3 
175 5 1747 6 184 3 988 2 
174 5 187 5 991 6 189 4 
184 4 173 6 990 4 186 5 
915 8 189 7 180 8 993 7 
992 4 188 7 179 8 186 4 
1283 4 191 3 2343 3 518 3 
1282 3 192 5 2325 3 190 3 
1269 6 193 4 191 5 598 5 
192 4 1268 2 111 2 194 5 
110 10 193 5 1271 5 195 6 
109 2 1270 4 196 6 194 6 
116 6 197 5 195 6 82 11 
196 5 198 2 115 4 1272 1 
199 3 1522 6 1275 3 197 2 
198 3 1274 5 934 5 113 4 
585 5 1390 3 212 6 1750 4 
571 5 202 4 204 4 1511 2 
201 4 1510 4 570 3 207 5 
1519 3 204 3 569 3 1099 5 
688 5 203 3 201 4 568 3 
206 4 567 6 208 4 1504 3 
566 3 2286 6 210 4 205 4 
2289 6 202 5 565 5 208 4 
564 3 205 4 207 4 2288 4 
1475 6 2004 3 
206 4 563 4 2298 5 211 6 
2297 8 2069 5 210 6 562 7 
955 7 1749 5 200 6 1393 5 
319 2 1910 4 
219 6 2026 5 215 5 2298 6 
409 2 2025 5 214 5 2297 6 
2289 7 223 5 217 4 2032 7 
2288 3 2031 1 216 4 218 3 
2034 4 1504 3 217 3 219 5 
214 6 2033 9 2286 7 218 5 
1519 4 1081 5 221 6 2028 6 
2027 5 220 6 688 7 222 10 
1511 6 2030 7 223 7 221 10 
2029 5 1510 3 216 5 222 7 
248 5 225 4 231 4 1562 8 
224 4 226 5 247 3 1547 4 
225 5 227 5 250 8 78 7 
1523 4 226 5 249 2 2091 5 
1518 7 229 8 252 9 233 5 
251 6 228 8 230 7 70 6 
229 7 231 5 254 7 1495 5 
253 4 65 2 224 4 230 5 
256 4 233 2 5 8 939 6 
232 2 938 1 255 3 228 5 
69 4 235 3 
67 5 234 3 236 1 
66 4 446 1 235 1 
1865 4 238 4 240 3 284 5 
237 4 458 6 1864 5 283 3 
240 3 242 7 1859 4 286 4 
239 3 237 3 285 5 1858 3 
244 1 1857 3 242 5 288 4 
287 9 239 7 241 5 1856 7 
290 7 246 5 1863 5 244 3 
241 1 1862 7 243 3 289 5 
843 7 1861 3 246 5 292 8 
243 5 291 7 1860 8 245 5 
250 6 225 3 248 4 1918 4 
224 5 1917 6 253 5 247 4 
250 5 1916 5 849 6 227 2 
247 6 249 5 1915 8 226 8 
229 6 254 6 1922 5 252 7 
255 7 228 9 1921 6 251 7 
248 5 231 4 254 6 1920 4 
1919 6 251 6 253 6 230 7 
1913 10 252 7 256 5 233 3 
232 4 462 4 255 5 1912 5 
258 7 2239 4 607 8 260 6 
257 7 472 7 2238 6 606 6 
260 4 605 2 2241 5 262 5 
604 3 259 4 257 6 2240 5 
2243 4 262 6 603 3 
2242 5 261 6 602 7 259 5 
584 4 891 5 264 5 33 8 
890 7 263 5 269 6 583 3 
578 5 272 8 1765 5 266 7 
267 4 577 6 317 6 265 7 
266 4 1154 3 268 4 576 6 
2052 7 267 4 575 7 2207 6 
270 7 264 6 582 9 893 5 
269 7 271 5 581 5 892 7 
270 5 1006 5 272 6 580 4 
265 8 579 8 894 5 271 6 
42 6 2353 4 276 6 274 7 
281 7 2352 5 273 7 41 5 
278 3 2351 2 276 3 44 2 
2350 4 273 6 275 3 43 6 
2349 5 280 4 278 6 38 8 
2348 7 275 3 37 5 277 6 
40 6 1067 5 280 2 2347 9 
277 4 279 2 39 2 2346 2 
274 7 36 5 2355 4 282 6 
2131 6 35 7 2354 7 281 6 
45 4 986 4 284 4 238 3 
285 7 283 4 237 5 985 5 
284 7 286 6 240 5 995 6 
285 6 287 6 994 5 239 4 
286 6 242 9 993 6 288 8 
992 6 289 8 287 8 241 4 
288 8 244 5 290 9 991 8 
243 7 291 9 289 9 990 6 
246 7 290 9 292 10 989 6 
718 10 291 10 988 6 245 8 
294 3 300 4 973 8 689 2 
293 3 972 5 1164 7 295 3 
975 2 296 1 294 3 687 5 
295 1 686 4 974 3 373 3 
693 6 298 6 977 5 302 5 
692 5 976 9 297 6 299 9 
979 8 298 9 300 9 691 7 
690 6 293 4 299 9 978 7 
302 5 971 6 679 4 875 6 
301 5 678 5 970 3 297 5 
40 6 1057 3 1338 4 569 4 
847 3 2217 4 56 3 
571 6 1338 5 38 7 306 6 
570 4 305 6 307 8 37 6 
44 6 308 6 565 7 306 8 
43 5 564 3 307 6 309 4 
42 5 567 6 308 4 310 7 
311 8 41 6 309 7 566 6 
563 5 312 5 310 8 36 5 
311 5 35 6 502 3 562 5 
743 3 1744 4 1585 5 2278 6 
871 8 404 8 2205 7 1940 7 
318 3 1905 4 316 3 
1904 6 315 3 
530 3 1765 4 266 6 1154 5 
315 3 908 4 1906 3 
2368 3 213 2 1909 3 
2324 9 321 4 1633 6 121 5 
320 4 324 4 1594 4 1632 3 
325 8 1631 6 323 7 1587 7 
1586 4 322 7 1630 8 328 7 
1589 7 321 4 1629 7 325 6 
322 8 324 6 1588 6 1628 6 
327 3 1591 4 1627 4 329 3 
1626 4 326 3 1590 5 1852 4 
1625 6 329 5 1593 8 323 7 
328 5 1592 2 1624 4 326 3 
331 5 1607 10 751 5 1161 7 
1606 3 330 5 752 3 332 5 
333 6 760 5 1599 4 331 5 
332 6 1598 4 761 4 334 7 
758 7 335 6 1601 8 333 7 
334 6 1600 4 336 4 759 2 
1603 5 337 6 756 5 335 4 
338 5 1602 7 757 5 336 6 
337 5 339 4 1605 2 754 6 
338 4 1321 4 755 5 1604 4 
1770 4 2210 4 341 5 2370 3 
340 5 2369 5 346 4 1769 4 
1013 4 343 4 934 4 113 3 
342 4 1666 6 933 7 1012 8 
347 4 2367 8 1778 8 345 7 
1777 8 350 7 2366 5 344 7 
341 4 1780 4 2365 4 347 2 
344 4 1779 1 2364 8 346 2 
2363 6 351 7 349 7 1774 7 
2362 4 1773 6 348 7 139 6 
351 6 345 7 1776 5 2361 8 
350 6 1775 6 348 7 2360 5 
562 4 2069 2 353 3 502 2 
501 3 2068 4 354 4 352 3 
355 5 2067 3 353 4 504 6 
354 5 503 9 2066 6 356 5 
498 5 2073 4 355 5 357 4 
358 4 2072 5 356 4 497 5 
357 4 2071 6 500 3 359 7 
360 10 2070 7 358 7 499 7 
359 10 496 6 2065 7 361 7 
360 7 495 5 2064 5 168 5 
1569 5 2206 7 363 10 2215 6 
1570 10 370 10 572 7 362 10 
365 5 2436 7 367 5 1575 4 
364 5 172 5 2435 4 2191 3 
367 5 2434 4 1573 5 369 3 
366 5 2189 5 364 5 2433 6 
371 7 1579 2 369 2 2194 3 
368 2 366 3 1580 2 2192 5 
363 10 371 10 2438 7 1577 6 
368 7 370 10 1578 7 2437 9 
123 4 559 3 561 4 434 10 
374 6 1633 6 420 5 296 3 
1760 6 373 6 419 6 1632 5 
746 4 814 4 1747 6 1759 3 
2324 8 561 4 436 4 121 4 
1625 4 1763 3 1757 6 424 7 
379 4 1756 4 743 4 817 4 
1759 3 378 4 742 6 820 6 
1758 8 421 7 549 7 1626 7 
1893 2 1761 6 740 3 822 4 
1628 5 427 3 1762 6 1760 5 
824 5 1761 6 738 4 384 4 
823 4 737 7 383 4 1756 4 
1868 6 952 8 1899 11 954 9 
860 4 1623 5 1982 3 486 7 
418 5 389 3 
389 3 417 3 1536 6 
388 3 387 3 416 4 
2457 8 1653 8 391 6 393 6 
1652 7 2458 6 774 6 390 6 
1645 7 393 6 2453 6 395 4 
392 6 2454 5 1644 6 390 6 
1647 3 395 2 2455 2 397 2 
1646 3 2456 3 394 2 392 4 
397 2 1649 1 399 3 2449 6 
396 2 2450 4 394 2 1648 3 
2451 5 1651 6 28 5 399 5 
2452 5 396 3 398 5 1650 7 
472 5 1782 3 401 7 606 4 
400 7 1781 7 414 8 471 11 
488 9 403 7 876 6 1914 6 
875 6 402 7 487 7 971 6 
878 6 314 8 405 6 494 8 
877 3 406 3 404 6 493 3 
880 5 405 3 407 3 492 3 
491 3 181 5 879 6 406 3 
409 3 1788 4 480 6 411 3 
215 2 408 3 1787 1 479 5 
413 6 478 7 1790 8 411 6 
410 6 105 3 1789 3 408 3 
415 3 1784 4 413 1 476 1 
1783 5 412 1 410 6 475 4 
415 5 401 8 1786 6 474 7 
412 3 414 5 1785 7 473 7 
1492 5 417 4 418 6 389 4 
416 4 1491 2 154 4 388 3 
1493 6 387 5 416 6 
420 5 428 6 374 6 1665 5 
419 5 974 5 373 5 1664 4 
1657 5 380 7 422 7 1963 5 
1758 8 1656 7 423 6 421 7 
1659 3 422 6 424 7 1757 6 
425 9 423 7 377 7 1658 9 
424 9 426 7 1763 5 1661 10 
425 7 1762 6 1660 4 427 3 
382 3 1663 1 428 4 426 3 
419 6 1760 6 427 4 1662 5 
438 3 555 3 773 6 430 4 
772 3 431 3 429 4 554 5 
557 3 430 3 432 2 771 5 
433 1 770 4 556 4 431 2 
777 1 432 1 434 9 559 2 
435 11 776 11 433 9 372 10 
434 11 436 5 561 5 775 10 
1652 6 376 4 435 5 774 5 
438 4 1004 5 767 5 553 5 
429 3 552 1 766 4 437 4 
2341 6 440 2 1701 5 2109 4 
441 5 439 2 2051 3 2340 2 
440 5 442 5 99 5 2339 5 
441 5 443 3 98 2 2338 2 
442 3 84 5 444 4 1706 4 
443 4 2336 3 83 5 445 4 
2050 4 446 3 2335 3 444 4 
236 1 445 3 2334 3 
1715 4 449 8 1384 3 
2109 4 2327 6 1090 4 119 5 
1318 8 1383 7 447 8 1716 9 
1712 2 54 4 1254 4 451 2 
53 5 450 2 455 2 1711 5 
1533 6 1121 7 
859 3 50 3 456 5 454 6 
49 8 459 8 1705 7 453 6 
1704 2 456 3 52 6 451 2 
51 4 455 3 1703 6 453 5 
1710 5 46 3 460 5 458 7 
45 7 1709 7 238 6 457 7 
460 7 1708 6 454 8 48 7 
1707 4 459 7 47 4 457 5 
6 3 462 3 1732 4 464 3 
5 8 461 3 1731 5 256 4 
28 4 20 5 1385 4 597 3 
7 5 461 3 1729 4 2138 4 
468 2 1736 3 466 3 2 3 
1 3 1735 5 2138 4 465 3 
4 5 468 3 1734 3 470 10 
465 2 467 3 3 2 1733 1 
2254 8 10 6 470 11 1728 4 
467 10 9 9 1727 10 469 11 
474 10 2065 8 472 9 401 11 
400 5 258 7 2064 6 471 9 
2071 9 476 5 474 9 415 7 
471 10 2070 6 473 9 414 7 
476 4 2073 6 478 5 413 4 
475 4 473 5 412 1 2072 3 
1807 3 1005 3 945 2 943 3 
105 4 2066 4 410 7 475 5 
2297 9 2069 6 480 8 409 5 
2068 5 105 6 408 6 479 8 
647 3 482 4 1619 3 
646 4 1618 5 485 4 481 4 
484 5 486 6 1623 4 645 3 
483 5 627 5 1622 6 644 6 
482 4 643 2 486 5 860 2 
483 6 642 7 485 5 386 7 
662 6 403 7 488 9 616 7 
402 9 661 6 489 6 487 9 
1914 3 664 5 488 6 490 4 
663 5 489 4 491 4 181 6 
407 3 666 4 492 3 490 4 
665 3 491 3 493 3 406 3 
668 4 494 5 492 3 405 3 
667 6 493 5 2205 7 404 8 
627 4 644 5 496 4 361 5 
360 6 499 3 495 4 626 6 
500 4 498 6 625 3 357 5 
356 5 503 9 624 7 497 6 
623 4 496 3 500 3 359 7 
358 3 499 3 497 4 622 8 
353 3 621 5 502 2 504 5 
312 3 501 2 620 3 352 2 
355 9 619 6 498 9 504 10 
618 5 503 10 354 6 501 5 
512 4 91 4 609 6 506 6 
507 6 608 5 90 5 505 6 
508 5 506 6 611 7 89 8 
513 5 507 5 610 3 88 5 
613 3 1161 5 510 2 1607 8 
94 3 612 2 511 3 509 2 
93 5 512 3 510 3 615 6 
505 4 511 3 92 2 614 1 
508 5 87 6 514 5 617 6 
86 2 662 3 616 4 513 5 
516 5 522 5 2280 5 1776 5 
515 5 517 4 2279 6 1775 5 
2282 6 1774 5 518 4 516 4 
1773 5 2281 4 517 4 190 3 
520 8 2276 4 524 4 1780 5 
521 7 519 8 1779 6 2275 8 
1778 6 520 7 2278 6 522 3 
1777 6 515 5 2277 6 521 3 
2285 5 524 3 1770 3 676 4 
523 3 1769 3 2284 3 519 4 
1304 6 891 6 1039 8 526 7 
1305 5 890 8 533 6 525 7 
530 4 1154 6 1298 7 528 5 
2052 5 1299 3 1172 3 527 5 
1765 3 530 2 1296 2 532 5 
1297 2 317 3 529 2 527 4 
1006 7 532 7 1302 9 534 5 
531 7 894 4 1303 7 529 5 
1300 6 893 4 534 4 526 6 
892 5 531 5 533 4 1301 4 
925 4 538 3 536 4 1079 7 
924 5 535 4 1078 4 1026 4 
540 7 1085 5 538 4 921 7 
920 5 1084 3 535 3 537 4 
2294 4 1083 6 542 9 540 8 
537 7 922 11 1082 7 539 8 
544 5 2273 6 542 8 1089 9 
916 7 541 8 1088 6 539 9 
919 3 544 4 1087 4 713 4 
541 5 543 4 1086 5 918 4 
1967 4 546 4 
547 4 1966 7 545 4 932 5 
546 4 548 5 931 6 1965 2 
549 7 547 5 927 4 1964 5 
548 7 926 5 380 7 1963 5 
68 2 2219 4 
2089 5 560 4 2038 5 
438 1 553 2 118 3 555 1 
552 2 117 5 2402 4 437 5 
555 4 127 8 557 5 430 5 
429 3 126 1 554 4 552 1 
125 7 432 4 559 5 557 5 
431 3 124 5 554 5 556 5 
2086 2 2219 4 
372 3 433 2 556 5 122 7 
551 4 68 3 2088 5 2219 5 
376 4 120 3 372 4 435 5 
352 4 563 5 211 7 312 5 
562 5 311 5 210 4 566 3 
208 3 567 5 308 3 565 4 
564 4 307 7 207 5 570 3 
206 3 567 5 563 3 310 6 
564 5 205 6 566 5 309 6 
1338 3 569 3 571 4 204 3 
2312 4 568 3 303 4 203 3 
306 4 571 4 202 3 565 3 
201 5 305 6 570 4 568 4 
2438 4 1131 4 363 7 2206 4 
108 4 1845 4 574 4 1548 4 
2063 2 573 4 2259 5 1844 4 
1940 7 639 5 576 9 268 7 
575 9 577 8 638 8 267 6 
266 6 578 4 641 4 576 8 
265 5 640 4 577 4 579 5 
635 4 272 8 580 6 578 5 
634 5 581 4 579 6 271 4 
580 4 582 7 637 5 270 5 
581 7 636 9 269 9 583 6 
633 3 584 2 582 6 264 3 
263 4 2460 3 583 2 632 3 
130 5 1391 8 1751 5 200 5 
2204 5 1550 3 587 3 593 6 
2203 4 1549 5 586 3 
2237 5 649 5 1255 6 589 6 
1254 7 1712 5 2236 6 588 6 
591 6 1554 4 2200 6 595 4 
590 6 592 4 2199 7 1553 5 
1120 3 593 5 591 4 1552 1 
592 5 1551 9 2201 6 586 6 
1556 3 2198 4 595 2 698 4 
2197 3 590 4 1555 5 594 2 
2451 5 28 5 2214 7 597 4 
600 3 2213 3 596 4 463 3 
192 5 2325 3 1218 7 111 3 
1840 6 1556 5 601 6 1193 3 
20 5 597 3 2209 4 
103 6 599 6 1555 7 1839 7 
605 4 1671 5 603 4 262 7 
602 4 1670 5 261 3 
260 3 607 5 1673 2 605 1 
602 4 259 2 1672 4 604 1 
1675 4 258 6 400 4 607 7 
257 8 604 5 1674 8 606 7 
979 5 609 5 611 6 506 5 
978 6 608 5 614 3 505 6 
611 5 977 4 508 3 617 4 
976 9 610 5 608 6 507 7 
510 2 615 5 975 3 613 3 
509 3 1664 3 612 3 974 4 
973 8 609 3 512 1 615 4 
972 6 612 5 511 6 614 4 
617 5 514 4 971 6 487 7 
970 3 616 5 610 4 513 6 
619 1 621 5 504 5 2129 5 
618 1 624 4 503 6 2128 3 
2131 5 35 6 502 3 621 6 
618 5 501 5 2130 6 620 6 
623 9 625 7 2125 8 500 8 
622 9 499 4 2124 6 626 7 
625 4 619 4 2127 9 498 7 
624 4 622 7 2126 1 497 3 
702 5 627 6 623 7 496 6 
484 5 495 4 626 6 699 2 
631 5 1229 7 1255 7 629 7 
1254 7 54 7 1228 5 628 7 
1257 5 631 4 1227 5 
628 5 630 4 1226 3 1256 4 
1038 4 2134 4 633 4 584 3 
583 3 636 6 1037 3 632 4 
580 5 635 3 1036 4 637 6 
579 4 1035 3 634 3 640 3 
633 6 582 9 637 7 1034 4 
1033 6 581 5 636 7 634 6 
639 4 641 4 576 8 1032 6 
872 5 575 5 638 4 1031 5 
578 4 1030 6 641 4 635 3 
638 4 577 4 1029 5 640 4 
643 4 645 4 486 7 166 6 
642 4 485 2 165 6 646 2 
645 4 168 5 495 5 484 6 
644 4 167 4 642 4 483 3 
482 4 647 3 643 2 170 3 
481 3 646 3 169 4 
1257 6 649 6 2235 8 
2234 6 588 5 1256 5 648 6 
1485 10 659 7 885 5 1694 9 
652 4 660 3 1824 7 1279 4 
651 4 653 4 1278 3 1823 8 
1826 3 652 4 654 6 1277 3 
1276 6 1825 4 653 6 655 9 
1828 11 112 10 656 6 654 9 
1827 1 657 1 655 6 106 5 
658 2 1830 4 656 1 1281 1 
1280 3 657 2 1174 4 1829 4 
650 7 1273 3 660 3 1838 4 
651 3 80 3 659 3 1837 5 
664 5 488 6 662 3 685 3 
487 6 684 2 661 3 514 3 
490 5 666 5 664 6 683 7 
661 5 682 8 663 6 489 5 
681 4 492 3 666 4 668 4 
663 5 491 4 665 4 680 4 
494 6 1153 5 668 5 670 4 
1152 4 493 4 665 4 667 5 
1172 3 670 3 2052 5 2207 4 
2205 5 669 3 1171 4 667 4 
673 7 1166 5 1812 6 142 5 
2108 5 675 6 
671 7 1811 8 2388 6 1165 9 
2103 6 2394 6 677 9 675 8 
2393 4 2102 7 672 6 674 8 
2392 8 2105 5 677 7 523 4 
676 7 2104 7 674 9 2391 6 
302 5 679 4 118 5 693 6 
905 5 678 4 301 4 117 5 
683 6 1437 3 666 4 681 4 
665 4 680 4 1438 4 1152 4 
664 8 683 9 1435 8 685 6 
680 6 682 9 663 7 1436 5 
662 2 86 1 1192 2 685 2 
1194 5 682 6 661 3 684 2 
121 6 1633 7 296 4 687 8 
1164 9 295 5 120 5 686 8 
204 5 1519 5 221 7 1511 3 
1164 6 293 2 690 4 122 7 
300 6 125 6 691 4 689 4 
124 5 299 7 690 4 692 3 
127 6 298 5 693 5 691 3 
297 6 692 5 678 6 126 4 
701 5 695 4 1887 6 1875 7 
694 4 1874 5 1886 7 696 3 
697 2 1885 3 1877 3 695 3 
1876 3 1884 3 696 2 703 4 
1185 8 1891 6 1879 7 594 4 
1622 3 702 1 627 2 2174 5 
701 6 1881 6 1185 7 1889 4 
700 6 694 5 1880 6 1888 5 
626 5 2173 2 699 1 2124 4 
1883 4 704 7 697 4 1871 4 
1882 5 1181 6 1741 8 703 7 
1885 6 785 5 706 6 708 6 
715 5 705 6 784 4 1884 4 
783 4 710 4 708 3 1887 5 
1886 7 707 3 782 6 705 6 
710 6 781 6 712 4 1889 4 
709 6 1888 5 707 4 780 5 
930 1 714 3 
778 3 1193 2 1890 2 709 4 
725 7 714 5 929 5 543 4 
713 5 928 7 711 3 724 8 
706 5 716 8 1883 4 787 3 
786 11 715 8 1882 6 1146 6 
844 7 814 8 718 10 2117 6 
813 6 292 10 717 10 843 9 
1557 3 720 9 
1363 8 1559 8 721 9 719 9 
1558 3 1362 4 720 9 722 5 
1561 5 723 4 1361 6 721 5 
1360 3 1560 4 722 4 1337 5 
725 10 2092 8 714 8 
724 10 713 7 919 6 2093 7 
1936 7 729 8 1881 8 727 8 
1935 8 1880 6 732 4 726 8 
729 6 1466 4 1938 5 1879 6 
728 6 1754 6 726 8 1937 6 
731 8 2283 5 1877 5 1237 4 
730 8 1876 7 734 10 1939 9 
1237 2 1942 2 1875 6 727 4 
1021 6 1023 4 1041 5 31 4 
731 10 735 6 1871 6 1934 8 
1260 2 1741 5 1933 7 734 6 
1020 4 788 2 2249 7 1015 4 
1739 11 384 7 744 8 738 7 
739 5 1740 5 383 4 737 7 
738 5 740 4 1737 5 1761 7 
1738 2 739 4 968 7 381 3 
746 6 1743 7 742 8 1759 5 
741 8 1744 7 743 6 379 6 
313 3 742 6 378 4 744 5 
1585 7 1756 5 737 8 743 5 
175 6 1747 7 1745 8 746 5 
741 6 375 4 745 5 1746 3 
1320 4 1326 5 2405 4 2417 3 
753 3 1028 5 848 6 2253 3 
788 2 2247 4 753 4 1018 3 
1027 6 29 6 1021 8 1043 7 
330 5 752 3 1960 3 2195 2 
331 3 1959 5 760 3 751 3 
748 3 749 4 1017 4 2246 4 
757 6 338 6 755 7 1952 10 
1718 5 1951 4 339 5 754 7 
759 3 1954 6 336 5 757 4 
1953 3 337 5 754 6 756 4 
759 3 334 7 1956 5 761 4 
756 3 758 3 1955 5 335 2 
752 3 1958 7 332 5 761 3 
1957 4 333 4 758 4 760 3 
765 4 2097 3 763 5 2077 6 
762 5 2003 4 2096 4 2076 4 
2079 5 1465 4 2095 7 765 5 
762 4 2094 5 764 5 2078 3 
438 4 767 5 773 7 1678 10 
766 5 943 3 1679 4 437 5 
769 7 1476 10 2083 8 2099 8 
2098 3 768 7 1463 3 2082 5 
1684 5 432 4 777 4 771 7 
772 5 1685 8 770 7 431 5 
430 3 773 5 1686 5 771 5 
1687 7 772 5 429 6 766 7 
1680 6 775 10 391 6 436 5 
774 10 1681 10 776 10 435 10 
434 11 1682 4 775 10 777 3 
433 1 1683 5 770 4 776 3 
779 3 1986 2 712 3 781 5 
1193 2 778 3 1840 5 1985 3 
783 5 1988 4 781 5 710 5 
1987 7 709 6 780 5 778 5 
785 5 783 7 1990 6 708 6 
1989 5 780 5 707 4 782 7 
787 2 706 4 785 3 2245 3 
705 5 782 5 2244 6 784 3 
716 11 1204 10 2221 7 787 6 
784 2 2220 4 786 6 715 3 
749 2 736 2 1014 5 2248 1 
1996 7 792 11 2293 7 790 8 
1995 5 2292 3 795 6 789 8 
1998 4 2291 5 1975 7 792 8 
1997 7 789 11 2290 9 791 8 
2000 3 796 2 794 2 1509 2 
1507 6 797 5 793 2 1999 4 
2287 6 2002 7 790 6 796 5 
2001 3 1498 4 793 2 795 5 
798 6 794 5 2296 6 1994 8 
2143 4 797 6 1993 5 2295 5 
800 9 1381 6 2007 6 1998 5 
2006 6 799 9 1997 7 801 9 
802 5 1996 5 800 9 2009 7 
1995 4 803 3 801 5 2008 5 
1432 6 802 3 2002 5 804 4 
2001 4 805 5 2010 3 803 4 
2013 5 804 5 2000 5 806 5 
807 5 1999 5 805 5 2012 4 
806 5 808 5 2345 5 1994 7 
2096 4 807 5 2003 4 1993 5 
2013 4 810 5 812 2 1339 5 
2012 5 1667 7 942 5 809 5 
1655 4 1341 1 812 1 1432 5 
1340 2 809 2 811 1 2010 1 
718 6 988 2 814 4 1747 6 
717 8 813 4 375 4 819 4 
2007 6 816 6 888 5 949 5 
948 4 815 6 2006 3 1654 4 
820 6 818 2 378 4 2119 3 
823 2 1756 2 817 2 2118 2 
1759 3 2117 2 814 4 820 6 
2116 8 817 6 819 6 379 6 
822 5 1761 7 824 6 2123 3 
950 6 821 5 381 4 2122 4 
384 4 818 2 824 5 2121 4 
383 5 821 6 2120 6 823 5 
1139 4 826 7 160 4 828 5 
825 7 997 5 159 9 1138 7 
1137 7 828 6 162 5 830 5 
1136 6 827 6 161 4 825 5 
830 8 832 7 156 9 1135 10 
829 8 155 4 1134 4 827 5 
1133 6 832 4 158 7 834 4 
157 2 831 4 829 7 1132 1 
834 2 1496 5 164 2 1141 3 
163 4 833 2 1140 3 831 4 
2117 4 836 6 844 5 2083 6 
835 6 837 5 2116 6 2082 6 
2119 4 836 5 2081 4 838 3 
2080 4 2118 2 837 3 839 1 
2121 3 2079 2 840 1 838 1 
2120 3 2078 2 839 1 841 1 
842 5 2123 1 2077 4 840 1 
2122 6 841 5 940 7 2076 6 
245 7 844 6 718 9 2085 6 
717 7 843 6 835 5 2084 4 
847 3 56 3 846 4 
1911 4 55 4 845 4 
304 3 845 3 
1025 10 1022 8 748 6 2252 8 
2148 8 249 6 2091 9 850 9 
2147 10 849 9 2090 7 855 6 
852 5 2146 6 858 9 2095 8 
851 5 2094 4 853 2 2145 2 
852 2 2144 6 854 4 2097 2 
2143 4 2096 4 853 4 1993 5 
2099 5 2142 5 850 6 856 5 
857 3 855 5 2141 4 2098 4 
858 5 856 3 2140 5 2101 5 
857 5 2139 7 2100 7 851 9 
1703 4 453 3 1705 4 1108 3 
386 4 485 2 1618 3 1981 3 
913 5 862 4 
912 5 861 4 2315 7 
864 6 2113 4 1472 6 868 6 
863 6 865 4 2112 7 1471 3 
1474 4 866 4 864 4 2111 4 
2110 4 1473 6 869 4 865 4 
868 3 1470 3 
867 3 1469 4 863 6 
1467 3 870 3 866 4 2115 4 
2114 4 869 3 1938 4 1466 3 
314 8 910 7 872 8 878 6 
871 8 909 4 639 5 1940 7 
1914 5 876 5 874 7 907 7 
181 7 879 8 873 7 906 5 
403 6 301 6 876 5 905 7 
873 5 875 5 402 6 904 4 
405 3 880 5 903 5 878 3 
877 3 902 5 404 6 871 6 
901 8 880 8 874 8 407 6 
877 5 406 5 879 8 900 6 
1157 10 882 8 887 13 1698 8 
1156 5 1697 5 881 8 883 3 
1699 3 1155 4 882 3 
1484 6 73 6 
886 4 1693 4 650 5 1160 2 
1159 5 885 4 887 10 1696 5 
1695 7 886 10 881 13 1158 10 
1720 6 889 3 152 2 815 5 
888 3 898 3 1719 2 151 7 
264 7 526 8 891 7 893 6 
263 5 1024 5 525 6 890 7 
534 5 893 5 1006 7 270 7 
892 5 533 4 890 6 269 5 
1765 2 532 4 272 5 1006 4 
1725 8 2035 8 149 9 
897 4 899 4 146 5 1724 6 
896 4 145 4 2035 4 1723 4 
1722 3 148 5 899 3 889 3 
147 4 898 3 896 4 1721 4 
901 6 2374 7 880 6 903 6 
900 6 879 8 2373 9 906 5 
878 5 903 7 2376 4 910 6 
877 5 902 7 2375 6 900 6 
2378 7 905 6 876 4 907 6 
679 5 2377 5 875 7 904 6 
907 5 2380 5 874 5 901 5 
906 5 2379 6 873 7 904 6 
1907 3 318 4 2368 4 
1031 4 872 4 910 3 2372 5 
871 7 2371 9 909 3 902 6 
1595 3 913 6 
862 5 1991 3 913 6 1597 3 
861 5 1596 8 912 6 911 6 
923 10 995 7 915 8 178 8 
188 8 177 5 994 6 914 8 
542 7 2294 2 2273 5 2269 3 
172 6 923 8 2435 5 986 6 
919 3 2271 3 2273 5 544 4 
543 3 918 3 725 6 2272 8 
925 6 921 8 538 5 2265 4 
920 8 537 7 2266 7 922 11 
540 11 2294 7 2267 8 921 11 
914 10 985 7 917 8 171 7 
2250 4 536 5 2263 4 925 5 
920 6 2264 4 535 4 924 5 
927 2 549 5 1852 5 1626 5 
926 2 548 4 1851 1 931 5 
930 5 929 7 714 7 67 9 
1087 5 928 7 713 5 66 6 
928 5 69 2 711 1 
547 6 1854 7 932 7 927 5 
1853 4 546 5 931 7 
935 5 97 7 343 7 934 7 
96 6 199 5 933 7 342 4 
933 5 100 5 1666 4 
997 2 1811 5 1138 4 937 4 
996 7 79 6 1812 6 936 4 
1518 3 939 5 233 1 1865 2 
938 5 1864 8 232 6 1105 7 
1755 6 1669 4 842 7 941 6 
940 6 942 5 1878 6 1667 7 
810 5 1339 5 1869 5 941 5 
1004 3 1808 4 767 3 477 3 
945 2 947 5 1003 2 1809 2 
1002 3 944 2 1810 1 477 2 
81 5 947 7 1803 7 1001 5 
1804 8 946 7 944 5 1000 6 
949 3 816 4 1742 4 1364 7 
1870 5 948 3 152 2 815 5 
822 6 1893 4 951 6 1755 7 
954 6 950 6 1878 5 1892 7 
385 8 953 4 1867 4 1902 5 
1901 5 129 3 952 4 1866 3 
1869 7 951 6 385 9 1900 6 
1748 6 212 7 1111 6 1392 4 
959 8 957 7 1742 8 1898 10 
956 7 1870 5 2233 4 1897 4 
130 3 1753 6 1389 5 
1895 5 129 4 956 8 1872 7 
961 4 1896 3 1222 5 967 2 
1223 5 960 4 1895 5 962 6 
963 6 1898 8 961 6 1220 6 
1897 5 1221 6 962 6 1487 7 
965 4 1900 5 969 5 1218 8 
1219 4 964 4 1899 7 966 3 
1216 3 1902 4 967 2 965 3 
1217 3 1901 4 966 2 960 2 
1893 6 740 7 969 8 1224 6 
1892 7 964 5 968 8 1225 6 
977 3 617 3 302 3 971 4 
301 6 403 6 970 4 616 6 
973 10 615 6 975 4 294 5 
972 10 614 8 293 8 978 11 
420 5 975 4 296 3 613 4 
295 2 972 4 612 3 974 4 
298 9 611 9 977 8 979 8 
970 3 297 5 610 4 976 8 
609 6 979 6 300 7 973 11 
608 5 299 8 978 6 976 8 
1236 5 981 5 
980 5 1230 9 1494 5 982 6 
983 5 1231 4 1493 4 981 6 
984 8 982 5 1232 6 1492 6 
983 8 2056 8 1491 5 1233 6 
923 7 284 5 995 4 986 5 
283 4 1129 5 985 5 917 6 
1540 8 1947 6 1534 6 1408 6 
813 2 989 2 292 6 185 2 
990 3 988 2 184 3 291 6 
989 3 991 5 187 4 290 6 
990 5 992 6 289 8 186 6 
189 4 288 6 991 6 993 4 
287 6 188 7 992 4 994 5 
915 6 286 5 995 5 993 5 
914 7 994 5 985 4 285 6 
937 7 997 5 2404 7 999 5 
936 2 826 5 2403 7 996 5 
999 4 2396 6 1001 5 81 5 
998 4 2395 5 996 5 79 4 
2398 3 1001 4 1003 3 947 6 
2397 2 1000 4 998 5 946 5 
1005 4 945 3 1003 3 2400 5 
1000 3 2399 3 1002 3 944 2 
943 3 1005 3 2402 4 437 5 
1002 4 477 3 1004 3 2401 4 
531 7 271 5 892 7 894 4 
1051 3 1462 3 1508 1 1008 2 
164 2 1050 4 1496 5 1007 2 
1010 6 1489 4 1668 4 1011 5 
1009 6 1490 7 1666 6 1012 8 
1488 5 1009 5 
1486 5 1010 8 1013 8 343 8 
342 4 1221 7 1012 8 1487 8 
2300 7 1018 6 788 5 1015 7 
1014 7 1080 7 2299 6 736 4 
1717 5 1319 3 1450 2 1321 3 
1018 3 1028 6 2302 5 753 4 
2301 4 1017 3 1014 6 749 3 
1020 7 2258 6 2028 9 1081 8 
736 4 1019 7 1080 7 2257 4 
32 6 733 6 750 8 1042 7 
2274 6 2304 4 1028 7 848 8 
733 4 1040 4 1024 4 34 5 
33 8 891 5 1023 4 1039 7 
2251 7 2274 8 848 10 1026 6 
2250 3 1025 6 536 4 2260 5 
30 3 750 6 
2303 10 1017 6 748 5 1022 7 
2185 5 641 5 1032 7 1030 7 
2184 6 640 6 1029 7 1035 6 
909 4 639 5 1032 7 2187 5 
1031 7 1029 7 2186 7 638 6 
637 6 2181 6 1036 4 1034 3 
2180 4 1037 1 1033 3 636 4 
2183 5 635 3 1036 4 1030 6 
1033 4 2182 6 1035 4 634 4 
633 3 2179 2 1034 1 1038 3 
632 4 2178 4 2164 6 1037 3 
1040 7 1169 8 525 8 1024 7 
1170 7 1023 4 1039 7 1041 5 
1167 4 1042 6 1040 5 733 5 
1043 6 1168 5 1041 6 1021 7 
1042 6 750 7 
1046 3 21 3 
26 6 1046 6 1047 5 
1045 6 1044 3 27 7 
1045 5 25 5 
2162 4 1051 3 1049 2 1462 3 
1451 5 1052 4 2161 5 1048 2 
1008 4 2178 4 2164 6 1051 5 
2163 6 1048 3 1007 3 1050 5 
1049 4 1053 3 2160 5 1077 6 
1052 3 1076 1 2159 3 
1361 7 1055 6 
12 6 1360 4 1054 6 
1057 6 2337 6 2313 7 1063 9 
1056 6 303 3 2312 3 1702 3 
2319 5 1061 5 1691 4 1059 5 
1688 4 1064 7 2318 5 1058 5 
2329 4 1949 8 1061 5 2317 11 
1058 5 2316 2 2328 4 1060 5 
2331 4 2323 5 1065 6 1063 8 
2330 6 2322 7 1056 9 1062 8 
2333 7 1059 7 2321 8 1065 8 
1062 6 2332 5 1064 8 2320 8 
1067 6 2337 4 1071 4 2296 5 
2295 6 1702 5 1066 6 279 5 
1075 5 2333 5 1069 6 2287 6 
2332 5 1498 5 1068 6 1070 5 
1509 4 2331 3 1071 4 1069 5 
2330 3 1070 4 1066 4 1507 6 
2329 2 1073 3 2291 4 1404 4 
2328 4 1074 4 1072 3 2290 5 
1073 4 1691 3 2293 4 1075 4 
1068 5 1074 4 2292 2 1688 4 
1251 2 1053 1 1077 4 
1250 6 1451 7 1052 6 1076 4 
1079 7 536 4 2327 6 2260 5 
1078 7 2326 6 1084 7 535 7 
2308 5 1081 8 1020 7 1015 7 
2307 6 1080 8 220 5 1019 8 
1085 5 540 7 1083 5 2339 3 
1088 3 539 6 1082 5 2338 4 
2341 6 538 3 1079 7 1085 4 
1082 5 537 5 2340 4 1084 4 
1089 9 544 5 2335 3 1087 5 
929 5 2334 5 543 4 1086 5 
1083 3 1706 2 1089 7 542 6 
1086 9 1088 7 2336 8 541 9 
1091 5 2306 5 2317 10 448 4 
2305 6 1090 5 1092 6 2316 3 
1093 7 1091 6 2304 5 2319 5 
1092 7 2318 7 1094 8 2303 9 
2302 8 2321 7 1093 8 1095 8 
2320 9 1096 5 2301 6 1094 8 
2300 4 1095 5 2323 3 1097 4 
1098 6 2322 5 2299 6 1096 4 
1099 8 1097 6 2313 6 2308 4 
2312 6 1098 8 2307 7 203 5 
1712 4 10 5 1101 5 2236 5 
9 4 1106 8 1100 5 1711 6 
1109 4 1708 5 8 7 1103 8 
7 8 1707 6 1104 6 1102 8 
1105 4 1710 4 6 3 1103 6 
1104 4 5 9 1709 5 939 7 
1101 8 1107 9 4 8 1704 7 
1703 7 1106 9 1108 6 3 5 
2 4 1107 6 1109 3 859 3 
1102 4 1 2 1705 4 1108 3 
1111 7 1247 7 1119 7 1643 6 
1110 7 955 6 1246 7 1642 5 
1239 5 1113 6 1637 5 1207 7 
1238 6 1636 4 1114 5 1112 6 
1241 5 1113 5 1635 6 1115 5 
1116 5 1240 4 1634 3 1114 5 
1641 6 1115 5 1117 4 1243 7 
1640 5 1116 4 1242 8 1118 4 
1639 3 1245 6 1119 6 1117 4 
1118 6 1638 6 1110 7 1244 6 
592 3 1471 3 2201 4 2199 6 
1793 6 1184 7 452 7 
1123 3 2438 3 1131 3 52 6 
1122 3 2437 6 51 4 1124 7 
2194 6 1125 8 50 5 1123 7 
49 8 1124 8 2192 8 1126 4 
48 3 1127 1 2434 2 1125 4 
47 2 1126 1 1128 3 2433 4 
1127 3 46 3 2436 7 1129 5 
2435 4 986 5 1128 5 45 5 
1131 5 2206 5 54 6 1228 4 
1130 5 572 4 1122 3 53 6 
1133 3 1234 2 1135 4 832 1 
1132 3 1140 5 831 6 95 6 
1137 6 2053 5 1135 6 830 4 
1132 4 1134 6 2054 6 829 10 
828 6 2047 7 1137 7 1139 5 
1134 6 827 7 2048 5 1136 7 
2049 3 936 4 826 7 1139 4 
825 4 85 5 1136 5 1138 4 
1133 5 1141 4 834 3 114 3 
2056 5 1233 3 1140 4 833 3 
1143 7 1149 10 1417 9 1200 7 
1144 4 1416 4 1142 7 1199 5 
1143 4 1145 5 1415 3 1202 7 
1201 4 1144 5 1414 7 1150 3 
1421 2 1147 2 1204 5 716 6 
1146 2 1148 3 1420 2 1203 6 
1149 6 1147 3 1419 3 1206 6 
1205 6 1148 6 1142 10 1418 6 
1413 2 1151 4 1208 2 1145 3 
1412 8 1239 5 1150 4 1207 7 
668 4 1153 4 1439 2 681 4 
1440 3 1152 4 1171 5 667 5 
2052 6 267 3 527 6 317 5 
1528 6 1156 6 883 4 
882 5 1155 6 1157 7 1531 7 
881 10 1530 7 1156 7 1158 7 
1159 5 1525 8 887 10 1157 7 
886 5 1158 5 1160 3 1524 4 
1485 7 1159 3 1527 5 885 2 
94 6 509 5 330 7 2195 4 
1166 6 1692 5 142 6 1163 5 
141 4 1162 5 
123 7 294 7 687 9 689 6 
1288 9 1690 5 1166 7 673 9 
1689 6 1162 6 671 5 1165 7 
1170 6 1041 4 1168 3 
1167 3 1042 5 
1039 8 1184 6 1304 6 1170 8 
1167 6 1040 7 1183 5 1169 8 
1153 5 1172 4 1441 5 670 4 
1442 9 669 3 528 3 1171 4 
1174 5 1423 6 1176 7 1413 4 
658 4 1412 7 1173 5 1422 5 
1415 2 1176 6 1178 3 1431 7 
1414 9 1430 6 1175 6 1173 7 
1417 6 1429 5 1180 3 1178 4 
1416 4 1428 3 1177 4 1175 3 
1180 5 1419 6 1182 7 1427 5 
1179 5 1177 3 1426 2 1418 2 
1182 4 1425 4 704 6 1421 3 
1181 4 1424 8 1420 3 1179 7 
1170 5 1184 3 
1609 4 1121 7 1169 6 1183 3 
698 8 1890 5 1754 7 700 7 
1972 6 1189 6 1187 9 1409 7 
1408 5 1971 9 1196 4 1186 9 
1411 2 1970 2 1191 1 1189 1 
1186 6 1969 1 1188 1 1410 2 
1974 3 1407 6 1191 3 
1973 2 1406 2 1190 3 1188 1 
684 2 1194 5 1457 4 1571 3 
1891 3 779 2 712 2 599 3 
1456 7 685 5 1192 5 1435 7 
2105 4 1197 5 175 5 1745 7 
1976 3 1198 5 1405 6 1187 4 
176 10 1195 5 2104 6 1443 8 
1404 7 1975 9 1196 5 2291 7 
2158 7 1143 5 1200 5 1202 8 
1205 3 2157 3 1199 5 1142 7 
1145 4 1202 6 2156 2 1208 3 
1201 6 1144 7 2155 6 1199 8 
2154 6 1147 6 1204 9 1206 9 
2153 6 786 10 1146 5 1203 9 
1149 6 1206 6 1200 3 2152 2 
1205 6 2151 8 1148 6 1203 9 
1208 5 1112 7 2150 7 1151 7 
1207 5 2149 3 1201 3 1150 2 
2357 7 1210 2 72 5 1215 4 
1209 2 1211 3 71 4 2356 4 
1850 3 1210 3 74 7 1212 4 
73 5 1484 5 1841 2 1211 4 
1252 3 1214 6 
1215 7 76 6 2359 7 1213 6 
1214 7 1209 4 2358 7 75 3 
966 3 1219 4 1217 4 110 7 
109 3 967 3 1216 4 1222 6 
1225 9 964 8 598 7 1219 8 
965 4 111 4 1216 4 1218 8 
1522 7 1221 6 1223 5 962 6 
1220 6 113 6 1013 7 963 6 
116 5 960 5 1217 6 1223 6 
961 5 1220 5 115 6 1222 6 
1225 4 2343 2 968 6 1738 1 
1224 4 1218 9 2325 5 969 6 
1227 4 1229 5 631 3 2223 2 
1226 4 630 5 2222 7 
2225 4 1229 5 629 5 1130 4 
1226 5 1228 5 628 7 2224 8 
1236 9 981 9 1249 7 1231 7 
982 4 1232 5 1248 4 1230 7 
1231 5 983 6 1508 3 1233 4 
1141 3 1232 4 1496 5 984 6 
2054 4 1132 2 2386 3 95 5 
1236 6 1251 3 
980 5 1230 9 1250 7 1235 6 
732 2 1874 4 1941 5 730 4 
1113 6 1241 6 1239 5 1830 7 
1112 5 1151 5 1238 5 1829 4 
1828 7 1115 4 1241 4 1243 6 
1238 6 1114 5 1827 3 1240 4 
1243 11 1117 8 1245 10 1826 7 
1242 11 1825 5 1240 6 1116 7 
1247 6 1245 6 1824 7 1119 6 
1118 6 1823 10 1244 6 1242 10 
1838 5 1392 5 1111 7 1247 7 
1244 6 1110 7 1837 8 1246 7 
1231 4 1508 2 1249 4 1462 4 
1451 6 1250 5 1248 4 1230 7 
1077 6 1236 7 1251 4 1249 5 
1076 2 1250 4 1235 3 
1253 4 2359 4 1213 3 138 3 
137 4 2342 8 1252 4 
589 7 629 7 1255 7 450 4 
1254 7 1256 6 628 7 588 6 
1257 5 1255 6 649 5 631 4 
648 6 630 5 1256 5 
1267 1 1506 6 1259 3 1423 4 
1422 5 1505 4 1258 3 1399 4 
735 2 1500 4 1425 3 1261 5 
1262 6 1499 10 1260 5 1424 10 
1261 6 1764 5 1427 2 1263 7 
1262 7 1426 7 1264 7 1497 9 
1429 4 1263 7 1265 3 1768 5 
1428 3 1503 3 1266 4 1264 3 
1267 3 1431 8 1767 5 1265 4 
1258 1 1266 3 1766 5 1430 2 
193 2 1271 2 138 3 1269 4 
192 6 1282 4 137 4 1268 4 
195 4 82 9 1271 3 136 6 
1268 2 194 5 1270 3 135 2 
134 2 1275 2 82 7 197 1 
659 3 1402 2 80 3 1485 6 
96 6 132 8 199 5 1275 5 
131 5 1272 2 198 3 1274 5 
112 7 1395 6 654 6 1277 3 
1394 3 1278 2 653 3 1276 3 
1277 2 652 3 1279 3 1397 4 
80 4 1396 3 651 4 1278 3 
1422 4 658 3 1399 3 1281 2 
106 5 1398 2 657 1 1280 2 
140 3 191 3 1269 4 1283 4 
190 4 1773 6 139 6 1282 4 
1541 6 1285 7 2384 6 1291 6 
1284 7 2383 9 2011 10 2425 7 
1293 3 1287 4 1964 2 1450 1 
1657 5 1963 5 1286 4 1449 7 
1545 6 1289 9 1165 9 2388 6 
1288 9 1290 5 1544 7 2387 10 
1543 3 1291 4 1289 5 2390 5 
2389 9 1290 4 1542 6 1284 6 
1966 7 1293 5 1772 6 1295 7 
1965 3 1292 5 1286 3 1771 10 
2177 4 1384 3 1295 7 
1967 7 1383 6 1292 7 1294 7 
1303 4 529 2 1613 1 1297 2 
530 2 1612 3 1296 2 1298 5 
527 7 1611 4 1299 5 1297 5 
528 3 1610 4 1442 9 1298 5 
533 6 1301 6 1305 5 1617 6 
1302 8 1300 6 1616 7 534 4 
1301 8 531 9 1303 9 1615 9 
1614 6 1296 4 532 7 1302 9 
525 6 1305 4 1169 6 1609 4 
526 5 1608 7 1304 4 1300 5 
1968 9 1561 4 1307 3 1309 3 
1560 4 2176 5 1325 5 1306 3 
1962 7 1309 4 1559 4 1310 6 
1961 2 1558 2 1308 4 1306 3 
2175 5 1308 6 1557 4 
1487 6 2233 4 1897 4 1312 3 
1486 2 1314 3 2232 2 1311 3 
2231 4 1315 8 1488 6 
2229 5 1312 3 1490 5 1315 6 
1313 8 1489 6 1314 6 2228 5 
1832 4 1317 5 2414 4 2424 6 
2423 5 1316 5 2413 7 1322 4 
1713 8 449 8 1319 4 1772 6 
1714 2 1318 4 1016 3 1771 9 
2418 5 747 4 1323 4 2406 5 
339 4 1449 5 1016 3 1718 4 
2408 3 1323 4 2416 6 1317 4 
2407 6 1320 4 1322 4 2415 5 
2422 4 1327 6 2410 3 1325 5 
2421 5 2409 4 1307 5 1324 5 
747 5 2420 6 2412 4 1327 7 
2419 6 1324 6 2411 6 1326 7 
2424 8 1366 6 1822 6 1329 6 
1330 3 1365 6 1328 6 2423 4 
1329 3 1374 4 1331 4 2416 6 
1330 4 2415 5 1332 7 1373 5 
1372 7 1333 8 1331 7 2418 8 
2417 4 1334 5 1371 7 1332 8 
1333 5 2420 5 1370 9 1335 3 
1369 5 1336 4 2419 3 1334 3 
2422 5 1335 4 1337 6 1368 4 
1367 6 723 5 2421 5 1336 6 
305 5 568 3 303 4 39 4 
1868 4 942 5 809 5 1340 5 
1867 3 812 2 1339 5 1341 2 
811 1 1866 2 77 7 1340 2 
2017 3 1343 4 2458 3 2414 2 
1348 7 1342 4 2413 8 2457 9 
1345 5 2412 5 2450 6 1351 5 
1344 5 2449 7 1346 7 2411 3 
1347 6 2452 8 2410 7 1345 7 
2451 3 1346 6 2214 5 2409 1 
1343 7 2454 5 2408 5 1349 8 
2453 8 1350 9 1348 8 2407 8 
2456 6 2406 8 1351 6 1349 9 
2455 3 2405 3 1350 6 1344 5 
1355 5 1353 3 22 2 14 5 
1352 3 1358 7 13 5 21 5 
12 6 1355 7 
11 6 1354 7 1352 5 23 7 
18 6 1357 8 25 8 1359 5 
1356 8 17 6 24 5 
27 9 16 8 1353 7 1359 5 
26 3 15 2 1356 5 1358 5 
723 3 1361 5 1055 4 1367 4 
722 6 1054 7 1362 5 1360 5 
1363 3 721 4 1361 5 
720 8 1362 3 
77 12 1654 7 948 7 1872 10 
1329 6 1366 6 19 6 1374 7 
1328 6 1365 6 
12 6 1337 6 1360 4 1368 4 
11 3 1369 5 1336 4 1367 4 
1370 11 1368 5 1335 5 14 8 
1371 11 13 10 1369 11 1334 9 
1370 11 16 7 1333 7 1372 6 
15 4 1332 7 1371 6 1373 5 
1374 5 18 4 1372 5 1331 5 
1373 5 1330 4 1365 7 17 5 
1380 5 58 3 1376 4 1726 5 
57 7 1375 4 1725 4 
1382 6 1378 7 1722 6 62 9 
61 5 1379 6 1377 7 1721 5 
1380 6 1724 7 1378 6 60 8 
1379 6 59 7 1375 5 1723 5 
64 6 799 6 1382 4 1720 7 
1377 6 1381 4 63 3 1719 2 
1772 5 1384 2 449 7 1295 6 
1383 2 1294 3 447 3 
1386 6 1387 4 2268 7 463 4 
1385 6 1651 7 28 6 1464 7 
2261 6 1385 4 20 5 
1391 7 1698 4 1389 6 130 4 
1697 7 1388 6 958 5 
1391 6 1393 2 1696 3 200 3 
585 8 1390 6 1388 7 1695 5 
1246 5 1694 6 955 4 1393 2 
1693 4 1390 2 212 5 1392 2 
1277 3 1395 6 2046 3 1397 5 
1394 6 2045 7 1276 6 1400 5 
1397 4 2044 4 1403 3 1279 3 
1396 4 2043 4 1394 5 1278 4 
1281 2 1399 3 1401 5 2042 3 
2041 3 1398 3 1280 3 1259 4 
2040 3 112 6 1395 5 1401 5 
106 8 1398 5 2039 6 1400 5 
1526 7 1403 3 1273 2 2037 2 
1402 3 1396 3 2036 7 80 4 
1198 7 1405 8 1535 7 1072 4 
1408 7 1404 8 1196 6 1534 7 
2024 5 1411 3 1407 5 1191 2 
1406 5 1190 6 2023 6 
1409 3 1405 7 1187 5 987 6 
1410 3 1408 3 1540 5 1186 7 
1409 3 1411 3 1539 6 1189 2 
1188 2 1538 3 1410 3 1406 3 
1151 8 1174 7 1413 6 1829 7 
1150 2 1412 6 1173 4 1414 6 
1176 9 1415 5 1145 7 1413 6 
1175 2 1144 3 1414 5 1416 3 
1417 6 1143 4 1178 4 1415 3 
1416 6 1177 6 1142 9 1418 5 
1149 6 1180 2 1419 3 1417 5 
1179 6 1420 2 1418 3 1148 3 
1421 2 1182 3 1419 2 1147 2 
1146 2 1420 2 1882 2 1181 3 
1280 4 1259 5 1423 6 1174 5 
1422 6 1173 6 1430 5 1258 4 
1425 8 1182 8 1427 6 1261 10 
1424 8 1181 4 1260 3 1741 6 
1429 4 1180 2 1263 7 1427 2 
1262 2 1424 6 1179 5 1426 2 
1265 3 1178 3 1431 7 1429 4 
1177 5 1426 4 1264 4 1428 4 
1176 6 1267 2 1431 7 1423 5 
1266 8 1428 7 1175 7 1430 7 
803 6 2008 8 2010 5 811 5 
171 4 1434 3 1448 3 
2191 2 172 4 1433 3 
1436 4 682 8 1194 7 1455 7 
1435 4 1454 1 683 5 1437 2 
1438 3 680 3 1436 2 1461 5 
1439 2 1437 3 1460 4 681 4 
1440 1 1438 2 1152 2 1459 3 
1439 1 1153 3 1458 2 1441 3 
1442 10 1453 5 1171 5 1440 3 
1441 10 1172 9 1299 9 1452 9 
1197 8 1444 5 173 8 2103 6 
174 3 1445 2 2102 4 1443 5 
1444 2 1446 5 179 8 2108 4 
1447 5 180 6 1445 5 2107 6 
1446 5 2106 2 177 4 1448 3 
1433 3 1447 3 178 4 
1604 5 1450 4 1287 7 1321 5 
1771 8 1016 2 1449 4 1286 1 
1049 5 1249 6 1462 6 1077 7 
2037 2 1453 4 1610 4 1442 9 
1458 4 1452 4 2036 8 1441 5 
1461 4 1436 1 1455 4 2040 2 
1435 7 2039 6 1454 4 1456 7 
2042 5 1194 7 1455 7 1457 6 
2041 4 1192 4 1932 4 1456 6 
1453 4 1459 4 2044 4 1440 2 
2043 4 1458 4 1460 5 1439 3 
2046 3 1461 6 1438 4 1459 5 
2045 7 1454 4 1460 6 1437 5 
1451 6 1048 3 1007 3 1248 4 
1465 2 2081 3 769 3 2101 6 
1590 8 1852 7 2268 8 1386 7 
1463 2 2100 3 764 4 2080 4 
1467 3 728 4 2198 5 870 3 
1466 3 869 3 2197 3 1473 5 
1848 7 2269 3 2294 2 2267 3 
868 4 2204 5 1472 4 1470 4 
867 3 1469 4 2203 5 
1474 3 1120 3 1472 3 864 3 
863 6 1471 3 1469 4 2201 4 
2200 7 866 6 1474 6 1467 5 
1471 3 2199 6 1473 6 865 4 
209 6 1798 9 2005 7 
2090 8 2084 7 1676 7 768 10 
1480 8 1541 4 1798 4 
1797 6 1616 8 1528 7 1795 5 
1480 11 1802 7 1543 6 
1479 11 1477 8 1542 10 
1482 5 1525 8 1613 4 1796 7 
1799 4 1481 5 1612 3 1524 4 
1792 5 1484 5 
1791 5 884 6 1212 5 1483 5 
650 10 1160 7 1273 6 1526 11 
1312 2 1012 5 1490 4 1487 5 
1311 6 1013 8 963 7 1486 5 
1011 5 1489 4 1313 6 
1488 4 1009 4 1315 6 1490 5 
1010 7 1489 5 1486 4 1314 5 
417 2 2381 2 1492 3 984 5 
416 5 1491 3 1493 5 983 6 
418 6 1494 3 1492 5 982 4 
981 5 1493 3 
70 4 65 2 1856 4 230 5 
1008 5 833 5 1233 5 1508 4 
1764 7 1768 7 1924 4 1263 9 
796 4 1069 5 2287 5 1509 4 
1500 9 1261 10 1764 9 1926 10 
1260 4 1925 5 1933 9 1499 9 
1502 4 2424 6 1822 4 1832 4 
1831 6 1501 4 
1768 5 1930 7 1265 3 1767 4 
2288 3 218 3 2286 5 205 3 
1506 7 1932 3 1259 4 2041 3 
1505 7 1258 6 1931 6 1766 10 
1509 6 2296 7 794 6 1071 6 
1248 2 1232 3 1496 4 1007 1 
1507 6 1070 4 1498 4 793 2 
1511 2 223 3 2289 5 202 4 
1510 2 222 6 201 2 688 3 
1513 5 148 5 2229 5 1521 5 
1512 5 1514 6 147 6 2228 4 
2231 3 1513 6 146 5 1515 5 
2230 3 1516 3 145 5 1514 5 
2227 5 1515 3 1517 3 150 3 
2226 4 1516 3 149 6 
228 7 938 3 70 5 1858 5 
220 4 203 3 688 5 2307 5 
2233 8 1521 9 152 6 1870 9 
2232 4 151 9 1520 9 1512 5 
1220 7 113 7 198 6 115 8 
227 4 78 6 1861 3 1676 5 
1482 4 1527 6 1159 4 1525 7 
1481 8 1530 8 1158 8 1524 7 
1402 7 1485 11 1800 7 1527 9 
1524 6 1799 6 1160 5 1526 9 
1155 6 1478 7 1531 7 1529 5 
1532 4 1797 4 1528 5 
1525 8 1157 7 1796 7 1531 7 
1795 5 1528 7 1530 7 1156 7 
1529 4 1794 6 1533 6 
1793 5 452 6 1532 6 
987 6 1950 4 1535 6 1405 7 
2329 5 1949 9 1534 6 1404 7 
154 7 388 6 1537 6 
153 3 2004 4 1536 6 
1411 3 1946 6 1539 6 2024 5 
1945 7 1538 6 1540 8 1410 6 
987 8 1539 8 1409 5 1948 7 
1284 6 2011 9 1477 4 1542 6 
1543 5 1480 10 1291 6 1541 6 
1290 3 1544 5 1542 5 1479 6 
1543 5 1802 6 1289 7 1545 4 
1690 2 1801 5 1288 6 1544 4 
1643 4 1813 2 1821 4 1781 3 
1863 5 78 6 1562 8 225 4 
573 4 2063 2 1549 5 
587 5 108 5 1550 5 1548 5 
107 4 586 3 1551 6 1549 5 
102 8 1552 5 593 9 1550 6 
1551 5 101 4 592 1 1553 2 
1554 3 104 5 1552 2 591 5 
1555 5 1553 3 590 4 103 4 
1554 5 601 7 595 5 1556 6 
594 3 599 5 1891 5 1555 6 
719 3 1310 4 1559 2 
1559 2 721 3 1309 2 1561 3 
1558 2 720 8 1308 4 1557 2 
723 4 1307 4 1561 5 2421 4 
722 5 1560 5 1306 4 1558 3 
65 6 1547 8 224 8 1862 12 
1836 4 1564 5 2021 5 1566 9 
1563 5 2020 6 1835 3 
1568 2 1566 7 2015 3 1834 2 
1833 10 1563 9 1565 7 2014 9 
1832 5 2414 5 1568 5 2017 6 
1565 2 1831 6 2016 4 1567 5 
55 3 1570 5 362 5 1911 3 
1569 5 1910 8 363 10 1577 6 
86 2 1932 3 1192 3 1572 4 
1931 3 87 5 2190 6 1571 4 
1580 4 1905 5 2189 5 366 5 
91 1 1929 2 2188 3 2196 5 
2189 4 2191 2 364 4 1903 4 
2188 8 2190 9 1927 8 89 10 
1578 3 1909 3 370 6 1570 6 
1908 3 1577 3 371 7 1579 2 
1580 2 368 2 1907 1 1578 2 
1573 4 1579 2 1906 3 369 2 
1582 7 1584 5 2255 7 2237 5 
2236 7 1581 7 2254 9 10 7 
1584 3 2235 5 
1581 5 1583 3 2256 3 2234 6 
1739 10 744 7 2277 8 313 5 
323 4 1647 4 1587 4 1593 5 
1586 4 1646 4 322 7 1588 5 
1645 7 1589 7 325 6 1587 5 
324 7 1588 7 1594 7 1644 7 
1464 8 1651 8 327 5 1591 6 
1650 6 1592 3 326 4 1590 6 
1591 3 329 2 1649 2 1593 5 
1586 5 328 8 1648 5 1592 5 
2324 9 321 4 1589 7 1653 8 
911 3 1596 5 2256 2 
1597 5 913 8 1595 5 2255 8 
1596 5 2254 6 1728 2 912 3 
1599 2 1601 5 1663 2 333 4 
1598 2 1662 2 1606 2 332 4 
1661 8 1603 5 335 4 1601 6 
1660 5 334 8 1598 5 1600 6 
337 7 1603 6 1605 4 1659 4 
1602 6 336 5 1600 5 1658 7 
1449 5 339 4 1657 3 1605 2 
338 2 1656 4 1602 4 1604 2 
331 3 1665 4 1607 8 1599 2 
1606 8 330 10 1664 8 509 8 
1794 9 1609 7 1305 7 1617 8 
1184 4 1608 7 1793 3 1304 4 
1800 4 1611 3 1299 4 1452 4 
1610 3 1298 4 1799 3 1612 2 
1482 3 1613 2 1297 3 1611 2 
1612 2 1481 4 1614 3 1296 1 
1303 6 1615 6 1613 3 1796 6 
1614 6 1616 8 1795 5 1302 9 
1478 8 1617 7 1301 7 1615 8 
1616 7 1797 5 1608 8 1300 6 
1619 4 482 5 1980 4 860 3 
1618 4 1620 4 481 3 1979 3 
1978 4 1621 4 1619 4 
1977 3 1620 4 2314 3 
699 3 1984 6 1623 5 484 6 
1622 5 386 5 483 4 1983 4 
1627 5 1625 5 329 4 1757 7 
1630 7 377 4 328 6 1624 5 
327 4 926 5 1627 5 380 7 
1624 5 1626 5 326 4 1758 6 
1629 7 382 5 1631 4 325 6 
1628 7 1632 6 324 7 1760 7 
1625 7 1763 6 323 8 1631 7 
1762 5 1628 4 322 6 1630 7 
1629 6 1633 5 374 5 321 3 
686 7 1632 5 373 6 320 6 
1641 4 1817 5 1635 4 1115 3 
1818 7 1636 5 1114 6 1634 4 
1635 5 1113 4 1819 5 1637 3 
1820 4 1112 5 2150 5 1636 3 
1643 5 1119 6 1639 3 1813 3 
1118 3 1640 4 1814 4 1638 3 
1639 4 1815 6 1117 5 1641 7 
1116 6 1634 4 1816 5 1640 7 
1748 5 1643 4 1821 4 1111 5 
1638 5 1546 4 1642 4 1110 6 
1653 8 1645 7 393 6 1589 7 
392 7 1646 6 1588 7 1644 7 
1645 6 395 3 1587 4 1647 4 
394 3 1586 4 1648 4 1646 4 
1649 2 1647 4 1593 5 397 3 
1648 2 396 1 1650 5 1592 2 
1591 6 1649 5 1651 8 399 7 
1590 8 1386 7 398 6 1650 8 
436 6 2324 10 391 7 1653 9 
1644 8 1652 9 390 8 1594 8 
2009 5 1655 5 1364 7 816 4 
811 4 2008 7 1654 5 77 10 
1605 4 1657 5 422 7 1659 4 
1287 5 421 5 1656 5 1604 3 
1659 5 1661 10 1603 7 424 9 
1658 5 423 3 1656 4 1602 4 
1601 5 426 4 1661 7 1663 2 
1600 8 1658 10 1660 7 425 10 
1665 4 1599 2 1663 2 428 5 
427 1 1598 2 1662 2 1660 2 
613 3 1665 4 420 4 1607 8 
1606 4 1662 4 1664 4 419 5 
1668 4 343 6 1010 6 935 4 
810 7 2345 6 1669 5 941 7 
1666 4 1009 4 
2076 3 1667 5 940 4 2003 3 
2058 6 603 5 1671 6 
602 5 2057 5 1672 5 1670 6 
605 4 1671 5 1673 5 2062 8 
2061 4 604 2 1674 5 1672 5 
607 8 1675 5 1673 5 2060 6 
1782 3 606 4 2059 6 1674 5 
1476 7 2091 6 2085 4 1523 5 
1690 1 1801 4 
1687 10 1679 9 2022 7 766 10 
1808 5 1678 9 767 4 
774 6 2017 6 1681 6 2458 6 
1680 6 2016 5 775 10 1682 4 
2015 4 776 4 1681 4 1683 6 
1684 6 777 5 1682 6 2014 7 
1683 6 2021 4 770 5 1685 6 
2020 8 1686 8 771 8 1684 6 
1687 7 2019 4 772 5 1685 8 
1686 7 773 7 2018 6 1678 10 
1059 4 1691 3 2333 4 1075 4 
1166 6 1690 4 1692 5 
1545 2 1677 1 1689 4 1165 5 
1688 3 1058 4 1074 3 2328 3 
1162 5 1689 5 
1393 4 1696 5 885 4 1694 8 
1838 6 1392 6 1693 8 650 9 
887 7 1696 2 1391 5 1698 2 
1695 2 1693 5 1390 3 886 5 
882 5 1698 5 1389 7 1699 5 
1697 5 1388 4 881 8 1695 2 
883 3 1697 5 
2259 4 2063 1 
2051 6 1947 5 439 5 2055 6 
1067 5 40 6 2337 3 1057 3 
859 4 1704 5 1107 7 456 6 
455 2 1703 5 1711 5 1106 7 
1708 5 454 7 1109 4 859 4 
2336 3 2338 3 1088 2 443 4 
460 4 1103 6 1710 4 1708 3 
459 6 1705 5 1102 5 1707 3 
1864 6 1710 5 458 7 1105 5 
1104 4 457 5 1709 5 1707 4 
1704 5 1712 5 1101 6 451 5 
1100 4 589 5 450 2 1711 5 
1716 9 1318 8 1714 6 2111 8 
1319 2 1713 6 2110 2 1717 4 
447 4 2113 2 1716 5 
1713 9 2112 8 449 9 1715 5 
1016 5 1714 4 2115 6 1718 6 
755 5 2114 5 1717 6 1321 4 
1720 5 1722 2 889 2 1382 2 
1719 5 888 6 2007 7 1381 7 
1722 4 1378 5 899 4 1724 6 
898 3 1719 2 1721 4 1377 6 
1726 5 1724 6 897 4 1380 5 
1723 6 1379 7 896 6 1721 6 
895 8 1726 5 1376 4 
1723 5 1725 5 2035 5 1375 5 
1734 3 1992 4 1728 3 470 10 
1991 2 1597 2 1727 3 469 4 
1732 5 1730 4 1982 3 464 4 
1729 4 1735 5 1981 3 2138 4 
1984 7 462 5 1912 6 1732 6 
1983 4 1729 5 461 4 1731 6 
1734 1 1978 3 468 1 1736 2 
1733 1 1977 1 467 3 1727 3 
466 5 1730 5 1980 6 1736 5 
465 3 1979 2 1733 2 1735 5 
2282 6 1740 5 1738 3 739 5 
740 2 1737 3 2281 3 1224 1 
1585 10 737 11 1740 9 2280 8 
2279 7 1739 9 1737 5 738 5 
735 5 704 8 1871 5 1425 6 
1872 7 1870 6 948 4 956 8 
1744 6 741 7 2276 5 1746 4 
1743 6 313 4 2275 5 742 7 
745 8 1746 6 2285 9 1195 7 
1745 6 2284 2 1743 4 746 3 
745 7 185 6 375 6 813 6 
955 6 1749 4 1642 5 2059 8 
1748 4 2060 3 212 5 1750 3 
1749 3 200 4 2061 5 1751 4 
1752 4 585 5 2062 6 1750 4 
130 4 1751 4 1753 7 2057 6 
2058 6 958 6 1752 7 
1185 7 729 6 1881 6 1879 6 
940 6 2122 5 1878 6 950 7 
818 2 744 5 378 4 384 4 
1758 8 377 6 1624 7 423 6 
422 8 380 8 1757 8 1627 6 
819 3 379 3 741 5 375 3 
374 6 428 6 382 5 1629 7 
821 7 381 6 383 6 739 7 
1631 5 382 6 426 6 1763 4 
1630 6 377 3 1762 4 425 5 
1497 7 1923 5 1262 5 1499 9 
529 3 894 2 317 4 265 5 
1767 7 1267 5 1928 8 1506 10 
1766 7 1927 5 1266 5 1503 4 
1929 5 1497 7 1503 5 1264 5 
1780 4 524 3 341 4 1770 3 
340 4 523 3 1769 3 2392 7 
1772 11 1450 8 1293 10 1319 9 
1771 11 1383 5 1292 6 1318 6 
518 5 1774 6 349 6 1283 6 
1773 6 1775 6 517 5 348 7 
1774 6 1776 5 351 6 516 5 
1775 5 350 5 1777 6 515 5 
522 6 1778 9 345 8 1776 6 
521 6 1777 9 1779 5 344 8 
1778 5 347 1 520 6 1780 3 
1769 4 346 4 519 5 1779 3 
1786 5 1782 3 401 7 1546 3 
1675 3 1781 3 400 3 1821 4 
413 5 1784 8 1790 7 1816 6 
1815 6 1783 8 412 4 1785 8 
1786 8 415 7 1814 8 1784 8 
1781 5 1785 8 1813 4 414 6 
409 1 2025 4 1820 3 1788 2 
1819 5 408 4 1789 4 1787 2 
1788 4 1818 6 411 3 1790 5 
410 8 1783 7 1817 7 1789 5 
1792 5 1484 5 2311 4 1841 2 
1791 5 1483 5 2310 7 1894 5 
1533 5 1121 6 1609 3 1794 5 
1608 9 1532 6 1797 6 1793 5 
1478 5 1796 5 1531 5 1615 5 
1481 7 1795 5 1530 7 1614 6 
1478 6 1617 5 1794 6 1529 4 
2011 9 1475 9 1477 4 
1482 4 1800 4 1527 6 1611 3 
1799 4 1610 4 2037 2 1526 7 
1545 5 1802 7 1677 4 
1801 7 1544 6 1479 7 
1804 8 144 5 1806 5 946 7 
1809 5 947 8 1803 8 143 6 
1812 5 1806 3 142 4 79 5 
1805 3 1803 5 81 3 141 4 
477 3 1810 2 1808 4 
943 4 1679 5 1807 4 
1804 5 1810 1 944 2 
1809 1 1807 2 945 1 
936 5 673 8 1812 7 2049 4 
1805 5 937 6 1811 7 671 6 
1814 4 1786 4 1546 2 1638 3 
1813 4 1815 6 1639 4 1785 8 
1784 6 1640 6 1816 4 1814 6 
1815 4 1783 6 1641 5 1817 6 
1634 5 1790 7 1818 8 1816 6 
1635 7 1819 7 1789 6 1817 8 
1788 5 1820 6 1818 7 1636 5 
1819 6 1637 4 1787 3 2440 4 
1782 4 1546 4 1642 4 2059 7 
1328 6 1501 4 
1245 10 1826 7 1824 11 652 8 
1837 9 1244 7 651 7 1823 11 
1826 1 1243 5 1828 6 654 4 
1825 1 1823 7 653 3 1242 7 
1830 4 656 1 1241 3 1828 6 
655 11 1240 7 1825 6 1827 6 
1830 6 1412 7 1239 4 658 4 
1827 4 1238 7 657 4 1829 6 
1502 6 1568 6 1834 6 1832 6 
1567 5 1316 4 1501 4 1831 6 
1836 5 1566 10 1834 5 
1831 6 1833 5 1565 2 
1564 3 1836 2 
1563 4 1833 5 1835 2 
1838 6 1824 9 1247 8 660 5 
1246 5 1837 6 1694 6 659 4 
2264 5 1840 7 1847 8 601 7 
2263 5 779 5 599 6 1839 7 
1850 1 1791 2 1212 2 132 5 
2270 7 1845 4 1843 3 108 4 
2269 2 1842 3 107 3 1848 6 
2272 9 574 4 1845 4 2074 6 
1842 4 573 4 2271 3 1844 4 
2266 7 1849 7 1847 9 104 8 
103 7 2265 5 1839 8 1846 9 
1849 8 1468 7 1843 6 102 9 
1848 8 101 6 1846 7 2267 4 
2356 4 1211 3 1841 1 131 4 
927 1 1854 3 1852 4 2268 5 
1464 7 926 5 1851 4 327 4 
1854 4 932 4 2262 3 
1853 4 931 7 1851 3 2261 7 
2259 5 2075 6 
1859 4 1857 5 242 7 1495 4 
241 3 1862 9 65 3 1856 5 
1859 4 240 3 1518 5 1865 4 
1856 4 1858 4 70 4 239 4 
1861 6 1863 8 246 8 78 9 
1860 6 245 3 2085 2 1523 3 
244 7 1857 9 1562 12 1863 9 
1547 5 1860 8 243 5 1862 9 
1709 6 939 8 238 5 1865 5 
237 4 1864 5 938 2 1858 4 
1867 3 1873 5 1341 2 953 3 
1866 3 1340 3 952 4 1868 2 
385 6 1339 4 1867 2 1869 4 
954 7 1878 6 942 5 1868 4 
949 5 1742 6 957 5 1520 9 
1876 3 734 6 1741 5 703 4 
1742 7 959 7 1364 10 1873 8 
1866 5 129 5 1872 8 77 10 
1875 8 1237 4 695 5 1877 5 
1874 8 732 6 694 7 1880 8 
731 7 1877 4 697 3 1871 3 
1876 4 730 5 1874 5 696 3 
1755 6 1869 6 951 5 941 6 
2198 7 698 7 728 6 1754 6 
1881 6 727 6 701 6 1875 8 
1880 6 1754 6 700 6 726 8 
704 5 1421 2 1883 2 716 6 
703 4 1882 2 1884 3 715 4 
1885 4 1883 3 697 3 706 4 
705 6 1884 4 1886 7 696 3 
1887 9 708 7 1885 7 695 7 
1888 6 1886 9 694 6 707 5 
1887 6 710 5 1889 3 701 5 
1890 2 1888 3 709 4 700 4 
1891 3 1185 5 1889 2 712 2 
1193 3 1890 3 1556 5 698 6 
969 7 1900 7 1893 5 951 7 
968 6 381 2 950 4 1892 5 
2309 4 1792 5 
959 5 961 5 1896 4 1898 7 
1901 5 960 3 1895 4 129 3 
963 5 1898 7 1311 4 957 4 
1897 7 1895 7 962 8 956 10 
385 11 965 7 1900 8 1902 8 
964 5 1892 7 1899 8 954 6 
1896 5 967 4 953 5 1902 6 
966 4 1901 6 952 5 1899 8 
1904 7 1575 4 
1903 7 316 6 1905 7 2189 7 
1573 5 315 4 1906 4 1904 7 
1907 2 1905 4 1580 3 318 3 
908 3 1906 2 1579 1 1908 2 
1578 3 1909 3 2368 3 1907 2 
1908 3 1910 5 1577 3 319 3 
1570 8 1909 5 213 4 1911 6 
846 4 1569 3 1910 6 
1913 10 2174 7 1731 6 256 5 
255 10 1921 9 1912 10 2173 9 
181 5 489 3 873 5 402 6 
250 8 1918 6 2170 7 1916 8 
249 5 2169 6 2148 7 1915 8 
248 6 1920 5 2172 7 1918 6 
2171 5 1915 6 247 4 1917 6 
2166 7 254 6 1922 5 1920 4 
1917 5 2165 4 1919 4 253 4 
2168 6 1913 9 252 6 1922 4 
2167 3 1919 5 251 5 1921 4 
1764 5 2202 3 1924 2 1926 6 
1929 2 2196 5 1497 4 1923 2 
2195 2 1926 6 1500 5 1960 3 
1925 6 1499 10 1923 6 2193 9 
1767 5 1576 8 1928 6 1930 8 
2190 7 1931 4 1927 6 1766 8 
1768 5 1924 2 1930 7 1574 2 
1929 7 1503 7 2188 8 1927 8 
1928 4 1932 2 1572 3 1506 6 
1931 2 1571 3 1505 3 1457 4 
735 7 1500 9 1934 9 1960 7 
1933 9 1959 7 734 8 1939 7 
727 8 1942 6 1936 7 1954 8 
1937 5 726 7 1935 7 1953 4 
1936 5 1952 8 729 6 1938 5 
870 4 728 5 1951 4 1937 5 
731 9 1934 7 2283 6 1958 9 
575 7 314 7 872 7 2207 6 
1237 5 1942 5 2283 6 1956 6 
732 2 1935 6 1941 5 1955 6 
2024 5 84 4 1946 6 1944 3 
2023 4 83 5 1943 3 
1539 7 1948 6 1946 7 99 3 
1538 6 1945 7 1943 6 98 6 
987 6 1701 5 1948 5 1950 4 
1945 6 2051 6 1947 5 1540 7 
1060 8 119 8 1950 7 1535 9 
1949 7 1534 4 2055 5 1947 4 
2114 4 755 4 1938 4 1952 7 
1937 8 1953 7 1951 7 754 10 
757 3 1952 7 1954 5 1936 4 
756 6 1955 8 1935 8 1953 5 
1956 7 759 5 1954 8 1942 6 
1955 7 758 5 1957 5 1941 6 
2283 5 1956 5 761 4 1958 8 
760 7 1957 8 1959 9 1939 9 
752 5 1934 7 1960 5 1958 9 
1925 3 751 3 1959 5 1933 7 
1309 2 2209 3 1962 5 1968 8 
2208 7 1308 7 1961 5 2175 6 
1287 5 1964 3 549 5 421 5 
1963 3 1965 2 548 5 1286 2 
1293 3 547 2 1964 2 1966 5 
1292 7 546 7 1965 5 1967 7 
2177 4 1295 7 545 4 1966 7 
2176 11 2213 9 1306 9 1961 8 
60 5 1972 1 1970 2 1189 1 
59 6 1969 2 1188 2 1973 3 
1972 6 62 10 1187 9 1976 8 
61 3 1186 6 1969 1 1971 6 
58 2 1191 2 1970 3 1974 2 
1190 3 57 6 1973 2 
1976 7 64 8 1198 9 791 7 
1975 7 1196 3 63 4 1971 8 
1734 1 1992 2 1621 3 1978 3 
1620 4 1733 3 1977 3 1979 3 
1980 3 1619 3 1736 2 1978 3 
1618 4 1979 3 1735 6 1981 4 
1982 2 1980 4 1730 3 860 3 
1981 2 1729 3 1983 2 386 3 
1732 4 1984 5 1982 2 1623 4 
1731 7 1983 5 1622 6 2174 8 
2263 3 2250 3 1986 2 779 3 
778 2 1985 2 1987 4 2251 3 
781 7 1988 6 2252 6 1986 4 
2253 5 780 4 1989 4 1987 6 
1990 4 2246 3 783 5 1988 4 
1989 4 2247 5 782 6 2244 7 
1728 2 1992 3 912 3 2315 5 
1977 2 2314 2 1991 3 1727 4 
1994 7 798 5 854 5 808 5 
1993 7 1999 7 807 7 797 8 
790 5 802 4 2002 6 1996 4 
789 7 1997 3 801 5 1995 4 
792 7 800 7 1996 3 1998 3 
791 4 1997 3 799 5 64 5 
806 5 1994 7 2000 5 794 4 
2001 4 793 3 1999 5 805 5 
796 3 804 4 2000 4 2002 5 
1995 6 2001 5 795 7 803 5 
2345 4 763 4 1669 3 808 4 
128 8 2005 4 209 3 1537 4 
2011 7 2004 4 2425 4 1475 7 
800 6 2007 3 816 3 2009 4 
815 6 2006 3 1720 7 799 6 
2009 7 1655 7 1432 8 802 5 
1654 5 2008 7 2006 4 801 7 
2013 3 804 3 1432 5 812 1 
2005 7 1798 9 1285 10 1541 9 
810 5 2345 4 2013 4 806 4 
809 4 805 5 2010 3 2012 4 
2021 5 1566 9 2015 5 1683 7 
1682 4 2016 5 2014 5 1565 3 
2017 5 1681 5 1568 4 2015 5 
1680 6 1342 3 2016 5 1567 6 
1687 6 2022 3 2019 3 
1686 4 2020 4 2018 3 
1685 8 2019 4 1564 6 2021 6 
1684 4 1563 5 2020 6 2014 5 
2018 3 1678 7 
2024 6 1944 4 1407 6 
2023 6 1538 5 1406 5 1943 5 
2026 5 215 5 1787 4 2440 5 
2025 5 2439 2 2033 8 214 5 
221 5 2448 5 2028 5 2030 2 
2027 5 220 6 1019 9 2447 8 
223 5 2030 5 2446 6 2032 7 
2445 4 2029 5 222 7 2027 2 
2032 4 217 1 2034 2 2444 3 
2031 4 2443 7 2029 7 216 7 
2442 9 2026 8 2034 8 219 9 
218 4 2033 8 2441 6 2031 2 
150 5 1726 5 895 8 897 4 
1453 8 1403 7 2037 6 2044 8 
1452 2 1402 2 1800 2 2036 6 
551 5 68 4 
2040 4 1455 6 2042 4 1401 6 
2045 5 2039 4 1400 3 1454 2 
1399 3 2042 3 1457 4 1505 3 
1456 5 2041 3 1398 3 2039 4 
1459 4 2046 2 2044 4 1397 4 
1396 4 1458 4 2043 4 2036 8 
1461 7 2040 5 1395 7 2046 4 
1460 3 2043 2 1394 3 2045 4 
2390 8 2048 5 1136 7 85 7 
2389 7 2047 5 2053 4 1137 5 
85 4 1138 3 2388 2 1811 4 
445 4 83 5 
1701 6 99 3 1948 6 440 3 
528 5 1154 6 268 7 669 5 
2048 4 1134 5 2054 5 2384 6 
1234 4 2053 5 2383 7 1135 6 
119 6 2109 5 1950 5 1701 6 
114 4 2381 5 1141 5 984 8 
2058 5 1671 5 2062 8 1752 6 
1753 6 1670 6 2057 5 
1675 6 1748 8 2060 7 1821 7 
2061 5 1749 3 1674 6 2059 7 
1673 4 2060 5 1750 5 2062 7 
1751 6 2057 8 1672 8 2061 7 
574 2 1548 2 1700 1 
2065 5 2238 5 472 6 361 5 
471 8 2064 5 2070 4 360 7 
355 6 2067 4 478 4 2073 5 
354 3 2066 4 105 4 2068 3 
480 5 353 4 2069 3 2067 3 
479 6 211 5 2068 3 352 2 
359 7 2065 4 474 6 2071 6 
473 9 358 6 2072 7 2070 6 
357 5 2071 7 2073 5 476 3 
475 6 356 4 2072 5 2066 5 
2259 7 2075 8 2093 6 1844 6 
2074 8 2092 7 1855 6 
1669 3 2077 5 763 4 842 6 
2076 5 2078 5 841 4 762 6 
2079 3 2077 5 840 2 765 3 
764 5 2078 3 2080 5 839 2 
838 4 2079 5 1465 4 2081 5 
2082 5 1463 3 2080 5 837 4 
2081 5 2083 6 769 5 836 6 
2082 6 835 6 768 8 2084 5 
1476 7 2085 4 844 4 2083 5 
1861 2 2084 4 1676 4 843 6 
558 2 2430 5 2087 6 
2219 8 2429 5 2088 8 2086 6 
560 5 2428 5 2087 8 2089 6 
551 5 2427 7 2088 6 
2099 6 1476 8 850 7 2091 7 
849 9 227 5 1676 6 2090 7 
2093 5 724 8 2075 7 
2092 5 2074 6 2272 9 725 7 
2097 4 852 4 2095 7 765 5 
2100 6 2094 7 764 7 851 8 
808 4 2097 2 854 4 763 4 
2094 4 2096 2 762 3 853 2 
769 3 2099 4 2101 6 856 4 
855 5 2090 6 2098 4 768 8 
1465 3 2101 7 2095 6 858 7 
2100 7 857 5 2098 6 1463 6 
2103 5 2108 6 1444 4 675 7 
2104 4 2102 5 674 6 1443 6 
2103 4 2105 5 1197 6 677 7 
1195 4 2285 6 2104 5 676 5 
1447 2 2107 3 
2108 5 2106 3 1446 6 
2102 6 2107 5 672 5 1445 4 
2055 5 448 4 2326 3 439 4 
866 4 1714 2 2111 4 2115 4 
2110 4 1713 8 2112 7 865 4 
1716 8 2113 5 2111 7 864 7 
863 4 1715 2 2112 5 
1951 4 870 4 2115 5 1718 5 
2110 4 1717 6 2114 5 869 4 
2117 4 820 8 836 6 2119 5 
2116 4 835 4 819 2 717 6 
2119 3 838 2 2121 4 818 2 
2118 3 837 4 2116 5 817 3 
2121 5 2123 3 840 3 824 6 
839 3 2120 5 2118 4 823 4 
1755 5 842 6 2123 2 822 4 
2120 3 841 1 2122 2 821 3 
623 6 2125 5 2168 8 702 4 
2126 2 2167 2 2124 5 622 8 
2125 2 2166 5 625 1 2127 6 
2128 8 624 9 2126 6 2165 8 
2127 8 619 3 2172 6 2129 7 
2171 7 2130 6 2128 7 618 5 
2131 5 2129 6 2170 5 621 6 
282 6 2130 5 620 5 2169 5 
2160 8 2137 7 2133 9 2464 8 
2463 5 2159 6 2132 9 
2460 4 2135 7 632 4 2164 6 
2163 8 2459 10 2134 7 2136 6 
2162 5 2137 3 2462 5 2135 6 
2461 4 2136 3 2132 7 2161 5 
466 4 8 6 1730 4 464 4 
858 7 2140 7 2146 4 2351 4 
2350 6 857 5 2141 6 2139 7 
2142 4 2353 2 2140 6 856 4 
2352 4 2147 9 855 5 2141 4 
2144 6 798 4 2347 9 854 4 
2143 6 2346 6 2145 6 853 6 
2349 3 2144 6 852 2 2146 3 
851 6 2348 6 2139 4 2145 3 
850 10 2142 9 2355 7 2148 9 
1916 7 849 8 2354 7 2147 9 
1208 3 2439 2 2150 5 2156 2 
2440 5 2149 5 1207 7 1637 5 
2445 6 2154 5 1206 8 2152 4 
2446 3 1205 2 2157 2 2151 4 
1204 6 2154 3 2221 3 2447 5 
2153 3 1203 6 2448 6 2151 5 
2156 2 2441 6 2158 5 1202 6 
2155 2 1201 2 2442 3 2149 2 
2158 5 1200 3 2443 5 2152 2 
2157 5 2444 6 2155 5 1199 7 
2133 6 2160 5 1053 3 
2161 6 2132 8 1052 5 2159 5 
2160 6 2162 7 1049 5 2137 5 
2136 5 1048 4 2161 7 2163 7 
2135 8 1051 6 2162 7 2164 7 
1050 6 1038 6 2163 7 2134 6 
2166 7 1920 4 2172 6 2127 8 
2165 7 1919 7 2126 5 2167 5 
1922 3 2125 2 2168 5 2166 5 
1921 6 2173 6 2124 8 2167 5 
1916 6 2354 6 2131 5 2170 5 
2171 6 1915 7 2130 5 2169 5 
2129 7 2170 6 1918 5 2172 6 
2128 6 1917 7 2171 6 2165 6 
702 2 2168 6 2174 6 1913 9 
2173 6 1912 7 699 5 1984 8 
1310 5 1962 6 
1968 11 2409 4 1307 5 2214 8 
1967 4 1294 4 
164 2 2179 3 1038 4 1050 4 
2178 3 163 5 1037 2 2180 5 
2181 7 158 7 1034 4 2179 5 
1033 6 2180 7 157 5 2182 8 
1036 6 2183 7 156 7 2181 8 
1035 5 155 5 2182 7 2184 5 
1030 6 162 4 2185 4 2183 5 
1029 5 2186 5 2184 4 161 3 
2187 5 160 5 2185 5 1032 7 
2372 6 159 6 2186 5 1031 5 
1576 8 1930 8 90 5 1574 3 
1575 4 367 5 1573 5 1904 7 
88 7 1928 7 1576 9 1572 6 
1575 2 1434 2 365 3 
2434 6 1125 8 369 5 2194 6 
94 7 2195 5 1926 9 2202 6 
1124 6 2437 5 368 3 2192 6 
1925 2 2193 5 751 2 1161 4 
1924 5 2202 6 1574 5 92 6 
1467 3 595 3 2198 5 2200 5 
1879 7 594 4 2197 5 1466 5 
2200 7 1474 6 591 7 1120 6 
1473 7 2199 7 590 6 2197 5 
2204 5 1120 4 593 6 1472 4 
93 4 1923 3 2196 6 2193 6 
2204 6 587 4 1470 5 
2203 6 2201 5 586 5 1469 5 
2207 6 670 5 494 7 314 7 
1130 5 362 7 2225 5 572 4 
2205 6 669 4 1940 6 268 6 
1962 7 2209 5 
2213 4 1961 3 2208 5 600 4 
340 4 2392 7 2211 6 
2391 6 2210 6 2212 6 
2394 3 2211 6 
2214 6 1968 9 2209 4 597 3 
2213 6 1347 5 596 7 2176 8 
2225 4 55 4 2216 5 362 6 
56 4 2217 5 2224 8 2215 5 
2216 5 304 4 2223 2 2218 4 
2217 4 2222 7 
2087 8 550 4 560 5 558 4 
2245 5 787 4 2257 5 2221 5 
2153 3 2258 3 786 7 2220 5 
2223 5 1227 7 2218 7 
2222 5 2224 5 1226 2 2217 2 
2223 5 2216 8 1229 8 2225 7 
1228 4 2215 4 2206 5 2224 7 
2227 6 1517 4 
1516 5 2226 6 2230 5 
2229 4 2231 1 1513 4 1315 5 
2228 4 1512 5 1314 5 2232 4 
1515 3 2231 1 2227 5 
1313 4 1514 3 2228 1 2230 1 
1521 4 2229 4 2233 3 1312 2 
1520 8 2232 3 1311 4 957 4 
2235 8 649 6 2237 6 1584 6 
2234 8 1583 5 648 8 
1582 7 1100 5 589 6 2237 5 
588 5 1581 5 2236 5 2234 6 
258 6 2239 3 2064 5 168 5 
2240 3 257 4 2238 3 167 3 
2239 3 2241 6 260 5 166 6 
165 8 2242 5 2240 6 259 5 
2243 3 2241 5 262 5 170 4 
2242 3 261 4 169 3 
2245 6 2248 5 785 6 1990 7 
2220 5 2244 6 784 3 2249 7 
2253 4 1989 3 753 4 2247 4 
749 4 1990 5 2248 3 2246 4 
2244 5 2249 6 2247 3 788 1 
2257 7 736 7 2248 6 2245 7 
2251 4 1985 3 924 4 1026 3 
2250 4 1025 7 2252 5 1986 3 
2253 5 1987 6 2251 5 848 8 
1988 5 2246 4 2252 5 748 3 
469 8 1597 6 2255 9 1582 9 
2256 5 2254 9 1596 8 1581 7 
2255 5 1584 3 1595 2 
2258 3 2249 7 2220 5 1020 4 
2257 3 2221 3 2447 5 1019 6 
2074 7 1700 4 574 5 1855 5 
2274 7 2306 6 1026 5 1078 5 
1387 6 1854 7 2262 6 2268 9 
1853 3 2261 6 
1985 3 1840 5 924 4 2264 3 
925 4 1839 5 2263 3 2265 2 
1847 5 2266 3 920 4 2264 2 
2267 4 1846 7 2265 3 921 7 
2266 4 1849 4 922 8 1468 3 
1464 8 1385 7 1851 5 2261 9 
1843 2 916 3 1468 3 2270 6 
1842 7 2271 6 2269 6 2273 8 
1845 3 918 3 2270 6 2272 8 
2093 9 1844 9 919 8 2271 8 
916 5 541 6 918 5 2270 8 
1022 6 2260 7 2305 7 1025 8 
2276 4 1744 5 520 8 2278 7 
2284 3 2275 4 519 4 1743 5 
522 6 2278 9 1585 8 2280 6 
2277 9 521 6 313 6 2275 7 
1740 7 2282 8 516 6 2280 6 
2277 6 515 5 1739 8 2279 6 
2282 6 518 4 1738 3 2343 4 
2281 6 517 6 1737 6 2279 8 
730 5 1957 5 1939 6 1941 6 
524 3 2276 3 2285 5 1746 2 
523 5 2105 6 1745 9 2284 5 
206 6 2298 7 1504 5 219 7 
795 6 2292 3 1498 5 1068 6 
217 3 2289 6 1504 3 208 4 
1510 5 216 7 2288 6 207 6 
2293 5 2291 6 792 9 1073 5 
2290 6 791 5 1072 4 1198 7 
2287 3 2293 2 790 3 1075 2 
2290 5 2292 2 789 7 1074 4 
539 4 916 2 922 7 1468 2 
1067 6 2347 10 2296 5 798 5 
1507 7 2295 5 797 6 1066 5 
479 9 211 8 2298 7 215 6 
2286 7 2297 7 210 5 214 6 
2308 4 2300 6 1097 6 1015 6 
1014 7 1096 4 2299 6 2301 5 
2302 6 1018 4 1095 6 2300 5 
2301 6 1017 5 1094 8 2303 9 
1028 10 1093 9 2302 9 2304 7 
1022 4 2305 5 1092 5 2303 7 
2274 7 1091 6 2306 6 2304 5 
2305 6 1090 5 2327 7 2260 6 
1081 6 1099 7 1519 5 2308 3 
2299 4 1080 5 1098 4 2307 3 
100 6 1894 4 2310 6 
97 7 2311 6 1792 7 2309 6 
96 5 1791 4 2310 6 132 7 
1099 6 569 4 2313 4 1057 3 
2322 5 2312 4 1056 7 1098 6 
1992 2 2315 4 1621 3 
2314 4 862 7 1991 5 
1061 2 2319 2 1091 3 2317 8 
119 11 1090 10 2316 8 1060 11 
1093 7 2321 6 2319 5 1059 5 
1058 5 2316 2 2318 5 1092 5 
1095 9 2321 8 2323 7 1065 8 
2320 8 1064 8 2318 6 1094 7 
2313 5 2323 4 1097 5 1063 7 
2322 4 2320 7 1062 5 1096 3 
376 8 320 9 1652 10 1594 9 
2343 3 598 3 191 3 1225 5 
2327 5 2341 5 1079 6 2109 3 
2326 5 448 6 1078 6 2306 7 
2329 3 1073 4 1061 4 1691 3 
2328 3 1535 5 1060 4 1072 2 
1063 6 1071 3 2331 2 2337 3 
2332 3 1062 4 2330 2 1070 3 
1069 5 2331 3 1065 5 2333 4 
1064 7 1688 4 1068 5 2332 4 
2335 3 1087 5 66 6 446 3 
2334 3 445 3 1086 3 2336 2 
1706 3 1089 8 444 3 2335 2 
1056 6 1702 3 2330 3 1066 4 
1706 3 2339 2 1083 4 442 2 
2340 2 2338 2 1082 3 441 5 
2339 2 2341 6 440 2 1085 4 
439 6 2326 5 2340 6 1084 6 
1253 8 140 7 2344 9 
2325 3 190 3 1224 2 2281 4 
2362 5 139 7 2342 9 
2003 4 2012 4 807 5 1667 6 
2144 6 2347 9 2349 3 280 2 
2143 9 279 9 2295 10 2346 9 
2146 6 278 7 2349 6 2351 6 
2145 3 277 5 2348 6 2346 3 
2140 6 2351 3 276 4 2353 2 
2350 3 2348 6 275 2 2139 4 
2353 2 274 5 2142 4 2355 2 
2352 2 273 4 2350 2 2141 2 
2355 5 282 7 2169 6 2148 7 
2354 5 2147 7 2352 2 281 4 
1850 4 2357 9 134 5 1210 4 
1209 7 2356 9 2358 10 133 8 
2357 10 2359 7 1215 7 136 8 
135 4 1252 4 1214 7 2358 7 
2361 7 2363 4 351 5 
2360 7 2366 6 2432 5 350 8 
2363 3 2344 5 349 4 
2362 3 348 6 2360 4 
2365 10 2367 12 2429 8 347 8 
2364 10 2428 4 2369 5 346 4 
2361 6 2431 4 345 5 2367 6 
344 8 2364 12 2430 8 2366 6 
319 3 908 4 1908 3 
2370 3 341 5 2427 7 2365 5 
2369 3 340 3 2426 2 
2376 7 910 9 2404 9 2372 11 
2187 6 2403 11 2371 11 909 5 
2398 6 2374 10 901 9 2380 9 
2373 10 900 7 2397 5 2375 7 
2376 3 903 6 2396 5 2374 7 
2371 7 2375 3 2395 5 902 4 
2402 4 2378 6 117 5 905 5 
2377 6 904 7 2379 7 2401 7 
2400 5 907 6 2380 6 2378 7 
906 5 2399 6 2379 6 2373 9 
154 4 2382 4 1491 2 2056 5 
153 4 2381 4 114 3 2385 6 
2386 6 1285 9 2384 8 2054 7 
1284 6 2389 9 2383 8 2053 6 
2386 5 128 9 2382 6 95 7 
2383 6 2385 5 2425 4 1234 3 
2390 10 1289 10 2388 7 85 9 
2387 7 673 6 2049 2 1288 6 
2048 7 1291 9 2390 10 2384 9 
2047 8 2389 10 2387 10 1290 5 
2211 6 2392 7 2394 3 677 6 
2210 7 676 8 2391 7 1770 7 
2394 2 675 4 
2393 2 2212 3 674 6 2391 3 
999 5 2396 7 2376 5 2404 7 
2395 7 998 6 2397 3 2375 5 
1001 2 2374 5 2396 3 2398 1 
1000 3 2373 6 2397 1 2399 3 
2380 6 1003 3 2398 3 2400 5 
2379 5 2401 5 2399 5 1002 5 
2402 5 1005 4 2400 5 2378 7 
2377 4 2401 5 1004 4 553 4 
2404 9 2372 11 159 11 997 7 
2403 9 996 7 2371 9 2395 7 
2412 3 747 4 1351 3 2406 5 
1350 8 2407 7 1320 5 2405 5 
2408 5 1323 6 2406 7 1349 8 
1322 3 2407 5 1348 5 2413 6 
2410 2 1325 4 2176 4 1347 1 
2409 2 1346 7 1324 3 2411 3 
2412 3 1327 6 2410 3 1345 3 
2405 3 2411 3 1344 5 1326 4 
1343 8 2414 6 1317 7 2408 6 
1316 4 1567 5 2413 6 1342 2 
2418 6 1323 5 1331 5 2416 7 
2423 7 2415 7 1322 6 1330 6 
1333 4 2418 4 747 3 2420 4 
2417 4 1320 5 2415 6 1332 8 
2420 5 1327 6 2422 4 1335 3 
2419 5 1334 5 1326 6 2417 4 
1325 5 1337 5 1560 4 2422 4 
1324 4 1336 5 2419 4 2421 4 
1317 5 2424 6 2416 7 1329 4 
1328 8 2423 6 1501 6 1316 6 
2386 4 128 8 1285 7 2005 4 
2427 6 2370 2 
2426 6 2369 7 2089 7 2428 6 
2365 4 2088 5 2427 6 2429 2 
2430 4 2087 5 2364 8 2428 2 
2431 6 2367 8 2429 4 2086 5 
2430 6 2366 4 2432 3 
2361 5 2431 3 
2436 8 2434 5 1127 4 367 6 
2433 5 366 4 1126 2 2192 6 
1129 4 2436 6 365 4 917 5 
2433 8 2435 6 364 7 1128 7 
1123 6 2194 5 371 9 2438 6 
1122 3 572 4 370 7 2437 6 
2442 3 2026 2 2440 2 2149 2 
2150 5 2439 2 1820 4 2025 5 
2155 6 2444 7 2034 6 2442 7 
2439 3 2033 9 2441 7 2156 3 
2446 6 2032 7 2444 6 2157 5 
2158 6 2441 7 2443 6 2031 3 
2151 6 2030 4 2446 5 2448 7 
2152 3 2443 6 2445 5 2029 6 
2448 8 2258 5 2153 5 2028 8 
2027 5 2447 8 2154 6 2445 7 
2452 8 2450 8 1345 7 396 6 
397 4 2449 8 1344 6 2455 4 
1347 3 398 5 596 5 2452 5 
1346 8 2449 8 2451 5 399 5 
1349 8 2456 5 2454 5 392 6 
393 5 2457 7 1348 5 2453 5 
1351 3 394 2 2456 3 2450 4 
1350 6 2453 5 395 3 2455 3 
390 8 2454 7 1343 9 2458 8 
1680 6 391 6 1342 3 2457 8 
2135 10 2460 7 34 9 2462 9 
2134 4 584 3 2459 7 33 7 
2462 6 2137 4 2464 5 32 5 
2461 6 31 5 2136 5 2459 9 
30 3 2133 5 2464 4 
2461 5 29 4 2463 4 2132 8 
