2575 5015 001
2 4 504 4 35 5 
1 4 506 2 3 6 44 4 
43 8 2 6 505 9 2373 9 
2147 2 1340 1 482 5 1600 1 
747 4 225 5 494 7 6 4 
746 5 503 2 5 4 
829 5 1487 5 10 4 8 5 
1486 5 13 6 7 5 828 5 
827 5 956 4 1489 3 10 4 
1488 4 9 4 7 4 826 6 
825 3 12 4 1491 4 14 3 
11 4 824 4 17 4 1490 4 
8 6 14 5 1493 4 823 6 
822 2 1492 2 13 5 11 3 
154 2 16 4 1526 3 1587 4 
157 7 1525 5 15 4 1586 10 
831 4 18 5 12 4 1485 3 
17 5 830 6 1484 7 2385 8 
195 2 22 5 
1521 5 155 7 1590 7 552 4 
471 8 589 8 22 9 194 6 
193 9 21 9 19 5 
273 6 190 8 263 8 24 8 
25 5 272 5 262 5 23 8 
265 5 24 5 1773 5 26 3 
264 5 27 3 25 3 1772 4 
1779 5 28 3 267 3 26 3 
1778 5 29 3 27 3 266 4 
269 4 1777 3 28 3 30 4 
31 6 29 4 1776 6 268 4 
30 6 1285 9 271 4 32 6 
2404 8 270 6 31 6 247 7 
1045 5 36 6 34 3 1131 4 
1132 2 1044 5 39 1 33 3 
1 5 907 5 44 5 
33 6 295 6 1130 5 1046 6 
1041 8 1135 5 40 6 38 6 
41 5 1136 6 1040 7 37 6 
1043 2 40 3 1133 2 34 1 
1134 5 1042 4 39 3 37 6 
38 5 42 8 1039 6 1124 4 
1038 7 41 8 1125 10 1800 7 
3 8 909 6 44 6 205 8 
43 6 910 6 2 4 35 5 
2200 6 54 9 46 8 1058 6 
1057 6 2199 5 45 8 216 8 
48 3 2202 4 2382 4 1066 5 
47 3 2201 2 49 5 1065 3 
2204 7 48 5 50 9 1123 9 
1063 6 2203 9 51 5 49 9 
50 5 1070 3 52 4 2206 4 
53 6 2205 4 1069 6 51 4 
52 6 1068 4 2208 5 54 7 
1067 8 45 9 53 7 2207 8 
417 6 56 7 62 8 1254 11 
57 3 55 7 1253 4 416 2 
56 3 58 7 1252 4 419 8 
1775 6 1251 10 418 8 57 7 
60 4 421 3 64 6 1250 4 
61 4 59 4 1249 5 420 5 
62 4 423 3 60 4 1248 4 
61 4 422 4 55 8 1247 3 
252 6 64 8 415 6 1246 6 
59 6 63 8 414 5 1245 5 
1939 5 1452 6 66 5 72 7 
1453 4 67 6 1938 4 65 5 
66 6 1450 7 68 5 1941 11 
1940 3 1451 3 67 5 73 6 
70 2 1448 3 
1449 4 71 3 69 2 
1446 4 70 3 72 6 
1937 5 1447 8 71 6 65 7 
1936 7 1440 10 74 9 68 6 
2457 4 73 9 1935 6 1441 5 
76 11 2491 7 524 7 90 8 
75 11 523 8 2487 8 2490 6 
2549 5 78 5 666 7 407 3 
620 5 2550 5 406 8 77 5 
409 4 80 5 2543 2 82 3 
408 7 79 5 2479 8 2544 7 
2545 1 82 3 622 2 411 3 
81 3 410 4 2546 6 79 3 
2493 5 532 6 1732 3 84 3 
2492 4 83 3 531 3 85 3 
2495 6 86 5 530 4 84 3 
87 7 85 5 2494 8 529 5 
528 7 88 7 86 7 2497 8 
87 7 2496 6 89 4 527 3 
90 4 526 3 2499 4 88 4 
525 6 2498 5 89 4 75 8 
908 10 838 10 93 10 1502 10 
912 4 93 3 111 5 1498 4 
92 3 110 4 1499 5 91 10 
2491 2 1643 4 1579 2 759 2 
1799 6 101 5 
97 5 2091 4 2485 9 99 6 
2484 5 2090 4 96 5 102 5 
99 5 2487 4 2490 2 2376 4 
2375 6 98 5 2486 4 96 6 
101 4 2481 3 103 4 2095 4 
100 4 2480 4 2094 7 95 5 
103 5 2483 4 97 5 2378 6 
102 5 2482 5 2092 4 100 4 
105 1 2245 4 1951 5 210 4 
209 4 104 1 1950 1 2504 6 
109 4 107 6 1943 4 218 3 
106 6 112 6 1942 7 217 5 
1057 4 109 4 1945 5 216 6 
108 4 106 4 1944 7 215 4 
838 4 111 6 93 4 
110 6 92 5 858 6 
212 8 1949 2 107 6 113 2 
2178 5 211 5 1948 4 112 2 
2340 5 115 5 864 8 
863 4 2339 4 2518 4 114 5 
2315 5 791 2 
118 3 1604 1 506 2 
505 6 117 3 2520 7 1603 3 
257 4 250 5 1087 4 243 5 
2042 7 1605 5 835 6 
1190 5 2537 3 1858 3 122 4 
1189 7 1857 3 123 5 121 4 
122 5 124 6 1119 7 1186 5 
125 6 1867 8 123 6 1185 6 
124 6 126 5 1188 6 1116 4 
1865 6 127 7 125 5 1187 8 
1182 5 126 7 1864 6 128 8 
1798 4 129 6 127 8 1181 5 
1184 7 128 6 1103 6 130 4 
328 7 1740 4 1183 2 129 4 
134 5 278 6 132 8 1729 3 
137 7 131 8 1728 9 279 8 
1731 6 2551 8 134 6 280 5 
131 5 133 6 281 4 1730 5 
1725 12 136 9 138 8 274 10 
135 9 140 5 1724 4 275 3 
138 3 276 3 132 7 1727 4 
137 3 135 8 277 2 1726 4 
141 6 178 6 1594 6 1530 4 
288 4 1723 4 136 5 
1529 7 139 6 152 5 1593 5 
1374 7 143 7 1770 5 149 5 
261 6 1373 6 144 5 142 7 
145 1 1768 4 143 5 1376 2 
144 1 1375 3 1769 2 150 4 
1370 4 1793 4 2160 3 147 2 
1369 5 148 5 1767 2 146 2 
149 7 245 8 147 5 1372 8 
148 7 1371 3 1765 6 142 5 
151 4 1852 5 1378 8 145 4 
150 4 1854 6 2557 4 1377 1 
1585 2 141 5 154 2 1528 6 
1291 5 841 7 792 3 554 5 
15 2 152 2 1527 3 1584 3 
1591 6 20 7 158 6 1522 5 
1743 5 1741 7 2473 3 2408 4 
16 7 1589 6 158 7 1524 7 
155 6 1523 6 157 7 1588 7 
162 4 160 6 2430 4 1162 7 
1161 6 159 6 2429 6 165 4 
162 6 2432 8 1160 7 168 6 
161 6 159 4 2431 2 1159 5 
2426 3 166 4 1166 4 164 3 
1165 4 2425 2 338 4 163 3 
2428 3 160 4 166 3 1164 2 
163 4 2427 3 165 3 1163 5 
168 3 778 4 2434 2 1611 3 
167 3 1157 4 161 6 2433 2 
170 3 197 2 1473 2 2435 4 
169 3 1472 6 1748 3 853 4 
226 6 969 4 277 2 224 3 
1338 5 175 5 173 4 
1337 2 172 4 
175 6 1340 5 177 8 1404 7 
174 6 172 5 1339 4 
179 7 1342 7 177 8 1409 7 
1341 5 174 8 176 8 1408 8 
179 6 1407 5 139 6 1344 6 
1406 7 176 7 178 6 1343 5 
886 3 183 3 1559 2 181 2 
186 7 1558 2 885 3 180 2 
884 3 183 4 1561 4 191 3 
180 3 883 5 182 4 1560 7 
882 5 187 3 185 8 1563 5 
881 8 1562 8 184 8 374 8 
1565 8 181 7 187 7 880 7 
1564 3 184 3 186 7 879 1 
2440 6 1016 7 189 4 1415 3 
1416 5 188 4 1015 3 
878 6 191 4 1567 8 23 8 
877 5 1566 2 190 4 182 3 
198 9 1673 10 910 10 1238 10 
194 6 195 6 22 9 2459 9 
193 6 2458 2 1533 3 21 6 
193 6 19 2 
2322 8 1475 9 197 6 847 8 
169 2 1474 2 196 6 846 2 
2382 3 909 5 192 9 1066 4 
1405 4 787 2 2367 2 200 4 
207 3 797 6 2366 6 199 4 
1405 4 204 5 2369 4 1506 4 
704 5 1410 4 855 3 512 3 
206 4 2371 5 204 4 740 5 
201 5 2370 5 203 4 1203 7 
43 8 206 9 1316 6 2373 9 
203 4 1212 8 2372 5 205 9 
200 3 2365 4 844 4 208 2 
207 2 2364 4 1720 7 2258 3 
105 4 1988 5 399 8 210 7 
213 6 1982 7 104 4 209 7 
113 5 214 5 955 5 212 11 
112 8 954 7 217 7 211 11 
401 6 210 6 2245 6 214 3 
2178 5 2030 2 211 5 213 3 
218 3 216 6 959 2 109 4 
215 6 108 6 958 8 46 8 
403 3 212 7 107 5 218 2 
215 3 106 3 402 3 217 2 
975 9 220 9 226 11 279 9 
221 4 219 9 974 8 278 6 
220 4 281 3 222 3 973 6 
280 3 221 3 972 9 413 3 
275 5 1545 6 971 7 224 6 
970 3 274 5 171 3 223 6 
5 5 961 3 1963 3 712 5 
171 6 219 11 968 7 276 6 
376 2 228 3 712 3 1971 2 
375 7 227 3 1970 4 229 4 
230 3 380 6 228 4 1969 4 
1968 2 229 3 377 3 231 3 
1967 3 230 3 388 4 232 4 
382 7 1966 6 231 4 233 3 
953 2 232 3 234 3 1965 5 
952 5 805 5 1964 7 233 3 
1190 7 236 5 806 6 258 4 
243 3 257 2 1189 6 235 5 
253 3 1184 6 238 3 240 5 
237 3 1183 2 415 4 252 4 
240 5 255 5 1182 2 242 3 
254 5 237 5 1181 5 239 5 
1188 8 249 7 242 6 244 8 
248 3 1187 7 241 6 239 3 
1186 4 236 3 244 5 119 5 
250 5 241 8 1185 6 243 5 
1765 7 148 8 2312 4 1767 5 
2521 5 1351 4 260 8 1764 4 
1931 5 1285 10 727 6 32 7 
249 4 242 3 255 5 1090 4 
248 4 1089 7 250 4 241 7 
1088 2 249 4 244 5 119 5 
1766 4 1764 3 2519 3 1353 4 
253 4 63 6 1086 7 238 4 
252 4 237 3 254 3 1085 2 
240 5 255 5 253 3 1084 5 
1083 5 254 5 248 5 239 5 
1771 4 259 6 1356 7 2526 4 
119 4 236 2 258 1 1082 3 
2273 2 1081 5 257 1 235 4 
1774 5 256 6 2362 8 1355 6 
2524 10 246 8 1771 8 1358 8 
1768 5 143 6 2309 5 1770 4 
2057 4 265 5 263 5 24 5 
1567 8 2056 6 23 8 262 5 
26 5 267 5 265 7 2055 10 
25 5 2054 5 264 7 262 5 
2053 3 267 4 269 5 28 4 
266 4 27 3 264 5 2052 6 
2051 5 269 4 271 2 30 4 
29 4 268 4 2050 9 266 5 
32 6 2049 7 440 6 271 4 
31 4 268 2 2048 2 270 4 
273 3 1773 5 721 2 24 5 
272 3 23 6 720 4 878 4 
275 4 277 4 224 5 135 10 
274 4 223 5 288 2 136 3 
279 4 137 3 277 2 226 6 
274 4 276 2 171 2 138 2 
281 5 131 6 279 6 220 6 
276 4 278 6 219 9 132 8 
660 4 222 3 281 3 133 5 
278 5 221 3 280 3 134 4 
1140 8 285 6 1223 5 283 5 
1139 4 1222 4 786 4 282 5 
1225 7 285 9 1733 9 1138 10 
284 9 1224 5 282 6 1137 4 
1227 5 287 5 1144 7 289 4 
451 5 286 5 1143 3 1226 8 
140 4 1545 3 275 2 
1141 6 786 4 1228 3 286 4 
876 7 291 8 315 7 2005 7 
292 5 875 7 290 8 314 7 
291 5 293 9 317 3 874 3 
292 9 316 9 873 8 294 9 
311 3 872 6 296 5 293 9 
1443 7 36 6 1047 8 1129 3 
294 5 871 4 310 5 297 6 
870 4 298 5 296 6 313 5 
297 5 869 5 2158 8 312 5 
1885 6 1782 6 796 4 
301 6 707 8 307 5 
706 4 300 6 
1786 5 303 5 1888 4 789 6 
302 5 788 5 304 5 1785 4 
305 3 1788 6 303 5 795 5 
304 3 794 2 306 5 1787 1 
1707 6 305 5 1790 6 793 8 
710 4 300 5 
1455 3 2159 4 309 5 891 4 
2158 8 312 5 308 5 1454 5 
311 3 296 5 313 4 1459 3 
294 3 310 3 1458 3 316 3 
313 5 1457 4 309 5 298 5 
312 5 1456 6 297 5 310 4 
317 5 1463 7 315 6 291 7 
1462 8 473 6 314 6 290 7 
317 3 1461 6 293 9 311 3 
316 3 1460 3 314 5 292 3 
1079 6 354 2 2176 2 2356 6 
1719 3 501 7 320 5 998 7 
997 3 321 5 319 5 1718 6 
322 6 320 5 1717 4 1000 6 
321 6 999 6 323 4 1716 5 
1715 1 324 2 1002 3 322 4 
325 2 1001 3 323 2 1714 3 
324 2 1713 2 1004 4 326 1 
1003 3 1712 2 327 3 325 1 
1006 4 326 3 328 8 1722 5 
130 7 1005 8 1721 8 327 8 
2252 1 1801 4 330 1 332 4 
2251 3 337 5 329 1 980 1 
332 6 334 4 979 4 2254 7 
331 6 329 4 2253 10 978 5 
336 3 2256 4 985 7 334 2 
984 5 331 4 2255 4 333 2 
2364 5 2258 4 336 5 983 7 
333 3 982 3 335 5 2257 4 
1736 7 338 7 330 5 2250 8 
337 7 976 5 2249 3 164 4 
342 3 1191 3 340 3 917 4 
339 3 916 8 
342 7 1197 7 344 9 925 8 
1196 6 339 3 341 7 924 4 
346 8 344 8 923 6 1199 8 
922 7 341 9 343 8 1198 4 
346 5 348 3 1193 3 921 5 
345 5 343 8 920 5 1192 5 
919 3 1200 4 1195 5 348 2 
345 3 1194 6 918 7 347 2 
1531 5 537 3 1120 6 350 6 
352 8 1153 6 349 6 1114 8 
2248 3 353 5 
2247 4 350 8 353 8 1151 5 
351 5 2246 7 352 8 1150 6 
805 3 952 3 318 2 355 5 
804 10 356 7 2176 5 354 5 
357 7 799 4 2175 4 355 7 
798 8 356 7 2288 5 2174 7 
359 8 1193 5 2287 7 
358 8 360 6 1192 6 
359 6 1199 5 
915 2 802 4 2170 2 
1918 5 1172 3 2361 3 369 5 
368 5 843 4 788 6 2304 5 
1916 7 2361 6 365 7 1174 7 
364 7 1915 6 2045 4 1173 5 
1176 4 367 4 371 3 1914 4 
1913 6 366 4 2326 6 1175 5 
363 5 840 6 795 4 2327 4 
1911 5 2326 7 1177 7 362 5 
1908 4 547 4 1170 5 371 3 
366 3 1169 4 1907 2 370 3 
1380 4 373 4 690 4 
688 3 1382 3 374 4 372 4 
373 4 687 5 185 8 1381 5 
2354 9 228 7 376 6 380 9 
227 2 375 6 2353 4 960 6 
230 3 388 4 380 6 2352 2 
726 4 658 3 379 4 2439 4 
727 5 378 4 1414 7 657 7 
229 6 377 6 2351 6 375 9 
720 7 567 6 1383 6 2436 7 
953 6 388 7 232 7 2358 9 
384 4 718 1 662 2 2436 3 
719 6 383 4 661 7 385 6 
386 4 384 6 664 3 724 3 
385 4 725 3 387 4 663 4 
722 7 386 4 1388 4 2439 6 
382 7 377 4 231 4 2357 5 
614 1 951 2 390 2 542 5 
613 3 946 2 389 2 541 3 
394 5 745 4 392 10 2501 4 
744 10 580 9 391 10 2500 8 
396 4 755 7 2510 4 394 6 
391 5 2509 4 754 4 393 6 
396 3 398 3 757 7 2508 6 
2507 2 393 4 395 3 756 3 
2506 6 751 8 398 4 400 6 
395 3 397 4 2505 3 750 3 
753 5 400 7 2504 10 209 8 
752 3 2503 4 397 6 399 7 
213 6 1028 7 2030 5 1982 7 
403 4 959 2 1033 3 218 3 
954 3 217 3 402 4 1032 6 
768 2 411 3 405 3 622 2 
404 3 406 7 767 3 620 4 
766 7 405 7 78 8 407 6 
412 4 765 5 406 6 77 3 
764 7 1746 4 80 7 409 6 
410 5 79 4 763 6 408 6 
762 7 411 4 409 5 82 4 
410 4 404 3 81 3 761 4 
413 4 407 4 666 8 759 4 
758 2 412 4 222 3 660 4 
421 2 415 3 1006 2 64 5 
63 6 238 4 414 3 1005 5 
417 1 419 7 1000 4 56 2 
416 1 55 6 999 3 422 2 
419 9 1349 6 58 8 998 7 
418 9 416 7 997 7 57 8 
421 4 423 4 60 5 1004 6 
420 4 59 3 1003 4 414 2 
62 4 423 3 1002 4 417 2 
61 3 1001 3 422 3 420 4 
609 2 425 4 2198 3 1531 5 
2197 3 426 4 1153 4 424 4 
1151 3 427 4 425 4 2196 3 
2195 5 1150 4 426 4 
626 6 1853 4 2285 4 429 3 
1851 5 434 3 2284 8 428 3 
437 2 1616 5 2283 3 431 2 
2282 2 1615 3 432 4 430 2 
431 4 433 4 2281 6 1618 4 
2112 2 432 4 2280 3 1617 4 
1849 2 435 2 429 3 2279 3 
1848 6 2278 2 434 2 436 4 
2277 7 1622 8 435 4 437 5 
430 2 2276 7 1621 4 436 5 
1868 9 439 5 2402 6 441 5 
1118 2 2401 2 438 5 444 1 
2404 8 441 3 270 6 1866 5 
2403 4 440 3 438 5 1113 2 
2398 6 1112 6 445 7 443 9 
446 7 2397 7 1863 8 442 9 
1862 2 2400 3 439 1 445 3 
2399 4 442 7 1861 5 444 3 
443 7 1860 6 447 6 2396 5 
1859 4 637 5 446 6 2395 5 
2186 6 449 7 653 6 1994 4 
448 7 2185 8 1992 7 
453 5 941 4 1049 6 451 5 
287 5 1048 5 940 5 450 5 
1052 6 453 6 455 5 935 7 
450 5 934 4 452 6 1051 3 
456 5 933 6 1054 9 455 5 
932 6 1053 7 454 5 452 5 
454 5 1050 2 936 6 
460 8 716 8 458 5 1828 5 
1827 2 678 4 457 5 715 1 
714 4 460 6 
457 8 713 6 459 6 
462 4 1628 2 2500 1 580 2 
461 4 1627 6 579 7 463 7 
578 5 464 7 1630 4 462 7 
577 6 463 7 465 6 1629 7 
1624 7 464 6 466 3 584 4 
1623 4 583 2 465 3 467 2 
468 2 1626 6 582 5 466 2 
467 2 469 5 1625 6 581 2 
586 5 468 5 1620 8 470 8 
1707 5 585 7 469 8 1619 6 
21 8 2443 4 
2006 2 1276 3 473 5 475 5 
315 6 2005 6 1275 7 472 5 
475 6 1996 4 477 5 1280 6 
474 6 1279 7 1995 6 472 5 
479 7 1998 5 1278 8 477 7 
1277 7 1997 6 474 5 476 7 
1284 4 479 5 2000 4 481 8 
478 5 1283 5 476 7 1999 4 
481 9 1824 6 1282 6 695 5 
480 9 1281 7 1823 8 478 8 
1599 9 1339 7 4 5 2156 6 
2210 4 484 2 486 5 2240 1 
2209 4 483 2 489 2 2239 4 
2238 6 566 5 486 6 496 4 
2237 6 483 5 485 6 2211 6 
2214 2 2244 4 490 2 488 4 
2213 6 1646 4 2243 7 487 4 
2216 5 2242 3 490 2 484 2 
489 2 2215 2 2241 3 487 2 
2531 6 492 6 1829 5 
493 3 1608 5 491 6 2532 5 
492 3 500 3 1831 3 2533 6 
5 7 1963 5 2377 6 503 5 
2527 2 502 5 500 3 1613 5 
2221 5 501 7 2235 7 485 4 
502 6 498 2 1843 4 1642 5 
497 2 2374 4 
2394 6 1385 3 1673 4 741 6 
495 3 2534 3 1610 4 493 3 
319 7 2222 7 496 7 2236 10 
497 6 495 5 2528 7 1612 8 
6 2 494 5 
1 4 506 2 
118 6 506 5 1980 6 3 9 
2 2 505 5 504 2 117 2 
1932 6 1413 5 508 9 510 8 
507 9 727 6 1414 8 1931 5 
1410 5 1934 6 510 6 512 4 
1933 6 509 6 1412 6 507 8 
704 6 512 4 1928 7 514 4 
511 4 1927 4 202 3 509 4 
516 7 514 7 1392 9 1930 9 
513 7 689 6 511 4 1929 2 
516 6 1924 5 1443 9 1129 5 
832 2 515 6 513 7 1923 2 
518 8 1469 8 1012 6 1179 6 
517 8 1468 6 1011 7 1148 5 
2363 7 1111 4 2563 7 2330 6 
1013 4 739 4 1466 8 1148 3 
782 4 522 5 1008 7 1473 4 
760 4 1007 3 1472 6 521 5 
76 8 1672 3 1830 5 524 4 
75 7 1671 2 523 4 525 5 
90 6 526 5 2028 6 524 5 
525 5 89 3 1661 4 527 2 
1664 2 88 3 528 3 526 2 
87 7 529 5 1663 5 527 3 
2033 4 528 5 530 4 86 5 
531 4 529 4 2032 6 85 4 
532 6 530 4 84 3 1668 7 
83 6 531 6 1146 4 1667 6 
534 6 540 7 957 6 2071 4 
1489 3 533 6 956 4 2070 8 
536 6 2065 5 538 6 947 5 
946 4 535 6 2064 4 541 5 
349 3 949 4 2063 4 538 5 
948 6 537 5 535 6 2062 10 
542 7 540 6 2061 7 951 4 
539 6 950 8 2060 5 533 7 
390 3 542 6 2059 4 536 5 
539 7 389 5 2058 6 541 6 
544 7 862 5 993 8 1763 7 
543 7 1762 8 545 3 992 5 
1761 4 546 1 544 3 995 2 
551 2 994 1 1760 1 545 1 
548 4 370 4 1759 4 989 3 
1758 5 988 5 549 2 547 4 
1757 2 548 2 991 7 862 1 
861 7 579 6 859 3 641 4 
546 2 987 2 552 2 1751 4 
986 4 551 2 20 4 1750 4 
650 5 848 5 554 6 586 4 
585 6 649 4 553 6 153 5 
560 2 1517 2 1305 3 
557 7 2067 7 1515 5 563 7 
556 7 1514 5 558 5 2066 6 
1513 7 2069 7 559 5 557 5 
1512 6 773 5 558 5 2068 4 
2180 3 561 5 1511 4 555 2 
2179 6 560 5 1510 8 562 6 
2073 5 1509 5 563 5 561 6 
1508 5 2072 6 562 5 556 7 
640 3 1427 3 2212 4 588 7 
621 4 1829 3 
1355 5 485 5 2211 5 2221 6 
381 6 568 2 1887 5 1669 5 
567 2 1670 4 1886 3 571 4 
619 8 1890 7 572 5 570 7 
575 7 1889 5 638 6 569 7 
1665 4 572 4 1892 8 568 4 
1891 1 571 4 1666 2 569 5 
2029 7 1894 8 576 5 574 8 
2031 5 1893 4 784 6 573 8 
576 5 2027 5 570 7 1896 9 
575 5 1662 3 573 5 1895 2 
464 6 584 4 578 4 860 6 
463 5 579 5 577 4 859 2 
578 5 580 5 550 6 462 7 
861 6 579 5 392 9 461 2 
582 5 586 2 468 2 848 3 
845 6 581 5 467 5 583 5 
466 2 582 5 857 5 584 3 
577 4 465 4 854 5 583 3 
554 6 470 7 792 4 586 4 
469 5 581 2 585 4 553 4 
631 11 2224 7 588 12 1421 9 
1420 7 630 10 587 12 564 7 
21 8 1533 5 2443 4 590 4 
2442 8 589 4 1532 3 591 6 
592 11 1543 6 590 6 2445 6 
1542 7 591 11 593 9 2444 8 
1541 8 594 5 2447 4 592 9 
593 5 2446 5 595 3 1540 3 
1539 4 594 3 596 6 2449 3 
2448 8 1538 8 597 9 595 6 
596 9 1537 5 2451 5 598 5 
1536 4 2450 6 815 2 597 5 
600 3 2408 4 606 3 1229 4 
599 3 601 7 2407 3 1228 3 
600 7 602 8 1227 8 2410 10 
821 4 601 8 1226 8 2409 5 
2412 6 1225 4 604 6 608 5 
605 4 1224 5 603 6 2411 8 
606 3 604 4 1223 3 2414 6 
599 3 1222 4 605 3 2413 3 
2406 3 608 3 2262 3 1221 4 
607 3 2405 4 603 5 1220 3 
2018 4 949 3 424 2 610 2 
611 4 948 4 2017 5 609 2 
947 5 610 4 2020 5 612 9 
2019 8 611 9 613 8 946 7 
390 3 614 2 612 8 2022 2 
615 3 613 2 389 1 2021 2 
614 3 951 4 2024 5 616 5 
2023 4 950 7 617 6 615 5 
2026 5 618 7 616 6 957 6 
956 5 827 6 617 7 2025 5 
1666 5 886 5 638 7 569 8 
78 5 622 3 405 4 2547 7 
2452 6 565 4 1608 5 
2548 4 620 3 81 2 404 2 
629 8 2110 7 624 5 1993 6 
625 5 1442 5 2109 9 623 5 
1445 5 624 5 2108 5 
627 5 428 6 1439 8 2107 6 
626 5 1438 5 2106 1 628 3 
771 4 2105 6 627 3 629 8 
623 8 2104 9 628 8 1465 9 
631 9 588 10 2418 5 640 6 
630 9 587 11 632 6 2417 6 
2416 6 631 6 633 3 2224 2 
632 3 2223 3 2415 6 634 6 
2218 5 2422 8 635 7 633 6 
2217 7 634 7 636 4 2421 5 
2420 3 2220 5 635 4 637 3 
2419 5 2219 5 447 5 636 3 
619 7 570 6 885 6 2027 4 
833 6 2424 4 640 5 2212 6 
564 3 2423 4 639 5 630 6 
2420 3 644 3 642 3 550 4 
2419 5 861 6 1202 4 641 3 
2422 10 860 10 644 8 646 8 
641 3 643 8 859 2 2421 4 
646 4 2416 7 648 3 857 6 
645 4 854 5 2415 6 643 8 
848 3 650 3 648 2 2418 2 
2417 2 647 2 845 3 645 3 
841 6 2424 2 554 4 650 3 
553 5 647 3 649 3 2423 4 
2014 9 652 9 965 10 1348 5 
2013 6 651 9 2131 7 964 8 
654 6 1180 7 2012 7 448 6 
653 6 655 4 1592 4 2011 4 
656 5 2010 5 981 5 654 4 
655 5 977 5 2009 8 1347 6 
1330 8 658 6 379 7 851 4 
1329 5 378 3 665 6 657 6 
2436 3 662 2 1910 2 1383 2 
280 4 666 8 2551 7 413 4 
662 5 664 4 1318 6 384 7 
661 5 383 2 1317 6 659 2 
664 3 1388 4 386 4 1906 4 
661 4 1905 2 663 3 385 3 
1388 5 658 6 1904 5 2439 7 
2552 10 660 8 412 8 77 7 
2045 4 1915 6 1102 6 668 3 
2044 4 675 2 1101 1 667 3 
2037 3 672 4 1105 6 670 8 
2036 8 866 7 1104 8 669 8 
674 6 672 4 2035 4 1107 3 
671 4 2034 5 669 4 1106 6 
674 6 676 4 2041 6 1109 5 
673 6 671 6 2040 4 1108 7 
676 3 668 2 1111 2 2039 6 
675 3 673 4 1110 2 2038 3 
684 4 1702 3 1692 6 678 4 
1701 8 458 4 1691 6 677 4 
1688 4 1696 6 680 6 682 7 
1695 6 679 6 685 8 1687 5 
1690 5 682 6 1694 5 867 4 
681 6 1693 8 1689 6 679 7 
1700 7 686 8 1684 7 684 7 
677 4 1699 8 1683 5 683 7 
1686 6 686 9 1698 6 680 8 
683 8 1697 6 685 9 1685 7 
1826 7 881 5 374 5 688 4 
373 3 690 3 1825 3 687 4 
1392 8 704 8 514 6 853 7 
1822 2 688 3 372 4 
714 3 1797 3 692 4 
693 4 713 5 1796 6 691 4 
692 4 694 2 716 5 1795 5 
1794 2 693 2 715 1 896 3 
2561 5 2363 5 480 5 1102 5 
699 2 1509 4 2447 3 697 3 
702 3 2446 4 696 3 1508 4 
1511 3 705 3 699 1 2445 2 
696 2 1510 5 2444 2 698 1 
701 8 703 8 2451 5 1513 8 
700 8 2450 9 1512 8 906 5 
697 3 2449 4 1515 2 703 6 
2448 7 700 8 702 6 1514 7 
511 6 202 5 689 8 856 4 
1517 4 2442 9 698 3 
301 4 708 3 707 6 1310 4 
710 7 706 6 300 8 1311 5 
706 3 1313 3 
1306 9 711 5 
707 7 307 4 1308 8 711 3 
1309 3 709 5 710 3 
1962 10 227 3 960 7 225 5 
716 6 460 6 714 4 692 5 
691 3 459 4 713 4 
1701 5 694 1 458 1 716 4 
713 6 457 8 693 5 715 4 
2135 4 1379 5 1922 5 2168 5 
719 3 721 1 1773 4 383 1 
384 6 718 3 724 3 1772 5 
721 3 381 7 1669 6 273 4 
720 3 718 1 272 2 2436 3 
1777 6 387 7 725 6 723 8 
1776 7 2439 7 722 8 726 7 
719 3 1779 4 725 2 385 3 
1778 5 722 6 724 2 386 3 
378 4 1285 9 727 5 723 7 
379 5 508 6 247 6 726 5 
1614 5 1335 6 729 4 
1609 4 728 4 
823 3 1847 4 2380 1 1832 4 
2486 5 1480 7 732 6 1830 7 
731 6 2485 8 733 5 1483 3 
1482 6 2484 6 734 5 732 5 
1477 4 733 5 735 6 2483 3 
2482 7 1476 6 736 10 734 6 
735 10 2481 7 1479 8 737 8 
1478 5 736 8 2480 4 
739 6 939 5 1287 7 831 6 
738 6 520 4 830 5 1286 5 
1212 9 1203 8 1123 9 203 5 
2202 6 2382 6 1384 6 499 6 
743 4 2571 3 
748 3 742 4 2570 4 
861 7 392 10 745 4 1202 5 
1201 4 391 4 744 4 754 3 
2575 5 6 5 749 6 747 5 
5 4 2574 5 961 2 746 5 
2573 4 743 3 749 3 
2572 6 746 6 748 3 
751 7 1207 6 757 7 398 3 
750 7 397 8 1206 6 752 5 
753 1 400 3 1205 1 751 5 
1988 2 752 1 1204 2 399 5 
755 5 1211 4 394 4 745 3 
754 5 393 7 756 6 1210 8 
757 7 1209 5 755 6 396 3 
756 7 750 7 395 7 1208 8 
413 2 972 8 759 2 1643 4 
758 2 94 2 412 4 765 5 
1179 4 522 4 1010 5 1471 5 
2261 4 762 7 411 4 768 3 
410 7 761 7 2260 7 763 8 
2263 4 409 6 764 7 762 8 
408 7 2262 6 763 7 2406 6 
766 6 1579 5 407 5 759 5 
406 7 765 6 1568 5 767 3 
768 2 405 3 2267 2 766 3 
404 2 2266 2 767 2 761 3 
2512 4 1989 6 770 2 2365 5 
983 5 2511 3 2364 3 769 2 
628 4 1465 5 1438 6 2291 3 
1328 3 773 4 777 8 1870 2 
559 5 772 4 1327 6 1869 4 
1326 4 781 5 775 2 1168 3 
1325 6 1881 6 776 4 774 2 
1884 4 775 4 1324 5 777 10 
1323 9 1883 11 772 8 776 10 
167 4 1322 5 779 5 1158 4 
1156 5 780 5 1321 6 778 5 
781 6 1880 6 779 5 1320 8 
780 6 1879 4 1319 5 774 5 
521 4 1017 3 1474 2 1200 4 
1735 7 1825 5 785 5 784 6 
1826 7 783 6 1734 5 574 6 
1822 2 783 5 1737 4 
1229 5 289 4 283 4 1142 5 
1068 2 199 2 1544 1 797 4 
795 5 789 6 303 5 363 6 
790 8 788 6 2304 5 302 6 
789 8 2315 9 791 6 1888 6 
1885 4 796 2 790 6 116 2 
585 4 1707 2 793 4 153 3 
1291 6 306 8 792 4 794 5 
305 2 2327 4 793 5 795 4 
788 5 368 4 304 5 794 4 
791 2 299 4 
1067 7 200 6 844 7 787 4 
357 8 2153 6 799 5 801 5 
356 4 798 5 2152 3 804 7 
803 5 2289 6 801 4 2151 5 
2288 2 798 5 2150 2 800 4 
803 6 361 4 2155 5 
802 6 915 4 800 5 2154 5 
355 10 805 8 2149 7 799 7 
354 3 804 8 234 5 2148 5 
2273 4 1366 6 235 6 807 4 
808 3 2272 4 1365 2 806 4 
1364 6 807 3 2275 4 809 2 
1363 1 810 3 2274 3 808 2 
811 4 809 3 2269 3 1362 5 
2268 5 810 4 812 4 1361 4 
813 3 811 4 1360 5 2271 7 
812 3 2270 4 814 2 1359 5 
2265 4 813 2 1368 6 815 2 
1367 2 2264 4 598 2 814 2 
1054 10 817 6 2228 5 
2227 5 1053 7 816 6 818 6 
1052 7 2230 6 817 6 819 7 
1051 3 820 3 818 7 2229 4 
2226 4 819 3 1049 4 821 2 
1048 4 602 4 2225 3 820 2 
14 2 1832 4 823 3 825 2 
730 3 822 3 828 5 13 6 
939 3 825 3 831 4 12 4 
11 3 824 3 1833 6 822 2 
829 7 996 8 10 6 827 7 
9 5 1842 7 618 6 826 7 
829 5 823 5 8 5 1847 6 
7 5 828 5 1846 5 826 7 
831 5 18 6 739 5 1013 5 
17 4 830 5 824 4 738 6 
516 2 1443 5 846 2 1392 4 
639 6 2234 7 2043 5 834 4 
2042 6 2233 5 835 5 833 4 
2232 4 834 5 836 4 120 6 
2231 2 835 4 
2177 3 838 4 2082 2 908 4 
110 4 91 10 837 4 
2327 5 840 7 2232 3 842 5 
843 5 368 6 2231 6 839 7 
649 6 2234 9 153 7 842 7 
1291 5 2233 6 841 7 839 5 
363 4 840 5 
1058 5 207 4 797 7 1720 9 
582 6 857 6 848 4 648 3 
847 4 832 2 2435 4 197 2 
846 4 1047 8 1443 7 196 8 
647 3 553 5 845 4 581 3 
852 5 850 7 1755 7 1412 6 
849 7 855 5 1754 5 1410 6 
657 4 1753 3 852 2 1414 4 
1752 5 849 5 1413 2 851 2 
2435 5 856 3 170 4 689 7 
860 7 646 5 584 5 857 7 
1749 4 850 5 202 3 856 2 
1748 2 853 3 855 2 704 4 
845 6 645 6 854 7 583 5 
912 5 111 6 
860 4 550 3 578 2 644 2 
859 4 854 7 643 10 577 6 
580 6 744 7 550 7 642 6 
543 5 549 1 1756 7 990 2 
115 4 866 4 1104 5 864 7 
865 8 114 8 863 7 
1856 8 864 8 866 5 
670 7 1855 4 863 4 865 5 
868 7 1503 4 2159 4 681 4 
1502 7 867 7 2158 10 869 7 
1499 5 298 5 870 4 868 7 
297 4 1498 5 871 2 869 4 
872 5 1501 1 296 4 870 2 
294 6 871 5 1500 6 873 5 
1495 3 872 5 874 2 293 8 
875 5 873 2 1494 7 292 3 
876 6 874 5 1497 7 291 7 
875 6 290 7 1064 3 1496 4 
191 5 878 7 884 5 1670 8 
1669 6 877 7 190 6 273 4 
1662 3 880 1 882 3 187 1 
879 1 2027 1 885 3 186 7 
185 8 2031 4 687 5 882 5 
184 5 879 3 881 5 2029 5 
884 4 1666 5 886 5 183 5 
883 4 182 3 877 5 1665 1 
880 3 886 4 638 6 181 3 
619 5 180 3 885 4 883 5 
894 6 888 3 1638 6 1698 3 
887 3 1697 3 1637 3 889 6 
1636 9 890 6 1700 8 888 6 
895 3 889 6 1699 6 1635 4 
1694 5 892 3 1634 4 308 4 
891 3 1633 4 893 6 1693 5 
894 9 1696 8 892 6 1632 10 
893 9 887 6 1631 8 1695 7 
890 3 1641 4 896 4 1702 4 
895 4 1701 7 1640 5 694 3 
898 3 900 5 2271 7 1324 4 
2270 4 897 3 1323 3 905 3 
2269 6 1326 8 900 8 902 9 
1325 8 897 5 899 8 2268 6 
904 3 902 4 1320 6 2275 3 
901 4 2274 6 1319 5 899 9 
2273 5 1081 8 1322 6 904 6 
901 3 903 6 2272 5 1321 6 
906 3 898 3 2265 5 1328 4 
1327 4 905 3 2264 4 701 5 
1238 6 910 6 35 5 
1503 4 91 10 1094 3 837 4 
43 6 198 5 910 6 1316 4 
44 6 909 6 192 10 907 6 
912 5 1500 3 914 4 
92 4 911 5 858 5 1501 4 
1494 7 914 4 
1495 5 911 4 913 4 
361 2 803 4 2171 3 2289 5 
2317 7 1121 9 917 9 340 8 
2316 8 916 9 924 5 339 4 
921 9 919 8 348 7 2323 8 
2322 5 347 3 1475 6 918 8 
921 5 346 5 923 3 2325 5 
920 5 918 9 2324 5 345 5 
2319 6 344 7 925 6 923 5 
2318 5 920 3 922 5 343 6 
2321 4 342 4 917 5 925 5 
922 6 2320 4 341 8 924 5 
1155 3 931 3 927 2 2149 3 
2148 3 1154 3 926 2 2188 2 
1607 4 929 5 
1125 8 1800 5 928 5 1606 5 
1882 3 931 2 2153 3 
926 3 1167 4 930 2 2152 3 
455 6 935 8 1300 8 933 7 
454 6 1299 5 936 7 932 7 
941 3 453 4 1302 3 935 5 
1301 9 934 5 932 8 452 7 
1298 9 456 6 933 7 937 8 
1297 6 936 8 
1706 6 943 6 
824 3 738 5 1833 6 1288 7 
1143 3 1304 5 941 4 451 5 
450 4 934 3 940 4 1303 2 
1704 5 943 5 
942 5 1703 5 938 6 
2096 5 1844 2 2143 4 945 2 
2131 3 1845 2 964 4 944 2 
536 4 390 2 947 3 612 7 
611 5 948 5 946 3 535 5 
947 5 538 6 610 4 949 5 
609 3 537 4 1531 6 948 5 
540 8 616 7 957 7 951 6 
615 4 389 2 539 4 950 6 
354 3 2356 7 234 5 953 4 
382 6 2355 3 233 2 952 4 
1031 3 403 3 212 7 955 1 
1030 3 2030 2 211 5 954 1 
9 4 618 5 957 4 534 4 
956 4 950 7 617 6 533 6 
2199 5 1035 6 216 8 959 4 
402 2 215 2 958 4 1034 4 
2360 7 961 5 376 6 712 7 
2359 6 747 2 225 3 960 5 
963 5 1836 2 965 6 1348 1 
962 5 1837 5 977 6 1347 7 
1834 4 652 8 965 9 945 4 
651 10 1835 7 964 9 962 6 
971 4 1799 5 1545 3 967 4 
1791 7 966 4 
969 5 975 5 2378 6 226 7 
968 5 171 4 2092 4 970 4 
2095 4 224 3 971 4 969 4 
966 4 970 4 223 7 2094 7 
758 8 222 9 2376 10 973 12 
2375 7 974 10 972 12 221 6 
973 10 220 8 975 8 2091 7 
219 9 968 5 2090 4 974 8 
338 5 1165 5 1736 5 1246 5 
656 5 981 5 963 6 1838 4 
332 5 1248 4 979 3 1801 5 
1247 2 331 4 978 3 984 5 
1736 3 1801 4 1250 3 330 1 
1839 6 1592 5 977 5 655 5 
983 5 1252 3 336 3 985 7 
1251 9 770 5 982 5 335 7 
1254 9 334 5 985 10 979 5 
984 10 333 7 1253 9 982 7 
552 4 987 4 1521 5 2133 5 
994 1 986 4 551 2 2132 3 
989 4 548 5 2137 5 991 10 
988 4 1170 4 2136 2 547 3 
993 5 2135 4 991 8 862 2 
549 7 2134 10 990 8 988 10 
2141 3 993 6 995 4 544 5 
992 6 990 5 543 8 2140 7 
2139 3 987 1 995 2 546 1 
994 2 2138 3 545 2 992 4 
1294 7 1846 6 826 8 1842 8 
320 3 1000 4 998 5 419 7 
2222 7 997 5 319 7 418 7 
417 3 322 6 1000 6 1002 5 
997 4 999 6 321 6 416 4 
1004 5 324 3 423 3 1002 4 
323 3 999 5 1001 4 422 4 
1006 4 326 3 1004 6 421 4 
1001 5 1003 6 325 4 420 6 
1006 4 1183 3 328 8 415 5 
1003 4 1005 4 327 4 414 2 
1008 5 522 3 1010 4 2391 3 
1007 5 1017 6 2390 4 521 7 
2389 4 1012 4 1179 4 1010 5 
1007 4 760 5 1009 5 2388 6 
2387 5 518 7 1012 5 1014 6 
2386 3 1009 4 517 6 1011 5 
1014 5 520 4 2385 7 830 5 
1148 4 2384 3 1013 5 1011 6 
2459 5 1016 6 189 3 
2458 6 1555 9 188 7 1015 6 
782 3 1018 8 1008 6 2393 8 
1195 10 1200 9 1017 8 2392 8 
1025 6 2184 5 
2190 3 1332 3 1023 2 1021 3 
1026 2 2189 3 1020 3 1331 5 
1334 3 2188 3 1154 4 1023 2 
2187 2 1333 3 1020 2 1022 2 
1025 4 2553 4 2194 5 1027 3 
1019 6 1024 4 2193 7 2525 4 
1346 6 1021 2 1027 3 2192 3 
1345 3 2191 6 1026 3 1024 3 
1029 5 2051 7 1037 7 401 7 
1030 4 1028 5 2050 8 2030 3 
1029 4 955 3 1031 5 2053 3 
1032 6 2052 7 1030 5 954 3 
1031 6 403 6 1033 5 2055 10 
2054 3 1034 5 1032 5 402 3 
1035 6 2057 6 1033 5 959 4 
1034 6 1570 5 958 6 2056 5 
1988 6 2049 8 1204 6 1037 8 
1028 7 1982 7 2048 5 1036 8 
2317 2 42 7 1039 5 1215 6 
1040 8 2316 9 41 6 1038 5 
2321 6 1039 8 38 7 1041 9 
37 8 1042 6 2320 6 1040 9 
2319 4 1041 6 40 4 1043 3 
39 2 2318 5 1044 6 1042 3 
34 5 1045 7 2325 8 1043 6 
33 5 2324 4 1046 5 1044 7 
1045 5 2323 5 36 6 1047 8 
2322 8 847 8 295 8 1046 8 
821 4 451 5 1226 8 1049 6 
1051 4 450 6 820 4 1048 6 
1054 6 456 2 
1052 3 1049 4 819 3 453 3 
452 6 1051 3 818 7 1053 8 
455 7 817 7 1052 8 1054 11 
1050 6 816 10 454 9 1053 11 
1824 3 1307 3 1056 2 1239 3 
1306 6 1055 2 1115 7 1823 4 
108 4 46 6 1720 8 1058 4 
1067 5 844 5 1057 4 45 6 
1311 3 1060 4 1998 3 1117 5 
1059 4 1997 5 1310 4 1061 5 
1313 5 1996 5 1062 6 1060 5 
1122 5 1995 5 1061 6 1312 4 
1070 4 50 6 1123 6 1203 5 
2005 3 876 3 1314 4 1122 3 
1212 7 1123 7 48 3 1066 5 
198 4 1065 5 1316 3 47 5 
1058 5 54 8 797 7 1068 5 
53 4 787 2 1069 4 1067 5 
1070 5 1068 4 52 6 1544 3 
1063 4 1069 5 1506 5 51 3 
1074 6 1072 2 2116 5 
2115 3 1244 3 1071 2 
2114 5 1074 7 2171 4 1076 3 
1073 7 2170 6 2113 6 1071 6 
1076 3 2120 4 1078 6 2173 5 
1075 3 2119 2 1073 3 2172 3 
1080 4 1078 7 2175 5 2118 8 
1077 7 2117 6 2174 6 1075 6 
1080 5 318 6 2280 6 2112 5 
1077 4 1079 5 2111 6 2176 1 
1082 7 903 8 1611 6 258 5 
1081 7 1087 3 1157 5 257 3 
1090 4 255 5 1084 5 1164 3 
1163 6 254 5 1083 5 1085 4 
1086 5 253 2 1166 3 1084 4 
1246 7 1165 7 1085 5 252 7 
1160 3 1082 3 1088 1 119 4 
250 2 1159 4 1087 1 1089 5 
1090 7 249 7 1088 5 1162 9 
1083 4 1089 7 1161 5 248 4 
1687 4 1464 5 1217 4 1092 3 
1093 5 1091 3 2502 3 1688 2 
2083 6 1092 5 1689 6 1094 5 
1690 4 2082 1 908 3 1093 5 
1096 8 2247 6 1100 8 2300 7 
2301 6 1095 8 1097 7 2246 5 
2248 7 2302 8 1098 7 1096 7 
1097 7 2303 4 
1120 7 1100 5 1269 4 2298 6 
1099 5 1114 6 2299 5 1095 8 
1111 1 1102 4 668 1 2363 4 
1282 6 667 6 1101 4 695 5 
2166 4 129 6 1740 6 1798 4 
2518 5 670 8 863 5 1105 6 
1106 8 669 6 1104 6 2517 10 
1107 5 1105 8 2516 7 672 6 
1108 4 1106 5 671 3 2515 6 
1107 4 2514 4 674 7 1109 6 
1110 3 2513 4 673 5 1108 6 
2330 3 676 2 1111 1 1109 3 
1101 1 675 2 519 4 1110 1 
1861 4 1210 6 442 6 1863 5 
1205 2 1866 4 1868 6 441 2 
1100 6 1120 8 350 8 2247 4 
1117 8 2000 7 1309 8 1056 7 
1867 6 1865 5 2162 5 125 4 
1115 8 1999 4 1059 5 1308 8 
1868 6 439 2 1207 5 1862 3 
1867 9 2164 10 1857 5 123 7 
1099 7 349 6 1114 8 2063 7 
916 9 2142 6 
1062 5 2006 3 1315 3 1064 3 
740 9 1065 7 1063 6 49 9 
1427 3 1125 6 41 4 1136 5 
1426 9 42 10 1124 6 929 8 
1154 4 1334 3 
1667 6 1652 4 1128 5 1146 4 
1389 5 1651 2 1145 8 1127 5 
1423 2 295 3 1130 2 515 5 
1131 3 36 5 1129 2 1422 4 
1425 6 1130 3 1132 3 33 4 
1133 3 34 2 1131 3 1424 4 
1132 3 1134 4 39 2 1419 3 
40 5 1135 4 1133 4 1418 7 
1421 4 37 5 1134 4 1136 5 
38 6 1135 5 1420 5 1124 5 
1390 3 1138 5 1140 6 285 4 
1389 7 1137 5 284 10 1145 10 
283 4 1140 7 1393 7 1142 5 
1391 7 1139 7 282 8 1137 6 
1142 7 289 6 1639 6 1144 9 
1141 7 1792 6 1139 5 786 5 
940 3 287 3 1411 2 1144 5 
1645 6 286 7 1141 9 1143 5 
1733 9 1146 7 1128 8 1138 10 
1732 1 1145 7 532 4 1127 4 
1264 6 2117 6 2460 5 2259 4 
1014 4 518 5 1467 3 520 3 
1152 6 2544 7 2070 10 1489 5 
427 4 353 6 1151 3 
426 3 1153 3 352 5 1150 3 
2543 3 1149 6 1871 6 1488 4 
1531 5 350 6 425 4 1151 3 
927 3 1155 4 1126 4 1022 4 
926 3 1154 4 1167 4 
779 5 1158 4 1627 5 1880 6 
1611 4 1160 5 168 4 1082 5 
1156 4 2434 2 1628 3 778 4 
1088 4 1160 6 1162 8 162 5 
1087 3 161 7 1157 5 1159 6 
160 6 1162 7 1090 5 1164 4 
1161 7 1159 8 159 7 1089 9 
1166 5 1084 6 1164 4 166 5 
1161 4 1163 4 1083 3 165 2 
164 4 1166 5 1086 7 976 5 
1163 5 163 4 1165 5 1085 3 
931 4 1155 4 1882 5 
1624 6 1881 7 1879 2 774 3 
1170 6 1176 5 1953 4 371 4 
1169 6 989 4 1952 6 370 5 
1172 3 2361 3 1957 4 1174 4 
1171 3 362 3 1956 6 1177 5 
1174 5 2007 5 1955 7 365 5 
1173 5 1954 5 1171 4 364 7 
1961 3 1178 4 1176 5 367 5 
366 4 1169 5 1175 5 1960 4 
1959 7 1172 5 1178 5 369 7 
1958 3 2326 5 1175 4 1177 5 
760 4 517 6 1009 4 1470 3 
1841 5 653 7 1592 5 1994 5 
1182 2 240 5 1184 6 128 5 
127 5 1181 2 1187 6 239 2 
1005 3 238 2 130 2 1184 5 
129 7 237 6 1181 6 1183 5 
1188 6 244 6 1186 5 124 6 
243 4 1189 7 1185 5 123 5 
126 8 1182 6 1188 9 242 7 
241 8 1187 9 1185 6 125 6 
122 7 1190 8 1186 7 236 6 
235 7 1189 8 121 5 1366 7 
1196 6 339 3 
1199 5 1193 3 346 5 359 6 
1194 6 358 5 1192 3 345 3 
1193 6 1195 9 2287 8 348 6 
1018 10 1194 9 2286 6 347 5 
342 6 1197 6 1191 6 
1196 6 1198 2 341 7 
1197 2 1199 4 344 4 
1192 5 360 5 1198 4 343 8 
1475 7 1018 9 347 4 782 4 
1202 5 1860 6 1211 5 745 4 
1201 5 1859 3 744 5 642 4 
1506 6 740 8 204 7 1063 5 
753 2 1205 2 1866 4 1036 6 
1113 2 1206 2 1204 2 752 1 
1205 2 1207 5 751 6 1868 6 
1118 5 1206 5 750 6 1208 7 
1862 5 1209 6 1207 7 757 8 
756 5 1208 6 1861 5 1210 7 
1112 6 1209 7 1211 7 755 8 
754 4 1201 5 1863 6 1210 7 
1065 7 740 9 206 8 1316 5 
1219 6 2077 5 1214 6 1683 4 
1216 7 1213 6 1684 7 2075 4 
1800 6 1038 6 2142 8 
1214 7 2079 8 1217 5 1685 6 
2078 3 1091 4 1686 3 1216 5 
1691 4 1219 5 
1213 6 1692 9 1218 5 2093 4 
1221 4 1733 4 1225 2 608 3 
2493 5 1220 4 607 4 1732 3 
1229 5 606 4 1223 4 283 4 
1224 4 1222 4 605 3 282 5 
1223 4 285 5 604 5 1225 3 
284 7 603 4 1220 2 1224 3 
1048 8 602 8 287 8 1227 8 
286 5 601 8 1228 4 1226 8 
1229 4 289 3 1227 4 600 3 
1222 5 786 5 1228 4 599 4 
2565 5 1231 7 2528 4 1233 3 
2527 7 1236 8 1230 7 2564 7 
2563 5 1233 3 2374 5 1240 6 
1642 5 1230 3 2562 2 1232 3 
2569 3 1235 5 2532 4 1237 4 
2531 6 1234 5 2568 6 1417 5 
1237 5 1231 8 2534 3 2567 6 
1236 5 2533 8 2566 5 1234 4 
907 6 192 10 2379 3 
2561 6 1240 7 2383 4 1055 3 
2560 9 2381 7 1239 7 1232 6 
1242 4 1941 10 2004 7 
1241 4 1940 3 1243 3 2003 5 
1244 5 1936 4 1242 3 2002 6 
1243 5 2001 3 1935 5 1072 3 
1736 3 1246 3 1250 3 64 5 
1086 7 63 6 976 5 1245 3 
979 2 1248 3 1254 6 62 3 
1247 3 1249 5 61 4 978 4 
1248 5 60 5 1250 5 1801 6 
980 3 1249 5 1245 3 59 4 
983 9 2511 7 58 10 1252 7 
1253 5 1251 7 982 3 57 4 
1252 5 56 4 985 9 1254 8 
984 9 1247 6 55 11 1253 8 
2466 4 1256 3 2086 5 1652 3 
1255 3 1651 1 2087 5 1263 2 
2456 3 1260 5 1654 3 1258 4 
2457 3 1653 4 1257 4 1441 4 
1262 4 2454 7 1260 6 1656 4 
1257 5 1655 7 2455 6 1259 6 
1658 4 1262 3 2460 3 1264 4 
1259 4 1657 3 1261 3 2461 4 
1264 4 2259 2 1256 2 1660 4 
1659 3 1147 6 1263 4 1261 4 
2474 6 1266 7 1272 8 2059 7 
2058 4 1267 6 1265 7 2475 10 
1266 6 2476 6 1268 6 2061 8 
2477 6 2060 4 1267 6 1273 3 
1099 4 2470 2 2063 4 1270 5 
1271 7 2062 10 2471 6 1269 5 
1270 7 2065 6 1272 7 2472 6 
2473 5 1265 8 1271 7 2064 4 
1268 3 2071 1 2478 3 1274 2 
2479 5 2070 7 2544 4 1273 2 
1276 5 1462 9 473 7 1908 6 
1907 2 1279 5 472 3 1275 5 
1912 5 1280 8 477 7 1278 8 
1283 6 476 8 1911 5 1277 8 
475 7 1276 5 1914 6 1280 7 
1277 8 1913 7 1279 7 474 6 
481 7 1282 4 1916 4 1284 3 
1281 4 1102 6 1915 6 480 6 
1284 4 1278 6 479 5 1918 6 
1917 3 1283 4 478 4 1281 3 
31 9 1776 9 726 9 247 10 
1330 7 1466 9 739 5 1287 6 
738 7 1329 6 1288 9 1286 6 
939 7 1904 7 1289 7 1287 9 
1833 6 1903 3 1290 8 1288 7 
1906 8 1832 10 1289 8 2380 7 
153 5 842 5 2327 5 793 6 
1847 6 2380 3 1318 5 1293 5 
1317 7 1294 6 1292 5 1846 5 
996 7 1910 5 1295 6 1293 6 
1909 4 1811 7 1842 7 1294 6 
1297 4 1434 5 
937 6 1433 4 1296 4 1298 7 
1299 7 936 9 1432 10 1297 7 
1300 6 1298 7 933 5 1431 6 
1299 6 1430 6 1301 9 932 8 
935 9 1302 7 1300 9 1429 8 
934 3 1428 5 1301 7 1303 2 
1437 2 1302 2 941 2 1304 3 
1411 4 940 5 1436 7 1303 3 
1782 5 555 3 2180 4 
709 9 1309 7 1056 6 1307 7 
2383 4 1055 3 1306 7 
1311 6 1309 8 710 8 1117 8 
1308 8 1306 7 711 3 1115 8 
1313 4 1311 3 1060 4 706 4 
1308 6 1310 3 1059 3 707 5 
1315 2 1313 3 1062 4 
1310 4 1061 5 708 3 1312 3 
1496 5 1315 4 1064 4 
1312 2 1314 4 1122 3 
205 6 1212 5 909 4 1066 3 
1318 7 1293 7 662 6 1910 6 
1317 7 661 6 1292 5 1905 4 
781 5 1326 4 902 5 1320 7 
780 8 901 6 1321 9 1319 7 
1322 6 1320 9 779 6 904 6 
1321 6 1611 4 903 6 778 5 
777 9 1328 4 898 3 1324 4 
1325 7 897 4 1323 4 776 5 
775 6 900 8 1324 7 1326 8 
774 4 899 8 1325 8 1319 4 
1512 7 906 4 1328 5 773 6 
772 3 1323 4 1327 5 905 4 
658 5 1904 4 1287 6 1330 7 
657 8 1753 7 1286 7 1329 7 
2085 5 1332 5 1346 9 1021 5 
1331 5 1333 4 1020 3 
1332 4 1023 3 1334 4 
1022 3 1333 4 1126 3 
1336 5 2489 6 728 6 
2488 4 1337 4 1335 5 
173 2 1338 3 1336 4 2157 4 
1337 3 1339 4 172 5 2156 3 
1340 3 1338 4 482 7 175 4 
1341 2 1339 3 4 1 174 5 
1340 2 177 5 2147 3 1342 4 
2146 5 1343 5 176 7 1341 4 
1344 5 2145 5 1342 5 179 5 
1343 5 1530 4 2144 7 178 6 
1027 3 1346 6 2553 4 
1345 6 1026 6 2084 8 1331 9 
1348 3 656 6 963 7 2016 4 
2015 5 651 5 1347 3 962 1 
1775 4 1350 6 418 6 2222 6 
1774 3 1349 6 1355 4 2221 5 
246 4 1352 5 2216 6 1358 4 
1764 5 1353 6 1351 5 2215 4 
1354 4 1352 6 2214 4 251 4 
1353 4 1766 4 1535 6 2213 4 
566 5 1350 4 259 6 1356 7 
1357 9 256 7 2211 7 1355 7 
2210 7 1356 9 1771 6 1358 6 
2209 5 1357 6 1351 4 260 8 
1368 9 813 5 2540 7 1360 7 
812 5 1359 7 1361 5 2539 7 
1362 5 811 4 1360 5 2542 4 
1361 5 1363 3 810 5 2541 4 
809 1 1362 3 1364 5 2536 4 
808 6 1365 5 1363 5 2535 7 
1366 4 1364 5 807 2 2538 2 
2537 5 1365 4 806 6 1190 7 
815 2 2530 4 1368 6 1536 4 
1359 9 814 6 1367 6 2529 6 
2538 6 147 5 1370 7 1372 8 
2537 4 146 4 1858 4 1369 7 
1374 5 149 3 2536 4 1372 4 
2535 6 1369 8 1371 4 148 8 
143 6 1376 3 1374 6 2542 3 
142 7 2541 6 1371 5 1373 6 
145 3 2540 5 1378 7 1376 4 
2539 6 1373 3 144 2 1375 4 
2530 3 1507 3 151 1 1378 5 
1375 7 2529 6 150 8 1377 5 
2169 6 717 5 1925 4 2134 7 
1382 3 372 4 1711 4 
1382 4 1562 5 1709 7 374 5 
1381 4 1380 3 1708 6 373 3 
1909 3 1887 5 381 6 659 2 
1577 5 741 6 1385 3 1709 6 
1708 6 499 3 1384 3 1386 2 
2394 5 1385 2 1711 3 
1710 4 1793 4 2160 3 2133 3 
665 5 1903 3 663 4 387 4 
1138 7 1128 5 1660 6 1390 5 
1137 3 1391 4 1389 5 1659 2 
1140 7 1393 7 1390 4 1658 5 
689 8 513 9 832 4 2435 6 
1391 7 1139 7 1792 8 1657 6 
1811 6 1909 3 1395 5 1887 5 
1886 6 1396 7 1394 5 1810 6 
1397 4 1395 7 1892 8 1803 5 
1396 4 1398 2 1802 4 1891 1 
1397 2 1399 3 1805 4 1890 4 
1400 8 1398 3 1804 4 1889 4 
1896 11 1399 8 1807 8 1401 8 
1402 7 1895 3 1806 2 1400 8 
1401 7 1809 7 1403 7 1894 9 
1402 7 1808 3 1583 3 1893 2 
1408 7 174 7 
199 4 201 4 2368 3 1544 3 
179 7 1795 8 1407 6 1409 7 
1594 5 1794 3 1406 6 178 5 
1797 6 1404 7 1409 7 177 8 
1796 6 1406 7 176 7 1408 7 
509 5 202 4 1412 5 850 6 
1304 4 1653 3 1645 3 1143 2 
1413 3 849 6 510 6 1410 5 
507 5 852 2 1412 3 1414 4 
1413 4 379 7 508 8 851 4 
1780 1 1614 2 1416 4 188 3 
189 5 1415 4 1609 7 
2339 4 1235 5 
2224 5 1419 6 1421 7 1134 7 
1424 4 1418 6 1133 3 2223 3 
588 7 1421 4 1427 3 1136 5 
1420 4 1135 4 1418 7 587 9 
1425 7 2220 6 1423 4 1130 4 
2219 5 1924 2 1129 2 1422 4 
1425 7 1419 4 2218 3 1132 4 
2217 9 1424 7 1131 6 1422 7 
1125 9 1606 6 2212 7 1427 6 
564 3 1420 3 1124 3 1426 6 
1437 5 1302 5 1451 6 1429 6 
1430 5 1450 5 1301 8 1428 6 
1300 6 1429 5 1431 6 1453 5 
1452 6 1430 6 1432 9 1299 6 
1298 10 1431 9 1447 10 1433 7 
1297 4 1446 3 1434 5 1432 7 
1296 5 1433 5 1435 8 1449 7 
1448 6 1434 8 
1653 6 1437 6 1441 6 1304 7 
1428 5 1440 6 1303 2 1436 6 
1439 8 627 5 2292 9 771 6 
2293 7 1438 8 1853 6 626 8 
1441 6 73 10 1437 6 1451 7 
1440 6 74 5 1436 6 1258 4 
1993 6 2296 5 624 5 1445 5 
295 7 832 5 847 7 515 9 
2294 4 1445 3 
625 5 2295 4 1442 5 1444 3 
71 4 1433 3 1447 6 1449 5 
1452 7 1446 6 72 8 1432 10 
1435 6 1449 5 69 3 
70 4 1446 5 1448 5 1434 7 
67 7 1453 5 1429 5 1451 5 
1428 6 1440 7 68 3 1450 5 
1447 7 1431 6 1453 5 65 6 
66 4 1452 5 1450 5 1430 5 
1751 5 1455 3 1457 4 309 5 
1634 3 1454 3 308 3 1750 4 
313 6 1457 5 1459 5 1761 7 
312 4 1760 2 1456 5 1454 4 
1461 6 311 3 1459 3 1763 4 
1458 3 1762 7 1456 5 310 3 
317 3 1757 3 1461 6 1463 5 
1458 6 316 6 1756 11 1460 6 
315 8 1759 7 1275 9 1463 9 
1758 7 314 7 1462 9 1460 5 
1703 4 1091 5 2502 5 2078 4 
771 5 1993 7 629 9 2290 5 
1753 9 1467 8 520 8 1286 9 
1466 8 1752 5 1468 4 1148 3 
518 6 1469 6 1755 6 1467 4 
517 8 1754 5 1468 6 1470 5 
1749 4 1471 4 1469 5 1179 3 
1470 4 760 5 1748 4 1472 7 
170 6 522 6 1471 7 1473 5 
1474 2 169 2 521 4 1472 5 
1473 2 197 2 782 2 1475 5 
1200 7 919 6 1474 5 196 9 
1477 4 735 6 1975 6 1479 4 
1476 4 1482 5 734 4 1974 3 
737 5 1479 5 1973 5 
1478 5 1972 6 1476 4 736 8 
1483 4 1979 5 731 7 1481 4 
1978 3 1480 4 1830 4 1672 2 
1977 7 1477 5 733 6 1483 4 
1480 4 1976 4 732 3 1482 4 
1485 5 1878 7 1679 7 18 7 
1877 6 1490 3 1484 5 17 3 
8 5 1493 3 1487 5 1872 7 
1871 7 1488 5 7 5 1486 5 
10 4 1489 3 1487 5 1152 4 
9 3 1488 3 534 3 1149 5 
1491 4 1876 4 1485 3 12 4 
1490 4 1492 3 1875 6 11 4 
1491 3 14 2 1493 1 1874 2 
1873 6 1486 3 13 4 1492 1 
1497 9 1495 8 913 7 874 7 
914 5 1500 4 1494 8 873 3 
1497 5 1314 5 876 4 
1496 5 1494 9 875 7 
1499 6 870 5 1501 4 92 4 
1498 6 869 5 93 5 1502 5 
1495 4 1501 2 872 6 911 3 
1500 2 871 1 912 4 1498 4 
868 7 1503 4 1499 5 91 10 
908 4 1502 4 867 4 1690 5 
1561 6 1547 8 1557 5 1572 9 
2333 5 1546 5 2554 5 1519 4 
1544 3 1070 5 1203 6 201 4 
2332 8 1377 3 1850 6 2557 6 
1509 5 563 5 1515 3 697 4 
1508 5 562 5 696 4 1510 7 
699 5 1511 7 1509 7 561 8 
1510 7 698 3 1517 4 560 4 
559 6 1327 7 701 8 1513 8 
558 7 1512 8 1514 7 700 8 
1515 3 557 5 1513 7 703 7 
1514 3 702 2 1508 3 556 5 
2559 3 1520 4 2338 4 1518 5 
705 4 1511 4 555 2 
2337 4 1554 4 2558 5 1516 5 
1520 4 2336 5 2438 4 1505 4 
1519 4 2335 6 1516 4 2437 6 
20 5 1522 3 2314 3 986 5 
2313 4 1521 3 1523 5 155 5 
1524 6 158 6 1522 5 2312 4 
1525 5 1523 6 2311 3 157 7 
1524 5 2310 3 16 5 1526 4 
2309 5 1527 4 15 3 1525 4 
1528 7 1526 4 2308 3 154 3 
2307 8 1527 7 1529 8 152 6 
141 7 1530 5 2306 5 1528 8 
2305 2 1529 5 1344 4 139 4 
349 5 1153 5 424 5 949 6 
1533 4 1543 3 2329 3 590 3 
1532 4 589 5 194 3 2328 6 
2076 8 1535 8 1604 4 
2074 9 1354 6 1534 8 1603 5 
598 4 1367 4 2332 8 1537 4 
1538 4 2331 2 597 5 1536 4 
1537 4 2334 4 596 8 1539 6 
2333 7 595 4 1538 6 1540 4 
1541 6 1539 4 2336 3 594 3 
593 8 1540 6 1542 6 2335 10 
592 7 1541 6 2338 2 1543 2 
591 6 1532 3 2337 3 1542 2 
1506 3 787 1 1069 3 1405 3 
288 3 966 3 223 6 
2334 5 1505 5 2555 9 1850 7 
1560 9 1504 8 1571 6 1548 8 
1574 7 1559 5 1549 6 1547 8 
1550 4 1558 3 1573 2 1548 6 
1565 4 1549 4 1551 7 1576 6 
1552 8 1550 7 1575 5 1564 7 
1578 6 1551 8 1563 6 1553 7 
1562 6 1709 8 1552 7 1577 7 
2329 3 1555 6 1518 4 2441 6 
1016 9 2440 8 1554 6 2328 8 
1567 9 1570 7 1557 5 2056 7 
1566 2 1569 5 1556 5 1504 5 
1559 2 181 2 1549 3 1565 3 
1558 2 1548 5 1560 6 180 2 
1561 7 1547 9 1559 6 183 7 
1560 7 1504 6 1566 3 182 4 
1553 6 1563 5 1381 5 185 8 
1562 5 1552 6 184 5 1564 5 
1565 4 187 3 1551 7 1563 5 
1550 4 1564 4 186 8 1558 3 
1557 2 1567 6 191 2 1561 3 
1556 9 263 8 1566 6 190 8 
1579 4 766 5 2499 5 2267 4 
1570 7 1557 5 2200 6 1572 9 
2199 4 1035 5 1556 7 1569 7 
1574 5 1547 6 2208 5 1572 7 
1569 9 1571 7 1504 9 2207 8 
1574 3 2206 4 1576 4 1549 2 
1573 3 2205 3 1548 7 1571 5 
2204 3 1578 3 1576 4 1551 5 
2203 8 1550 6 1575 4 1573 4 
2202 5 1384 5 1578 6 1553 7 
1552 6 1575 3 1577 6 2201 4 
1568 4 2498 4 765 5 94 2 
1648 6 1581 3 
1647 5 1737 4 1582 4 1580 3 
1583 4 1581 4 1735 6 1650 6 
1582 4 1734 4 1403 3 1649 3 
1636 7 1585 3 154 3 1587 5 
152 2 1584 3 1593 2 1635 3 
1587 10 16 10 1638 12 1589 9 
1586 10 15 4 1584 5 1637 4 
1589 6 1632 10 1591 7 158 7 
1588 6 157 6 1586 9 1631 5 
1634 6 20 7 1750 7 1591 6 
155 6 1588 7 1633 5 1590 6 
1840 5 981 5 1180 5 654 4 
1594 5 1641 4 1585 2 141 5 
1407 5 1593 5 1640 6 139 6 
1598 5 1596 4 2556 5 2145 4 
1854 8 1595 4 2557 6 2144 7 
1600 3 1598 6 2554 6 2147 4 
1595 5 2146 6 2555 9 1597 6 
482 9 2437 9 1600 5 1602 7 
1597 3 2438 2 1599 5 4 1 
2558 4 2157 4 1602 4 1781 6 
1601 4 2156 4 2559 3 1599 7 
1766 3 1604 1 118 3 1535 5 
117 1 1603 1 1534 4 
120 5 1607 5 
1607 4 1426 6 2043 4 929 5 
1606 4 2042 7 928 4 1605 5 
1831 5 492 5 1829 4 621 5 
729 4 1614 5 1416 7 
1831 4 2453 2 500 4 1613 6 
1157 4 1081 6 1322 4 167 3 
1843 6 502 8 1613 8 
1610 6 1612 8 495 5 
2489 5 1415 2 1609 5 728 5 
431 3 1616 6 2468 4 1618 3 
1615 6 2469 7 430 5 1621 7 
1618 4 2086 5 433 4 2466 4 
1617 4 2467 3 1615 3 432 4 
1869 4 1620 6 1789 5 470 6 
1619 6 469 8 1870 4 1625 9 
437 4 1616 7 1622 7 2462 3 
436 8 1848 10 2463 10 1621 7 
466 4 1624 8 1881 9 1626 8 
465 7 1623 8 1168 6 1629 8 
1626 10 468 6 1883 10 1620 9 
1625 10 467 6 1884 5 1623 8 
462 6 1630 3 1628 4 1156 5 
2130 4 461 2 1627 4 1158 3 
1630 4 1879 4 464 7 1624 8 
463 4 1627 3 1880 4 1629 4 
1638 8 1632 9 894 8 1589 5 
1588 10 1631 9 893 10 1633 8 
1634 5 892 4 1591 5 1632 8 
1633 5 891 4 1455 3 1590 6 
890 4 1636 7 1585 3 1641 5 
1584 7 1637 6 889 9 1635 7 
1636 6 1638 6 888 3 1587 4 
1631 8 887 6 1637 6 1586 12 
1655 5 1792 5 1645 3 1141 6 
1794 4 1594 6 1641 5 896 5 
895 4 1593 4 1640 5 1635 5 
2374 7 1233 5 2528 6 497 5 
2490 4 2376 6 94 4 758 4 
2076 5 1646 1 2047 3 
1654 3 1144 6 1639 3 1411 3 
2046 2 1644 1 2074 5 488 4 
1581 5 1650 7 2196 5 1648 8 
1580 6 2195 7 1647 8 
1808 3 1650 5 2198 3 1583 3 
1649 5 2197 4 1647 7 1582 6 
1660 3 1128 2 1256 1 1652 1 
1819 2 1127 4 1255 3 1651 1 
1411 3 1258 4 1436 6 1654 3 
1655 5 1645 3 1257 3 1653 3 
1639 5 1654 5 1260 7 1656 5 
1792 5 1655 5 1657 3 1259 4 
1658 4 1262 3 1393 6 1656 3 
1659 3 1261 4 1657 4 1391 5 
1264 3 1658 3 1660 3 1390 2 
1651 3 1389 6 1263 4 1659 3 
1817 4 2028 5 1664 4 526 4 
879 3 576 3 2027 3 2029 5 
1664 4 2033 4 1815 6 528 5 
1814 4 1663 4 527 2 1661 4 
571 4 1666 2 1670 4 884 1 
619 5 1665 2 883 5 572 2 
1819 4 1127 6 1668 7 532 6 
1667 7 1818 8 2032 9 531 7 
1670 7 878 6 720 6 567 5 
1669 7 1665 4 568 4 877 8 
1813 2 524 2 2028 3 1672 1 
523 3 1812 2 1481 2 1671 1 
192 10 2382 4 499 4 2379 3 
1678 1 2393 6 1723 2 
1682 3 1727 3 2389 2 1676 2 
1677 2 1726 4 2388 5 1675 2 
1676 2 1678 1 1725 6 2391 2 
1674 1 1677 1 2390 1 1724 2 
1680 9 1484 7 2385 8 1731 6 
1679 9 1681 6 2384 6 1730 8 
1729 1 1680 6 1682 3 2387 2 
1681 3 1675 3 1728 6 2386 4 
1684 5 1692 7 684 5 1213 4 
1683 5 683 7 1685 6 1214 7 
1684 6 1686 4 686 7 1216 6 
685 6 1217 3 1685 4 1687 3 
1091 4 1688 3 680 5 1686 3 
679 4 1689 3 1687 3 1092 2 
1690 5 1688 3 1093 6 682 6 
681 5 1689 5 1094 4 1503 5 
1218 4 1827 4 1692 8 678 6 
1219 9 1683 7 1691 8 677 6 
1696 7 1694 7 682 8 892 5 
891 5 1693 7 2159 5 681 5 
680 6 1698 4 894 7 1696 6 
1693 7 679 6 893 8 1695 6 
686 6 1698 3 888 3 1700 5 
1697 3 1695 4 685 6 887 3 
684 8 890 6 1702 7 1700 8 
889 8 683 7 1699 8 1697 5 
1702 7 715 5 678 8 896 7 
1701 7 677 3 895 4 1699 7 
1464 4 1704 5 943 5 1706 5 
942 5 2502 6 1703 5 2181 4 
2079 7 1706 6 
1705 6 938 6 2078 5 1703 5 
470 5 306 6 792 2 1789 4 
1382 6 1711 7 1385 6 1709 9 
1553 8 1384 6 1381 7 1708 9 
2132 5 1387 4 1919 5 2161 7 
1708 7 1386 3 1380 4 
326 2 1722 4 2344 6 1713 3 
325 2 2343 7 1712 3 1714 3 
2346 6 1715 2 324 3 1713 3 
323 1 1716 2 2345 1 1714 2 
1715 2 2348 6 1717 3 322 5 
2347 4 1718 5 321 4 1716 3 
1717 5 320 6 2350 4 1719 4 
2349 3 2236 6 319 3 1718 4 
208 7 1057 8 844 9 1945 9 
1722 5 2342 4 328 8 1740 5 
1721 5 2341 5 1712 4 327 5 
140 4 1724 3 1674 2 
1725 7 1678 2 1723 3 136 4 
135 12 1724 7 1677 6 1726 8 
1676 4 1727 5 1725 8 138 4 
1726 5 137 4 1675 3 1728 6 
1729 4 1727 6 1682 6 132 9 
1681 1 1728 4 131 3 1730 3 
1731 5 1680 8 134 5 1729 3 
1730 5 133 6 1878 6 1679 6 
1146 1 83 3 1221 3 1733 3 
284 9 1145 9 1220 4 1732 3 
1735 6 1583 4 784 5 1893 3 
783 7 1734 6 1737 6 1582 6 
337 7 980 3 1245 3 976 5 
1581 4 1735 6 785 4 
1739 5 1741 8 2471 5 2410 7 
1738 5 2470 3 1902 5 2409 5 
130 4 2167 6 1721 5 1103 6 
2472 8 1738 8 156 7 2407 7 
2475 10 2414 7 1745 4 1743 6 
2474 5 2413 5 156 5 1742 6 
1745 6 1747 5 2477 8 2412 7 
1744 6 1742 4 2476 4 2411 7 
2406 3 408 4 1747 2 2479 5 
1746 2 1744 5 2478 3 2405 3 
170 3 1471 4 856 2 1749 4 
855 4 1470 4 1748 4 1754 4 
1751 6 1455 4 1590 7 552 4 
1760 3 1454 5 1750 6 551 4 
852 5 1753 6 1755 7 1467 5 
1466 9 1752 6 1330 7 851 3 
1469 5 850 5 1755 5 1749 4 
849 7 1752 7 1468 6 1754 5 
1763 9 862 7 1461 11 1757 8 
549 2 1758 5 1460 3 1756 8 
1759 5 548 5 1463 7 1757 5 
1758 5 1462 7 1908 4 547 4 
1457 2 1751 3 546 1 1761 4 
545 4 1762 9 1456 7 1760 4 
544 8 1761 9 1459 7 1763 8 
1756 9 1458 4 543 7 1762 8 
2522 2 1352 5 251 3 246 4 
245 7 2311 4 1770 6 149 6 
1354 4 251 4 1603 3 2520 7 
1793 4 2313 4 147 2 245 5 
261 5 144 4 1769 5 2308 4 
1768 5 1852 3 2307 5 145 2 
1765 6 261 4 2310 3 142 5 
256 4 1357 6 260 8 2523 5 
1773 6 1779 6 26 4 719 5 
718 4 272 5 1772 6 25 5 
2512 3 259 5 1350 3 1775 1 
1349 4 58 6 1774 1 2511 3 
723 7 1285 9 30 6 1777 5 
722 6 29 3 1778 5 1776 5 
28 5 725 5 1777 5 1779 7 
27 5 724 4 1772 6 1778 7 
1415 1 2489 4 1781 5 2440 4 
2441 9 2488 6 1780 5 1601 6 
1784 6 299 6 1305 5 
1888 7 1786 8 1784 9 2179 8 
2180 5 1782 6 1783 9 1885 6 
1788 5 2072 5 303 4 1786 4 
302 5 2073 5 1783 8 1785 4 
1790 2 1788 4 2066 4 305 1 
1785 5 304 6 1787 4 2067 6 
1790 4 1619 5 1707 4 2068 4 
2069 6 1787 2 306 6 1789 4 
967 7 1799 8 
1639 5 1656 5 1142 6 1393 8 
146 4 1767 4 2314 4 1387 4 
1407 3 694 2 1640 4 1795 5 
1406 8 1796 7 1794 5 693 5 
1797 5 1409 6 1795 7 692 6 
1796 5 1408 6 691 3 
128 4 2169 3 1864 2 1103 4 
1791 8 2094 8 966 5 95 6 
1215 6 929 5 42 7 
980 4 329 4 1249 6 978 5 
2024 6 1805 6 1397 4 1803 5 
1396 5 1810 4 1802 5 2023 3 
1807 4 2022 3 1399 4 1805 5 
1398 4 1802 6 2021 4 1804 5 
1807 2 2020 3 1809 2 1401 2 
1804 4 1806 2 1400 8 2019 3 
1809 3 1649 3 1403 3 2018 5 
1808 3 1402 7 2017 5 1806 2 
1811 7 1395 6 1803 4 2026 4 
1394 6 2025 6 1295 7 1810 7 
1978 3 1672 2 1813 3 2081 5 
1816 4 1671 2 1812 3 2080 4 
1817 4 1664 4 2463 8 1815 6 
2462 4 1820 7 1663 6 1814 6 
2028 5 2465 6 1813 4 1817 4 
1814 4 1661 4 1816 4 2464 4 
1821 7 2467 5 1668 8 1819 5 
2466 3 1652 2 1667 4 1818 5 
1821 7 2469 6 2033 5 1815 7 
1820 7 1818 7 2032 8 2468 6 
785 2 690 2 1825 2 
1824 5 481 8 2000 4 1056 4 
1055 3 2561 6 480 6 1823 5 
783 5 1826 6 1822 2 688 3 
2031 6 687 7 1825 6 784 7 
458 2 1691 4 1828 2 
1827 2 457 5 
491 5 1608 4 565 3 
2487 5 523 5 1481 4 731 7 
1610 4 1608 5 2452 6 493 3 
822 4 1290 10 1833 8 730 4 
1289 6 825 6 1832 8 939 6 
2238 5 964 4 1835 2 1845 2 
2237 3 1834 2 1836 3 965 7 
962 2 1835 3 2240 2 1837 2 
963 5 1838 3 1836 2 2239 3 
1837 3 2242 5 977 4 1839 5 
981 6 2241 4 1840 6 1838 5 
1592 5 1839 6 2244 7 1841 5 
1180 5 2243 5 1991 6 1840 5 
2025 6 827 7 1295 7 996 8 
497 4 1612 6 
944 2 2236 6 1845 2 2349 3 
1844 2 2235 6 945 2 1834 2 
829 5 996 6 1847 6 1293 5 
1292 6 730 4 1846 6 828 6 
435 6 1622 10 1849 6 2464 8 
434 2 2465 4 1848 6 1851 4 
1507 6 2331 4 2556 7 1546 7 
1853 6 429 5 2080 6 1849 4 
2306 3 150 5 1854 7 1769 3 
1851 6 2081 6 1439 6 428 4 
1596 8 2305 6 151 6 1852 7 
1856 7 2186 6 866 4 2036 5 
865 8 1855 7 2185 8 
122 3 1858 2 1119 5 2161 5 
1857 2 2160 3 1370 4 121 3 
1860 4 447 4 2419 4 1202 3 
1859 4 1863 7 446 6 1201 6 
1112 4 1862 4 445 5 1209 5 
444 2 1208 5 1861 4 1118 3 
1860 7 1211 6 443 8 1112 5 
2168 5 1865 5 127 6 1798 2 
1864 5 126 6 1116 5 2163 6 
1113 4 2049 6 1204 4 440 5 
1116 6 1119 9 124 8 2165 10 
1118 6 438 9 1113 6 1206 6 
1870 2 2068 3 1619 4 773 4 
1869 2 1883 5 1620 4 772 2 
1487 7 2546 8 1152 6 1872 9 
1873 10 1871 9 1486 7 2545 5 
1872 10 1493 6 2548 8 1874 7 
2547 7 1873 7 1875 5 1492 2 
2550 5 1491 6 1876 6 1874 5 
2549 6 1490 4 1875 6 1877 7 
1485 6 2552 9 1878 8 1876 7 
1731 6 1484 7 1877 8 2551 8 
781 4 1168 2 1880 4 1629 4 
780 6 1879 4 1630 4 1156 6 
775 6 1168 7 1623 9 1884 6 
930 3 1167 5 
1870 5 1884 5 777 11 1625 10 
1883 5 776 4 1626 5 1881 6 
791 4 299 6 1888 4 1784 6 
1395 6 1892 7 1887 6 568 3 
567 5 1383 5 1886 6 1394 5 
1783 7 790 6 1885 4 302 4 
1896 7 570 5 1890 5 1399 4 
1889 5 1891 3 1398 4 569 7 
572 1 1892 5 1890 3 1397 1 
1396 8 1886 7 1891 5 571 8 
574 4 1894 4 1403 2 1734 3 
573 8 1402 9 1893 4 1895 5 
1896 6 1401 3 576 2 1894 5 
1889 7 1895 6 1400 11 575 9 
1900 5 1898 9 2301 7 2230 5 
2300 7 1897 9 1901 7 2229 7 
1900 6 2228 5 2303 6 
2302 5 1897 5 2227 5 1899 6 
2299 4 1902 4 1898 7 2226 5 
2298 6 2225 4 1739 5 1901 4 
1289 3 1388 3 1904 3 1906 3 
665 5 1329 4 1903 3 1288 7 
664 2 2380 2 1318 4 1906 3 
1290 8 1905 3 1903 3 663 4 
1276 2 1914 3 1908 3 371 2 
370 4 1907 3 1759 4 1275 6 
1295 4 1383 3 1910 3 1394 3 
1909 3 1294 5 659 2 1317 6 
369 5 1918 5 1278 5 1912 2 
1277 5 2326 4 1913 4 1911 2 
367 6 1280 7 1912 4 1914 6 
1907 3 1913 6 1279 6 366 4 
1916 6 1282 6 667 6 365 6 
364 7 1915 6 1281 4 1917 4 
2361 3 1284 3 1918 5 1916 4 
362 5 1911 5 1917 5 1283 6 
2139 5 1710 5 1920 3 2164 8 
2138 2 2165 6 1921 4 1919 3 
2141 4 1920 4 2162 7 1922 7 
2140 7 1921 7 2163 6 717 5 
2396 3 516 2 1924 1 1930 4 
1423 2 515 5 1923 1 2395 2 
2137 2 1926 2 1379 4 2166 1 
2167 5 2089 3 1925 2 2136 3 
1934 6 2400 5 512 4 1928 7 
511 7 2399 6 1929 5 1927 7 
1928 5 514 2 2398 2 1930 4 
2397 6 1929 4 1923 4 513 9 
247 5 2404 6 1932 2 508 5 
507 6 2403 5 1931 2 1933 4 
510 6 1934 6 1932 4 2402 4 
1927 6 1933 6 509 6 2401 5 
1936 4 74 6 2115 5 1244 5 
73 7 1243 4 1940 4 1935 4 
72 5 1939 3 
1939 4 66 4 1941 9 
1938 4 65 5 1937 3 
1941 9 1936 4 1242 3 68 3 
1940 9 1241 10 1938 9 67 11 
1943 5 2255 5 107 7 1949 3 
1942 5 1944 7 106 4 2256 6 
1945 8 1943 7 109 7 2257 6 
108 5 1944 8 2258 5 1720 9 
1951 8 2251 6 1947 7 2245 7 
2178 8 1946 7 1948 7 2252 4 
2253 10 1949 4 1947 7 113 4 
1948 4 112 2 2254 5 1942 3 
1951 5 2125 3 105 1 2249 1 
1950 5 1946 8 2250 8 104 5 
1953 4 2089 4 1170 6 2136 4 
1952 4 1960 3 2088 4 1169 4 
2097 4 1957 5 1174 5 1955 7 
2096 8 2143 7 1954 7 1173 7 
2099 8 1172 6 1959 8 1957 7 
1954 5 1956 7 1171 4 2098 5 
2101 5 1178 3 1961 2 1959 5 
1177 7 1956 8 1958 5 2100 5 
1953 3 1176 4 2103 5 1961 2 
2102 2 1175 3 1958 2 1960 2 
2184 10 712 10 1971 9 1963 8 
225 3 494 5 2183 2 1962 8 
1965 9 2148 7 234 7 2188 6 
1964 9 2187 6 1966 8 233 5 
1967 5 2190 5 1965 8 232 6 
231 3 1966 5 2189 3 1968 2 
230 2 1969 3 2192 3 1967 2 
1968 3 1970 4 229 4 2191 6 
228 4 1971 3 1969 4 2194 6 
1970 3 2193 5 1962 9 227 2 
1975 8 1973 6 1479 6 2295 5 
2294 6 1972 6 1478 5 
2297 2 1977 5 1477 3 1975 5 
1972 8 1476 6 2296 7 1974 5 
1979 5 1483 4 2291 4 1977 7 
1482 7 2290 6 1976 7 1974 5 
1812 3 1979 4 1481 3 2293 5 
1976 5 1480 5 1978 4 2292 7 
2520 7 2373 6 505 6 1981 12 
2372 11 1980 12 2519 11 1983 11 
1988 5 210 7 1037 7 401 7 
2371 6 1984 5 1981 11 2522 2 
1985 5 2521 6 1983 5 2370 5 
2369 4 1984 5 2524 6 1986 4 
1987 7 2523 5 2368 3 1985 4 
1986 7 1989 9 2526 7 2367 5 
753 2 1982 5 209 5 1036 6 
1987 9 2362 8 769 6 2366 8 
1991 6 1992 4 2047 4 
1990 6 1994 6 1841 6 2046 6 
1994 4 1990 4 449 7 
1442 6 2297 5 1465 7 623 6 
1992 4 1991 6 1180 5 448 4 
1062 5 1996 4 2006 3 475 6 
474 4 1995 4 1061 5 1997 5 
1060 5 1998 4 1996 5 477 6 
1059 3 1997 4 476 5 1999 2 
2000 3 1117 4 1998 2 479 4 
1999 3 1115 7 1823 4 478 4 
1244 3 2002 4 
2001 4 1243 6 2003 8 
2004 8 1242 5 2002 8 
1241 7 2003 8 
2006 3 1064 3 473 6 290 7 
2005 3 472 2 1122 3 1995 3 
2045 4 1173 5 2143 5 2008 3 
2013 2 2044 4 2131 3 2007 3 
2035 6 656 8 2016 6 2010 8 
655 5 2011 5 2034 7 2009 8 
2012 5 2010 5 2037 2 654 4 
2036 6 2186 7 653 7 2011 5 
652 6 2008 2 2014 6 2039 6 
651 9 2015 9 2013 6 2038 6 
1348 5 2014 9 2016 6 2041 8 
2009 6 2015 6 2040 2 1347 4 
1809 5 2018 7 2020 6 610 5 
609 4 2017 7 1808 5 2198 5 
612 8 2020 4 2022 2 1807 3 
611 5 2019 4 1806 3 2017 6 
2022 2 614 2 1805 4 2024 4 
2021 2 2019 2 1804 3 613 2 
616 4 2024 4 2026 3 1803 3 
1802 6 2023 4 615 5 2021 4 
1842 6 1811 6 2026 3 618 5 
2025 3 617 5 2023 3 1810 4 
575 5 880 1 1662 3 638 4 
1816 5 1661 5 1671 3 525 6 
573 7 2031 4 1662 5 882 5 
214 2 955 2 401 5 1029 3 
1826 6 881 4 574 5 2029 4 
2033 6 530 6 1821 8 1668 9 
2032 6 1663 4 529 4 1820 5 
2037 4 672 5 2035 5 2010 7 
2009 6 671 4 2040 2 2034 5 
670 8 2037 3 2012 6 1855 5 
2034 4 2036 3 669 3 2011 2 
2039 6 676 3 2014 6 2041 5 
2038 6 2044 8 675 6 2013 6 
674 4 2035 2 2016 2 2041 4 
673 6 2015 8 2040 4 2038 5 
120 7 2043 7 834 6 1607 7 
2042 7 833 5 2212 5 1606 4 
668 4 2008 4 2039 8 2045 5 
2007 4 667 4 2044 5 365 4 
2243 5 1646 2 2047 4 1991 6 
2046 4 1990 4 1644 3 
2051 5 2049 5 271 2 1037 5 
1866 6 2048 5 270 7 1036 8 
1029 8 269 9 2053 7 2051 10 
2048 5 268 5 1028 7 2050 10 
1031 7 2053 5 267 6 2055 11 
2052 5 266 3 1030 3 2050 7 
2057 4 2055 8 265 5 1033 3 
2054 8 1032 10 2052 11 264 10 
1035 5 263 6 2057 5 1556 7 
2054 4 2056 5 262 4 1034 6 
1266 4 542 6 2061 6 2059 4 
2064 3 1265 7 541 4 2058 4 
1268 4 540 5 2071 2 2061 6 
539 7 2058 6 2060 6 1267 8 
2063 9 1270 10 2065 9 538 10 
2062 9 537 4 1269 4 1120 7 
2065 3 2059 3 536 4 1272 4 
1271 6 2064 3 535 5 2062 9 
2069 8 2067 6 1787 4 557 6 
2072 6 2066 6 556 7 1788 6 
1869 3 2069 6 559 4 1789 4 
2066 8 1790 6 558 7 2068 6 
1149 10 1274 7 534 8 2071 6 
2060 2 1273 1 2070 6 533 4 
2067 6 563 6 1785 5 2073 6 
1786 5 562 5 2179 5 2072 6 
2213 7 1535 9 2076 9 1646 5 
2079 5 2077 3 1214 4 
2074 9 1644 5 1534 8 
1213 5 2093 3 2075 3 
1217 3 2079 6 1464 4 1706 5 
1705 7 2078 6 2075 5 1216 8 
2081 6 2465 6 1813 4 1851 6 
1853 6 2293 7 2080 6 1812 5 
2083 2 2182 3 1094 1 837 2 
2082 2 1093 6 2181 2 2502 4 
2085 4 1346 8 
2084 4 1331 5 
2112 3 1617 5 2087 7 1255 5 
2259 5 2086 7 1256 5 2111 10 
2341 5 2103 6 2089 4 1953 4 
2088 4 2342 3 1926 3 1952 4 
2378 5 97 4 975 4 2091 3 
2090 3 2375 4 974 7 96 4 
2095 4 103 4 2378 5 969 4 
2077 3 1219 4 
2095 7 1799 8 101 7 971 7 
2092 4 970 4 2094 7 100 4 
944 5 1955 8 2349 6 2097 5 
2098 4 1954 4 2350 2 2096 5 
2097 4 2099 6 1957 5 2347 5 
2098 6 1956 8 2100 5 2348 8 
2345 2 2101 5 2099 5 1959 5 
2346 8 1958 5 2102 5 2100 5 
1961 2 2101 5 2103 5 2343 7 
2088 6 2102 5 2344 8 1960 5 
2573 7 2105 7 629 9 2110 8 
2106 4 628 6 2104 7 2572 7 
2575 2 2105 4 2107 2 627 1 
2106 2 626 6 2285 4 2574 5 
625 5 2109 9 
2571 8 624 9 2108 9 2110 11 
2570 6 623 7 2104 8 2109 11 
2112 6 1080 6 2087 10 2118 10 
433 2 2086 3 2111 6 1079 5 
2114 4 1074 6 2116 5 2455 4 
2113 4 1073 5 2119 4 2454 7 
2116 6 1072 3 1935 5 2457 3 
2115 6 2456 5 2113 5 1071 5 
1147 6 1078 6 2118 7 2120 4 
2259 5 2117 7 1077 8 2111 10 
2114 4 2461 4 2120 3 1076 2 
2119 3 1075 4 2117 4 2460 3 
2128 2 2429 3 2508 4 2122 1 
2430 2 2123 6 2121 1 2507 2 
2510 6 2124 8 2431 6 2122 6 
2123 8 2509 4 2432 6 2129 8 
1950 3 2425 3 2126 4 2504 8 
2426 3 2127 2 2503 3 2125 4 
2126 2 2506 3 2128 2 2427 1 
2428 4 2121 2 2505 4 2127 2 
2130 8 2433 6 2501 7 2124 8 
1628 4 2500 3 2129 8 2434 3 
2143 5 652 7 945 3 2008 3 
2133 4 1710 5 2139 5 987 3 
2132 4 2314 3 1387 3 986 5 
991 10 2137 5 2135 6 1379 7 
717 4 990 4 2134 6 2140 6 
1926 3 1952 4 989 2 2137 3 
988 5 1925 2 2134 5 2136 3 
2141 2 1920 2 2139 4 995 3 
994 3 2138 4 1919 5 2132 5 
2141 4 1922 7 993 7 2135 6 
992 3 2138 2 1921 4 2140 4 
1121 6 2317 4 1215 8 
2131 5 1955 7 944 4 2007 5 
2305 5 2145 7 1344 7 1596 7 
1343 5 2144 7 1595 4 2146 5 
1598 6 1342 5 2147 4 2145 5 
4 2 2146 4 1597 4 1341 3 
2149 4 927 3 1964 7 805 5 
2148 4 804 7 2152 3 926 3 
801 2 2151 3 2153 3 
2154 5 2150 3 800 5 
2153 4 931 3 799 3 2149 3 
2152 4 798 6 930 3 2150 3 
2151 5 2155 4 803 5 
2154 4 802 5 
2157 4 1602 4 1338 3 482 6 
1601 4 2156 4 1337 4 2488 4 
309 8 2159 7 298 8 868 10 
2158 7 867 4 308 4 1694 5 
2161 6 146 3 1858 3 1387 3 
2164 10 2160 6 1857 5 1710 7 
2165 9 2163 6 1116 5 1921 7 
2162 6 1922 6 2168 6 1865 6 
2161 10 1119 10 1919 8 2165 11 
2162 9 1920 6 1867 10 2164 11 
1103 4 2169 3 2167 4 1925 1 
1926 5 1740 6 2342 5 2166 4 
2169 6 1864 5 2163 6 717 5 
2168 6 1798 3 1379 6 2166 3 
1074 6 2171 3 361 2 
1073 4 915 3 2170 3 2172 4 
2289 6 2173 5 1076 3 2171 4 
2174 5 1075 5 2172 5 2288 3 
2175 4 2173 5 1078 6 357 7 
2174 4 1077 5 356 4 2176 2 
1080 1 2175 2 355 5 318 2 
2182 4 837 3 
214 5 2245 8 1947 8 113 5 
561 6 2073 5 1783 8 2180 4 
560 3 1784 5 2179 4 1305 4 
2083 2 1704 4 2182 3 
2177 4 2082 3 2181 3 
2377 3 2184 4 1963 2 
2193 6 1962 10 1019 5 2183 4 
2186 7 1856 8 449 8 
448 6 2012 7 1855 6 2185 7 
2190 3 1965 6 2188 3 1023 2 
2187 3 1022 3 927 2 1964 6 
2190 3 2192 4 1021 3 1967 3 
2189 3 1020 3 2187 3 1966 5 
2192 6 1027 6 2194 8 1969 6 
2191 6 2189 4 1026 3 1968 3 
2194 8 2184 6 1971 5 1025 7 
2193 8 1970 6 1024 5 2191 8 
427 5 1648 7 2196 4 
2197 2 426 3 1647 5 2195 4 
2196 2 425 3 1650 4 2198 2 
424 3 1649 3 2197 2 2018 5 
1570 4 958 5 2200 3 46 5 
45 6 2199 3 1569 6 2207 5 
48 2 2202 3 2204 4 1578 4 
1577 5 741 6 47 4 2201 3 
1576 8 2206 8 50 9 2204 7 
1575 3 49 7 2203 7 2201 4 
2208 3 52 4 2206 4 1574 3 
2203 8 2205 4 1573 4 51 4 
2208 6 54 8 2200 5 1572 8 
2205 3 2207 6 53 5 1571 5 
484 4 1358 5 2210 6 2216 7 
1357 7 483 4 2211 5 2209 6 
2210 5 1356 7 566 5 486 6 
564 4 2043 5 639 6 1426 7 
2074 7 488 6 2214 4 1354 4 
487 2 2213 4 2215 2 1353 4 
490 2 2216 5 2214 2 1352 4 
489 5 1351 6 2215 5 2209 7 
1425 9 635 7 2218 5 2220 8 
634 5 2217 5 1424 3 2223 2 
2395 5 1423 5 637 5 2220 7 
2219 7 2217 8 636 5 1422 6 
496 5 1350 5 566 6 2222 5 
998 7 501 7 1349 6 2221 5 
2224 2 633 3 2218 2 1419 3 
587 7 1418 5 2223 2 632 2 
1902 4 2226 5 2409 4 821 3 
2225 5 820 4 1901 5 2229 5 
817 5 1900 5 2228 4 2230 5 
1899 5 816 5 2227 4 
2230 3 2226 5 1898 7 819 4 
2229 3 818 6 1897 5 2227 5 
2232 2 836 2 840 6 
835 4 2231 2 2233 4 839 3 
834 5 2232 4 842 6 2234 8 
2424 5 833 7 841 9 2233 8 
1845 6 2236 10 496 7 2238 9 
1844 6 1719 6 501 10 2235 10 
486 6 1835 3 2238 6 2240 2 
485 6 1834 5 2237 6 2235 9 
2242 5 484 4 1837 3 2240 3 
1836 2 2237 2 483 1 2239 3 
1839 4 2244 5 490 3 2242 4 
2239 5 489 3 1838 5 2241 4 
2046 5 1841 5 2244 7 488 7 
2241 5 487 4 1840 7 2243 7 
2178 8 104 4 213 6 1946 7 
2247 3 353 7 2248 5 1096 5 
352 4 2246 3 1095 6 1114 4 
1097 7 351 3 2246 5 
1950 1 2250 4 338 3 2425 1 
1951 8 2249 4 2251 6 337 8 
330 3 2252 3 1946 6 2250 6 
2253 7 329 1 2251 3 1947 4 
1948 10 2252 7 332 10 2254 11 
2255 7 2253 11 1949 5 331 7 
2254 7 1942 5 334 4 2256 6 
333 4 2257 5 2255 6 1943 6 
2256 5 1944 6 2258 3 336 4 
1945 5 335 4 2257 3 208 3 
2087 5 2118 5 1263 2 1147 4 
762 7 2261 4 2263 3 2495 5 
2494 8 761 4 2266 3 2260 4 
2263 3 764 6 2493 4 607 3 
2262 3 763 4 2260 3 2492 5 
2265 6 2450 8 906 4 815 4 
2270 6 2264 6 814 4 905 5 
2497 4 768 2 2261 3 2267 2 
767 2 2266 2 2496 5 1568 4 
811 5 2271 8 2269 4 900 6 
899 6 810 3 2274 3 2268 4 
2265 6 898 4 813 4 2271 8 
812 7 2268 8 2270 8 897 7 
2273 4 807 4 904 5 2275 5 
2272 4 903 5 806 4 258 2 
2275 5 902 6 809 3 2269 3 
2274 5 808 4 2272 5 901 3 
2352 6 437 7 2277 9 2283 8 
436 7 2276 9 2351 5 2278 5 
2354 6 435 2 2277 5 2279 3 
2284 8 434 3 2353 4 2278 3 
1079 6 2356 6 433 3 2281 5 
2282 4 2355 5 432 6 2280 5 
431 2 2281 4 2358 5 2283 3 
2282 3 430 3 2357 5 2276 8 
2285 9 2279 8 429 8 2360 9 
2359 8 2284 9 428 4 2107 4 
1195 6 2392 4 2287 5 
1194 8 2286 5 358 7 
801 2 2289 4 357 5 2173 3 
2172 6 2288 4 800 6 915 5 
1977 6 2297 3 2291 3 1465 5 
1976 4 2292 6 2290 3 771 3 
2293 8 2291 6 1438 9 1979 7 
2292 8 1439 7 2081 7 1978 5 
1973 6 2295 5 1444 4 
2294 5 1972 5 2296 4 1445 4 
1442 5 2297 4 1975 7 2295 4 
1974 2 2290 3 1993 5 2296 4 
1902 6 2470 4 2299 6 1099 6 
1901 4 2298 6 1100 5 2300 4 
1898 7 2301 5 1095 7 2299 4 
2300 5 1096 6 1897 7 2302 7 
2303 5 1900 5 1097 8 2301 7 
2302 5 1098 4 1899 6 
2315 6 363 5 789 5 
1854 6 2144 5 2306 2 1530 2 
1852 3 2305 2 1529 5 2307 5 
1528 8 2306 5 1769 5 2308 4 
1527 3 1768 4 2309 4 2307 4 
1526 5 261 5 2310 4 2308 4 
2309 4 2311 1 1525 3 1770 3 
1765 4 2312 1 2310 1 1524 3 
2311 1 2313 3 245 4 1523 4 
1522 4 1767 4 2314 4 2312 3 
1793 4 1521 3 2133 3 2313 4 
2304 6 790 9 116 5 
2321 7 1039 9 2317 6 917 8 
1038 2 916 7 2316 6 2142 4 
923 5 1043 5 2325 7 2319 6 
1042 4 922 6 2320 4 2318 6 
2321 3 1041 6 2319 4 925 4 
1040 6 2320 3 2316 7 924 4 
919 5 2323 5 1047 8 196 8 
2322 5 1046 5 2324 4 918 8 
1045 4 921 5 2323 4 2325 5 
920 5 1044 8 2318 7 2324 5 
1912 4 1178 5 369 7 367 6 
839 5 1291 5 794 4 368 4 
2458 5 1555 8 2329 5 1533 6 
1554 3 2328 5 1532 3 2337 3 
1110 3 2513 4 2562 3 519 6 
1537 2 2332 6 1850 4 2334 2 
2530 8 1507 8 2331 6 1536 8 
1539 7 1505 5 2334 5 2336 6 
1538 4 1546 5 2333 5 2331 2 
1520 6 2338 6 2336 7 1541 10 
1519 5 2333 6 2335 7 1540 3 
1518 4 1543 3 2338 3 2329 3 
2335 6 1542 2 1516 4 2337 3 
2568 5 115 4 2340 4 1417 4 
114 5 2339 4 
2344 7 1722 5 2088 5 2342 4 
2341 4 2167 5 2089 3 1721 4 
1713 7 2346 10 2102 7 2344 10 
2341 7 2103 8 1712 6 2343 10 
2100 2 2348 5 1715 1 2346 5 
1714 6 2101 8 2345 5 2343 10 
1717 4 2348 7 2350 3 2098 5 
2347 7 2345 5 1716 6 2099 8 
1719 3 1844 3 2350 3 2096 6 
1718 4 2349 3 2347 3 2097 2 
380 6 2354 6 2277 5 2352 2 
2276 6 377 2 2351 2 2357 3 
2354 7 2360 5 376 4 2279 4 
375 9 2278 6 2353 7 2351 6 
2358 6 953 3 2281 5 2356 6 
952 7 2280 6 318 6 2355 6 
2358 7 388 5 2283 5 2352 3 
2357 7 2355 6 2282 5 382 9 
961 6 2285 8 2574 9 2360 8 
960 7 2353 5 2359 8 2284 9 
1917 3 364 6 1171 3 362 3 
2512 6 1989 8 259 8 2526 6 
519 7 2560 8 695 5 1101 4 
208 4 770 3 335 5 2365 6 
2366 7 207 4 2364 6 769 5 
2365 7 200 6 2367 4 1989 8 
2368 1 199 2 1987 5 2366 4 
2367 1 2369 3 1405 3 1986 3 
1985 4 201 4 2370 4 2368 3 
2369 4 204 5 2371 6 1984 5 
1983 6 203 5 2372 6 2370 6 
206 5 1981 11 2373 5 2371 6 
1980 6 205 9 2372 5 3 9 
1642 7 2381 6 498 4 1232 5 
973 7 99 6 2376 5 2091 4 
1643 6 2375 5 972 10 98 4 
2183 3 494 6 
2090 5 968 6 2092 5 102 6 
1673 3 2394 5 1238 3 
1292 3 1905 2 730 1 1290 7 
1240 7 2374 6 2383 4 
198 3 1673 4 741 6 47 4 
1307 4 1239 4 2381 4 
1014 3 1680 6 2385 5 2387 2 
2384 5 1013 7 1679 8 18 8 
1012 3 2387 3 2389 3 1682 4 
2386 3 1011 5 1681 2 2384 2 
2391 5 2389 5 1676 5 1010 6 
2388 5 2386 3 1009 4 1675 2 
2391 2 1678 1 2393 6 1008 4 
2388 5 2390 2 1677 2 1007 3 
2393 8 2286 4 1018 8 
1674 6 2392 8 2390 6 1017 8 
499 6 1386 5 2379 5 
2219 5 1924 2 2396 4 447 5 
1923 3 2395 4 2397 5 446 5 
2398 4 443 7 1930 6 2396 5 
442 6 2397 4 1929 2 2399 3 
2400 4 445 4 1928 6 2398 3 
2399 4 1927 5 444 3 2401 4 
2402 3 439 2 2400 4 1934 5 
2401 3 438 6 2403 5 1933 4 
2404 9 441 4 1932 5 2402 5 
2403 9 32 8 440 8 1931 6 
2406 4 608 4 2412 5 1747 3 
1746 3 2405 4 607 3 764 6 
2408 4 2410 6 1741 7 600 3 
599 4 2407 4 2413 4 156 4 
2225 4 602 5 2410 7 1739 5 
2407 6 601 10 1738 7 2409 7 
2414 10 2412 8 604 8 1745 7 
603 6 2411 8 1744 7 2405 5 
2414 6 1743 5 2408 4 606 3 
1742 7 2413 6 2411 10 605 6 
2416 9 633 6 646 6 2422 8 
632 6 2415 9 645 7 2417 6 
648 2 2416 6 2418 2 631 6 
2423 3 630 5 647 2 2417 2 
637 5 2420 5 1859 4 642 5 
641 3 2421 4 2419 5 636 3 
2420 4 2422 6 635 5 644 4 
634 8 643 10 2421 6 2415 8 
2418 3 640 4 2424 3 650 4 
639 4 2234 5 649 2 2423 3 
164 2 2125 3 2249 1 2426 2 
2427 2 163 3 2126 3 2425 2 
2426 2 166 3 2428 3 2127 1 
2128 4 165 3 2429 5 2427 3 
2430 4 2121 3 160 6 2428 5 
2429 4 2122 2 2431 2 159 4 
162 2 2123 6 2430 2 2432 4 
161 8 2433 4 2124 6 2431 4 
2434 1 2432 4 2129 6 168 2 
167 2 1158 2 2433 1 2130 3 
853 5 846 4 169 4 1392 6 
659 3 381 7 721 3 383 3 
2559 5 1599 9 2438 6 1520 6 
2554 5 1519 4 1600 2 2437 6 
723 7 378 4 387 6 665 7 
188 6 1555 8 2441 8 1780 4 
1781 9 2558 7 2440 8 1554 6 
590 8 705 9 2445 8 2443 8 
2442 8 589 4 471 4 
2445 3 699 2 2447 3 592 8 
2442 8 2444 3 698 2 591 6 
2447 4 594 5 697 4 2449 5 
2446 4 696 3 593 4 2444 3 
703 7 596 8 2451 4 2449 5 
702 4 595 3 2446 5 2448 5 
2451 6 701 9 598 6 2264 8 
2450 6 2448 4 700 5 597 5 
621 6 2453 4 1831 6 
1610 2 2452 4 
2455 7 2461 7 2114 7 1259 7 
2456 4 2454 7 1260 6 2113 4 
2455 4 1257 3 2457 2 2116 5 
1258 3 74 4 2456 2 2115 3 
2459 5 2328 5 1016 6 194 2 
2458 5 1015 5 193 9 
1261 3 2461 4 1147 5 2120 3 
2119 4 2454 7 2460 4 1262 4 
2469 3 1815 4 2463 6 1621 3 
2464 8 2462 6 1622 10 1814 8 
2463 8 1848 8 1817 4 2465 6 
1816 6 1849 4 2080 6 2464 6 
1819 3 1255 4 2467 3 1617 4 
2468 4 1618 3 2466 3 1818 5 
2469 5 2467 4 1615 4 1821 6 
2468 5 1820 6 2462 3 1616 7 
2298 4 1739 3 2471 3 1269 2 
2472 5 2470 3 1738 5 1270 6 
2471 5 1741 8 2473 4 1271 6 
1272 5 2472 4 156 3 2474 3 
1743 5 1265 6 2475 9 2473 3 
1742 10 2474 9 1266 10 2476 10 
2477 6 1267 6 1745 4 2475 10 
2476 6 1268 6 2478 6 1744 8 
2479 6 2477 6 1273 3 1747 3 
2478 6 1274 5 80 8 1746 5 
2481 3 101 4 737 4 
2480 3 2482 4 100 3 736 7 
2481 4 2483 4 735 7 103 5 
2482 4 2484 4 102 4 734 3 
97 5 2485 9 2483 4 733 6 
2484 9 2486 7 732 8 96 9 
731 5 2485 7 2487 3 99 4 
1830 5 76 8 98 4 2486 3 
1336 4 1781 6 2489 5 2157 4 
1614 5 1780 4 2488 5 1335 6 
1643 4 2491 2 98 2 76 6 
75 7 2498 4 94 2 2490 2 
84 4 2495 7 2493 6 2263 5 
83 5 2262 4 1221 5 2492 6 
2495 9 2261 8 2497 9 86 8 
2494 9 85 6 2492 7 2260 5 
2499 6 2497 7 88 6 2267 5 
2266 4 2496 7 2494 9 87 8 
90 5 2491 4 1579 4 2499 5 
2496 6 1568 5 89 4 2498 5 
2130 3 461 1 2501 2 392 8 
2509 3 2500 2 391 4 2129 7 
1704 6 1464 5 2083 4 1092 3 
2504 7 2126 3 400 4 2506 4 
2503 7 105 6 399 10 2125 8 
2506 5 2128 4 398 3 2508 6 
2127 3 2505 5 397 6 2503 4 
396 2 2510 2 2508 5 2122 2 
2507 5 2121 4 395 6 2505 6 
2501 3 2510 2 394 4 2124 4 
2123 6 2509 2 2507 2 393 4 
1251 7 770 3 1775 3 2512 5 
2362 6 1774 3 769 4 2511 5 
2565 5 2514 2 2330 4 1109 4 
2515 6 2564 2 1108 4 2513 2 
2516 8 2514 6 2567 9 1107 6 
2515 8 2566 5 1106 7 2517 9 
2569 8 2518 9 1105 10 2516 9 
1104 5 2517 9 2568 5 115 4 
2522 2 2520 6 251 3 1981 11 
1980 7 2519 6 118 7 1766 7 
246 5 2524 7 1984 6 2522 3 
1764 2 2519 2 2521 3 1983 2 
2524 7 1986 5 2526 5 1771 5 
2523 7 260 10 2521 7 1985 6 
2553 4 1025 4 
1987 7 2523 5 256 4 2362 6 
495 2 1231 7 2534 2 2528 4 
1230 4 1642 6 2527 4 502 7 
2540 4 2530 4 1378 6 1368 6 
2332 8 2529 4 1367 4 1377 3 
491 6 1235 6 2532 5 
2533 8 1234 4 492 5 2531 5 
2532 8 1237 8 493 6 2534 6 
500 3 1236 3 2527 2 2533 6 
1372 6 2538 4 2536 6 1364 7 
1371 4 2535 6 2541 5 1363 4 
1366 5 1370 4 2538 3 121 3 
1369 6 2535 4 2537 3 1365 2 
2542 6 1376 6 1360 7 2540 7 
2529 4 1375 5 1359 7 2539 7 
2542 3 1374 6 2536 5 1362 4 
2539 6 2541 3 1361 4 1373 3 
1152 3 2546 5 2544 4 79 2 
1149 7 2543 4 1274 4 80 7 
81 1 2548 3 2546 4 1872 5 
1871 8 2543 5 2545 4 82 6 
2550 7 1874 7 2548 8 620 7 
622 4 1873 8 2545 3 2547 8 
1876 6 2550 5 2552 8 77 5 
2549 5 2547 7 78 5 1875 5 
2552 9 133 8 660 7 1878 8 
2551 9 666 10 1877 9 2549 8 
2525 4 1345 4 1024 4 
2438 5 1505 5 2555 9 1597 6 
1546 9 1598 9 2554 9 2556 9 
2557 7 1595 5 1850 7 2555 9 
2556 7 151 4 1596 6 1507 6 
1601 4 2441 7 2559 3 1518 5 
1516 3 2558 3 2437 5 1602 3 
1240 9 2363 8 2563 8 2561 8 
1824 6 695 5 1239 6 2560 8 
2565 4 2563 4 2330 3 1233 2 
2562 4 519 7 1232 5 2560 8 
2514 2 2565 5 2567 5 1231 7 
2513 5 1230 5 2562 4 2564 5 
2567 6 2569 4 2516 5 1237 5 
2566 6 2515 9 1236 6 2564 5 
2339 5 2569 4 2518 5 1235 6 
2517 8 1234 3 2566 4 2568 4 
2110 6 2571 3 2573 5 743 4 
2570 3 2109 8 742 3 
749 6 2575 5 2105 7 2573 7 
748 4 2104 7 2570 5 2572 7 
747 5 2575 5 2359 9 2107 5 
2106 2 2574 5 746 5 2572 5 
