2487 4836 001
1021 2 1457 1 526 2 135 3 
3 3 972 4 1932 4 818 3 
4 2 817 2 971 2 2 3 
5 1 977 3 3 2 814 2 
4 1 976 2 813 2 6 2 
1282 2 816 2 5 2 7 3 
815 4 6 3 1281 3 8 2 
1280 3 810 2 9 1 7 2 
10 1 1279 2 8 1 809 2 
9 1 812 3 1278 2 11 1 
811 2 1277 1 182 2 10 1 
15 1 1398 1 13 1 1372 1 
1397 2 12 1 1371 1 18 1 
1370 4 1400 4 15 4 21 4 
12 1 1399 4 14 4 1369 2 
1394 3 19 4 1368 4 17 3 
1393 1 1367 2 16 3 1716 2 
19 2 1396 4 1366 2 13 1 
18 2 16 4 1365 2 1395 2 
21 1 1364 3 1909 2 1402 1 
20 1 1401 2 14 4 1363 3 
138 4 2184 2 974 3 23 3 
1550 3 2183 3 24 4 22 3 
58 3 25 3 821 3 23 4 
2181 2 24 3 26 1 59 2 
60 1 25 1 2188 2 27 1 
997 3 2187 1 28 1 26 1 
1555 2 29 3 2186 1 27 1 
28 3 30 3 2185 3 1006 3 
29 3 31 2 1557 1 819 1 
30 2 667 2 1558 3 2179 3 
35 3 33 1 1411 1 2471 2 
1410 2 2470 2 1069 2 32 1 
1413 1 35 3 37 1 2469 3 
34 3 32 3 1412 3 2468 3 
1415 2 39 3 2394 2 37 2 
1414 2 34 1 2393 1 36 2 
2465 1 39 2 41 1 1417 2 
2464 3 38 2 36 3 1416 3 
2351 3 1409 1 41 1 2474 2 
1408 2 2473 2 40 1 38 1 
360 2 43 2 
44 2 42 2 363 3 
43 2 362 3 2358 4 
48 1 46 1 1642 2 1531 1 
1641 2 51 2 1530 2 45 1 
1529 2 54 2 48 2 1644 2 
1643 3 45 1 47 2 1528 2 
52 1 1646 1 50 1 1527 1 
1480 3 1526 1 1645 1 49 1 
46 2 1525 2 1648 2 52 2 
1647 2 49 1 1524 2 51 2 
534 3 54 2 2479 2 1992 3 
1518 2 533 2 53 2 47 2 
2068 1 2455 1 
1552 2 433 2 2015 3 57 2 
62 1 431 4 2014 3 56 2 
24 3 1550 2 59 2 2350 3 
58 2 25 2 2000 2 60 2 
26 1 997 3 2365 2 59 2 
426 3 2010 2 1553 2 1585 3 
2009 2 57 1 1556 1 430 1 
1549 1 1863 1 1093 1 2327 1 
1691 2 65 1 1613 3 266 1 
1614 1 64 1 1690 2 70 2 
1621 2 873 3 73 2 67 2 
891 1 1622 1 68 2 66 2 
69 4 1699 3 67 2 1619 3 
1620 3 1698 4 68 4 740 4 
71 3 1617 2 65 2 1701 2 
72 3 70 3 1618 3 1700 3 
71 3 1615 2 1703 2 73 2 
870 2 1702 1 66 2 72 2 
1585 2 2382 1 1753 1 1220 2 
239 3 1804 2 80 2 76 3 
238 2 2403 3 75 3 1805 3 
1796 1 242 1 84 1 78 4 
241 4 1797 5 79 4 77 4 
244 1 80 1 78 4 1798 2 
75 2 79 1 1799 1 243 2 
1440 5 1598 4 82 4 1800 4 
1801 2 83 1 81 4 245 2 
82 1 1802 2 84 1 248 2 
247 1 1803 1 77 1 83 1 
2168 1 1828 1 1146 1 2200 1 
2414 3 87 3 733 3 1689 5 
86 3 1688 1 734 3 88 1 
89 2 890 1 731 1 87 1 
845 2 88 2 732 3 887 2 
857 1 2278 1 848 2 1731 2 
845 1 854 1 738 2 1692 1 
1889 3 857 1 2276 1 2348 1 
854 1 1694 1 736 1 94 4 
95 4 739 4 1697 4 93 4 
1620 1 740 2 94 4 1696 2 
835 2 2274 1 97 2 822 1 
1894 2 2055 3 96 2 2273 3 
1149 1 884 1 2180 1 1827 1 
918 4 793 4 100 3 
101 1 917 1 99 3 
100 1 920 1 102 1 
919 3 101 1 
1874 2 109 2 1568 4 104 3 
1567 2 1873 3 105 2 103 3 
104 2 1468 1 
107 3 1566 2 1870 3 875 3 
1565 3 106 3 1451 2 108 3 
109 2 1564 3 1872 2 107 3 
1563 1 108 2 1871 2 103 2 
206 2 113 3 111 2 1189 2 
924 1 1188 1 205 1 110 2 
464 1 921 2 914 2 2127 2 
1190 3 110 3 203 3 823 2 
921 2 458 2 2133 1 923 3 
201 3 118 3 922 2 1192 3 
460 1 923 3 475 4 117 1 
459 1 472 1 116 1 
115 3 198 4 1187 2 119 2 
197 2 118 2 
200 1 127 1 121 2 1213 2 
120 2 1212 2 199 3 122 2 
123 3 1211 1 202 3 121 2 
122 3 201 4 1210 5 128 3 
204 2 858 2 1217 2 125 1 
126 2 1216 1 203 2 124 1 
125 2 1215 3 206 2 127 2 
120 1 205 1 1214 1 126 2 
1219 1 129 3 123 3 198 3 
128 3 1218 3 2340 5 197 4 
2351 3 2474 2 
435 2 2268 3 1018 2 132 3 
2202 3 133 3 2263 4 131 3 
2216 2 132 3 2262 1 134 1 
1982 2 2261 1 407 1 133 1 
136 5 474 3 1056 3 1 3 
135 5 1045 3 1014 4 463 3 
1219 2 319 2 140 2 138 4 
1218 3 22 4 320 3 137 4 
1211 2 140 2 321 2 142 2 
322 2 139 2 1210 3 137 2 
144 3 1213 3 323 2 142 2 
324 2 141 2 1212 1 139 2 
1215 2 144 2 325 1 146 2 
141 3 143 2 1214 2 326 4 
327 3 1217 3 378 3 146 3 
143 2 1216 2 145 3 328 4 
150 3 148 2 965 2 1016 2 
147 2 2483 3 964 1 1015 2 
355 2 1572 2 1185 4 151 2 
147 3 1017 2 966 2 
354 2 149 2 1575 2 1182 1 
1895 3 153 2 1562 3 410 3 
1561 1 162 1 152 2 820 2 
1225 2 1253 1 157 2 155 3 
1252 4 1057 3 1224 4 154 3 
1251 2 1227 3 157 3 
1226 3 1250 3 154 2 156 3 
159 3 161 4 1568 5 1887 3 
1567 1 158 3 1886 1 
1747 2 163 4 161 2 1564 2 
160 2 158 4 1743 2 1563 2 
153 1 1566 1 163 4 1737 2 
1565 5 1735 4 160 4 162 4 
168 1 2473 2 
383 2 2393 2 172 3 166 2 
167 3 2394 1 382 1 165 2 
2464 4 381 4 166 3 168 3 
2465 1 164 1 167 3 
387 2 846 2 2470 2 170 1 
386 1 171 2 169 1 2471 2 
170 2 2468 2 172 3 385 3 
2469 4 384 2 165 3 171 3 
1153 1 174 1 543 2 1665 1 
542 2 173 1 1152 3 175 1 
545 2 176 1 1151 2 174 1 
432 1 177 1 1150 3 175 1 
547 2 176 1 1149 1 1091 3 
1090 2 2228 1 
1147 2 1091 3 180 2 549 2 
548 2 181 3 1146 2 179 2 
182 3 180 3 551 2 1155 3 
1469 2 181 3 1154 2 11 2 
2231 2 654 1 1222 3 184 2 
653 2 2230 2 1090 3 183 2 
2189 2 186 2 359 3 1173 1 
1172 2 358 3 185 2 1569 3 
661 2 188 2 442 2 649 2 
187 2 648 2 657 2 193 2 
190 1 619 3 196 1 643 1 
189 1 642 2 191 2 618 2 
684 2 190 2 192 3 641 2 
620 3 640 4 775 2 191 3 
623 1 194 1 647 2 188 2 
193 1 195 2 646 1 622 3 
645 2 625 4 194 2 196 2 
624 2 644 4 195 2 189 1 
129 4 119 2 198 4 831 2 
201 4 118 4 197 4 128 3 
202 4 200 2 925 3 121 3 
205 1 120 1 199 2 924 1 
198 4 115 3 202 4 123 4 
201 4 922 3 199 4 122 3 
204 3 125 2 206 2 113 3 
203 3 1751 3 124 2 823 2 
200 1 127 1 111 1 206 1 
110 2 203 2 205 1 126 2 
655 2 444 1 208 2 2265 3 
2264 3 209 2 207 2 656 4 
210 1 208 2 1663 1 2267 1 
1664 3 209 1 1193 1 2266 4 
2342 3 1251 2 1196 3 
1662 2 1193 1 1197 2 
1253 2 1198 2 1196 3 2346 3 
1668 4 2269 3 215 4 1197 3 
2272 3 650 3 216 3 214 4 
651 2 215 3 2111 1 2271 1 
641 2 218 2 220 2 665 3 
664 2 217 2 640 3 765 1 
222 1 643 1 220 1 663 1 
217 2 662 1 219 1 642 2 
1009 2 224 2 645 2 222 2 
219 1 644 4 660 3 221 2 
226 2 647 3 224 2 659 3 
646 1 221 2 223 2 658 2 
1020 2 649 2 2172 2 226 1 
223 2 648 1 225 1 672 1 
1793 2 1823 3 228 2 236 3 
227 2 229 2 1822 1 1792 1 
1791 3 228 2 230 2 1825 2 
1824 2 231 3 1790 1 229 2 
1789 4 230 3 1819 3 232 3 
1788 2 1818 1 231 3 234 1 
2226 2 1911 3 2022 3 2235 2 
1821 2 1787 3 235 4 232 1 
1786 4 270 4 1820 4 234 4 
523 3 1784 3 1816 3 227 3 
2191 3 253 3 2400 3 240 3 
76 2 239 2 485 2 639 1 
75 3 638 4 238 2 243 3 
2401 2 246 4 237 3 2472 2 
244 1 637 1 78 4 242 1 
77 1 636 1 241 1 247 1 
244 2 239 3 635 2 80 2 
241 1 243 2 634 1 79 1 
633 3 1440 3 248 3 82 2 
240 4 249 3 2476 5 2402 3 
631 2 84 1 248 2 242 1 
630 4 247 2 245 3 83 2 
246 3 2475 1 2403 2 1805 2 
251 2 2462 1 2082 1 1595 1 
2461 4 250 2 2405 3 252 4 
2406 4 2167 4 251 4 253 4 
2463 2 2407 2 237 3 252 4 
659 4 255 4 269 3 679 3 
678 2 254 4 256 3 658 3 
1009 2 257 2 255 3 677 3 
256 2 258 4 676 1 660 3 
257 4 683 4 663 4 259 4 
682 1 260 1 662 1 258 4 
259 1 628 2 261 1 665 2 
751 2 664 2 260 1 680 2 
1464 3 1467 2 1836 1 1478 1 
1865 2 1551 1 1549 1 2325 1 
265 4 1467 3 1834 3 1466 2 
264 4 1465 4 1453 4 1835 3 
1460 3 267 3 64 1 1840 1 
1473 3 1841 5 1459 3 266 3 
269 1 489 2 675 1 1020 2 
268 1 674 1 672 1 254 3 
235 4 1256 2 
274 2 1137 2 1602 5 272 4 
1603 3 271 4 532 5 1136 3 
1139 3 368 2 276 4 274 2 
271 2 369 1 1138 2 273 2 
1141 3 278 1 276 3 1606 2 
1140 3 275 3 273 4 1607 3 
278 3 280 3 1608 4 1143 3 
277 3 275 1 1609 1 1142 1 
282 3 808 2 
1601 1 1144 2 277 3 1598 1 
782 2 284 2 282 4 806 2 
781 3 279 3 281 4 805 3 
804 3 778 4 286 3 284 2 
803 3 281 2 777 1 283 2 
780 2 2155 2 286 3 802 2 
779 3 801 2 285 3 283 3 
288 1 290 3 1290 1 
1289 2 287 1 
290 3 1292 1 1264 3 
289 3 287 3 1291 3 
298 3 1481 2 1515 2 292 3 
1480 4 1645 2 1514 2 291 3 
1487 2 1507 4 296 1 294 1 
1486 1 299 1 1506 2 293 1 
1509 2 1485 2 348 4 296 1 
1484 1 295 1 1508 1 293 1 
300 2 1491 1 298 2 1511 2 
1490 2 1510 2 291 3 297 2 
1489 4 294 1 1513 1 300 2 
1512 3 297 2 1488 2 299 2 
308 2 302 2 806 1 1979 1 
303 2 301 2 1110 2 805 2 
302 2 1109 1 808 2 304 1 
313 1 303 1 1108 2 807 1 
2143 1 802 1 306 4 1122 1 
801 4 307 4 1121 4 305 4 
308 2 804 2 306 4 1120 2 
307 2 301 2 803 4 1114 2 
1513 1 316 1 1517 2 310 2 
1516 2 1512 3 311 3 309 2 
312 3 310 3 1519 3 1511 3 
2477 3 311 3 1510 2 1686 2 
794 3 314 1 702 1 304 1 
918 2 313 1 793 2 701 2 
1507 4 1523 1 316 1 1705 2 
1522 1 315 1 309 1 1506 2 
1384 2 318 4 1730 2 1666 2 
1383 4 543 5 1665 4 317 4 
1541 1 137 2 322 2 320 1 
138 3 319 1 974 2 1540 2 
324 2 1533 2 139 2 322 2 
140 2 319 2 321 2 1532 2 
141 2 324 2 326 3 1535 2 
142 2 321 2 323 2 1534 3 
1537 2 328 3 143 1 326 3 
1536 4 323 3 325 3 144 4 
1436 4 1539 2 145 3 328 4 
325 3 1538 3 327 4 146 4 
1843 1 330 1 1539 1 1485 2 
331 2 329 1 1538 1 1484 1 
330 2 1487 3 332 2 1537 3 
1486 1 1536 2 331 2 333 2 
1535 3 334 3 332 2 1489 5 
1534 3 335 4 1488 2 333 3 
334 4 336 5 1533 4 1491 3 
1490 3 335 5 337 3 1532 3 
1481 1 1541 1 336 3 338 1 
1480 3 1526 1 1540 2 337 1 
1167 2 340 2 867 3 342 2 
1166 4 345 2 339 2 866 1 
342 1 869 1 349 1 1165 1 
341 1 1164 1 868 1 339 2 
346 2 863 2 1795 1 1171 2 
2111 1 626 2 
865 2 340 2 346 3 1169 2 
864 2 343 2 345 3 1168 3 
2108 2 1326 3 2110 2 
295 4 861 5 1163 5 349 4 
1162 2 860 3 341 1 348 4 
1570 2 1672 1 353 2 351 2 
1569 3 358 3 350 2 1671 2 
355 1 1572 1 1670 2 353 2 
1669 2 350 2 352 2 1571 3 
357 2 1676 2 355 2 151 2 
1675 3 352 1 149 2 354 2 
1674 3 357 2 955 2 1576 2 
354 2 356 2 1575 2 1673 1 
186 3 351 3 1666 3 359 4 
1665 3 1153 3 358 4 185 3 
42 2 361 2 363 3 455 3 
360 2 2124 1 
2131 3 44 3 363 4 585 3 
2130 3 360 3 362 4 43 3 
2111 1 2271 1 
780 1 366 1 987 1 
779 2 365 1 367 1 
778 3 366 1 
1607 1 1185 3 273 2 369 1 
274 1 1602 4 368 1 1182 1 
373 4 371 2 1428 2 1235 2 
1234 2 370 2 1429 1 621 3 
373 3 1237 1 1430 3 375 1 
372 3 370 4 1236 4 1431 4 
1842 3 377 1 1231 3 375 1 
374 1 1230 2 1433 1 372 1 
1233 2 377 2 1434 2 379 3 
1232 3 374 1 376 2 1435 1 
1239 3 1436 4 379 3 145 3 
1437 3 1238 2 378 3 376 3 
1158 2 1996 1 2016 2 1779 2 
167 4 382 2 437 2 
166 1 381 2 383 1 439 1 
384 1 165 2 438 2 382 1 
441 1 383 1 385 2 172 2 
440 4 386 2 384 2 171 3 
170 1 385 2 387 2 443 1 
169 2 442 3 386 2 661 3 
1783 3 1298 2 2260 3 389 3 
1297 3 1782 3 774 2 388 3 
393 3 1028 3 391 5 486 4 
1027 4 390 5 639 3 485 4 
484 2 393 1 1030 2 395 3 
392 1 390 3 483 2 1029 1 
1024 2 2065 2 482 2 395 3 
392 3 394 3 1023 5 481 3 
2070 1 1026 2 2065 2 480 3 
398 3 2064 4 1596 2 696 3 
397 3 1587 2 709 3 399 2 
400 1 710 2 1586 2 398 2 
401 1 707 2 399 1 1589 3 
400 1 708 1 402 1 1588 2 
1591 2 401 1 705 4 403 1 
404 2 402 1 706 1 1590 3 
1593 3 403 2 703 4 405 3 
1454 3 704 2 1592 3 404 3 
407 1 1697 1 1384 2 413 1 
406 1 1383 1 1696 2 134 1 
890 1 409 1 411 3 1386 2 
414 2 887 1 408 1 1385 1 
1689 4 1388 2 411 4 152 3 
1387 3 410 4 1688 3 408 3 
415 2 1695 2 413 2 1390 2 
1389 1 1694 1 412 2 406 1 
1693 2 1392 3 409 2 415 2 
412 2 1692 1 1391 1 414 2 
2472 1 1279 2 559 1 699 1 
420 4 2441 4 418 3 464 2 
2440 2 423 2 2395 3 417 3 
2443 2 462 2 420 3 1092 1 
2442 4 417 4 461 3 419 3 
460 2 424 4 422 3 
459 2 421 3 
424 3 458 2 418 2 2439 2 
423 3 421 4 2438 3 457 3 
598 2 1206 2 540 3 538 1 
1026 3 61 3 427 3 1221 3 
429 3 1553 2 426 3 1025 3 
540 4 1208 2 596 2 1288 2 
427 3 430 2 1556 2 1024 3 
429 2 431 4 62 1 1023 3 
433 4 57 4 430 4 1030 5 
176 1 435 2 545 2 547 2 
431 4 1228 4 56 2 1029 1 
1760 2 544 2 1581 2 1746 3 
131 2 2202 2 2223 2 432 2 
2379 2 1227 2 
1077 1 381 2 439 1 
1076 3 383 2 439 2 441 2 
1075 2 438 2 437 1 382 1 
1074 3 385 4 441 3 443 3 
384 1 1073 3 440 3 438 2 
1072 2 387 3 443 2 187 2 
442 2 386 1 440 3 1071 1 
2051 2 445 2 207 1 1285 2 
1287 3 2050 2 444 2 446 3 
447 3 1865 3 2053 3 445 3 
446 3 1866 2 448 2 2052 4 
447 2 1863 1 2047 3 449 1 
1864 3 450 2 2046 1 448 1 
1610 3 449 2 1861 2 2049 2 
1754 5 1738 3 550 3 556 4 
1610 3 1875 2 453 5 2043 3 
2042 4 1876 4 904 4 452 5 
1178 2 1439 2 
2124 2 360 3 2130 3 2410 2 
1175 1 629 1 1612 1 
460 1 923 3 458 2 424 3 
423 2 114 2 2395 3 457 2 
117 1 422 2 460 1 
116 1 459 1 421 2 457 1 
914 2 420 3 462 2 464 1 
2381 4 461 2 913 2 419 2 
136 3 2225 2 474 1 549 2 
112 1 2395 2 461 1 417 2 
471 3 488 2 466 2 2175 2 
465 2 2174 2 467 2 487 2 
468 3 490 2 466 2 2173 3 
467 3 489 3 1020 3 2172 3 
491 3 470 3 2178 3 
2177 3 469 3 493 1 471 2 
2176 2 465 3 492 2 470 2 
2372 2 2125 1 475 4 117 1 
2062 2 697 2 971 2 872 4 
526 2 135 3 463 1 548 1 
2371 4 472 4 116 4 2132 4 
569 1 1752 1 567 1 1712 2 
2070 2 2399 4 478 2 480 4 
1719 2 2067 1 477 2 2398 2 
2065 2 482 2 2405 2 480 3 
2082 3 477 4 396 3 479 3 
482 2 2407 1 484 2 395 3 
481 2 479 2 394 2 2406 3 
486 3 393 2 2401 2 484 3 
392 2 481 2 2400 3 483 3 
2403 3 486 3 238 2 391 4 
483 3 2402 2 390 4 485 3 
488 2 490 2 1089 2 466 2 
1088 2 465 2 487 2 492 1 
468 3 1087 4 490 2 268 2 
467 2 489 2 1086 1 487 2 
469 3 1085 1 493 1 
493 1 1084 1 471 2 488 1 
492 1 491 1 1083 3 470 1 
497 5 1683 4 495 4 2420 3 
1682 3 1124 2 494 4 
2418 2 499 2 1679 2 497 4 
1678 5 494 5 2419 4 496 4 
501 2 499 1 2416 1 1681 4 
496 2 498 1 1680 1 2417 1 
2414 1 1685 1 501 2 733 1 
498 2 1684 3 500 2 2415 2 
2041 3 2294 3 1479 2 1456 3 
1717 2 504 2 506 4 1715 2 
1714 3 1393 1 1716 2 503 2 
508 2 1707 2 506 4 1725 2 
505 4 1706 3 503 4 1724 4 
508 1 1723 1 1709 2 510 3 
505 2 507 1 1708 1 1722 3 
1711 3 1721 2 512 3 510 4 
1720 3 509 4 1710 3 507 3 
2067 1 1713 2 512 2 1719 2 
511 2 1712 3 509 3 1718 2 
785 2 1719 3 514 3 2398 3 
513 3 1718 2 786 2 515 3 
787 4 516 2 1721 2 514 3 
515 2 517 2 788 2 1720 1 
518 2 516 2 1723 2 789 2 
1722 3 517 2 519 3 790 1 
1725 3 518 3 520 3 791 3 
792 1 521 1 519 3 1724 2 
783 2 520 1 1717 1 522 2 
1367 3 784 3 1716 3 521 2 
1817 2 236 3 1785 4 749 4 
1428 3 1438 3 1115 3 2140 3 
529 2 1819 1 
474 2 1 2 551 2 2241 2 
528 4 1822 1 530 1 
1823 5 527 4 1017 4 531 4 
1824 3 525 2 530 2 
1825 1 529 2 527 1 
532 3 1816 2 1016 1 528 4 
531 3 1817 3 272 5 1015 4 
54 2 1644 2 534 3 2103 3 
2102 3 53 3 533 3 2288 3 
541 3 686 1 720 1 2071 1 
1203 2 594 3 537 1 
1204 1 593 2 538 1 536 1 
537 1 1205 2 425 1 599 2 
1638 2 1004 3 681 2 1906 2 
428 4 1207 3 597 3 425 3 
1374 4 535 3 685 4 719 4 
174 2 2216 3 545 3 543 3 
318 5 542 3 1982 3 173 2 
1078 1 434 2 555 2 1761 1 
2202 2 542 3 432 2 175 2 
547 2 2225 2 549 2 1091 3 
546 2 177 2 432 2 2223 2 
180 2 549 2 551 1 474 1 
546 2 548 2 179 2 463 2 
1739 4 451 3 553 3 1755 1 
181 2 548 1 526 2 1469 1 
553 4 2382 2 1753 2 1741 3 
552 4 1740 3 550 3 1752 3 
557 1 555 2 1070 1 1082 1 
554 2 1750 3 1742 3 544 2 
557 2 1745 3 1749 3 451 4 
554 1 1748 1 1744 1 556 2 
2349 2 562 1 714 1 688 2 
2191 2 1280 3 1097 1 416 1 
561 3 1761 2 1715 2 566 2 
560 3 1498 2 1760 2 1714 4 
687 2 558 1 713 1 568 1 
570 3 1709 3 1749 3 564 3 
565 2 1708 2 1748 2 563 3 
564 2 1707 1 1082 1 566 1 
1706 1 560 2 565 1 1750 2 
1753 1 1713 2 1220 2 476 1 
2071 1 690 2 712 1 562 1 
476 1 1711 2 1755 1 570 2 
1754 4 563 3 1710 2 569 2 
574 2 601 3 572 2 1051 2 
1050 1 600 3 571 2 580 1 
576 1 603 1 574 1 1049 1 
571 2 1048 2 602 3 573 1 
605 4 578 1 576 1 1055 2 
573 1 575 1 1054 1 604 1 
578 2 607 2 1053 3 1283 4 
577 2 606 1 1052 2 575 1 
692 3 718 4 1111 2 1247 3 
1047 1 581 1 572 1 609 1 
1046 1 580 1 1795 1 608 2 
583 1 2362 2 592 1 822 1 
1894 1 582 1 2361 1 908 4 
1247 2 694 1 2349 2 716 3 
1889 3 586 1 362 3 2358 4 
585 1 2357 1 1888 1 587 1 
2360 1 588 2 1731 2 586 1 
587 2 589 2 1729 3 2359 3 
1893 2 590 1 2354 1 588 2 
589 1 591 1 1892 3 2353 2 
2356 3 592 1 1891 3 590 1 
591 1 1890 2 582 1 2355 1 
594 4 1084 2 537 2 599 3 
593 4 536 3 1083 5 595 5 
1085 3 594 5 
1087 3 1035 1 428 2 597 1 
598 2 540 3 1086 1 596 1 
425 2 597 2 599 3 1089 2 
1088 3 593 3 598 3 538 2 
572 3 609 3 2390 4 601 4 
2389 4 602 4 571 3 600 4 
601 4 2388 4 574 3 603 3 
604 1 2387 1 573 1 602 3 
603 1 2386 2 576 1 605 4 
606 4 575 4 2385 4 604 4 
605 4 607 1 578 1 2384 1 
577 2 606 1 2113 2 2383 2 
581 2 862 3 2392 3 609 2 
600 3 2391 1 608 2 580 1 
1633 1 1099 2 611 2 613 1 
616 2 1634 3 1098 3 610 2 
613 2 2466 3 1635 2 
1636 1 612 2 610 1 1100 2 
617 1 1102 3 1637 3 615 1 
681 2 1101 2 614 1 1638 2 
617 1 611 2 1104 1 1639 1 
614 1 616 1 1640 1 1103 1 
684 2 844 2 619 4 190 2 
843 4 618 4 189 3 624 4 
842 2 192 3 1956 2 684 2 
1004 5 1105 3 681 4 371 3 
623 3 625 5 194 3 840 3 
193 1 622 3 839 1 657 1 
196 2 625 4 838 2 619 4 
837 3 195 4 624 4 622 5 
627 3 629 2 1612 2 344 2 
1611 2 2111 2 651 3 626 3 
682 2 260 2 680 3 1041 2 
626 2 456 1 
928 3 248 4 631 4 633 4 
247 2 636 2 927 2 630 4 
930 2 1440 3 2478 2 633 3 
929 3 245 3 632 3 630 4 
932 1 244 1 635 1 637 1 
931 1 638 3 634 1 243 2 
242 1 631 2 934 2 637 1 
241 1 634 1 636 1 933 2 
639 3 635 3 239 4 936 3 
638 3 935 1 391 3 238 1 
641 3 218 3 192 4 1938 3 
640 3 217 2 642 2 191 2 
643 2 190 2 641 2 220 2 
644 4 642 2 219 1 189 1 
222 4 643 4 196 4 645 4 
195 2 644 4 646 1 221 2 
224 1 647 2 194 1 645 1 
648 2 646 2 223 3 193 2 
647 2 226 1 188 2 649 2 
1072 2 225 2 187 2 648 2 
215 3 1769 2 651 2 1668 3 
216 2 627 3 650 2 1768 3 
888 2 1090 3 653 2 
184 2 654 1 652 2 880 2 
653 1 183 1 1058 3 879 2 
1773 3 656 4 207 2 1285 3 
655 4 1663 3 1772 3 208 4 
661 2 847 1 188 2 623 1 
659 3 224 2 255 3 1009 2 
254 4 658 3 672 2 223 3 
663 3 1009 3 257 3 222 3 
657 2 846 3 187 2 387 3 
259 1 220 1 663 1 665 2 
660 3 258 4 662 1 219 1 
218 2 261 2 1926 2 665 3 
217 3 664 3 260 2 662 2 
669 1 2378 2 2252 1 667 1 
2253 2 31 2 666 1 2377 2 
2254 1 669 1 671 3 2376 2 
666 1 2375 2 1005 1 668 1 
2256 2 671 3 673 2 2374 3 
2373 3 670 3 2257 4 668 3 
1020 2 269 1 226 1 659 2 
2259 2 2371 2 670 2 1019 2 
1036 1 679 1 269 1 675 1 
268 1 1087 3 674 1 1035 1 
1038 2 257 1 677 2 683 1 
678 2 1037 3 676 2 256 3 
677 2 679 1 255 2 1040 3 
1039 3 678 1 674 1 254 3 
628 3 1042 2 261 2 1914 4 
615 2 539 2 1106 2 621 4 
628 2 259 1 683 1 1044 1 
1043 3 682 1 258 4 676 1 
618 2 191 2 841 2 620 2 
686 2 541 4 1060 3 1336 2 
1059 1 685 2 535 1 689 2 
688 3 690 3 1068 3 562 2 
687 3 693 4 558 2 1067 2 
690 3 2071 2 1066 2 686 2 
687 3 1065 2 689 3 568 2 
692 3 1064 2 1247 3 694 2 
579 3 1063 2 691 3 877 4 
694 3 688 4 1062 3 2349 4 
693 3 584 1 1061 2 691 2 
2064 3 696 2 842 1 1956 1 
709 3 1955 2 695 2 397 3 
2462 1 698 1 473 2 977 3 
2461 3 697 1 976 2 1096 4 
2476 3 1278 2 700 1 416 1 
1277 1 889 3 699 1 2475 1 
881 2 702 2 2412 2 314 2 
701 2 2413 2 313 1 1108 2 
1948 3 704 3 404 4 706 3 
405 2 1294 1 703 3 1947 2 
402 4 1950 4 706 4 708 4 
1949 2 705 4 403 1 703 3 
400 2 708 2 1952 4 710 3 
401 1 707 2 1951 2 705 4 
696 3 710 3 398 3 1954 3 
399 2 709 3 1953 3 707 3 
712 2 2071 2 720 2 1175 2 
711 2 568 1 713 1 1174 1 
714 1 1177 1 562 1 712 1 
713 1 715 1 558 1 1176 2 
2349 2 1179 2 716 3 714 1 
1178 4 715 3 584 3 717 3 
1247 2 718 3 1181 1 716 3 
1180 4 579 4 717 3 2171 3 
2244 3 1184 2 541 4 720 2 
1183 1 535 1 711 2 719 2 
722 1 2295 1 1653 3 724 1 
1652 1 721 1 1876 1 904 1 
724 1 896 1 726 2 1655 1 
1654 1 2294 2 721 1 723 1 
1657 3 726 3 902 2 728 3 
725 3 1656 4 723 2 903 2 
730 2 1659 2 728 3 900 2 
901 3 1658 2 725 3 727 3 
892 5 730 4 2421 4 1650 4 
893 3 1649 2 727 2 729 4 
1442 1 734 3 88 1 732 2 
89 3 737 3 731 2 1441 2 
1444 1 734 3 86 3 500 1 
731 3 733 3 1443 5 87 3 
736 3 854 3 1446 3 738 4 
735 3 1445 1 739 1 93 1 
1448 2 845 2 732 3 738 3 
1447 2 91 2 735 4 737 3 
2169 1 94 4 736 1 740 2 
95 2 69 4 1449 5 739 2 
742 3 1916 3 1935 2 748 2 
741 3 1934 4 1915 2 743 2 
1933 2 1918 1 742 2 744 1 
1917 2 972 3 1932 3 743 1 
746 2 1920 2 752 3 1931 1 
745 2 747 3 1919 2 1930 2 
1929 3 748 2 746 3 1922 3 
747 2 1921 1 1928 1 741 2 
1603 3 1576 3 750 3 523 4 
1602 4 749 3 1182 1 1575 2 
261 2 1926 2 1914 4 752 4 
1913 4 745 3 1925 4 751 4 
754 1 1607 1 1185 3 1572 1 
1606 2 753 1 1571 2 755 1 
754 1 1570 2 1609 1 756 1 
1608 2 1172 1 755 1 1569 2 
760 2 758 1 1929 2 1942 2 
1941 2 757 1 763 1 1928 1 
1931 2 766 2 760 3 1978 2 
757 2 759 3 1939 3 1930 2 
762 3 1896 2 1933 3 764 3 
818 3 761 3 1945 3 1932 4 
1935 1 758 1 1944 3 764 2 
1943 2 1934 4 763 2 761 3 
766 1 218 1 1926 1 1938 1 
765 1 1937 1 759 2 1925 2 
768 2 1954 2 776 3 1978 1 
767 2 1939 3 769 3 1953 3 
770 2 768 3 1952 4 1942 3 
769 2 771 1 1941 2 1951 2 
1944 3 1950 1 770 1 772 1 
1949 2 771 1 773 1 1943 1 
1896 1 774 1 1948 1 772 1 
773 1 1945 2 389 2 1947 2 
1956 1 776 3 1938 1 192 2 
775 3 1955 3 767 3 1937 3 
284 1 778 3 782 1 
777 3 367 3 779 4 283 4 
780 2 286 3 366 2 778 4 
285 2 365 1 779 2 2044 1 
282 3 782 1 
281 2 777 1 781 1 
792 2 521 2 784 3 1967 3 
1966 2 522 3 783 3 795 4 
513 2 1959 1 1594 1 786 1 
1958 2 785 1 787 3 514 2 
515 4 1961 3 786 3 788 4 
516 2 789 2 1960 2 787 4 
790 1 1963 1 788 2 517 2 
789 1 791 1 1962 2 518 1 
792 1 790 1 1965 1 519 3 
1964 3 783 2 520 1 791 1 
314 2 99 4 794 4 
313 3 807 3 793 4 
796 3 784 4 1042 3 1367 4 
795 3 1272 1 1368 2 1041 1 
798 3 1369 3 800 2 1040 4 
797 3 1039 4 1370 2 1286 2 
1371 1 800 1 1273 2 1038 2 
1372 1 799 1 1037 2 797 2 
306 4 286 2 804 2 802 1 
2030 1 305 1 801 1 285 2 
284 3 804 4 308 4 806 3 
283 3 803 4 307 2 801 2 
806 1 302 2 282 3 808 2 
805 1 301 1 281 2 803 3 
794 3 808 2 304 1 
303 2 807 2 279 2 805 2 
812 4 1777 2 810 3 9 2 
8 2 1776 3 815 4 809 3 
1469 2 1775 3 11 2 812 4 
809 4 10 3 1774 3 811 4 
5 2 816 2 814 3 1781 2 
817 2 4 2 813 3 1780 2 
1779 4 7 4 816 3 810 4 
1778 1 6 2 815 3 813 2 
814 2 818 2 1783 2 3 2 
762 3 817 2 1782 3 2 3 
2332 1 30 1 2185 1 2179 2 
2415 2 1895 3 1737 3 153 2 
24 3 2338 2 2181 2 2183 2 
1890 2 582 1 1894 1 96 1 
1311 1 204 2 113 2 1191 2 
1503 2 2069 2 825 3 951 2 
824 3 2066 3 826 4 1502 3 
827 3 2083 5 1505 3 825 4 
826 3 1504 1 2404 1 
1000 3 992 2 
2381 4 830 2 2333 2 913 2 
2380 2 829 2 2332 1 
2340 3 197 2 
992 2 1405 1 
2282 2 2017 1 835 2 1891 3 
2056 1 993 1 991 2 905 3 
96 2 1890 3 2281 2 833 2 
1893 2 848 2 2017 1 2280 2 
625 3 838 1 840 1 2321 1 
843 2 837 1 2322 1 624 2 
840 1 623 1 847 1 2319 1 
839 1 2320 2 837 1 622 3 
2317 2 842 2 684 2 844 2 
620 2 695 1 841 2 2318 1 
619 4 838 2 844 2 1257 2 
618 2 843 2 1472 2 841 2 
89 2 91 1 737 2 1693 1 
169 2 661 3 1268 4 847 2 
657 1 1269 1 839 1 846 2 
836 2 90 2 1729 3 2277 2 
1233 1 1095 1 850 2 859 2 
851 3 1232 4 1094 2 849 2 
850 3 852 2 1231 4 1763 2 
851 2 1230 2 853 3 1762 2 
1677 3 1237 3 852 3 1757 3 
735 3 91 1 1695 1 93 1 
1759 3 1235 3 1677 3 856 3 
1758 1 958 1 1234 2 855 3 
90 1 2275 4 92 1 1888 1 
1751 3 124 2 1239 3 859 3 
1081 3 1238 2 858 3 849 2 
2204 3 869 3 349 3 861 4 
2203 2 348 5 1509 3 860 4 
863 3 2212 2 1795 2 608 3 
862 3 343 2 864 2 2211 3 
346 2 863 2 2210 2 865 1 
866 1 345 2 2209 3 864 1 
865 1 2208 1 867 2 340 1 
866 2 868 2 2207 4 339 3 
869 1 867 2 2206 1 342 1 
2205 2 868 1 341 1 860 3 
73 2 1621 2 1615 2 1033 2 
2331 5 1109 4 2076 4 2312 4 
972 5 1917 4 2063 3 473 4 
66 3 2298 3 891 2 1702 2 
1868 3 875 3 1732 2 1562 3 
1561 2 874 3 106 3 1867 2 
878 3 965 2 1112 2 877 4 
1111 3 964 3 692 4 876 4 
876 3 966 2 1117 2 
1406 2 880 3 1254 2 654 2 
879 3 888 2 1405 2 653 2 
701 2 882 2 918 2 1848 2 
881 2 1849 4 1794 3 917 2 
886 3 1846 1 
1150 3 98 1 2182 2 1832 1 
916 1 1660 1 886 3 1844 1 
915 3 883 3 885 3 1845 4 
1693 1 890 1 409 1 89 2 
652 2 880 2 
1154 3 1838 3 700 3 2200 3 
408 1 887 1 88 1 1688 1 
2299 2 67 1 873 2 1699 2 
893 4 729 5 2143 2 1122 2 
730 3 892 4 900 3 2142 3 
897 3 1265 2 895 1 
894 1 1264 3 
903 1 2294 2 1456 2 723 1 
2293 3 894 3 1262 3 
2311 3 1261 3 899 4 
898 4 1260 3 2293 2 
2139 2 893 3 901 2 727 2 
2138 3 728 3 900 2 902 2 
725 2 903 1 1544 1 901 2 
2215 1 896 1 902 1 726 2 
453 4 2295 1 1470 1 722 1 
912 4 906 5 834 3 2163 3 
2162 4 991 4 905 5 907 3 
908 4 990 3 2165 2 906 3 
907 4 989 4 2164 4 583 4 
910 2 996 5 
909 2 995 1 911 1 
912 2 910 1 994 3 
911 2 905 4 993 2 2166 2 
2129 2 462 2 914 2 829 2 
461 2 913 2 112 2 2128 2 
886 3 916 1 
885 1 915 1 919 3 
918 2 100 1 920 1 882 2 
99 4 314 2 917 2 881 2 
102 3 1660 3 920 3 916 3 
1794 2 101 1 919 3 917 1 
114 2 112 2 2126 3 2395 3 
202 3 2379 2 115 2 925 2 
116 3 2132 3 457 3 114 3 
925 2 111 1 1195 1 200 1 
924 2 1194 2 199 3 922 2 
1346 1 2213 1 2196 2 
934 2 1339 2 631 2 928 1 
1338 1 630 3 927 1 929 2 
633 3 930 2 1337 3 928 2 
632 2 1060 2 929 2 1336 1 
635 1 1343 1 932 1 936 1 
634 1 931 1 1342 2 933 2 
1341 3 934 3 932 2 637 2 
927 2 933 3 636 2 1340 4 
1345 1 936 1 639 1 1027 2 
935 1 931 1 638 3 1344 1 
1791 2 1872 1 940 2 938 3 
1871 4 943 3 1790 3 937 3 
1870 2 940 2 1793 1 956 3 
937 2 939 2 1792 2 1451 2 
1787 4 1468 2 944 3 942 2 
941 2 1786 1 
944 2 1874 1 938 3 1789 2 
943 2 941 3 1873 3 1788 3 
2424 5 950 5 946 5 2274 5 
2273 2 1156 3 945 5 2460 3 
954 3 948 2 2280 3 1127 2 
947 2 1125 1 949 1 2279 1 
1296 4 948 1 2282 2 950 1 
1295 1 945 5 2281 1 949 1 
2276 1 952 1 1302 2 824 2 
1301 2 951 1 2275 4 953 1 
954 2 1300 3 952 1 2278 1 
1299 2 947 3 953 2 2277 2 
1785 3 956 3 356 2 1868 2 
955 3 1867 3 1784 4 939 3 
1543 3 958 3 963 3 1106 3 
856 1 1105 1 957 3 1542 3 
960 3 1098 2 
1104 3 959 3 961 4 1546 4 
1545 2 1103 2 960 4 962 2 
963 1 1102 3 1548 3 961 2 
1101 2 962 1 1547 2 957 3 
877 3 965 1 148 1 1063 1 
147 2 966 1 876 2 964 1 
965 1 878 2 150 2 
2249 1 970 2 1362 3 
2230 3 2228 3 1090 4 1315 4 
970 4 2259 3 1348 3 2233 3 
1347 2 967 2 969 4 2258 4 
3 2 977 3 473 2 972 3 
744 3 872 5 2 4 971 3 
2232 2 2254 2 1351 2 2234 3 
1550 3 2003 4 320 2 22 3 
2238 2 1377 2 2240 3 2116 2 
5 2 1282 2 977 4 698 2 
4 3 976 4 971 3 697 3 
2437 3 979 3 981 3 2061 2 
2436 3 2060 2 978 3 986 2 
983 3 2059 2 981 3 2170 3 
2058 3 980 3 978 3 2161 2 
2457 2 2057 4 983 3 985 2 
980 3 2056 2 982 3 2452 3 
2460 3 2273 2 2055 2 985 1 
2459 3 984 1 2054 1 982 2 
987 1 979 2 2045 2 
986 1 365 1 2044 1 
2013 2 2247 1 2122 1 1404 2 
908 4 1894 1 2055 2 990 3 
907 3 2054 3 991 4 989 3 
906 4 834 2 990 4 2057 4 
832 2 2345 4 1406 2 828 2 
2059 1 834 1 912 2 994 3 
995 3 911 3 993 3 2058 4 
996 4 910 1 994 3 2061 1 
995 4 2060 4 909 5 
1555 4 27 3 60 3 2006 4 
999 1 1003 1 2343 2 
2342 2 998 1 
1022 3 2345 5 1001 4 828 3 
2344 4 1002 2 1000 4 
1003 1 2347 1 1001 2 
1002 1 998 1 2346 2 
621 5 1429 3 539 3 1905 3 
2234 2 669 1 2254 1 2252 1 
2004 1 1557 1 1555 2 29 3 
2291 3 2456 4 1186 2 1426 3 
1019 1 2249 1 2370 4 
221 2 256 2 660 3 658 2 
1130 2 1503 1 1011 2 2265 3 
2264 3 1012 3 1010 2 1502 3 
2267 2 1505 2 1013 2 1011 3 
1504 1 2266 4 1012 2 
136 4 2251 2 2225 3 1018 3 
532 4 1016 2 1136 2 148 2 
1017 1 147 2 1015 2 531 1 
528 4 1016 1 150 2 
2223 2 1014 3 131 2 1033 2 
1008 1 2258 3 2372 2 673 2 
468 3 225 2 672 2 268 2 
2001 3 1 2 2241 2 1458 2 
1000 3 
1024 4 1030 4 395 5 430 3 
1023 4 394 2 429 3 1025 3 
1026 3 2065 3 1024 3 427 3 
426 3 1025 3 396 2 1031 3 
391 4 1229 2 935 2 1028 2 
390 3 1029 1 1027 2 1228 4 
433 1 1028 1 393 1 1030 2 
392 2 1023 4 1029 2 431 5 
1221 3 1032 2 2070 2 1026 3 
1713 2 1220 2 2067 1 1031 2 
2268 3 2251 1 870 2 1018 2 
2266 4 1193 1 
1288 1 596 1 1036 1 675 1 
1039 3 1286 1 674 1 1035 1 
677 3 1038 3 1040 4 800 2 
1043 4 676 2 1037 3 799 2 
679 3 1036 3 798 4 1040 5 
1037 4 1039 5 797 4 678 3 
1042 1 1044 1 628 2 796 1 
1966 1 680 2 1041 1 795 3 
683 3 1038 4 1273 4 1044 3 
682 1 1041 1 1043 3 1272 1 
136 3 1618 2 2251 1 1056 1 
1047 1 1241 1 581 1 1170 3 
1240 2 1046 1 580 1 1050 1 
1051 2 1049 2 1243 4 574 2 
1054 1 1048 2 573 1 1242 2 
572 1 1051 1 1047 1 1245 2 
1048 2 1050 1 1244 3 571 2 
578 2 1055 3 1432 3 1053 3 
1246 2 577 3 1052 3 1452 2 
1049 1 1249 2 576 1 1055 2 
1248 3 1052 3 575 2 1054 2 
1457 1 1617 1 135 3 1045 1 
155 3 1255 2 1058 3 1223 1 
1222 5 654 3 1254 3 1057 3 
686 1 1066 1 1060 2 2458 1 
2478 2 930 2 685 3 1059 2 
1064 2 1062 2 2481 3 694 2 
1067 1 1061 2 2480 1 693 3 
692 2 2483 3 964 1 1064 1 
1061 2 2482 3 691 2 1063 1 
690 2 2485 2 1066 1 1068 2 
2484 1 1059 1 1065 1 689 2 
1062 1 2487 2 688 2 1068 2 
2486 3 687 3 1065 2 1067 2 
1923 3 1268 4 33 2 2408 4 
1658 1 1742 2 554 1 1744 1 
2173 2 1072 1 1074 1 443 1 
649 2 442 2 1071 1 2172 2 
1074 3 1076 4 441 3 2175 3 
1073 3 440 3 1071 1 2174 2 
439 2 2177 4 1076 3 1077 2 
1073 4 438 3 1075 3 2176 2 
437 1 1075 2 2178 1 
544 1 1742 2 1649 2 1746 2 
2323 2 1773 2 1285 2 1551 1 
1862 3 1560 2 2330 2 1554 3 
859 3 1095 2 1751 3 1312 2 
1750 2 565 1 1748 1 554 1 
1084 3 493 3 1085 3 594 5 
593 2 492 1 1083 3 1088 2 
491 1 595 3 1083 3 
1089 1 1087 3 490 1 597 1 
489 4 1086 3 596 3 675 3 
488 2 1089 2 599 3 1084 2 
1086 1 1088 2 487 2 598 2 
178 2 652 3 968 4 184 3 
546 3 179 3 177 3 1148 3 
2381 3 419 1 
2328 3 1864 3 63 1 1554 2 
1316 2 1763 1 850 2 1095 1 
1081 2 1094 1 849 1 1315 2 
2167 5 1097 4 1282 4 698 4 
1281 2 1096 4 2463 1 559 1 
611 3 1099 3 959 2 1104 2 
1100 3 610 2 1098 3 
1099 3 613 2 
1102 4 963 2 615 2 1106 2 
1101 4 614 3 962 3 1103 3 
961 2 1102 3 617 1 1104 1 
960 3 616 1 1103 1 1098 2 
958 1 621 3 1234 2 1106 1 
681 2 957 3 1105 1 1101 2 
1186 1 2291 2 2285 2 1984 3 
1109 2 304 2 2331 3 702 2 
1108 2 303 1 871 4 1110 1 
1979 1 302 2 1109 1 2312 1 
877 3 2171 1 1112 1 579 2 
1111 1 876 2 1117 1 
1877 1 1169 1 2141 1 1852 4 
1979 1 2422 3 1120 2 308 2 
1852 4 524 3 1116 3 1171 2 
1241 3 1170 5 1115 3 1438 3 
878 2 1112 1 
1651 2 2136 4 1119 4 1164 2 
1167 3 2135 3 1118 4 1877 3 
1121 2 1114 2 2423 2 307 2 
2158 1 1122 1 1120 2 306 4 
1121 1 2421 1 305 1 892 2 
1472 4 2029 3 1936 4 1927 4 
2420 1 1886 1 495 2 
1127 1 1135 3 1296 4 948 1 
1133 3 2424 2 2043 3 2019 3 
1125 1 1299 1 947 2 1134 2 
1131 2 2053 3 1129 3 1300 4 
1299 2 2052 4 1134 3 1128 3 
1010 2 1302 3 2051 3 1131 2 
2050 1 1128 2 1301 2 1130 2 
1133 2 1296 4 1135 3 2049 1 
1126 3 1295 2 1132 2 2048 2 
2047 4 1129 3 1135 4 1127 2 
1125 3 1134 4 2046 3 1132 3 
2483 3 1137 1 272 3 1015 2 
271 2 2482 3 1138 2 1136 1 
1139 3 274 2 2481 3 1137 2 
1140 2 1138 3 273 3 2480 2 
1139 2 2487 2 276 3 1141 3 
275 3 1142 3 2486 4 1140 3 
1141 3 1143 1 278 1 2485 2 
2484 1 1144 2 1142 1 277 3 
280 2 2458 2 1143 2 1145 2 
2478 1 1144 2 1440 2 1598 1 
85 1 1147 2 1155 2 180 2 
2168 2 179 2 1146 2 1148 2 
2180 1 1149 1 1147 2 1091 3 
1150 3 98 1 177 1 1148 1 
884 3 1149 3 176 3 1151 4 
1152 4 2182 3 1150 4 175 2 
2190 3 1151 4 1153 3 174 3 
173 1 359 3 1152 3 2189 2 
1277 1 1155 2 889 3 182 2 
1154 2 2200 2 1146 2 181 3 
2019 4 946 3 2424 3 2150 4 
2033 1 1957 1 2320 2 1946 1 
380 2 1309 3 1303 2 1836 2 
2157 2 1635 2 1160 3 2466 3 
2467 2 1161 2 1159 3 2156 4 
1160 2 2159 1 
349 2 1163 3 1165 2 2313 5 
1162 3 1485 3 1843 2 348 5 
1167 1 342 1 1165 1 1118 2 
1651 1 1162 2 1164 1 341 1 
340 4 1877 4 1167 4 1169 4 
1119 3 339 2 1164 1 1166 4 
1171 3 346 3 1852 5 1169 2 
1113 1 1166 4 1168 2 345 2 
1116 5 1795 3 1171 4 1046 3 
1168 3 1170 4 1115 2 343 2 
1173 1 186 2 756 1 1601 1 
1172 1 1600 1 1831 2 185 1 
1177 1 712 1 1175 1 
1183 1 456 1 711 2 1174 1 
1179 3 1177 2 714 2 
1174 1 713 1 1176 2 
454 2 716 4 1181 2 1179 3 
1176 3 1178 3 715 2 
718 4 1181 2 1616 2 
1178 2 1180 2 1439 2 717 1 
750 1 1185 3 151 1 369 1 
1184 1 720 1 1175 1 1612 1 
1183 1 2121 1 719 2 1611 1 
368 3 753 3 149 4 1182 3 
1107 1 1427 1 2309 1 1007 2 
118 2 1192 2 
111 1 1189 1 1195 1 1225 2 
1224 2 1188 1 1190 2 110 2 
113 3 1223 2 1191 3 1189 2 
1222 4 1190 3 2231 3 823 2 
2379 3 115 3 1187 2 
1661 2 1034 1 212 1 210 1 
1227 2 2379 2 925 2 1195 1 
1226 2 924 1 1194 1 1188 1 
2343 3 1250 3 213 3 211 3 
2270 2 214 3 1667 2 212 2 
2347 1 213 2 1200 2 1252 2 
1419 3 2290 2 2307 2 1201 3 
1255 3 1202 2 1198 2 2344 4 
2310 3 2289 2 1418 2 1199 3 
1200 2 1254 1 2345 3 1406 1 
536 2 1204 2 1908 2 
537 1 1907 1 1203 2 1205 2 
1206 3 538 2 1912 3 1204 2 
1205 3 1207 2 425 2 1911 3 
540 3 1206 2 1208 1 1910 2 
428 2 1909 2 1364 3 1207 1 
2308 1 1424 2 2310 2 2283 2 
123 5 140 3 1219 3 1211 3 
122 1 139 2 1210 3 1212 1 
1213 2 121 2 142 1 1211 1 
1214 2 1212 2 141 3 120 2 
1213 2 144 2 1215 2 127 1 
143 2 126 3 1214 2 1216 2 
125 1 1217 2 146 2 1215 2 
1216 2 1239 3 124 2 145 3 
138 3 2184 1 129 3 1219 1 
128 1 137 2 1210 3 1218 1 
1032 2 1221 3 567 2 74 2 
1585 3 1220 3 1031 3 426 3 
1191 4 1058 5 1223 3 183 3 
1190 2 1224 2 1222 3 1057 1 
1189 2 155 4 1223 2 1225 3 
154 2 1226 3 1224 3 1188 2 
1195 2 157 3 1225 3 1227 3 
1194 2 1226 3 156 3 436 2 
433 4 1552 4 1028 4 1229 4 
1471 2 1027 2 1345 1 1228 4 
852 2 1231 4 375 2 1237 2 
374 3 1230 4 851 4 1232 5 
377 3 1233 3 850 4 1231 5 
1232 3 376 2 849 1 1238 1 
371 2 856 2 1105 2 1235 2 
855 3 370 2 1236 2 1234 2 
1677 2 373 4 1237 2 1235 2 
372 1 853 3 1236 2 1230 2 
859 2 379 2 1239 2 1233 1 
378 3 1217 3 1238 2 858 3 
1245 3 1047 2 1241 2 1906 3 
1116 3 1046 1 1905 1 1240 2 
1249 3 1243 4 1904 3 1049 2 
1903 3 1242 4 1048 4 1244 5 
1902 4 1245 4 1051 3 1243 5 
1240 3 1244 4 1901 2 1050 2 
1053 2 1432 2 1381 2 1900 2 
584 2 717 2 691 3 579 3 
1055 3 1432 3 1898 4 1249 3 
1242 3 1248 3 1054 2 1897 3 
1253 2 1251 2 1196 3 157 3 
156 2 1250 2 211 2 
1255 3 155 4 1253 2 1198 2 
1252 2 1250 2 154 1 213 2 
1058 3 1255 2 1202 1 879 2 
1252 3 1057 2 1200 3 1254 2 
270 2 1786 2 
2322 1 1936 2 843 2 1472 2 
1259 4 2311 4 1261 4 2432 4 
1258 4 2431 2 
1261 2 2426 3 899 3 1263 3 
898 3 1260 2 1258 4 2425 2 
1265 2 2428 2 1263 2 897 3 
2293 2 2427 2 1262 2 1260 3 
1265 4 2434 4 289 3 895 3 
894 2 1262 2 1264 4 2433 2 
1267 2 2027 3 1687 3 1597 2 
1596 1 1266 2 2477 2 1686 1 
2470 4 1069 4 1269 3 846 4 
847 1 2319 1 1268 3 1923 2 
1426 2 1271 1 1605 3 2456 3 
1604 2 1270 1 2455 1 
1365 1 796 1 1273 2 1044 1 
1043 4 1366 3 1272 2 799 2 
2105 3 1275 3 1284 3 1450 4 
1274 3 2104 3 1276 1 
2107 3 1275 1 
1154 1 700 1 11 1 1278 2 
1279 3 10 2 699 2 1277 2 
1280 4 1278 3 9 2 416 2 
1279 4 1281 4 559 3 8 3 
1282 2 1097 2 1280 4 7 3 
1281 2 6 2 976 2 1096 4 
2113 4 577 4 1452 3 1284 3 
1869 2 2112 2 1274 3 1283 3 
655 3 1079 2 444 2 1287 3 
1036 1 1288 1 1363 3 798 2 
445 3 1865 3 1285 3 1551 2 
1035 1 1286 1 1364 3 428 2 
288 2 1290 2 2163 2 
1291 1 1289 2 2162 2 287 1 
2165 2 1290 1 1292 1 290 3 
289 1 2434 2 2164 1 1291 1 
1835 1 1298 1 1453 2 1294 1 
1297 2 704 1 1293 1 1454 2 
950 1 1296 4 1133 2 2424 1 
949 4 1295 4 1125 4 1132 4 
1294 2 389 3 1298 2 1947 3 
388 2 1307 2 1293 1 1297 2 
954 2 1129 2 1300 3 1127 1 
953 3 1301 4 1299 3 1128 4 
952 2 1302 3 1300 4 1131 2 
1301 3 1503 2 1130 3 951 2 
2016 2 1158 2 1304 1 1839 3 
1305 1 1303 1 2435 1 2292 1 
1304 1 2007 1 1306 2 1841 3 
1840 2 1305 2 2001 3 1458 2 
1835 2 1298 2 2260 3 1308 3 
1997 2 1834 3 1307 3 1309 3 
1158 3 1837 3 1308 3 1996 2 
1828 2 2200 2 1838 2 1804 2 
1312 1 823 1 2231 2 1751 2 
1311 1 2230 1 1315 2 1081 2 
1763 2 1316 3 1314 3 2227 3 
1313 3 1762 3 
1312 2 1316 3 968 4 1095 2 
1094 2 2228 2 1313 3 1315 3 
1319 2 1318 3 1759 2 
1475 3 1758 2 1317 3 
1317 2 1756 1 
1321 1 2383 2 2113 2 2085 2 
1320 1 1324 2 2084 1 2112 2 
2087 1 2107 3 1325 2 1323 2 
2106 2 2086 2 1328 2 1322 2 
1321 2 1325 3 2089 2 2105 2 
2104 4 1324 3 2088 2 1322 2 
1329 2 347 3 1327 2 2091 3 
2090 1 1326 2 2110 1 1483 1 
1329 1 2093 2 1323 2 2109 3 
2092 2 1326 2 1328 1 2108 1 
1335 4 1358 4 1331 4 2023 3 
1357 3 1332 3 1330 4 2022 3 
1356 2 1333 4 1331 3 2025 2 
1355 3 1332 4 1501 3 2024 4 
2021 1 1360 4 1335 2 
1330 4 2020 4 1359 3 1334 2 
1337 2 685 2 1374 2 930 1 
1336 2 1373 2 1338 2 929 3 
928 1 1376 2 1337 2 1339 2 
1375 2 927 2 1338 2 1340 4 
1378 3 1341 4 934 4 1339 4 
1377 2 933 3 1340 4 1342 3 
1343 2 1380 3 1341 3 932 2 
1403 1 931 1 1342 2 1344 1 
1345 1 936 1 1407 2 1343 1 
935 1 1344 1 1404 2 1229 1 
926 1 1360 4 
970 2 1348 1 1362 3 1991 1 
1349 1 1990 1 1347 1 969 3 
1348 1 1350 5 2233 1 1989 1 
1349 5 2232 5 1988 5 1351 5 
973 2 2255 1 1352 1 1350 5 
1353 1 2234 2 2250 1 1351 1 
1352 1 1354 3 1993 1 2237 2 
1353 3 2236 3 1992 4 2479 3 
1976 2 1333 3 2218 1 1356 1 
2217 1 1332 2 1357 2 1355 1 
1331 3 1356 2 2220 2 1358 3 
1359 3 2219 2 1330 4 1357 3 
2214 4 1358 3 1360 5 1335 3 
1359 5 2213 4 1334 4 1346 4 
1362 3 1985 2 
1361 3 967 3 1347 3 1984 5 
1370 3 1286 3 1364 5 21 3 
20 3 1208 3 1288 3 1363 5 
1272 1 1366 2 19 2 1368 2 
1365 2 1273 3 18 2 1371 2 
1368 3 522 3 17 2 795 4 
1367 3 16 4 796 2 1365 2 
1370 2 797 3 15 2 1372 2 
14 4 1363 3 1369 2 798 2 
1372 1 799 1 1366 2 13 1 
1371 1 800 1 1369 2 12 1 
1337 2 1374 2 1376 2 2245 2 
541 4 1373 2 2244 3 1336 2 
1339 2 2243 2 1378 1 1376 2 
1338 2 2242 3 1373 2 1375 2 
1341 2 975 2 1380 2 1378 1 
1340 3 1375 1 1377 1 2240 2 
1382 3 1450 2 2159 1 
1403 2 1342 3 1377 2 2238 2 
1382 4 1246 2 2157 2 1452 2 
1381 4 1869 4 1379 3 2156 5 
318 4 1384 2 407 1 1982 2 
317 2 1383 2 1389 2 406 2 
1736 1 1386 2 1392 2 409 1 
1734 2 1385 2 1387 2 408 2 
411 3 1388 1 1733 1 1386 2 
1732 1 1387 1 410 2 1562 2 
1730 2 413 1 1390 1 1384 2 
1389 1 1728 4 1391 1 412 2 
1727 1 1390 1 415 1 1392 2 
414 3 1385 2 1726 3 1391 2 
17 1 504 1 1811 1 1394 1 
16 3 1393 1 1810 2 1395 1 
1394 1 1809 1 1396 4 19 2 
1397 5 1808 4 18 4 1395 4 
1396 5 1815 2 1398 2 13 2 
1814 3 1399 4 1397 2 12 1 
15 4 1398 4 1813 4 1400 4 
1401 2 1812 4 14 4 1399 4 
1400 2 21 2 1807 2 1402 2 
2229 1 1806 1 20 1 1401 2 
2239 2 1343 1 1380 2 1407 2 
1471 3 1345 2 1407 3 988 2 
832 1 1406 1 880 2 
992 2 879 2 1405 1 1202 1 
2247 2 1404 3 1403 2 1344 2 
41 2 1427 2 1409 2 1417 3 
1408 2 40 1 1426 2 1605 3 
33 2 1421 3 2408 4 1411 2 
1420 2 1410 2 32 1 1412 1 
1413 1 1419 2 35 3 1411 1 
1412 1 34 1 1418 1 1414 2 
37 2 1415 2 1413 2 1425 3 
36 2 1416 2 1414 2 1424 2 
1417 3 1423 2 1415 2 39 3 
1416 3 1422 2 1408 3 38 2 
1413 1 1425 2 1419 2 1201 2 
1199 3 1412 2 1418 2 1420 3 
1411 2 1421 3 2307 2 1419 3 
1632 2 1410 3 2306 3 1420 3 
2309 1 1417 2 1427 1 1423 1 
1416 2 1424 2 1422 1 2308 1 
1425 3 1209 2 1423 2 1415 2 
2310 3 1424 3 1418 2 1414 3 
1427 2 1270 2 1409 2 1007 3 
1408 2 1426 2 1186 1 1422 1 
1429 1 524 3 370 2 1431 2 
1428 1 1004 3 371 1 1438 1 
2141 3 1433 3 372 3 1431 4 
2140 2 1430 4 1428 2 373 4 
1248 3 1246 2 1899 2 1052 3 
1430 3 375 1 2134 5 1842 3 
1437 2 1435 1 376 2 2137 1 
1434 1 377 1 2136 3 1842 3 
327 4 1437 4 378 4 2145 4 
379 3 1434 2 1436 4 2144 2 
524 3 1905 1 1429 1 1116 3 
1616 2 454 2 1181 2 
81 5 245 3 632 3 1145 2 
1442 1 1448 1 732 2 2093 2 
2092 2 731 1 1441 1 1443 3 
1444 3 734 5 2091 4 1442 3 
733 1 1443 3 2090 1 1685 1 
1446 1 736 1 2089 1 2169 1 
1445 1 1447 1 735 3 2088 1 
1448 1 738 2 1446 1 2087 1 
1447 1 2086 1 737 2 1441 1 
2169 4 1698 5 2085 5 740 5 
1379 2 1869 3 1274 4 
1872 1 1870 2 107 2 940 2 
1869 2 1381 2 1283 3 1053 2 
1454 3 2224 3 265 4 1293 2 
405 3 1453 3 1455 3 1294 2 
2454 4 1454 3 1592 3 2224 3 
2215 2 2040 3 502 3 896 2 
1614 1 1056 1 1 1 1458 1 
1021 2 1457 1 1306 2 1613 3 
1460 3 1462 2 267 3 2447 1 
1459 3 2446 3 1691 4 266 3 
2445 1 1464 3 1478 1 1462 2 
2444 2 1459 2 1473 2 1461 2 
2451 2 1464 4 1467 3 1466 2 
1461 3 262 3 2450 4 1463 4 
265 4 2449 4 1466 2 2224 3 
2448 1 1465 2 1463 2 264 2 
264 3 1837 3 262 2 1463 3 
1873 2 941 2 105 1 
811 2 182 2 2241 1 551 1 
2039 1 904 1 2042 1 1479 1 
1229 2 1404 3 1552 2 2013 3 
1123 4 844 2 2317 2 1257 2 
1478 1 267 3 2435 1 1462 2 
1477 3 1543 3 1475 4 
1542 4 1318 3 1474 4 
1477 1 1548 3 
1474 3 1547 2 1476 1 
1473 1 1461 1 262 1 1839 3 
2038 2 2295 1 502 2 1470 1 
292 4 338 3 1481 3 50 3 
337 1 1480 3 1490 1 291 2 
1879 3 2364 1 1483 1 
1878 1 1327 1 1482 1 
1485 2 296 1 330 1 1487 2 
1484 2 1163 3 295 2 329 2 
294 1 332 1 1489 4 1487 2 
293 2 331 3 1484 2 1486 2 
1491 1 1489 4 334 2 300 2 
299 4 1488 4 1486 4 333 5 
298 2 1491 1 1481 1 336 3 
1490 1 1488 1 297 1 335 3 
1495 2 1813 1 1493 2 1975 2 
1500 3 1812 5 1492 2 1974 3 
1497 4 1495 3 1973 2 1815 2 
1814 4 1972 3 1492 2 1494 3 
1497 4 1971 3 1809 2 1499 2 
1496 4 1494 4 1970 4 1808 3 
1811 1 1499 1 561 2 1969 1 
1810 2 1968 1 1498 1 1496 2 
1977 2 1493 3 1501 2 1807 2 
1806 1 1976 2 1500 2 1333 3 
1505 2 1011 3 1503 2 825 3 
824 2 1302 2 1010 1 1502 2 
1505 1 1013 1 827 1 
1504 1 1012 2 1502 2 826 3 
1507 5 1513 2 294 2 316 2 
315 4 1506 5 293 4 1508 4 
1705 2 1509 2 296 1 1507 4 
295 2 1508 2 1704 2 861 3 
1511 2 298 2 1515 1 312 2 
1510 2 311 3 1512 3 297 2 
300 3 310 3 1511 3 1513 2 
1506 2 299 1 309 1 1512 2 
2101 2 1515 1 292 2 1687 2 
1510 1 1514 1 291 2 1686 1 
310 2 1589 3 1517 2 1519 2 
1522 2 1588 3 309 2 1516 2 
2479 2 54 2 1529 2 1999 3 
2477 3 1586 3 311 3 1516 2 
1593 2 1523 1 1705 2 1521 1 
1704 1 2454 3 1592 2 1520 1 
316 1 1517 2 1523 1 1591 2 
315 1 1520 1 1522 1 1590 3 
2350 4 1527 2 1525 2 52 2 
1524 2 2000 1 51 2 1530 2 
2003 3 50 1 338 1 1527 1 
1524 2 2002 1 49 1 1526 1 
1529 2 1531 2 2005 4 48 2 
47 2 1518 2 1528 2 2004 1 
1531 2 46 2 2365 3 1525 2 
2006 2 1528 2 1530 2 45 1 
1541 1 1533 2 322 2 336 3 
321 2 1532 2 335 4 1534 3 
1535 3 334 3 324 3 1533 3 
1534 3 333 3 1536 3 323 2 
326 4 332 2 1535 3 1537 3 
325 2 1538 2 1536 3 331 3 
328 3 1537 2 1539 1 330 1 
327 2 2145 2 329 1 1538 1 
2003 4 1541 2 338 2 320 2 
319 1 1532 1 337 1 1540 2 
1758 3 1475 4 958 3 1543 3 
1474 3 1547 2 957 3 1542 3 
2034 3 2215 1 902 1 2138 2 
961 2 1546 2 1548 3 
1545 2 960 4 
1477 2 1543 2 963 2 1548 4 
962 3 1545 3 1476 3 1547 4 
63 1 2326 1 1866 1 263 1 
974 3 58 2 23 3 2002 2 
263 1 1079 1 2324 2 1287 2 
56 2 1471 2 1228 4 2012 2 
2011 1 427 2 1556 1 61 2 
2329 4 1861 2 1093 2 1080 3 
28 2 997 4 1006 2 2005 4 
429 2 62 1 1553 1 2008 1 
30 1 1006 1 1999 2 1558 2 
2253 3 31 3 1998 3 1557 2 
1652 2 2316 3 1560 2 1876 2 
1080 2 2315 2 1559 2 1875 1 
153 1 875 2 1566 1 1562 2 
1561 2 1388 2 152 3 874 3 
109 1 1568 3 1564 2 161 2 
108 3 1565 3 160 2 1563 2 
163 5 1566 2 107 3 1564 3 
1561 1 1565 2 106 2 162 1 
104 2 159 1 1568 3 
1567 3 103 4 1563 3 158 5 
351 3 186 3 1570 3 756 2 
350 2 755 2 1571 3 1569 3 
1572 2 754 2 1570 3 353 3 
1571 2 352 1 149 2 753 1 
1995 1 1574 3 1977 1 1580 1 
1994 3 1573 3 2218 3 1976 4 
1576 2 357 2 750 2 151 2 
1785 3 1575 2 749 3 356 2 
1578 1 1983 1 1584 2 1973 1 
1577 1 1579 1 1972 2 1599 1 
1981 2 1578 1 1975 2 1580 1 
1974 2 1573 1 1980 1 1579 1 
434 2 1969 1 1582 2 1987 2 
1968 2 1583 3 1581 2 1986 4 
1971 3 1584 3 1582 3 2222 2 
1970 3 1577 2 2221 2 1583 3 
2018 3 1221 3 74 2 61 3 
1587 2 1519 3 1589 4 399 2 
1596 1 1586 2 398 2 2477 2 
1589 4 1591 3 401 2 1517 3 
1588 4 400 3 1586 4 1516 3 
1593 4 1523 3 403 3 1591 4 
402 2 1588 3 1522 2 1590 4 
1521 2 405 3 1593 3 1455 3 
1520 2 404 3 1590 4 1592 3 
785 1 2398 2 1595 1 2063 1 
2399 3 2062 1 1594 1 250 1 
1587 1 1267 1 1597 1 397 2 
2064 3 1266 2 1596 1 1924 1 
81 4 1600 1 1145 1 280 1 
1981 2 2079 2 1578 1 1983 1 
1800 1 1173 1 1598 1 1601 1 
280 1 1608 2 1172 1 1600 1 
271 5 750 4 369 4 1603 4 
749 3 272 3 1602 4 1817 1 
1271 2 1605 4 2352 2 
1604 4 1409 3 2351 5 1270 3 
754 2 1607 2 1609 2 275 2 
368 1 753 1 1606 2 276 3 
756 2 1601 2 1609 2 277 4 
755 1 1606 2 278 1 1608 2 
450 3 452 3 2048 2 1862 3 
627 2 1768 2 1184 1 1612 1 
626 2 456 1 1183 1 1611 1 
1840 3 64 3 1614 3 1458 3 
65 1 1457 1 1617 1 1613 3 
72 2 870 2 1618 2 2251 1 
1439 2 1180 2 
1614 1 1056 1 70 2 1618 2 
71 3 1045 2 1615 2 1617 2 
1622 2 2262 2 1620 2 68 3 
95 1 2261 1 69 3 1619 2 
870 2 2268 3 66 2 1622 1 
1619 2 1621 1 67 1 2263 2 
1626 1 2095 2 1624 3 2033 1 
1623 3 2094 3 1631 4 2032 4 
1626 1 1628 3 2097 1 2397 2 
1625 1 1623 1 2096 1 2396 3 
2029 1 1630 1 2099 1 1628 3 
2098 5 1625 3 2028 3 1627 3 
1630 2 2027 3 2101 3 1687 3 
2026 1 1627 1 1629 2 2100 2 
1632 2 2103 3 2409 2 1624 4 
2102 2 1631 2 1421 2 2408 3 
1634 2 610 1 1636 1 1898 3 
1639 2 1633 2 1897 3 611 3 
1636 1 1900 2 1159 2 612 2 
613 1 1635 1 1899 1 1633 1 
1902 4 1640 3 614 3 1638 4 
539 2 1901 2 1637 4 615 2 
1634 2 1904 2 616 1 1640 1 
1903 1 1637 3 617 1 1639 1 
46 2 1642 3 1648 2 2097 2 
1641 3 2096 2 1643 4 45 2 
2095 4 1644 3 48 3 1642 4 
2094 1 1643 3 533 2 47 2 
2101 2 1646 1 50 1 292 2 
2100 2 1645 1 1647 2 49 1 
52 2 1646 2 2099 2 1648 2 
2098 3 1641 2 1647 2 51 2 
730 2 1659 2 1650 2 1078 2 
1746 2 1649 2 2074 1 729 4 
2137 1 1165 1 1118 2 2313 4 
1559 2 722 1 1741 2 1653 3 
1654 3 721 3 1740 3 1652 3 
1655 1 1653 3 724 1 1739 4 
1654 1 1738 1 1656 3 723 1 
1657 4 726 4 1655 3 1745 4 
725 3 1744 2 1656 4 1658 2 
1070 1 1659 1 728 2 1657 2 
1658 1 1649 2 1742 2 727 2 
1794 2 919 3 885 1 1851 1 
1193 2 1765 4 1664 4 1662 3 
212 2 1764 3 1667 2 1661 3 
1767 2 656 3 209 1 1664 3 
210 3 1766 4 1661 4 1663 3 
1666 2 359 3 318 4 173 1 
1671 2 1665 2 358 3 317 2 
1771 1 1668 3 1197 2 1662 2 
214 4 1667 3 1770 3 650 3 
1727 1 353 2 1672 1 1670 2 
1726 3 1675 4 1669 2 352 2 
1666 2 1730 2 1672 1 351 2 
1671 1 1669 1 350 1 1728 4 
1733 1 1674 2 1676 1 357 1 
1673 2 356 3 1732 2 1868 3 
355 3 1670 4 1736 3 1676 3 
354 2 1734 1 1673 1 1675 3 
853 3 1756 1 1236 2 855 3 
497 5 1683 4 1679 3 1885 3 
1680 1 1678 3 1884 1 496 2 
1883 1 1681 4 1679 1 499 1 
1680 4 1882 4 1684 5 498 4 
1683 3 495 3 1881 3 
1682 3 1678 4 1880 3 494 4 
1685 2 501 3 1879 4 1681 5 
1878 1 500 1 1444 1 1684 2 
1687 2 312 2 1267 1 1515 1 
1686 2 1266 3 1514 2 1629 3 
87 1 1689 3 890 1 411 3 
410 4 86 5 1895 4 1688 3 
1691 3 1701 2 2305 2 65 2 
1690 3 64 2 1460 4 2304 2 
1693 1 1695 1 415 1 91 1 
414 2 887 1 1692 1 845 1 
1697 1 413 1 93 1 1695 1 
412 2 854 1 1692 1 1694 1 
1697 2 2261 2 407 2 95 2 
1694 1 1696 2 406 1 94 4 
2297 2 1449 5 69 4 1699 3 
2296 3 1698 3 68 3 891 2 
2303 3 1701 2 71 3 1703 2 
2302 2 1700 2 1690 2 70 2 
73 1 2301 3 873 2 1703 1 
2300 1 1700 2 72 2 1702 1 
1705 2 1521 1 1509 2 2203 1 
1508 2 1704 2 1520 2 315 2 
1707 1 506 3 566 1 1715 1 
1706 1 505 2 565 1 1708 1 
1707 1 564 2 508 1 1709 2 
1710 2 563 3 507 2 1708 2 
1709 2 570 2 1711 2 510 3 
509 3 1712 3 569 2 1710 2 
1711 3 1713 3 512 3 476 2 
511 2 1032 2 1712 3 567 2 
504 3 1811 3 1715 3 561 4 
560 2 1706 1 1714 3 503 2 
1717 2 504 2 522 3 17 2 
1716 2 503 2 521 1 1724 2 
1721 1 514 2 1719 2 512 2 
513 3 478 2 1718 2 511 2 
1721 1 510 3 516 1 1723 1 
1720 1 1718 1 509 2 515 2 
1723 3 518 3 1725 3 508 3 
1722 3 517 2 507 1 1720 1 
1725 2 520 2 506 4 1717 2 
519 3 1724 2 1722 3 505 2 
1670 3 1727 2 1392 3 1736 2 
1669 1 1726 2 1391 1 1728 4 
1390 4 1730 5 1727 4 1672 4 
1893 3 1731 3 588 3 848 3 
1389 2 1671 2 317 2 1728 5 
1888 2 1729 3 90 2 587 2 
1388 1 1733 1 1674 2 874 2 
1673 1 1734 1 1732 1 1387 1 
1733 1 1736 1 1386 2 1676 1 
163 4 2417 1 1737 2 1747 2 
1385 1 1734 1 1675 3 1726 2 
1735 2 820 3 2416 2 162 2 
1655 1 451 3 1745 2 1739 4 
550 4 1740 4 1654 4 1738 4 
1741 2 553 3 1739 4 1653 3 
1740 2 2316 3 1652 2 552 3 
1070 2 1078 2 1659 2 555 3 
1747 2 1887 1 161 2 2419 2 
1745 2 1070 1 1657 2 557 1 
1744 2 556 3 1656 4 1738 2 
1650 2 1987 3 434 3 1078 2 
160 2 1743 2 2418 2 1735 2 
557 1 1082 1 1749 2 564 2 
1754 4 1748 2 563 3 556 3 
1082 2 1761 2 555 3 566 2 
204 3 858 3 1081 3 1311 2 
1753 1 476 1 1755 1 553 3 
567 1 1752 1 74 1 552 2 
570 4 1755 3 451 5 1749 4 
1754 3 1752 1 569 1 550 1 
1677 1 1319 1 1759 1 1757 1 
1762 2 1756 1 853 3 
1542 3 856 1 1759 1 1318 2 
855 3 1758 1 1756 1 1317 2 
434 2 1969 1 561 2 1761 1 
1750 2 560 2 544 1 1760 1 
1763 2 1757 2 852 2 1314 3 
1313 2 1094 1 1762 2 851 2 
1765 4 2117 2 1771 2 1662 3 
1764 4 1766 4 2116 3 1661 4 
1664 4 1765 4 2115 3 1767 3 
2114 3 1663 2 1766 3 1772 2 
2121 2 1611 2 1769 3 651 3 
2120 2 650 2 1768 3 1770 2 
1771 1 1668 3 2119 3 1769 2 
1667 1 1770 1 1764 2 2118 1 
2123 1 656 3 1773 2 1767 2 
655 3 1079 2 1772 2 2122 2 
812 3 2007 1 1775 2 1777 1 
811 3 2001 3 2241 2 1774 2 
1777 2 2016 3 810 3 1779 3 
2292 1 1776 2 809 2 1774 1 
816 1 1996 1 1781 1 1779 2 
815 4 1776 3 380 2 1778 2 
1783 2 1781 1 2260 2 814 2 
1780 1 1997 1 813 2 1778 1 
1945 3 818 3 1783 3 389 3 
388 3 817 2 1780 2 1782 3 
1785 4 236 3 1793 2 956 4 
1576 3 955 3 1784 4 523 4 
1787 3 235 4 942 1 1256 2 
941 4 1788 4 1786 3 234 3 
1787 4 232 2 1789 3 944 3 
231 4 1788 3 943 2 1790 2 
1791 2 230 1 938 3 1789 2 
937 2 1790 2 229 3 1792 2 
1791 2 1793 1 228 1 940 2 
227 2 939 1 1784 2 1792 1 
920 2 1660 2 1850 2 882 3 
1170 3 343 1 581 1 862 2 
1797 2 77 1 1803 1 1827 1 
1796 2 1826 3 1798 3 78 5 
1799 2 1829 2 1797 3 79 2 
1798 2 1804 1 80 1 1828 1 
1600 1 1831 2 1801 2 81 4 
82 2 1830 2 1800 2 1802 3 
83 2 1803 2 1833 3 1801 3 
84 1 1796 1 1802 2 1832 1 
1805 2 1799 1 75 2 1310 2 
1804 2 1838 2 249 2 76 3 
1501 1 1807 1 2024 2 1402 1 
1806 1 1812 4 1401 2 1500 2 
1396 4 1815 1 1809 1 1497 3 
1810 2 1395 1 1496 2 1808 1 
1809 2 1394 2 1499 2 1811 2 
1393 1 1498 1 1714 3 1810 2 
1400 4 1807 4 1493 5 1813 4 
1492 1 1399 4 1814 3 1812 4 
1495 4 1398 3 1815 3 1813 3 
1808 1 1397 2 1814 3 1494 2 
1823 3 531 2 236 3 1817 2 
523 2 532 3 1603 1 1816 2 
1821 2 1819 1 232 1 
231 3 525 1 1818 1 1824 2 
1821 2 235 4 
1820 2 1818 2 234 2 
1825 1 527 1 228 1 1823 2 
528 5 227 3 1816 3 1822 2 
1825 2 230 2 529 3 1819 2 
1824 2 1822 1 530 1 229 2 
2180 2 1797 3 1827 2 1829 2 
1796 1 1832 1 1826 2 98 1 
85 1 1829 1 1310 2 1799 1 
1828 1 1798 2 1826 2 2168 1 
1801 2 1831 2 2190 1 1833 2 
1800 2 1830 2 1173 2 2189 3 
1833 2 1827 1 1803 1 884 1 
1832 2 1802 3 2182 3 1830 2 
1837 3 264 3 1308 3 1835 2 
1293 1 1307 2 1834 2 265 3 
1839 3 1837 2 262 1 1158 2 
1834 3 1467 3 1309 3 1836 2 
889 3 1310 2 1805 2 2475 1 
1836 3 2435 3 1478 3 1303 3 
1306 2 1613 3 1841 3 266 1 
2435 3 267 5 1305 3 1840 3 
374 3 2135 3 1435 3 1433 3 
329 1 2313 4 2145 2 1163 2 
1856 3 1845 2 1851 1 885 1 
1846 2 1844 2 1855 2 886 4 
1845 2 1847 1 1854 3 883 1 
1853 1 1846 1 
1849 4 2412 2 1860 4 881 2 
1850 3 1859 3 882 4 1848 4 
1849 3 1858 1 1851 1 1794 2 
1850 1 1857 3 1844 1 1660 1 
1115 4 2140 4 1168 5 1113 4 
1847 1 1854 3 2197 1 
1846 3 1853 3 2196 4 1855 3 
1856 3 1854 3 1845 2 2199 1 
1857 5 1855 3 1844 3 2198 3 
1856 5 1851 3 1858 3 2193 4 
2192 2 1850 1 1857 3 1859 1 
1849 3 1860 3 1858 1 2195 3 
2081 3 2194 4 1859 3 1848 4 
1862 2 450 2 1554 2 1864 3 
1861 2 1080 3 1875 2 1610 3 
63 1 448 1 1864 3 1866 1 
449 3 1093 3 1863 3 1861 3 
1866 2 1287 3 446 3 263 2 
447 2 1865 2 1549 1 1863 1 
956 3 1870 2 875 2 1868 2 
874 3 1674 3 1867 2 955 2 
1284 2 1382 4 1452 2 1450 3 
939 2 1867 2 1451 2 106 3 
938 4 109 2 1874 2 1872 2 
937 1 1451 1 108 2 1871 2 
1468 2 1874 2 104 3 944 3 
103 2 943 1 1873 2 1871 2 
452 2 1876 1 1560 1 1862 2 
453 4 1875 1 722 1 1559 2 
1113 1 2134 5 1166 4 1119 3 
1685 1 2090 1 1879 3 1483 1 
1482 3 1882 3 1684 4 1878 3 
2369 3 1881 3 1683 3 1885 2 
2368 2 1880 3 1682 3 
1681 4 2364 1 1879 3 1883 1 
1680 1 2363 1 1884 1 1882 1 
1883 1 2367 2 1679 1 1885 1 
2366 1 1884 1 1880 2 1678 3 
1887 1 159 1 1124 1 
1886 1 1743 1 2420 1 158 3 
1731 2 857 1 1889 3 586 1 
585 3 92 3 1888 3 2131 3 
835 3 822 2 592 2 1891 4 
591 3 1892 5 1890 4 833 3 
1893 4 2017 3 1891 5 590 3 
589 2 1729 3 836 2 1892 4 
97 2 583 1 989 1 822 1 
152 3 820 3 2414 2 1689 4 
773 1 761 2 1943 1 1945 2 
1898 4 1904 3 1634 3 1249 3 
1897 4 1248 4 1899 3 1633 3 
1636 1 1900 2 1432 2 1898 3 
1635 2 2157 2 1899 2 1246 2 
1902 2 1638 2 1906 2 1245 2 
1903 2 1901 2 1244 4 1637 4 
1243 3 1902 2 1640 1 1904 2 
1639 2 1242 3 1897 3 1903 2 
1241 1 1004 3 1438 1 1906 2 
1240 3 539 2 1905 2 1901 2 
1204 1 1912 2 1908 1 2248 1 
1907 1 2246 2 1203 2 
1208 2 20 2 2229 2 1910 3 
1911 3 2226 2 1909 3 1207 2 
1910 3 1912 3 233 3 1206 3 
1907 2 1911 3 1205 3 2235 2 
752 4 1914 4 1920 3 1967 3 
1966 3 1913 4 680 4 751 4 
1916 2 1918 1 742 2 1961 1 
1960 2 1915 2 741 3 1921 2 
1959 2 744 2 1918 2 872 4 
1915 1 1917 2 743 1 1958 2 
1965 1 746 2 1922 2 1920 2 
745 2 1913 3 1964 4 1919 2 
1963 1 1922 2 748 1 1916 2 
1921 2 1962 3 1919 2 747 3 
1069 3 1957 2 1269 2 2409 2 
2318 1 2027 2 1927 2 1597 1 
1931 2 752 4 1926 2 766 2 
751 2 765 1 1925 2 664 2 
2026 2 1123 4 2317 2 1924 2 
1929 2 1935 1 748 1 758 1 
747 3 1928 2 757 2 1930 2 
1931 1 746 2 1929 2 760 2 
1930 1 759 2 1925 2 745 1 
744 3 762 4 1933 4 2 4 
743 2 1932 4 1934 4 761 3 
742 4 1935 3 764 4 1933 4 
763 1 1934 3 741 2 1928 1 
2028 2 1940 2 1123 4 1257 2 
766 1 1978 1 776 3 1938 1 
775 1 765 1 1937 1 640 3 
1942 3 768 3 1978 2 760 3 
2397 2 1936 2 1946 1 2322 1 
758 2 1944 4 770 2 1942 3 
1939 3 769 3 1941 3 757 2 
1896 1 764 2 1944 3 772 1 
771 3 1941 4 1943 3 763 3 
1782 3 762 3 774 2 1896 2 
2396 3 2321 1 1940 1 1157 1 
1948 2 774 2 1297 3 704 2 
703 3 1949 2 773 1 1947 2 
772 2 706 2 1948 2 1950 2 
771 1 1951 2 1949 2 705 4 
1952 4 708 2 1950 2 770 2 
1951 4 1953 4 707 4 769 4 
1952 4 768 3 710 3 1954 3 
767 2 1955 2 709 3 1953 3 
696 2 776 3 1954 2 1956 1 
775 1 1955 1 620 2 695 1 
1157 1 1923 2 2319 1 2032 2 
786 2 1959 2 1961 2 1918 2 
1917 2 1958 2 2063 1 785 1 
1916 2 1961 1 788 2 1963 1 
1960 1 787 3 1958 2 1915 1 
1963 2 1965 2 1922 3 790 2 
1921 1 1962 2 789 1 1960 1 
792 3 1965 3 1967 4 1920 4 
1919 1 1962 2 1964 3 791 1 
784 2 1914 3 1042 1 1967 2 
1966 2 1913 3 1964 4 783 3 
1582 2 1499 1 1971 2 1969 1 
1760 1 1581 1 1968 1 1498 1 
1973 2 1584 3 1497 4 1971 3 
1583 3 1496 3 1970 3 1968 2 
1495 3 1578 2 1973 2 1975 3 
1970 2 1577 1 1494 2 1972 2 
1580 2 1975 3 1977 2 1493 3 
1974 3 1579 2 1492 2 1972 3 
1355 2 1501 2 1977 2 1574 4 
1974 2 1573 1 1500 2 1976 2 
1939 2 1937 1 767 1 759 2 
1114 1 1110 1 301 1 2314 1 
2077 1 1981 2 1995 1 1580 1 
1579 2 1980 2 1599 2 2076 2 
2216 3 134 2 543 3 1383 2 
2078 1 2221 1 1577 1 1599 1 
1985 4 1991 3 1362 5 1107 3 
1984 4 2291 3 1361 2 2201 2 
2222 3 1987 4 2075 4 1582 4 
1746 3 1986 4 2074 2 1581 2 
2255 1 1350 5 2284 1 1989 1 
2283 2 1990 1 1988 1 1349 1 
1991 1 1989 1 1348 1 2286 3 
1990 1 1984 3 2285 2 1347 1 
2288 3 1354 4 53 3 1993 2 
2287 1 1353 1 2250 1 1992 2 
1574 3 1995 1 2081 1 2194 2 
1573 1 1994 1 1980 1 2080 2 
1997 1 380 1 1778 1 1309 2 
1996 1 1308 2 2260 2 1781 1 
1999 3 2479 2 2236 2 1558 3 
2004 2 1998 3 1518 3 1557 2 
2365 2 1525 1 2350 3 59 2 
2007 2 1021 3 1775 3 1306 3 
2003 3 1527 1 2350 3 1550 2 
2002 3 1540 4 1526 3 974 4 
1999 2 1006 1 1529 1 2005 3 
2006 4 1528 4 2004 3 1555 4 
1531 2 2365 3 2005 4 997 4 
2001 2 1305 1 1774 1 2292 1 
2009 2 2011 1 2328 3 1556 1 
2008 2 62 2 2014 4 2327 2 
2018 2 2011 1 61 2 2330 1 
1553 1 2008 1 2010 1 2329 3 
2324 3 2015 3 2013 3 1552 2 
2323 3 988 2 1471 3 2012 3 
2009 4 2326 3 57 3 2015 4 
2325 2 2012 3 56 3 2014 4 
1303 2 2292 2 380 2 1776 3 
1892 3 836 1 833 1 2279 1 
2010 2 2382 2 2315 3 1585 3 
1156 4 1126 3 2042 2 2039 2 
2023 3 2248 3 1335 4 2021 3 
2246 2 1334 1 2020 3 
2023 2 2025 2 1331 3 233 3 
2022 2 2020 3 1330 3 2235 1 
2025 2 2229 2 1806 2 1333 4 
2024 2 2226 1 2022 2 1332 2 
1630 1 2027 2 2029 1 1927 2 
2026 2 1266 3 1924 2 1629 3 
1936 2 1628 3 2397 2 2029 1 
1123 3 2028 1 2026 1 1627 1 
2155 1 2031 1 802 1 2143 1 
2036 3 2030 1 2154 1 2142 1 
2033 2 2409 2 1624 4 1957 2 
1157 1 2032 2 2396 3 1623 1 
2147 5 1544 3 2037 3 2035 3 
2215 1 2034 3 2040 2 2146 1 
2031 3 2149 4 2139 4 2037 3 
2148 1 2034 3 2138 2 2036 3 
1479 2 2039 2 2041 3 2151 2 
2038 2 1470 1 2150 2 2019 2 
2153 4 1456 3 2035 2 2041 3 
502 3 2152 2 2038 3 2040 3 
453 4 2019 2 1470 1 2043 2 
2048 2 1126 3 2042 2 452 3 
2155 1 2045 2 987 1 780 1 
2154 2 2436 3 2044 2 986 2 
2047 3 449 1 2049 1 1135 3 
2046 3 1134 4 2052 5 448 3 
2043 2 2049 1 1133 2 1610 2 
2048 1 2046 1 1132 1 450 2 
2053 2 2051 2 1131 1 445 2 
2050 2 444 2 2265 4 1130 3 
2053 4 2047 5 1129 4 447 4 
2052 4 2050 2 446 3 1128 3 
990 3 985 1 2057 3 2055 2 
97 3 984 2 989 2 2054 2 
834 1 983 2 2059 1 2057 3 
2056 3 2054 3 991 4 982 4 
2061 2 2059 2 981 3 994 4 
993 1 2058 2 2056 1 980 2 
979 2 996 4 2061 1 
2058 2 995 1 2060 1 978 2 
2462 1 473 2 1595 1 2063 1 
1959 1 872 3 2062 1 1594 1 
2318 3 1597 3 695 3 397 4 
479 2 394 2 396 2 1025 3 
2160 2 2069 2 825 3 2083 4 
511 1 478 1 1032 1 2070 1 
2291 2 55 1 2456 3 2201 1 
2276 1 824 2 2348 1 2066 2 
477 2 396 1 1031 2 2067 1 
568 1 711 2 535 1 689 2 
2423 2 2222 2 2075 3 2073 3 
2221 2 2078 2 2072 3 2422 4 
1650 1 1987 2 2075 2 2421 1 
2072 3 2074 2 1986 4 2158 2 
2079 2 2077 1 1981 2 871 4 
1980 1 2331 2 2080 2 2076 1 
1983 1 2073 2 2079 2 2314 1 
2076 2 2078 2 1599 2 2312 2 
2081 2 2413 3 2077 2 1995 2 
1860 3 2080 2 2412 1 1994 1 
2399 3 480 3 2405 2 250 1 
826 5 2410 3 2404 3 2066 4 
2089 1 1321 1 2169 1 2085 2 
2297 2 2084 2 1449 5 1320 2 
1448 1 2093 2 1323 2 2087 1 
1322 1 2086 1 1447 1 2088 1 
2089 1 1325 2 1446 1 2087 1 
2088 1 2084 1 1324 2 1445 1 
1444 1 1878 1 1327 1 2091 2 
1326 3 2090 2 1443 4 2092 3 
1442 2 1329 2 2093 3 2091 3 
2092 3 1328 2 2086 2 1441 2 
1644 1 2103 2 2095 2 1624 3 
1643 4 1623 2 2094 2 2096 2 
1626 1 2097 1 1642 2 2095 2 
2098 3 1625 1 1641 2 2096 1 
1628 5 1648 3 2097 3 2099 3 
2100 2 1627 1 1647 2 2098 3 
1646 2 2101 3 2099 2 1630 2 
1514 2 1645 2 2100 3 1629 3 
1632 2 534 3 2306 3 2103 3 
1631 3 2094 2 2102 3 533 3 
1325 4 1275 3 2105 3 2107 5 
1274 3 2112 2 2104 3 1324 2 
2109 3 2107 3 1323 2 
1276 3 2106 3 1322 3 2104 5 
2109 3 347 2 1329 1 
2108 3 2106 3 1328 3 
347 2 1327 1 
627 2 344 1 364 1 216 1 
2105 2 1284 2 1321 2 2113 3 
1283 4 1320 2 607 2 2112 3 
1767 3 2239 3 2115 3 2123 2 
2238 2 2116 2 1766 3 2114 3 
2117 1 2115 2 1765 3 975 2 
2116 1 2118 1 2240 2 1764 2 
2117 1 2243 2 1771 1 2119 3 
2120 3 1770 3 2242 4 2118 3 
2119 3 1769 2 2245 2 2121 1 
1768 2 1184 1 2120 1 2244 2 
2323 2 988 1 2123 1 1773 2 
1772 1 2247 1 2122 1 2114 2 
455 2 2411 2 361 1 
2370 4 472 1 
921 3 2127 3 2376 3 2133 2 
2126 3 112 2 2128 2 2375 3 
2378 2 2129 2 914 2 2127 2 
913 2 2333 2 2128 2 2377 3 
363 3 2160 2 455 3 2131 2 
362 3 2348 1 1889 3 2130 2 
2133 1 2374 3 923 3 475 4 
2132 1 2373 1 114 1 2126 2 
1877 5 2135 5 2141 5 1433 5 
1842 3 2136 3 2134 5 1119 3 
2135 3 1118 4 2137 3 1435 3 
2144 1 1651 1 2136 3 1434 1 
901 3 2139 3 1544 2 2037 2 
900 2 2138 3 2142 2 2036 4 
2141 1 1852 4 1431 2 524 3 
2140 1 1430 3 2134 5 1113 1 
2143 1 893 3 2139 2 2031 1 
305 1 892 2 2142 1 2030 1 
2137 1 2145 2 1437 2 2313 4 
1539 2 2144 2 1843 2 1436 4 
2170 2 2147 3 2035 1 2153 3 
2161 3 2034 5 2146 3 2148 3 
2437 2 2037 1 2149 2 2147 3 
2148 2 2154 2 2036 4 2436 3 
2460 4 2039 2 1156 4 2151 2 
2459 3 2152 1 2038 2 2150 2 
2153 3 2457 1 2041 2 2151 1 
2152 3 2452 4 2040 4 2146 3 
2045 2 2031 1 2149 2 2155 1 
2030 1 285 2 2044 1 2154 1 
1382 5 2159 3 2157 3 1160 4 
1159 2 1381 2 1900 2 2156 3 
1121 1 2423 1 2421 1 2075 2 
1161 1 2156 3 1379 1 
2348 1 2410 1 2130 2 2066 2 
2147 3 2170 2 2437 2 981 2 
2163 2 906 4 2165 3 1290 2 
2162 2 1289 2 905 3 2166 1 
2165 2 1292 1 908 4 2361 1 
2162 3 2164 2 1291 2 907 2 
912 2 2163 1 
2463 2 1096 5 252 4 2461 4 
1147 2 85 1 2180 1 1829 1 
1449 4 2084 1 739 1 1445 1 
2452 3 2146 2 2161 2 980 3 
1111 1 718 3 
2173 3 225 2 1072 2 468 3 
1071 2 2172 3 2174 3 467 3 
2175 2 466 2 2173 3 1074 2 
2174 2 2176 1 1073 3 465 2 
471 2 2175 1 1076 2 2177 3 
1075 4 470 3 2176 3 2178 3 
1077 1 469 3 2177 3 
2377 3 2333 2 819 2 31 3 
1148 1 2168 1 1826 2 98 1 
2188 3 25 2 821 2 2339 2 
1151 3 2190 2 884 2 1833 3 
23 3 2341 2 2184 2 821 2 
1218 1 22 2 2340 3 2183 2 
29 3 2186 1 819 1 2335 1 
2334 2 2187 1 28 1 2185 1 
27 1 2186 1 2188 2 2337 2 
2181 3 2336 3 2187 2 26 2 
185 2 1153 2 1831 3 2190 2 
1152 3 2182 2 1830 1 2189 2 
2472 2 237 3 559 2 2463 2 
1858 2 2193 3 2220 2 2195 4 
2192 3 2219 2 1857 4 2198 2 
2218 2 1860 4 2195 4 1994 2 
2217 3 2194 4 1859 3 2192 4 
926 2 1854 4 2199 2 2197 2 
1853 1 2196 2 
2214 3 1856 3 2199 1 2193 2 
2213 1 2196 2 1855 1 2198 1 
1155 2 1310 2 85 1 889 3 
2068 1 1985 2 
435 2 545 2 132 3 2216 2 
861 2 2454 3 2204 1 1704 1 
860 3 2205 2 2203 1 2453 1 
869 2 2204 2 2449 4 2206 2 
2448 1 2207 3 868 1 2205 2 
2208 3 2451 3 2206 3 867 4 
2207 3 866 1 2450 2 2209 3 
2445 3 2210 4 865 3 2208 3 
2211 3 2444 2 2209 4 864 2 
2210 3 2447 2 863 3 2212 2 
2392 2 2446 1 862 2 2211 2 
926 1 2214 3 2199 1 1360 4 
1359 4 2219 3 2198 3 2213 3 
903 1 1456 2 2035 1 1544 1 
1982 3 542 3 133 2 2202 2 
2220 1 1356 1 2195 3 2218 1 
2194 2 1355 1 1574 3 2217 1 
2214 3 1358 2 2220 1 2193 2 
2217 1 2219 1 1357 2 2192 2 
2073 2 1983 1 1584 2 2222 1 
2072 2 2221 1 1986 3 1583 2 
435 2 1018 2 547 2 2225 2 
2453 2 1453 3 1465 3 1455 3 
546 2 463 2 1014 3 2223 2 
2229 1 1910 2 233 2 2025 1 
1313 3 2228 2 
1316 2 178 1 968 3 2227 2 
2024 2 2226 1 1402 1 1909 2 
1312 1 968 3 184 2 2231 2 
183 2 2230 2 1311 2 1191 3 
2233 1 973 2 2257 2 1350 5 
2232 1 2256 2 1349 1 969 3 
1352 2 1005 2 973 3 2237 3 
2248 1 1912 2 2023 1 233 2 
1354 3 2237 2 1998 2 2253 2 
2252 2 2236 2 1353 2 2234 3 
975 2 2115 2 2239 2 1380 2 
1403 2 2238 2 2114 3 2247 2 
2243 3 975 3 2117 2 1378 2 
1021 2 1469 1 1775 2 526 2 
2245 3 2119 4 1376 3 2243 3 
2240 3 1375 2 2118 2 2242 3 
719 3 1374 3 2245 3 2121 2 
2120 2 2242 3 2244 3 1373 2 
2021 2 2248 2 1908 2 
1407 2 2123 1 988 1 2239 2 
2020 3 2246 2 2235 1 1907 1 
1008 1 967 1 2258 3 
2290 1 2255 1 1352 1 1993 1 
1033 1 1014 2 1615 1 1045 1 
2237 2 2253 2 666 1 1005 1 
2252 2 667 2 1558 3 2236 2 
2257 2 668 1 973 2 1005 1 
1988 1 2250 1 1351 1 2289 1 
2259 2 670 2 2257 3 2233 2 
2232 2 2254 2 2256 3 671 4 
1019 3 2249 3 970 4 2259 3 
673 2 2256 2 2258 3 969 3 
1997 2 1307 3 388 3 1780 2 
1620 1 134 1 2262 1 1696 2 
2261 1 1619 2 133 1 2263 2 
132 4 2262 2 2268 4 1622 2 
2267 2 1011 3 208 3 2265 4 
2264 4 2051 4 1010 3 207 3 
2267 4 1013 4 1034 4 210 4 
1012 2 2264 2 2266 4 209 1 
1033 3 131 3 1621 3 2263 4 
2272 2 214 3 2270 2 
1197 2 2269 2 
364 1 216 1 2272 1 
2269 2 215 3 2271 1 
946 2 984 2 2274 2 97 3 
96 1 2281 1 2273 2 945 5 
857 4 2278 4 952 4 2276 4 
2069 1 951 1 92 1 2275 4 
2278 1 2280 2 848 2 954 2 
2277 1 2275 4 90 1 953 1 
2280 2 2282 2 2017 1 948 1 
947 3 2279 2 2277 2 836 2 
835 2 950 1 2274 1 2282 2 
833 2 2281 2 2279 2 949 2 
2286 4 1989 2 1209 2 2284 2 
2289 1 1988 1 2310 2 2283 2 
1991 2 1107 2 2309 2 2286 4 
2283 4 2308 3 1990 3 2285 4 
1993 1 2288 2 2290 1 2307 1 
1992 3 2306 3 2287 2 534 3 
2290 1 2284 1 1201 2 2255 1 
1199 2 2250 1 2289 1 2287 1 
1107 2 2068 2 1007 3 1985 3 
1777 1 2016 2 1304 1 2007 1 
1263 2 897 3 899 2 
502 3 896 2 2295 2 724 2 
1479 1 2294 2 721 1 904 1 
1699 3 2384 2 2297 2 2299 3 
2085 2 1698 2 2296 2 2383 2 
2299 3 873 3 2386 3 2301 4 
891 2 2385 2 2298 3 2296 3 
1703 1 2301 3 2303 2 2388 2 
2387 3 1702 3 2300 3 2298 4 
1701 2 2390 3 2305 2 2303 3 
2389 4 1700 3 2302 3 2300 2 
2305 1 1691 2 2446 1 2392 2 
2304 1 1690 2 2302 2 2391 1 
2288 3 2102 3 1421 3 2307 2 
1199 2 1420 2 2306 2 2287 1 
1209 1 2286 3 2309 1 1423 1 
1422 1 2308 1 1186 1 2285 2 
1425 3 1201 3 1209 2 2284 2 
898 3 1258 4 
2314 1 2079 2 1110 1 871 4 
1843 4 1162 5 1651 4 2144 4 
2422 3 2312 1 1979 1 2078 1 
2330 2 2316 3 2018 3 1560 2 
2382 2 2315 3 1559 3 1741 3 
841 2 2318 1 1927 2 1472 2 
2064 3 1924 1 2317 1 842 1 
1269 1 2320 2 1957 1 839 1 
2321 2 840 2 2319 2 1157 2 
2320 2 1946 1 2322 1 837 1 
838 1 2321 1 1257 1 1940 1 
2013 3 1079 2 2122 2 2324 3 
2012 3 2323 3 1551 2 2325 2 
2015 2 2326 1 263 1 2324 2 
1549 1 2327 1 2325 1 2014 3 
2326 1 2328 3 63 1 2009 2 
1093 3 2008 3 2327 3 2329 5 
2330 3 2011 3 1554 4 2328 5 
2315 2 2329 3 1080 2 2010 1 
871 5 2413 3 2077 2 1108 3 
819 1 2333 1 2335 1 830 1 
2332 1 2129 2 829 2 2179 2 
2186 2 2335 2 2337 3 
2332 1 2334 2 2185 1 
2339 2 2188 3 2337 3 
2336 3 2187 2 2334 3 
2341 2 821 2 2339 2 
2336 2 2338 2 2181 2 
831 3 2341 3 129 5 2184 3 
2338 2 2340 3 2183 2 
999 2 211 3 2343 3 
1196 3 2346 3 2342 3 998 2 
2345 5 1001 4 2347 3 1200 4 
2344 5 992 4 1000 5 1202 3 
2343 3 1003 2 213 3 2347 2 
1198 1 1002 1 2346 2 2344 3 
2160 1 2069 1 92 1 2131 1 
715 2 584 2 558 2 693 4 
1524 4 2000 3 2002 3 58 3 
130 3 40 3 1605 5 2352 3 
1604 2 2351 3 
2354 2 2356 4 2426 3 590 2 
2353 2 2425 2 589 1 2359 2 
2356 3 2362 2 2428 2 592 1 
2355 3 591 3 2353 4 2427 3 
2430 1 586 1 2358 4 2360 1 
2357 4 2429 5 585 4 44 4 
2432 2 2360 2 588 3 2354 2 
587 1 2357 1 2359 2 2431 2 
583 1 2434 2 2362 2 2164 1 
582 2 2433 2 2361 2 2355 2 
1883 1 2364 1 2367 2 
1482 1 2363 1 1882 1 
2006 3 2000 2 1530 3 60 2 
2369 2 1885 1 2367 2 
1884 2 2366 2 2363 2 
1881 2 2369 2 
2366 2 1880 3 2368 2 
2125 4 1008 4 2372 5 
475 4 2374 3 673 2 2372 2 
472 2 2370 5 2371 2 1019 2 
2133 1 671 3 2376 2 2374 3 
2132 3 2371 3 2373 3 670 3 
669 2 2376 3 2378 3 2127 3 
2373 2 2375 3 2126 3 668 2 
2129 3 2378 3 2179 3 667 2 
666 2 2128 2 2375 3 2377 3 
1192 3 1194 2 436 2 922 2 
2381 4 830 2 
462 4 1092 3 2380 4 829 4 
2316 2 2018 2 552 2 74 1 
2384 2 1320 2 2297 2 607 2 
2383 2 2385 1 2296 2 606 1 
2299 2 2384 1 605 4 2386 2 
2387 2 604 2 2298 3 2385 2 
2301 3 2386 2 2388 2 603 1 
602 4 2387 2 2389 4 2300 2 
2303 4 601 4 2388 4 2390 4 
2302 3 2391 2 600 4 2389 4 
2390 2 2305 1 609 1 2392 2 
2212 2 608 3 2304 2 2391 2 
165 2 37 1 2469 3 2394 1 
166 1 2393 1 36 2 2464 2 
464 2 458 3 418 3 921 3 
2397 4 1946 3 2033 3 1626 3 
2396 4 1940 2 2028 2 1625 2 
2399 4 513 3 1594 2 478 2 
1595 3 2398 4 477 4 2082 3 
237 3 2407 2 484 3 2401 2 
240 2 2402 1 483 2 2400 2 
486 2 2401 1 246 3 2403 2 
76 3 485 3 249 2 2402 2 
2411 2 827 1 2083 3 
251 3 2406 3 479 2 2082 2 
252 4 2407 2 2405 3 482 3 
481 1 253 2 2406 2 2400 2 
2409 3 1410 4 1632 3 1069 4 
2408 3 1631 2 2032 2 1923 2 
2160 1 2083 3 2411 2 455 2 
2404 2 2124 2 2410 2 
2413 2 2081 1 1848 2 701 2 
2412 2 702 2 2331 3 2080 3 
500 1 86 3 1895 2 2415 1 
2416 1 820 2 501 2 2414 1 
2415 1 2417 1 1737 2 498 1 
1735 1 2416 1 2418 1 499 1 
496 2 2419 2 2417 1 1747 2 
2418 2 2420 2 1743 2 497 4 
1124 1 2419 2 1887 1 494 3 
729 4 1122 1 2074 1 2158 1 
2314 3 2423 3 1114 3 2073 4 
2072 2 2422 3 1120 2 2158 1 
945 5 1126 2 1295 1 1156 3 
2354 2 2426 3 1261 2 2432 2 
2425 3 2427 2 1260 3 2353 3 
2428 2 1263 2 2356 3 2426 2 
2427 2 2355 2 1262 2 2433 2 
2430 2 2358 5 
2357 1 2429 2 2431 2 
2432 2 2430 2 2360 2 1259 2 
2359 2 2431 2 1258 4 2425 2 
2434 2 2362 2 1265 2 2428 2 
2433 2 1292 2 2361 2 1264 4 
1841 3 1473 1 1839 3 1304 1 
979 3 2045 3 2437 3 2149 3 
978 3 2148 2 2161 2 2436 3 
2439 2 424 3 
2440 2 2438 2 423 2 
2441 3 2439 2 418 2 
2440 3 417 4 2442 4 
420 4 2443 3 2441 4 
419 2 2442 3 
2445 1 1462 2 2210 2 2447 1 
2444 1 1461 1 2209 3 2450 2 
1460 3 2212 1 2304 1 2447 1 
2211 2 2446 1 1459 1 2444 1 
1466 1 2206 1 2451 1 2449 3 
2453 3 2205 4 2448 3 1465 4 
1464 4 2451 2 2445 2 2208 2 
1463 2 2207 3 2448 1 2450 2 
2170 3 2153 4 2457 2 983 3 
2454 3 2224 2 2449 3 2204 1 
2203 3 2453 3 1455 4 1521 3 
55 1 1271 1 2456 3 
1007 4 2068 3 2455 3 1270 3 
2152 1 2452 2 982 2 2459 3 
2484 1 1144 2 2478 1 1059 1 
985 3 2460 5 2151 3 2457 3 
984 3 2150 4 2459 5 946 3 
2462 3 251 4 698 3 2167 4 
2461 3 2062 1 697 1 250 1 
253 2 2167 2 2191 2 1097 1 
167 4 2465 2 39 3 2394 2 
168 1 2464 2 38 1 2473 2 
2467 2 612 3 1159 3 
1160 2 2466 2 
2469 3 171 2 2471 2 35 3 
2468 3 172 4 2393 3 34 3 
1268 4 33 2 2471 3 169 2 
2468 2 2470 3 170 2 32 2 
2191 2 416 1 240 2 2476 3 
41 2 2474 3 2465 2 164 2 
2473 3 40 2 130 2 
2476 3 249 1 700 1 1838 1 
2475 3 699 3 246 5 2472 3 
1519 3 312 3 1267 2 1587 2 
1060 2 1145 1 2458 1 632 2 
1518 2 1998 2 1354 3 53 2 
2487 2 1062 1 1139 2 2481 2 
2482 4 1138 3 2480 2 1061 3 
1137 3 2481 4 1064 3 2483 5 
1136 3 148 3 1063 3 2482 5 
1066 1 2458 1 1143 1 2485 2 
1065 2 2486 3 1142 2 2484 2 
1068 3 1141 4 2485 3 2487 3 
1140 2 1067 2 2480 2 2486 3 
