2575 4989 001
1087 3 2573 4 2438 4 1211 6 
3 5 469 5 5 6 39 7 
2 5 161 3 468 7 38 5 
5 6 475 6 7 6 41 6 
40 4 4 6 2 6 426 5 
43 6 425 5 9 10 7 5 
4 6 42 4 472 6 6 5 
11 2 479 4 45 3 9 9 
44 11 8 9 6 10 478 11 
47 6 329 9 429 6 11 2 
8 2 10 2 46 3 154 3 
1257 6 2566 3 2360 5 2447 4 
15 6 1030 6 839 7 1332 8 
912 9 1757 7 2129 8 2336 7 
13 6 1029 5 1331 4 842 6 
862 5 851 3 855 4 32 2 
362 5 2228 4 27 2 
522 5 19 3 375 5 178 5 
24 1 18 3 374 3 521 4 
21 6 2230 6 2403 4 356 5 
20 6 355 5 22 5 2229 8 
2232 3 354 4 23 3 21 5 
353 2 1706 5 2231 3 22 3 
19 1 532 2 25 2 373 2 
531 5 456 4 372 5 24 2 
27 2 2236 4 1718 3 358 4 
2235 4 26 2 357 2 17 2 
846 4 35 6 29 6 1821 5 
30 4 847 5 1820 8 28 6 
29 4 848 4 1819 3 31 4 
849 8 195 6 1818 7 30 4 
1825 3 16 2 33 3 37 4 
34 2 851 4 1824 3 32 3 
33 2 1823 2 852 3 35 4 
853 6 1822 4 28 6 34 4 
1814 2 2413 2 37 3 854 3 
1813 7 36 3 855 6 32 4 
2435 6 1019 5 39 7 3 5 
1020 5 40 5 38 7 2 7 
5 4 39 5 1027 6 41 4 
42 4 1028 8 40 4 4 6 
41 4 1029 4 43 5 7 4 
1030 6 6 6 42 5 44 7 
45 5 9 11 1023 5 43 7 
1024 8 44 5 8 3 46 4 
1025 6 45 4 11 3 47 7 
10 6 242 8 1026 9 46 7 
2122 4 391 4 49 3 51 4 
52 5 1829 5 390 4 48 3 
223 5 393 6 51 5 2024 6 
392 6 50 5 1812 4 48 4 
49 5 1917 4 394 7 
1944 5 56 7 54 6 1675 6 
53 6 59 4 1676 5 533 5 
62 8 532 7 1677 8 56 9 
53 7 531 7 55 9 1678 5 
530 4 60 4 1671 3 58 4 
1672 4 529 5 57 4 
528 3 54 4 1673 5 60 4 
1674 6 57 4 1878 5 59 4 
522 4 62 4 1679 6 235 3 
61 4 55 8 521 6 1680 3 
793 6 66 2 64 3 2519 3 
792 4 2458 8 63 3 2520 8 
66 3 2309 2 68 5 795 2 
65 3 63 2 2310 3 794 2 
797 3 70 6 68 4 2297 3 
67 4 796 5 65 5 2516 6 
799 5 70 8 1107 4 72 3 
67 6 69 8 2308 10 798 10 
1968 8 72 3 1206 4 801 7 
1213 2 800 1 71 3 69 3 
76 5 74 5 398 4 1099 4 
73 5 397 7 1098 5 
263 4 1101 8 396 4 76 6 
73 5 75 6 395 7 1100 6 
1761 3 2128 3 2402 3 1666 5 
1720 5 580 5 2464 4 2462 5 
80 7 2112 6 1959 5 1843 6 
1958 7 79 7 1842 5 87 5 
84 6 82 7 1955 3 1840 5 
81 7 2482 6 1839 6 1954 5 
1838 5 84 4 1957 2 86 2 
1956 9 81 6 83 4 1837 6 
1951 6 86 5 1836 6 88 6 
1835 2 85 5 1950 5 83 2 
1953 4 88 4 80 5 1834 2 
1833 4 85 6 1952 5 87 4 
1724 3 90 5 92 5 2056 6 
89 5 2055 8 1723 5 95 6 
2054 2 92 3 2492 4 1726 7 
91 3 89 5 2053 8 1725 4 
96 4 2052 4 1720 4 94 5 
1719 3 2051 3 97 5 93 5 
1722 5 2050 6 96 5 90 6 
1721 2 93 4 95 5 2049 5 
98 6 2048 7 94 5 1728 5 
97 6 911 5 2047 4 1727 5 
1027 7 1333 5 835 4 842 6 
528 4 101 4 369 5 130 5 
368 2 1878 4 102 4 100 4 
367 4 530 5 101 4 430 3 
629 7 1704 9 104 7 1580 5 
103 7 1703 4 
831 8 1084 5 1651 5 106 8 
1085 9 837 10 1650 7 105 8 
108 7 860 8 1967 8 1705 9 
1153 4 107 7 
1345 5 110 5 1080 5 1647 5 
1081 5 1646 6 1391 4 109 5 
112 4 114 8 224 4 1990 7 
223 5 1989 5 111 4 2024 6 
228 2 1985 3 114 7 116 6 
227 10 113 7 111 8 1984 7 
226 2 118 2 1987 7 116 7 
1986 11 113 6 115 7 225 8 
1683 7 118 2 232 4 120 5 
117 2 1980 1 115 2 231 2 
2517 2 1983 6 230 2 120 4 
229 5 119 4 402 6 117 5 
2201 4 122 4 1113 5 132 4 
1112 4 121 4 123 6 2200 4 
2199 8 1115 4 122 6 124 5 
2198 5 125 2 1114 4 123 5 
868 2 2197 1 124 2 1109 1 
1811 5 2214 6 
1111 6 2195 6 868 3 128 6 
291 7 1110 6 2194 7 127 6 
2388 6 2163 5 1303 7 2165 6 
370 6 533 5 100 5 456 5 
2193 6 132 5 1117 6 2369 5 
1116 5 131 5 121 4 2192 5 
144 3 309 2 134 3 1486 3 
1485 4 133 3 1528 5 308 5 
1929 11 307 10 2471 8 136 10 
1739 5 1134 5 306 5 135 10 
138 10 1490 6 1739 6 306 6 
1489 7 137 10 1737 10 139 6 
1488 3 2011 2 138 6 140 1 
141 5 2008 2 1487 3 139 1 
140 5 1494 7 1086 5 142 5 
1702 2 1493 2 143 3 141 5 
144 5 142 3 1492 7 1992 7 
133 3 1491 6 143 5 1991 3 
2170 5 2168 5 2524 5 1310 7 
147 4 151 1 669 3 513 6 
668 9 512 7 146 4 2559 4 
153 4 508 5 149 4 672 3 
507 6 671 4 150 3 148 4 
149 3 151 1 506 5 674 4 
673 3 505 5 146 1 150 1 
677 4 510 5 153 5 
148 4 676 4 509 6 152 5 
429 7 479 5 11 3 761 4 
2154 5 2152 4 2310 5 1414 6 
2564 4 2155 7 2153 6 
1556 7 159 4 158 5 1966 3 
1555 3 1965 7 157 5 2565 10 
157 4 1554 5 
2436 6 161 3 163 3 299 6 
2435 4 3 3 160 3 298 3 
297 2 163 3 2438 4 165 6 
296 5 162 3 160 3 2437 2 
167 8 1941 2 165 6 2432 4 
2431 7 164 6 162 6 302 8 
2434 4 169 2 167 7 301 2 
164 8 2433 9 300 12 166 7 
2194 4 291 4 169 3 2430 2 
290 7 166 2 168 3 2429 3 
2161 9 2159 9 890 13 2568 8 
571 3 174 4 876 3 
173 5 175 3 569 5 873 4 
351 5 172 5 872 5 570 6 
567 6 171 4 175 4 871 3 
172 3 870 4 174 4 568 4 
330 4 185 2 212 2 177 3 
329 9 211 6 429 6 176 3 
206 4 336 9 179 3 18 5 
180 2 335 5 178 3 205 3 
179 2 338 3 204 6 181 4 
337 7 182 3 180 4 203 6 
183 4 332 1 210 4 181 3 
182 4 331 6 209 5 184 6 
185 3 208 5 334 5 183 6 
184 3 176 2 333 3 207 5 
1124 3 705 3 187 2 688 4 
1281 3 704 2 687 2 186 2 
191 8 189 5 713 5 683 8 
188 5 712 6 364 2 682 4 
685 6 711 5 191 6 193 5 
188 8 684 5 710 7 190 6 
709 5 193 6 1283 4 679 7 
708 3 678 5 192 6 190 5 
2406 3 1351 7 195 4 
2405 4 194 4 1352 4 31 6 
262 4 2144 5 197 6 199 5 
201 4 261 6 196 6 2143 7 
2146 6 199 6 1513 6 200 4 
2145 6 198 6 259 4 196 5 
257 2 198 4 
197 4 264 2 202 5 2142 1 
263 6 201 5 396 6 
711 6 204 8 210 7 181 6 
710 8 203 8 180 6 205 7 
206 4 204 7 713 3 179 3 
375 4 178 4 205 4 712 7 
707 10 212 5 208 7 185 5 
184 5 207 7 706 5 209 4 
709 3 210 5 183 5 208 4 
209 5 203 7 708 4 182 4 
177 6 760 10 705 6 212 5 
704 2 176 2 207 5 211 5 
214 6 1168 8 2395 5 216 7 
2394 5 213 6 1169 5 219 7 
1170 5 384 2 216 5 2397 5 
2396 7 1171 5 215 5 213 7 
218 4 220 4 1164 2 2399 3 
217 4 1165 5 221 5 2398 4 
220 7 1166 7 2401 5 214 7 
219 7 217 4 1167 5 2400 8 
222 7 1162 7 2392 3 218 5 
221 7 1163 8 2391 7 1880 8 
50 5 112 5 253 7 224 5 
111 4 227 6 223 5 252 7 
249 3 226 3 228 4 116 8 
231 2 115 2 225 3 248 4 
114 10 251 6 228 5 224 6 
113 2 250 4 225 4 227 5 
120 5 230 3 245 5 232 4 
2249 5 229 3 119 2 244 3 
226 2 247 5 232 4 118 2 
117 4 231 4 246 6 229 4 
1457 7 338 5 236 7 1891 6 
2166 4 1410 3 1330 2 240 1 
1893 5 236 5 61 3 336 8 
1894 7 335 8 233 7 235 5 
238 6 1274 5 334 6 1887 8 
241 5 1888 5 237 6 333 5 
1457 5 332 2 1274 3 1889 5 
1329 2 1409 3 234 1 2171 2 
238 5 1885 4 330 5 242 6 
329 11 47 8 1886 6 241 6 
1412 5 1328 3 254 3 2166 6 
245 5 655 9 768 6 230 3 
244 5 656 4 229 5 246 7 
245 7 247 7 232 6 653 4 
231 5 654 4 248 7 246 7 
247 7 249 4 659 6 226 4 
225 3 250 3 248 4 389 4 
249 3 657 5 228 4 251 5 
658 6 227 6 250 5 252 7 
661 6 251 7 224 7 253 9 
393 8 223 7 662 8 252 9 
2167 1 1325 2 243 3 1413 2 
258 7 256 4 923 4 
2263 5 255 4 922 7 
925 3 200 2 1513 4 258 7 
255 7 924 8 257 7 
262 3 1513 4 919 2 199 4 
265 4 1416 3 1667 4 1324 3 
264 4 197 6 921 4 262 4 
196 4 259 3 261 4 920 4 
75 4 202 6 264 3 917 5 
261 4 916 3 201 2 263 3 
2167 3 260 4 1415 6 1323 5 
1669 4 1440 8 955 7 1296 5 
268 6 2518 10 1302 7 2164 7 
267 6 1301 4 1983 6 2517 2 
2293 8 272 7 270 6 1478 6 
2292 9 1477 6 269 6 2173 6 
2180 6 272 6 2291 6 1480 7 
2290 6 1479 7 271 6 269 7 
2277 4 440 4 274 2 
275 6 273 2 2276 3 
2275 7 274 6 276 9 
2274 5 275 9 
615 7 2184 6 1088 4 278 5 
614 6 1087 4 283 4 277 5 
2178 6 1203 6 2208 5 280 4 
2181 6 2207 7 1202 7 279 4 
2206 10 1197 6 282 7 2188 8 
2205 4 281 7 
613 7 1073 5 278 4 284 4 
1072 9 283 4 2185 4 612 3 
763 7 1123 8 286 7 305 7 
762 5 285 7 1122 6 287 5 
2445 4 761 3 286 5 1125 3 
855 6 564 6 289 5 862 7 
854 5 288 5 857 6 557 3 
301 7 169 7 939 7 291 8 
168 4 938 5 128 7 290 8 
293 3 295 6 1500 4 1247 6 
1392 2 292 3 1499 4 1248 2 
1502 6 1245 8 1907 5 295 7 
1246 6 294 7 1501 6 292 6 
297 4 299 8 163 5 945 5 
162 2 296 4 302 4 944 8 
947 8 468 7 299 6 161 3 
946 6 296 8 298 6 160 6 
1941 6 301 7 941 11 167 12 
290 7 300 7 940 5 166 2 
943 8 297 4 1941 4 165 8 
1126 4 758 5 304 8 515 6 
303 8 1129 6 2126 6 305 9 
2125 8 304 9 285 7 1128 8 
136 5 307 5 1312 6 137 6 
135 10 306 5 314 5 1311 6 
309 4 1035 5 2365 4 134 5 
308 4 133 2 1991 2 1034 2 
1316 7 311 7 913 8 317 8 
912 6 1315 5 312 3 310 7 
311 3 313 2 1314 1 915 3 
312 2 1218 3 914 3 1313 3 
1929 6 315 4 1320 3 307 5 
1962 3 314 4 316 5 1319 4 
936 4 315 5 1318 4 317 6 
1317 6 1988 7 310 8 316 6 
2016 6 1365 5 319 5 723 5 
327 6 1364 2 722 4 318 5 
1057 3 664 2 1130 5 
324 3 1367 2 322 3 731 3 
730 5 504 3 321 3 1366 4 
1369 2 326 2 324 3 729 6 
321 3 728 5 323 3 1368 5 
326 3 1371 4 727 5 328 4 
325 3 726 3 323 2 1370 5 
1373 8 725 7 319 6 328 7 
724 4 327 7 1372 8 325 4 
242 11 177 9 330 10 10 9 
333 5 176 4 241 5 329 10 
1274 4 183 6 334 5 332 3 
337 5 239 2 182 1 331 3 
330 5 334 5 238 5 185 3 
333 5 331 5 237 6 184 5 
236 8 336 11 179 5 338 6 
522 9 335 11 235 8 178 9 
181 7 332 5 1457 8 338 6 
233 5 180 3 337 6 335 6 
340 4 518 4 1830 7 343 7 
339 4 524 3 517 4 1828 2 
342 4 1065 2 641 2 897 3 
341 4 1064 3 2296 5 1827 5 
514 7 721 6 339 7 
345 9 677 6 750 6 
751 6 344 9 676 6 348 7 
349 7 347 8 754 6 674 7 
673 7 350 6 755 6 346 8 
672 4 349 6 752 5 345 7 
753 5 346 7 348 6 671 5 
347 6 756 2 669 4 351 3 
668 7 173 5 757 4 350 3 
2074 8 670 7 365 7 1437 8 
1507 2 2031 5 23 2 354 3 
2032 5 22 4 353 3 355 4 
21 5 2029 6 354 4 356 4 
2030 4 562 7 355 4 20 5 
362 5 358 4 27 2 2027 6 
359 6 2028 3 357 4 26 4 
358 6 1507 5 2025 8 1718 5 
535 3 2346 3 
2035 4 1277 6 362 6 
17 5 357 5 361 6 2036 7 
1668 4 364 5 544 6 513 9 
363 5 543 7 512 5 189 2 
1436 5 2073 4 352 7 1508 5 
367 3 430 2 536 3 
366 3 102 4 368 2 535 3 
101 2 538 5 367 2 369 3 
537 3 100 5 368 3 370 6 
540 4 130 6 371 5 369 6 
539 7 456 4 370 5 372 5 
373 5 25 5 542 5 371 5 
372 5 541 4 24 2 374 4 
375 5 544 5 19 3 373 4 
206 4 374 5 543 8 18 5 
1343 6 377 6 2199 9 379 8 
2198 5 382 4 1344 2 376 6 
379 7 385 5 2201 6 620 6 
378 7 2200 5 1346 4 376 8 
383 4 381 3 2195 5 1339 5 
380 3 1340 4 2194 5 2430 3 
377 4 1341 4 383 6 2197 3 
380 4 2196 6 1342 7 382 6 
2193 4 1347 1 385 2 215 2 
378 5 384 2 2192 4 584 3 
1508 4 1434 3 690 7 2068 4 
388 4 1103 3 743 4 
387 4 742 6 1102 6 2408 5 
1434 4 249 4 657 6 659 6 
391 5 394 6 866 6 49 4 
390 5 867 5 48 4 392 6 
51 6 393 7 864 5 391 6 
865 5 253 8 50 6 392 7 
390 6 52 7 863 5 
396 5 398 6 76 7 
395 5 75 4 202 6 
398 6 74 7 
397 6 73 4 395 6 
401 5 2189 4 
1735 5 2191 6 401 6 
2190 6 399 5 400 6 
1983 8 120 6 1683 8 784 4 
2270 5 410 3 404 6 815 5 
405 8 2271 8 403 6 814 8 
404 8 406 9 2272 8 813 6 
405 9 2273 8 1355 8 812 10 
2266 4 408 6 819 3 412 3 
2267 7 818 6 409 10 407 6 
817 9 410 5 408 10 2268 5 
2269 2 816 1 403 3 409 5 
574 5 412 6 811 6 2264 5 
411 6 810 4 2265 3 407 3 
1785 5 593 7 1551 6 414 9 
1784 9 415 7 413 9 1550 10 
1553 2 1783 2 416 3 414 7 
1552 3 1782 7 417 4 415 3 
416 4 418 5 1789 4 1547 8 
1788 5 419 4 417 5 1546 6 
1787 2 1549 3 420 4 418 4 
1548 4 1786 4 421 4 419 4 
422 3 1777 5 420 4 1558 5 
421 3 972 2 1776 3 1557 8 
467 8 1635 7 1388 6 1196 7 
471 4 2387 4 473 4 790 5 
472 6 6 5 478 6 2125 7 
759 4 475 5 469 4 5 5 
1196 4 476 3 474 5 1221 2 
435 6 1670 5 790 6 1387 4 
154 7 760 10 10 6 177 6 
366 2 102 3 529 3 
477 4 2389 5 2250 3 432 6 
2247 5 632 5 431 6 1225 7 
434 5 1708 8 439 7 2111 5 
433 5 2110 3 1707 5 2489 3 
1386 10 428 6 2238 5 1635 6 
1710 10 2105 9 437 9 443 7 
438 4 1709 6 436 9 2104 8 
437 4 1712 3 2103 3 439 6 
2102 12 438 6 433 7 1711 6 
273 4 2109 7 1714 4 441 9 
442 7 1713 8 2108 8 440 9 
1716 1 441 7 2107 4 443 1 
2106 1 1715 2 436 7 442 1 
449 6 2377 7 2141 8 445 8 
2140 5 617 7 2376 5 444 8 
447 4 453 5 1332 7 2134 6 
1331 3 446 4 2133 5 448 3 
1334 4 2132 3 449 3 447 3 
2131 5 444 6 1333 4 448 3 
1336 6 451 6 1384 5 2138 3 
2383 8 450 6 452 8 2137 10 
453 5 1338 5 451 8 2136 3 
452 5 446 5 2135 4 1337 4 
1266 3 638 3 859 7 519 5 
2247 3 748 3 1654 7 887 6 
1944 4 25 4 371 4 130 5 
1344 3 2006 7 458 7 464 4 
1343 6 457 7 2005 8 459 7 
1346 3 460 3 458 7 2004 6 
620 3 465 4 2003 3 459 3 
1021 6 1340 3 2010 4 462 5 
1339 8 463 5 2009 5 461 5 
1342 5 464 3 462 5 1743 5 
1341 3 2007 5 463 3 457 4 
460 4 2013 5 466 5 584 5 
1347 2 628 3 465 5 1765 5 
1664 5 423 8 1529 8 1383 7 
298 7 2124 10 3 7 469 7 
2 5 468 7 2123 6 426 4 
471 3 1313 3 1208 4 1218 3 
470 3 424 4 1217 5 1207 4 
475 6 2126 4 425 6 7 6 
1219 4 424 4 474 6 2238 4 
2237 7 427 5 473 6 1222 5 
472 6 426 5 4 6 758 5 
427 3 1529 6 1224 5 477 5 
431 4 2256 3 1223 6 476 5 
763 7 425 6 479 6 9 11 
8 4 762 4 154 5 478 6 
1054 5 2024 5 966 5 1989 4 
2542 3 483 4 
483 4 485 3 1849 3 2544 4 
482 4 2543 8 481 4 1848 4 
2546 5 487 2 485 4 1847 3 
1846 7 2545 6 482 3 484 4 
2548 9 651 4 487 4 1845 6 
484 2 1844 2 486 4 2547 5 
655 11 489 5 1601 8 768 8 
1600 4 893 4 488 5 769 5 
1705 6 491 4 860 5 
858 4 1057 4 490 4 
493 4 775 4 565 5 1608 4 
492 4 1607 5 494 5 776 7 
495 5 1603 6 493 5 773 6 
494 5 1602 9 774 6 496 4 
771 3 1604 4 495 4 
1182 5 498 7 550 6 500 7 
549 9 497 7 503 5 1181 4 
502 7 1184 8 500 8 548 7 
499 8 547 6 1183 5 497 7 
1180 8 502 5 
499 7 1179 5 501 5 
1178 3 498 5 504 2 552 2 
551 3 1177 2 322 3 503 2 
513 10 151 5 1668 5 506 9 
2323 7 507 8 150 5 505 9 
149 6 508 7 1700 8 506 8 
507 7 148 5 1684 7 509 7 
510 6 153 6 508 7 2349 4 
2346 4 509 6 152 5 
1139 4 1284 7 2353 4 1255 3 
513 9 682 7 147 7 364 5 
512 9 505 10 146 6 363 9 
518 4 343 7 689 6 
1127 7 1300 6 303 6 759 5 
1161 7 1829 7 963 6 597 7 
518 4 1352 5 1919 5 340 4 
517 4 514 4 1351 6 339 4 
454 5 520 6 1932 4 1269 6 
519 6 1931 3 525 8 1268 7 
522 6 532 5 62 6 19 4 
61 4 336 9 521 6 18 5 
526 5 808 3 1265 5 524 4 
340 3 1919 4 1264 3 523 4 
1930 7 520 8 526 9 1263 7 
1262 4 1928 7 523 5 525 9 
534 4 660 4 901 2 929 8 
59 3 1878 4 533 4 100 4 
530 5 58 5 430 3 
529 5 102 5 57 4 1878 5 
25 5 56 7 1944 5 532 5 
55 7 521 5 24 2 531 5 
1944 4 528 4 130 5 54 5 
2427 5 527 4 898 8 930 4 
360 3 538 6 536 3 367 3 
366 3 535 3 
540 1 2349 1 369 3 538 5 
368 5 537 5 535 6 2346 6 
371 7 542 7 540 6 1700 10 
537 1 370 4 1684 4 539 6 
544 5 542 4 373 4 1668 3 
2323 4 539 7 372 5 541 4 
364 7 712 11 375 8 544 8 
541 5 363 6 374 5 543 8 
1982 8 1555 5 1769 10 804 8 
961 6 1161 4 
550 5 500 6 548 5 
499 7 547 5 
498 9 552 6 550 8 2275 7 
547 5 549 8 2274 4 497 6 
504 3 730 5 552 3 2277 5 
549 6 551 3 503 2 2276 3 
554 5 2205 6 742 6 2408 5 
553 5 555 3 2407 4 2206 6 
556 4 554 3 2203 2 1545 4 
555 4 861 4 1544 5 2204 7 
1261 2 694 2 289 3 564 4 
2411 7 861 6 2210 6 559 5 
2410 3 560 2 558 5 2207 6 
2409 6 559 2 561 4 2208 4 
2211 4 562 7 560 4 2404 7 
2403 6 561 7 2212 7 356 7 
2574 3 1753 5 1764 5 1747 6 
638 5 1260 11 288 6 557 4 
893 6 492 5 1605 5 778 7 
1753 8 2568 5 1762 8 1751 8 
1175 6 174 6 568 6 571 5 
569 6 567 6 1174 5 175 4 
568 6 1173 8 570 6 172 5 
757 5 569 6 1172 5 173 6 
171 3 1176 3 567 5 
2450 5 573 3 
572 3 772 6 2449 5 
411 5 603 5 2465 3 575 4 
574 4 2466 8 602 5 576 7 
2467 6 577 7 575 7 601 8 
600 4 576 7 578 6 2468 5 
2461 6 577 6 579 7 1359 7 
1353 7 580 5 578 7 2462 5 
605 4 581 2 579 5 78 5 
580 2 2464 1 1348 3 582 2 
599 3 2457 2 583 5 581 2 
2520 9 598 4 2458 9 582 5 
620 4 465 5 385 3 1347 2 
1575 7 1394 6 586 4 592 5 
587 3 1574 5 585 4 1393 6 
586 3 1573 3 588 5 1396 5 
1979 7 1395 5 1572 7 587 5 
590 9 1398 9 1579 6 594 8 
589 9 1578 10 591 4 1397 8 
592 3 1577 3 590 4 1400 6 
1576 3 591 3 585 5 1399 5 
594 6 413 7 1404 7 1571 5 
593 6 1403 7 589 8 1570 3 
596 5 1752 6 992 4 1275 3 
595 5 1751 6 1762 6 991 10 
2122 6 964 5 516 7 1054 7 
746 3 583 4 2151 3 599 2 
744 2 1348 4 598 2 582 3 
1359 5 601 5 1383 4 577 4 
602 6 600 5 1382 7 576 8 
601 6 575 5 749 6 603 6 
574 5 748 4 602 6 811 6 
1173 6 607 3 
580 4 1353 6 1348 5 1386 10 
607 3 1175 4 
606 3 604 3 1174 4 
822 5 1959 4 609 4 2176 8 
610 4 608 4 1958 5 2175 7 
2186 3 609 4 1953 5 611 4 
2185 3 612 2 610 4 1952 4 
611 2 1951 3 613 6 284 3 
283 7 614 9 1950 9 612 6 
1957 5 278 6 613 9 615 8 
1956 10 277 7 616 5 614 8 
617 4 2184 4 1955 1 615 5 
616 4 1954 4 2183 5 445 7 
998 3 1767 5 1746 4 1769 7 
1770 4 1405 3 1768 5 2480 5 
460 3 584 4 1346 3 378 6 
622 2 1165 4 1793 4 630 2 
621 2 1164 1 623 6 1792 4 
1167 8 624 9 1791 9 622 6 
1790 4 623 9 1166 6 625 7 
626 6 1797 6 1169 6 624 7 
1796 4 625 6 1168 7 627 3 
1795 2 1171 2 626 3 628 2 
1170 5 466 3 1794 5 627 2 
630 3 103 7 1163 6 1799 7 
629 3 1798 2 1162 5 621 2 
1065 2 632 2 1047 3 636 7 
1046 1 1064 1 432 5 631 2 
1155 2 1061 3 640 4 634 5 
635 7 1060 7 1154 6 633 5 
1063 7 634 7 636 8 1148 6 
1036 6 635 8 1062 7 631 7 
1509 5 1043 6 1057 3 858 3 
1267 2 564 5 454 3 862 6 
1059 8 1041 6 1509 6 640 6 
1058 5 633 4 639 6 1156 5 
934 6 665 3 341 2 2296 3 
1229 10 1241 6 1916 7 1498 6 
2366 6 1645 3 1528 5 646 5 
650 4 1363 4 2076 4 1443 3 
1643 4 2368 8 648 7 646 5 
2367 7 1642 6 643 5 645 5 
1540 6 648 7 2362 4 1641 7 
645 7 1640 7 2361 7 647 7 
652 5 1639 3 1540 5 2364 3 
2075 4 644 4 1442 5 1527 4 
1637 3 652 4 2371 4 486 4 
1636 9 649 5 651 4 2370 4 
1437 5 656 1 654 1 246 4 
247 4 1436 2 659 3 653 1 
1439 10 488 11 244 9 656 8 
653 1 245 4 1438 3 655 8 
250 5 389 6 658 6 1433 6 
251 6 1432 7 657 6 661 5 
1435 4 654 3 248 6 389 6 
527 4 663 4 928 5 900 4 
252 6 1443 3 662 5 658 5 
253 8 865 5 1442 6 661 5 
660 4 927 5 1130 5 664 2 
320 2 663 2 926 3 
933 6 641 3 666 4 897 4 
2427 4 932 2 896 7 665 4 
2090 6 2217 6 2202 5 1689 5 
872 7 351 7 147 9 669 8 
673 5 146 3 668 8 350 4 
352 7 1067 7 1438 6 2072 4 
672 3 149 4 349 5 674 5 
348 4 671 3 676 3 148 3 
347 7 151 3 669 5 674 6 
671 5 150 4 346 7 673 6 
1361 6 2092 6 1687 4 2217 4 
677 3 153 4 672 3 345 6 
152 4 676 3 344 6 
193 5 685 6 679 6 2555 5 
678 6 680 7 2554 6 192 7 
2553 6 1283 4 679 7 681 7 
687 5 2552 8 1281 6 680 7 
512 7 2559 4 683 7 189 4 
2558 6 684 5 188 8 682 7 
2557 3 685 5 191 5 683 5 
2556 7 678 6 684 5 190 6 
2373 3 1361 7 
2551 4 681 5 187 2 688 4 
1282 6 687 4 2550 4 186 4 
1351 8 514 6 
1363 7 2071 6 386 7 1433 8 
1887 8 2100 5 1362 5 1360 6 
741 5 703 4 693 6 720 2 
719 6 692 6 2561 7 740 7 
1095 4 695 3 857 5 557 2 
694 3 856 6 1094 3 1717 3 
1827 7 2296 7 697 6 735 7 
698 3 1826 4 696 6 734 2 
1506 5 697 3 699 5 733 3 
732 7 698 5 700 7 1503 4 
739 9 701 7 1832 6 699 7 
702 8 700 7 738 4 1831 6 
701 8 737 9 703 7 1841 8 
1512 8 692 4 702 7 736 5 
212 2 705 3 707 7 187 2 
704 3 211 6 2445 4 186 3 
707 8 1283 3 208 5 709 4 
1281 8 706 8 207 10 704 7 
193 3 210 4 711 3 709 2 
209 3 192 5 708 2 706 4 
204 8 713 4 191 7 711 6 
203 6 190 5 708 3 710 6 
206 7 189 6 543 11 713 6 
188 5 710 4 712 6 205 3 
986 6 718 2 
716 6 902 6 982 7 
717 3 715 6 981 4 
718 2 716 3 980 2 
717 2 979 6 714 2 
693 6 914 3 1218 3 720 2 
1217 4 692 2 1512 6 719 2 
343 6 1830 6 
725 5 2111 5 319 4 723 4 
2110 2 2341 3 722 4 318 5 
725 4 328 4 2103 3 727 5 
722 5 724 4 327 7 2102 10 
727 5 326 3 2105 4 729 7 
726 5 2104 9 325 5 724 5 
731 5 324 5 729 8 2107 6 
728 8 2106 6 726 7 323 6 
2109 7 322 5 551 5 731 5 
728 5 730 5 2108 4 321 3 
733 5 699 7 739 9 1235 4 
734 2 732 5 698 3 2448 2 
733 2 735 3 1233 1 697 2 
734 3 1234 3 696 7 935 6 
741 6 703 5 737 7 2451 3 
738 5 702 9 2452 6 736 7 
1237 3 737 5 739 6 701 4 
700 9 1238 7 738 6 732 9 
2334 6 1160 6 741 6 693 7 
736 6 692 5 2454 4 740 6 
743 6 1609 4 553 6 388 6 
742 6 387 4 1610 4 
746 3 1387 1 599 2 1670 2 
747 4 1252 6 889 8 1226 9 
1667 5 598 3 744 3 1416 4 
745 4 1251 5 1220 2 1214 5 
603 4 749 4 1186 2 455 3 
1654 8 602 6 748 4 1382 7 
751 3 344 6 
345 6 750 3 752 4 
753 4 348 5 751 4 
349 5 752 4 754 4 
346 6 755 4 753 4 
347 6 756 2 754 4 
350 2 757 3 755 2 
570 5 756 3 351 4 1089 6 
759 4 303 5 475 5 2126 3 
426 4 758 4 2123 6 515 5 
761 7 211 10 429 10 2445 8 
760 7 287 3 762 3 154 4 
286 5 479 4 761 3 763 5 
285 7 2125 8 478 7 762 5 
1612 7 1101 8 765 4 956 5 
766 2 1100 4 1611 7 764 4 
767 4 765 2 1614 4 1099 3 
1098 5 766 4 1613 5 
769 8 244 6 2249 8 488 8 
2248 5 768 8 777 6 489 5 
1286 4 2352 7 2401 3 850 5 
772 5 2244 5 774 5 496 3 
771 5 573 6 2243 8 
774 7 776 8 2246 4 494 6 
773 7 771 5 495 6 2245 7 
2240 5 492 4 776 7 778 6 
2239 11 773 8 493 7 775 7 
2242 3 893 5 769 6 778 6 
2241 6 775 6 777 6 565 7 
780 5 1620 5 786 4 1987 8 
779 5 1986 8 1619 3 781 5 
1985 5 782 4 1622 5 780 5 
1621 4 1984 2 781 4 787 5 
1616 3 784 3 1983 7 1301 5 
783 3 1615 3 785 5 402 4 
786 5 1683 9 784 5 1618 5 
1617 2 1980 2 785 5 779 4 
1990 9 788 6 1624 8 782 5 
787 6 1623 6 966 6 1989 5 
2322 7 1227 8 1738 3 1255 3 
2238 5 1207 5 428 6 424 5 
2352 6 2399 3 1287 2 
64 4 1727 3 793 7 911 3 
63 6 794 6 910 8 792 7 
793 6 909 4 795 1 66 2 
794 1 796 2 908 5 65 2 
907 3 795 2 68 5 797 4 
67 3 798 7 906 4 796 4 
797 7 905 8 799 7 70 10 
800 3 69 5 904 4 798 7 
903 4 799 3 801 5 72 1 
800 5 71 7 982 8 902 7 
1240 8 803 4 1209 4 2289 4 
802 4 1239 7 1185 7 
997 7 1845 6 805 7 545 8 
1982 7 806 5 1844 5 804 7 
807 4 1981 3 1847 3 805 5 
806 4 1846 7 
848 5 523 3 1928 5 1919 3 
2255 4 1864 8 2259 9 1657 4 
811 4 412 4 819 4 1187 2 
810 4 411 6 1186 4 603 6 
813 7 406 10 1193 6 1681 8 
812 7 405 6 1192 5 814 6 
815 7 1195 5 813 6 404 8 
816 3 814 7 1194 3 403 5 
1189 2 410 1 815 3 817 5 
1188 6 409 9 816 5 818 5 
819 3 408 6 1191 4 817 5 
1190 6 818 3 810 4 407 3 
823 4 2504 5 1743 6 821 4 
826 2 2007 5 820 4 2503 6 
608 5 823 4 2502 8 2010 5 
2501 5 820 4 822 4 2009 3 
2004 4 2500 6 825 2 827 5 
2003 4 2499 2 828 4 824 2 
821 2 2498 2 827 5 2006 5 
2005 8 2497 8 826 5 824 5 
2013 4 825 4 2496 5 829 6 
2495 5 1765 7 1014 5 828 6 
831 7 2521 4 1082 3 1653 7 
1083 8 105 8 830 7 1652 9 
1291 4 2372 4 850 5 2395 4 
845 5 834 5 1022 4 2429 3 
833 5 1021 8 1340 5 2430 4 
1020 3 836 4 99 4 2377 4 
835 4 2494 5 1019 4 2376 4 
1078 6 106 10 1345 7 1649 7 
1024 9 839 6 841 6 1338 5 
838 6 1337 5 1023 5 13 7 
1349 4 1336 7 841 5 1026 6 
840 5 2383 6 1025 7 838 6 
1334 6 1028 9 99 6 15 6 
1211 9 1072 11 844 6 2432 7 
1075 5 843 6 845 5 2433 4 
833 5 844 5 1074 8 2434 7 
1930 3 28 4 853 4 847 3 
29 5 848 5 846 3 1928 5 
808 5 30 4 847 5 849 8 
31 8 1352 6 848 8 1919 6 
2394 5 832 5 770 5 1290 3 
859 8 852 5 16 3 33 4 
851 5 34 3 853 5 1932 3 
35 6 852 5 846 4 1931 3 
289 5 855 6 1031 3 36 3 
16 4 288 6 854 6 37 6 
695 6 1032 8 1008 6 857 8 
694 5 856 8 1031 4 289 6 
491 4 860 5 1147 4 637 3 
851 8 454 7 862 10 1932 6 
858 5 107 8 1146 7 490 5 
2412 3 558 6 556 4 2209 8 
16 5 859 10 288 7 638 6 
866 5 394 5 
865 3 392 5 1271 3 867 4 
393 5 864 3 1270 3 662 5 
1273 7 863 5 390 6 867 6 
391 5 1272 5 864 4 866 6 
125 2 2196 4 127 3 1108 3 
889 7 2570 3 2333 7 1259 5 
873 5 2557 4 175 4 871 3 
876 2 2556 4 870 3 174 3 
668 7 873 4 173 5 2559 2 
870 5 872 4 172 4 2558 5 
2553 6 875 6 877 4 
2552 7 874 6 
2555 4 871 2 877 2 171 3 
2554 3 876 2 874 4 
879 3 881 6 1195 3 1041 6 
878 3 1194 1 884 2 1156 2 
1068 7 881 7 1193 4 1043 8 
880 7 1158 7 878 6 1192 7 
1148 5 883 2 1191 5 885 3 
882 2 1190 4 1036 1 886 2 
1155 3 885 3 1189 3 879 2 
882 3 884 3 1154 3 1188 3 
1047 3 887 5 1187 2 883 2 
1046 4 886 5 1186 5 455 6 
2159 5 895 6 1133 6 890 9 
869 7 2332 6 1258 9 745 8 
891 8 1132 9 170 13 888 9 
890 8 892 3 2161 4 
2460 2 891 3 2162 2 
565 6 777 5 489 4 1606 5 
2157 5 895 3 
1131 5 888 6 2158 4 894 3 
897 7 1063 10 899 7 666 7 
896 7 1062 3 665 4 341 3 
901 6 534 8 1061 8 899 7 
1060 4 2427 4 896 7 898 7 
901 2 660 4 1059 7 1130 5 
1058 2 898 6 900 2 527 2 
903 6 715 6 801 7 
800 4 902 6 904 5 
799 4 903 5 905 5 
906 5 2453 5 798 8 904 5 
905 5 2456 5 907 3 797 4 
796 3 906 3 2455 3 908 6 
999 7 907 6 909 8 795 5 
794 4 910 6 988 4 908 8 
909 6 2470 6 793 8 911 4 
98 5 2469 4 792 3 910 4 
14 9 311 6 913 7 915 6 
1988 7 1757 5 310 8 912 7 
719 3 915 4 2561 4 313 3 
2129 5 914 4 912 6 312 3 
264 3 917 5 957 4 921 3 
916 5 1101 9 956 6 263 5 
925 4 951 6 919 3 1513 5 
920 3 950 3 918 3 259 2 
919 3 949 3 921 4 262 4 
261 4 920 4 948 5 916 3 
955 8 923 7 1440 9 256 7 
924 5 922 7 954 6 255 4 
923 5 258 8 925 4 953 6 
257 3 918 4 924 4 952 4 
927 6 1407 5 664 3 
926 6 663 5 928 6 1408 8 
929 9 927 6 660 5 1405 3 
928 9 1406 7 930 8 527 8 
931 4 929 8 967 5 534 4 
930 4 2427 5 968 3 932 3 
1401 2 933 4 666 2 931 3 
665 6 934 9 932 4 1402 7 
641 6 933 9 935 9 958 6 
934 9 959 6 2296 6 735 6 
1962 2 1988 5 316 4 1505 6 
1859 3 1875 4 1055 3 1977 6 
291 5 1110 4 939 4 1119 4 
1118 4 938 4 940 5 290 7 
1756 4 301 5 939 5 941 9 
942 8 300 11 940 9 1755 9 
941 8 943 7 1941 3 1754 5 
942 7 302 8 1748 9 944 12 
945 9 297 8 943 12 1744 9 
944 9 1742 3 296 5 946 3 
299 6 947 8 1741 7 945 3 
298 8 946 8 1740 7 2124 11 
1463 4 957 6 949 4 921 5 
920 3 948 4 1462 2 950 3 
919 3 951 6 1465 6 949 3 
918 6 1464 8 952 6 950 6 
1459 4 953 6 951 6 925 4 
1458 9 952 6 954 7 924 6 
955 7 953 7 923 6 1461 4 
954 7 922 8 266 7 1460 6 
957 5 1467 3 917 6 764 5 
956 5 948 6 1466 5 916 4 
1761 2 959 3 934 6 1402 4 
935 6 958 3 1234 3 1760 3 
1468 3 961 7 
546 6 960 7 962 10 1470 6 
1469 8 1161 8 963 7 961 10 
1472 4 964 4 516 6 962 7 
597 5 963 4 1471 6 965 3 
966 5 1054 5 1474 4 964 3 
1473 5 965 5 788 6 480 5 
968 4 930 5 1406 4 1773 8 
967 4 931 3 1401 2 1772 5 
970 6 1994 6 2294 6 1077 5 
977 4 969 6 1076 8 1993 8 
1083 6 972 4 2002 6 974 6 
971 4 1082 2 422 2 2001 1 
1085 4 2000 2 974 3 976 2 
1999 6 973 3 1084 5 971 6 
1079 5 976 5 978 4 1998 8 
1078 3 975 5 973 2 1997 3 
970 4 1996 6 978 1 1081 3 
1080 3 1995 3 977 1 975 4 
986 10 718 6 980 6 1542 10 
981 3 979 6 717 2 1964 2 
980 3 982 5 716 4 1969 5 
981 5 1968 9 715 7 801 8 
984 9 1961 9 987 7 
1960 7 985 7 983 9 
1963 6 984 7 986 9 
979 10 714 6 2463 7 985 9 
2459 4 983 7 
909 4 999 3 2470 4 1781 4 
1763 1 990 3 996 4 1643 2 
991 10 1642 6 989 3 1762 6 
990 10 992 9 1645 8 596 10 
991 9 1144 7 1644 4 595 4 
1767 6 1639 4 994 3 998 4 
1638 6 1766 2 993 3 995 4 
1641 8 1279 5 996 7 994 4 
1764 7 989 4 995 7 1640 6 
1637 6 804 7 1769 9 998 5 
618 3 997 5 993 4 1636 7 
908 7 1780 4 988 3 2455 4 
2442 7 1001 7 2071 4 1003 3 
1000 7 2070 6 2441 7 1006 8 
1005 7 2444 8 2069 7 1003 6 
2068 2 2443 3 1002 6 1000 3 
2074 6 1005 3 
1004 3 1002 7 2073 2 
1001 8 2076 6 2440 5 1007 6 
1150 4 2075 4 2439 4 1006 6 
1033 6 856 6 1717 3 
1791 6 2307 7 1010 7 1012 4 
2306 6 1009 7 1015 8 1790 5 
1012 3 2305 5 1018 3 1793 4 
1011 3 2304 4 1792 5 1009 4 
1014 4 1016 4 1795 4 2303 6 
1013 4 829 5 2302 5 1794 5 
1797 6 1010 8 1016 5 2301 7 
1796 3 1013 4 2300 3 1015 5 
2299 5 1799 8 1018 5 
2298 4 1798 3 1017 5 1011 3 
2563 7 1020 3 38 5 836 4 
835 3 39 5 1019 3 1027 6 
1022 7 461 6 834 8 2176 10 
1021 7 833 4 2175 8 1074 7 
1030 4 44 5 839 5 1024 8 
45 8 838 9 1025 10 1023 8 
1024 10 841 7 1026 8 46 6 
1886 7 1025 8 840 6 47 9 
1020 6 99 7 40 6 1028 10 
842 9 41 8 1029 8 1027 10 
15 5 42 4 1028 8 1030 5 
1023 4 43 6 13 6 1029 5 
1032 4 2413 2 857 4 854 3 
856 8 1031 4 2414 6 1033 8 
1008 6 2415 6 1032 8 
1035 3 1857 2 309 2 2522 3 
308 5 1034 3 2521 5 1653 8 
636 6 1148 4 1047 2 883 1 
2379 6 1368 4 1145 4 1038 3 
2382 5 1039 5 1367 3 1037 3 
1366 5 2381 4 1038 5 1205 7 
1045 6 1373 4 2384 2 1157 3 
639 6 878 6 1156 5 1158 7 
2386 5 1157 7 1159 5 1371 7 
1158 8 1147 7 637 6 880 8 
1948 5 2375 4 1365 4 1045 8 
1364 6 1040 6 1044 8 2374 9 
887 4 632 1 1047 2 2247 1 
886 3 1046 2 1036 2 631 3 
2549 5 1855 6 1853 7 2011 6 
1852 7 1050 5 1872 8 1970 5 
1871 3 1049 5 1973 4 1051 5 
1870 9 1972 7 1856 5 1050 5 
2150 5 2160 7 1418 5 1213 4 
1066 4 2313 2 1857 2 1992 5 
480 5 965 5 1812 5 597 7 
1974 6 1876 5 937 3 1856 3 
1057 4 1059 8 1509 6 1130 6 
1056 4 320 3 491 4 637 3 
901 2 1061 4 640 5 1059 7 
639 8 1056 8 900 7 1058 7 
899 4 1063 7 634 7 1061 5 
1058 4 633 3 898 8 1060 5 
1063 6 897 3 1065 2 636 7 
1060 7 1062 6 635 7 896 10 
1225 3 1065 1 342 3 632 1 
1064 1 341 2 631 2 1062 2 
1053 4 1858 8 1702 5 1543 4 
1926 5 670 7 1439 6 
880 7 1147 6 1431 5 1069 4 
1146 4 1068 4 1070 1 1430 4 
1967 4 1071 3 1069 1 1429 4 
1153 4 1070 3 1428 3 
843 11 284 9 1073 10 1075 10 
1211 8 1087 5 1072 10 283 5 
1075 8 2186 5 845 8 1022 7 
1074 8 844 5 2185 5 1072 10 
1081 7 970 8 1391 6 1077 7 
1248 4 1076 7 1392 4 969 5 
976 3 837 6 1079 3 1085 5 
1080 4 975 5 1078 3 1345 4 
1079 4 1081 5 978 3 109 5 
110 5 1080 5 1076 7 977 3 
972 2 1557 8 1083 4 830 3 
971 6 831 8 1082 4 1084 5 
974 5 105 5 1083 5 1085 6 
973 4 106 9 1078 5 1084 6 
141 5 2008 2 1702 2 1858 5 
1 3 1073 5 278 4 1088 3 
2483 5 2573 4 1087 3 277 4 
1172 6 757 6 
1583 4 1091 4 1093 2 
1090 4 1096 6 1582 7 
1093 4 1585 10 
1092 4 1584 3 1090 2 
1095 4 695 3 1587 5 1097 3 
694 4 1586 5 1094 4 1261 4 
1589 4 1091 6 1097 5 
1717 3 1588 4 1096 5 1094 3 
767 5 74 5 1099 4 
1100 5 73 4 1098 4 766 3 
1099 5 765 4 1101 8 76 6 
75 8 764 8 917 9 1100 8 
1103 5 1511 7 2423 3 388 6 
1102 5 387 3 1510 3 
1873 1 1851 2 1879 1 2086 4 
1297 4 2406 5 1106 8 
1597 5 1296 6 1105 8 2405 6 
1213 3 2308 6 69 4 2150 4 
1109 2 1618 3 1111 6 868 3 
1108 2 1617 1 1114 3 125 1 
938 4 1111 6 128 6 1616 3 
1615 6 127 6 1110 6 1108 6 
122 4 1115 2 1622 4 1113 5 
1116 6 1112 5 121 5 1621 6 
1620 5 124 4 1109 3 1115 3 
1619 1 123 4 1112 2 1114 3 
1624 7 132 5 1117 6 1113 6 
1289 7 1116 6 131 6 1623 7 
939 4 1302 4 1756 3 1119 4 
1616 3 1301 5 938 4 1118 4 
1127 5 2351 2 1300 4 1121 2 
2350 2 1308 5 1299 2 1120 2 
2356 4 286 6 1125 4 1123 7 
1128 9 285 8 2355 8 1122 7 
1282 5 186 3 1125 3 2445 4 
1280 4 1124 3 1122 4 287 3 
303 4 1129 2 2360 4 1127 5 
515 7 1126 5 1120 5 2359 8 
1123 9 1129 5 2358 8 305 8 
304 6 1126 2 1128 5 2357 3 
663 5 1056 6 900 5 320 5 
895 5 1133 5 
890 9 1133 6 
1131 5 1132 6 888 6 
1854 4 136 5 2327 4 2471 3 
1136 4 1298 4 1492 7 1138 6 
1143 3 1295 2 1491 5 1135 4 
1294 4 1140 7 1494 5 1138 6 
1493 5 1137 6 1135 6 1292 5 
511 4 1488 4 1140 6 1142 2 
1487 7 1137 7 1284 9 1139 6 
1490 4 1142 3 1321 3 2354 3 
1141 3 1139 2 1489 2 2353 2 
1136 3 1276 3 1144 7 1486 4 
1275 6 1143 7 992 7 1485 7 
1369 4 1159 3 2380 7 1037 4 
1069 4 1147 6 1967 7 860 7 
1043 7 1068 6 1146 6 858 4 
882 5 1154 5 1036 4 635 6 
1884 5 1150 3 1152 5 
1883 5 1007 4 1149 3 
1152 4 1882 1 
1151 4 1149 5 1881 8 
108 4 1071 4 1967 5 
1148 5 1155 3 885 3 634 6 
884 3 1156 3 633 2 1154 3 
1155 3 1041 5 879 2 640 5 
1335 7 1042 7 1372 8 1040 3 
1043 8 1509 7 881 7 1041 7 
1370 4 1145 3 2385 3 1042 5 
1979 7 740 6 1395 5 2454 4 
1917 4 516 7 962 8 546 4 
221 7 1163 8 1165 7 630 5 
222 8 1162 8 629 6 1704 8 
1165 3 1167 3 622 1 217 2 
1164 3 621 4 1162 7 218 5 
1169 5 219 7 1167 5 624 6 
1164 3 623 8 1166 5 220 5 
1171 6 213 8 1169 7 626 7 
1166 5 214 5 625 6 1168 7 
628 5 215 5 1171 5 1347 4 
216 5 627 2 1168 6 1170 5 
1089 6 1173 7 570 5 
569 8 604 6 1172 7 1174 7 
1175 5 1173 7 568 5 607 4 
567 6 1174 5 1176 4 606 4 
1175 4 571 3 
1366 3 1205 5 1178 3 504 2 
503 3 1181 2 1177 3 1204 5 
502 5 1180 8 1184 6 1199 8 
1179 8 501 8 1198 7 
1178 2 1182 2 1203 4 498 4 
497 5 1181 2 1202 7 1183 3 
1201 5 500 5 1184 5 1182 3 
499 8 1179 6 1200 5 1183 5 
1484 9 1209 7 803 7 
887 5 811 4 1187 2 748 2 
886 2 1186 2 1190 4 810 2 
1189 3 817 6 1191 5 885 3 
1188 3 816 2 884 3 1194 2 
819 6 883 4 1191 7 1187 4 
1190 7 1188 5 882 5 818 4 
1195 4 813 5 1193 4 881 7 
1431 2 880 4 1192 4 812 6 
1195 1 879 1 815 3 1189 2 
1192 4 1194 1 878 3 814 5 
427 4 1529 7 423 7 2237 6 
281 6 1198 2 
2188 4 1180 7 1197 2 1199 7 
1200 7 2187 8 1179 8 1198 7 
1199 7 1201 5 1184 5 2182 4 
1200 5 1183 5 1202 9 2181 8 
1201 9 1203 9 280 7 1182 7 
1204 7 279 6 1202 9 1181 4 
1203 7 1205 7 2178 7 1178 5 
2177 5 1204 7 1177 5 1039 7 
2160 6 2324 4 71 4 1213 3 
1670 4 790 5 1208 5 471 4 
1667 5 470 4 1324 4 1207 5 
1483 6 802 4 2179 5 1185 7 
2351 2 1212 3 1257 5 2450 6 
843 9 2431 7 1073 8 1 6 
2526 6 2449 4 1210 3 2350 3 
72 2 1107 3 1052 4 1206 3 
1701 6 1250 5 2329 6 747 5 
1239 7 1229 9 
2324 5 1227 8 1969 6 2322 7 
2387 5 720 4 471 5 1218 5 
470 3 719 3 313 3 1217 5 
473 4 1222 3 1841 6 2387 4 
1960 4 2329 3 1226 7 747 2 
1224 4 1832 4 1222 2 427 2 
1831 3 1219 3 1221 2 474 5 
1224 6 2389 7 477 6 1506 7 
1221 4 1223 6 1503 3 476 5 
1064 3 1827 5 432 7 2389 6 
2332 7 1220 7 1961 10 745 9 
789 8 1254 9 1228 8 1216 8 
1227 8 1253 6 2160 7 2324 5 
642 10 1240 13 1215 9 1504 10 
1282 7 2550 5 1231 5 
1280 4 1230 5 
1236 6 2541 7 1397 8 2331 6 
2448 1 734 1 1234 1 1977 5 
1233 1 1976 4 735 3 959 3 
1975 4 1238 2 2448 1 732 4 
1232 6 1398 6 2515 4 2326 4 
738 3 1238 4 1973 5 2452 4 
1237 4 1235 2 1972 5 739 7 
803 7 1215 7 1240 11 
802 8 1229 13 1241 9 1239 11 
1242 4 642 6 2289 5 1240 9 
1916 5 2288 3 1241 4 1243 5 
1244 7 1242 5 1904 6 2291 7 
2290 6 1243 7 1907 5 1245 8 
2293 9 1246 7 294 8 1244 8 
1245 7 295 6 1247 6 2292 9 
1246 6 2295 8 1248 5 292 6 
1077 4 2294 5 293 2 1247 5 
1701 7 1250 6 1256 7 1294 6 
1251 5 1249 6 1214 5 1292 3 
1298 5 1250 5 747 5 1252 7 
745 6 1295 4 1251 7 1258 7 
1228 6 1254 7 2354 4 1417 5 
1227 9 1255 4 2353 5 1253 7 
1254 4 1256 3 511 3 789 3 
1284 7 1255 3 1738 3 1249 7 
2359 8 12 6 1210 5 2446 6 
889 9 1276 5 1252 7 1259 7 
1752 7 1275 4 869 5 1258 7 
564 11 1261 9 1445 10 1267 8 
1260 9 557 2 1444 2 1095 4 
1265 4 526 4 1263 2 1451 3 
1262 2 1268 6 1450 3 525 7 
1265 4 524 3 1828 2 1453 2 
1262 4 1452 5 1264 4 523 5 
454 3 1269 4 1267 2 1447 4 
638 2 1266 2 1446 2 1260 8 
1263 6 1449 7 520 7 1269 7 
1266 4 1448 4 519 6 1268 7 
1271 3 865 3 1527 3 1442 4 
1270 3 864 3 1272 4 1526 3 
1273 6 867 5 1271 4 1525 3 
1524 5 866 7 1272 6 
331 4 237 5 239 3 1890 3 
1259 4 1144 6 1276 2 595 3 
1295 2 1143 3 1258 5 1275 2 
361 6 1800 6 1278 5 
1277 5 1811 4 
1747 6 1764 5 995 5 1766 3 
1125 4 2356 4 1231 4 1282 6 
707 8 187 3 1283 3 681 6 
1230 7 1124 5 688 6 1280 6 
680 4 1281 3 706 3 192 4 
1256 7 1294 6 511 7 1140 9 
1286 4 1470 3 1287 3 2352 7 
1285 4 770 4 1290 2 1469 5 
1468 2 1285 3 791 2 
2372 3 1474 4 1291 3 1289 5 
1117 7 2369 6 1473 5 1288 5 
1472 2 1291 2 1286 2 850 3 
832 4 1471 6 1290 2 1288 3 
1298 3 1294 3 1250 3 1138 5 
1542 9 2322 8 2328 6 1738 4 
1137 4 1284 6 1292 3 1249 6 
1136 2 1276 2 1298 2 1252 4 
1460 4 1106 6 1297 2 266 5 
1296 2 1105 4 1669 1 
1292 3 1295 2 1251 5 1135 4 
1121 2 1300 4 2124 6 1740 2 
515 6 1299 4 2123 7 1120 4 
268 4 1119 5 783 5 1302 5 
1305 2 267 7 1118 4 1301 5 
1304 7 1306 4 1754 5 129 7 
1309 6 2165 6 1303 7 1748 9 
2164 2 1302 2 1756 1 1306 2 
2163 2 1755 5 1303 4 1305 2 
1741 8 2170 5 1308 7 1310 7 
1740 5 1121 5 1307 7 2169 8 
2168 4 1304 6 1310 6 1744 3 
1309 6 1742 6 1307 7 145 7 
1322 4 1320 4 1312 7 307 6 
1311 7 306 6 1490 6 1321 5 
470 3 1314 2 1324 3 313 3 
1315 3 1313 2 312 1 1323 3 
1314 3 1316 5 311 5 1326 5 
1317 5 310 7 1315 5 1325 4 
1316 5 1318 4 317 6 1328 3 
1317 4 1327 6 316 4 1319 3 
1330 3 1320 3 1318 3 315 4 
1329 3 1311 4 314 3 1319 3 
2172 2 1141 3 1312 5 1322 2 
1311 4 1329 3 2171 3 1321 2 
1326 5 1324 4 265 5 1314 3 
1323 4 1208 4 1313 3 260 3 
254 2 1316 4 1328 2 1326 4 
1323 5 2167 3 1315 5 1325 4 
1318 6 1330 6 1328 5 2166 8 
243 3 1317 3 1325 2 1327 5 
1330 3 1322 3 240 2 1320 3 
1329 3 1319 3 1327 6 234 2 
1332 6 1334 4 447 3 15 4 
1331 6 1337 6 446 7 13 8 
2377 5 99 5 449 4 1334 5 
448 4 842 6 1331 4 1333 5 
1157 7 2386 5 2028 5 2384 6 
450 6 840 7 2383 8 2089 7 
1338 4 1332 6 839 5 453 4 
1337 4 452 5 2383 5 838 5 
462 8 1340 6 1342 8 380 5 
461 3 834 5 1339 6 381 4 
464 3 1344 2 382 4 1342 5 
463 5 1339 8 383 7 1341 5 
458 6 1346 2 376 6 1344 2 
457 3 1341 2 1343 2 377 2 
1648 4 109 5 837 7 1079 4 
459 3 1343 2 379 4 620 3 
466 2 384 1 1170 4 584 2 
1387 3 599 4 605 5 581 3 
1886 5 840 4 2089 4 1350 3 
1885 2 1362 2 1349 3 2088 5 
518 6 689 8 194 7 1352 7 
517 5 849 6 1351 7 195 4 
579 7 1389 5 1359 7 605 6 
2390 7 1355 7 2202 5 1682 9 
1390 8 1354 7 406 8 1681 6 
1357 5 2067 2 2095 4 1894 4 
1356 5 1893 8 1523 5 2094 6 
1892 4 2087 5 2067 4 2097 5 
600 5 1388 6 1353 7 578 7 
2087 5 1890 4 2099 6 691 6 
1685 6 675 6 2378 9 686 7 
1888 4 2101 5 1350 2 691 5 
690 7 1432 6 2070 4 644 4 
1045 6 1365 2 1373 4 319 2 
1364 2 318 5 2315 4 1044 4 
1177 3 1039 5 1367 3 322 4 
321 2 1366 3 1368 4 1038 3 
1037 4 1367 4 324 5 1369 4 
1145 4 323 2 1370 5 1368 4 
1159 4 326 5 1369 5 1371 6 
1372 8 325 4 1370 6 1042 7 
1371 8 1373 9 328 8 1157 8 
327 8 1364 4 1040 4 1372 9 
1375 7 2097 7 2060 8 1381 7 
1374 7 1376 4 2096 6 2059 6 
2095 5 1375 4 1377 4 2062 4 
2061 4 2094 4 1539 5 1376 4 
1379 6 1385 7 2064 7 2101 8 
1378 6 2063 4 2100 3 1380 5 
2099 7 1381 6 2066 5 1379 5 
1374 7 1380 6 2065 5 2098 3 
601 7 1383 6 749 7 1664 4 
1388 5 600 4 1382 6 467 7 
1385 7 450 5 2089 6 2058 7 
1384 7 1378 7 2057 6 2088 7 
435 10 1387 8 605 10 1389 9 
1386 8 744 1 1348 3 428 4 
1383 5 1359 6 1389 4 423 6 
1353 5 1635 5 1388 4 1386 9 
2390 8 1355 8 2273 8 1707 7 
110 4 1076 6 1656 4 1392 3 
293 2 1655 4 1391 3 1077 4 
1394 8 586 6 1396 8 2336 6 
585 6 1399 6 1393 8 2337 8 
1160 5 588 5 2334 5 1396 5 
2335 7 1395 5 587 5 1393 8 
1400 10 1398 8 590 8 1232 8 
589 9 1236 6 1397 8 1403 8 
1394 6 2330 7 1400 8 592 5 
1397 10 2331 8 591 6 1399 8 
932 2 1775 4 1402 5 968 2 
1401 5 1774 9 933 7 958 4 
594 7 2326 6 1398 8 1404 8 
1403 8 2327 6 593 7 1551 6 
619 3 1406 1 928 3 1408 5 
929 7 1770 2 1405 1 967 4 
926 5 1408 7 
1768 7 927 8 1405 5 1407 7 
1410 5 2150 5 240 3 1418 5 
234 3 1409 5 2149 5 1411 4 
2166 5 1412 4 1410 4 2148 4 
1411 4 1413 4 243 5 2147 6 
1414 4 1412 4 2154 3 254 2 
2167 3 1413 4 1415 6 155 6 
265 6 1416 5 1414 6 2152 4 
2151 4 746 4 1415 5 260 3 
2160 6 1418 4 1253 5 2172 3 
2171 4 1052 5 1417 4 1409 5 
1897 5 1585 8 1427 3 1420 4 
1421 4 1896 5 1584 5 1419 4 
1420 4 1899 3 1583 4 1422 3 
1898 5 1582 6 1421 3 1423 4 
1424 5 1589 3 1422 4 1901 5 
1423 5 1425 4 1588 5 1900 8 
1587 5 1903 4 1424 4 1426 5 
1902 5 1569 4 1425 5 1586 6 
1895 4 1581 2 1419 3 
1689 2 1071 3 1429 4 
1688 7 1430 7 1428 4 1070 4 
1682 9 1431 5 1429 7 1069 4 
1193 2 1430 5 1681 4 1068 5 
1443 5 1363 6 658 7 1433 7 
1434 4 1432 7 690 8 657 6 
389 4 1435 2 386 3 1433 4 
1508 3 659 4 1436 3 1434 2 
365 5 1437 6 1435 3 654 2 
653 5 1438 7 1436 6 352 8 
1439 5 1437 7 656 3 670 6 
1438 5 655 10 1601 7 1067 6 
1441 8 266 8 922 9 2263 7 
1669 4 1440 8 2262 6 
650 5 662 6 1443 4 1270 4 
661 3 1432 5 1442 4 644 3 
1586 3 1261 2 1445 3 1569 1 
1446 4 1568 6 1444 3 1260 10 
1445 4 1562 2 1447 4 1267 2 
1561 4 1448 4 1446 4 1266 4 
1560 7 1449 4 1447 4 1269 4 
1450 4 1448 4 1268 7 1559 3 
1449 4 1566 6 1451 4 1263 3 
1452 4 1565 6 1450 4 1262 3 
1451 4 1265 5 1453 3 1564 2 
1563 6 1771 3 1452 3 1264 2 
1614 6 1456 7 
1590 5 1456 7 2034 5 1612 7 
1455 7 2033 6 1454 7 1611 10 
233 7 239 5 1892 5 337 8 
953 9 1459 7 1461 6 1599 7 
952 4 1598 3 1458 7 1464 6 
1461 3 1296 4 1597 3 955 6 
1460 3 1596 4 954 4 1458 6 
1465 5 1463 2 949 2 1595 4 
948 4 1594 5 1466 3 1462 2 
951 8 1593 5 1459 6 1465 8 
1464 8 950 6 1592 7 1462 5 
1467 3 1463 3 957 5 1591 4 
1466 3 1590 3 1612 5 956 3 
960 3 1287 2 1470 2 
1470 4 962 8 1472 5 1286 5 
1469 4 1285 3 1468 2 961 6 
1474 7 1291 6 1472 6 964 6 
1290 2 963 4 1469 5 1471 6 
1474 4 966 5 1289 5 1623 5 
1288 4 1473 4 1471 7 965 4 
1476 3 2174 4 1633 6 2281 5 
1475 3 1477 5 2173 5 2280 4 
2279 7 1478 6 270 6 1476 5 
1477 6 1479 6 2278 6 269 6 
1480 8 1478 6 272 7 2285 8 
1479 8 2284 5 1481 5 271 7 
1480 5 2283 1 1482 3 2180 4 
1483 6 2282 6 2179 5 1481 3 
1209 6 1482 6 1484 8 2287 6 
2286 5 1185 9 1483 8 
134 4 1644 4 1144 7 1486 4 
1491 6 133 3 1143 4 1485 4 
1140 7 1494 5 140 3 1488 5 
1489 4 139 3 1487 5 1139 4 
138 7 1488 4 1490 3 1142 2 
1141 4 137 6 1489 3 1312 6 
144 6 1486 6 1136 5 1492 8 
143 7 1135 7 1491 8 1493 6 
1138 5 142 2 1494 4 1492 6 
141 7 1137 5 1487 5 1493 4 
1907 3 1502 4 2544 5 1496 4 
2543 7 1904 5 1495 4 1497 5 
1498 5 1916 6 2542 5 1496 5 
1497 5 642 6 1504 6 
1655 6 2548 9 1500 5 293 4 
1501 4 1499 5 292 4 2547 6 
1502 5 2546 6 1500 4 295 6 
294 6 1501 5 1495 4 2545 6 
1224 3 1506 4 699 4 1832 3 
1498 6 1229 10 
2541 8 2331 7 936 6 2261 5 
698 5 1826 6 1503 4 1223 7 
1706 5 353 2 359 5 2026 6 
386 4 1435 3 2069 3 365 5 
1158 7 637 5 639 6 1056 6 
1759 2 1103 3 1511 5 
1691 6 1758 9 1102 7 1510 5 
2387 7 703 8 1841 9 720 6 
257 4 198 6 259 4 918 5 
1517 3 1678 4 1515 4 1913 4 
1522 4 1912 5 1514 4 1677 4 
1517 2 1676 4 1915 5 1519 3 
1516 2 1514 3 1675 3 1914 5 
1909 6 1519 7 1674 9 1521 7 
1908 4 1518 7 1673 5 1516 3 
1672 3 1911 3 1521 3 
1671 3 1520 3 1910 6 1518 7 
1515 4 1523 3 1680 3 1906 5 
1357 5 1905 4 1679 5 1522 3 
1525 2 1273 5 1882 2 
1524 2 1526 2 1272 3 1881 5 
1884 5 1525 2 1527 3 1271 3 
1883 5 1526 3 1270 3 650 4 
1644 5 2365 4 643 5 134 5 
1196 7 467 8 476 6 2256 4 
1911 3 1531 4 1867 3 
1532 6 1910 7 1530 4 1866 6 
1531 6 1909 4 1869 7 1533 7 
1908 6 1868 5 1534 6 1532 7 
1535 5 1533 6 1863 7 1915 6 
1914 7 1534 5 1536 3 1862 5 
1535 3 1913 2 1537 2 1865 2 
1538 3 1536 2 1912 5 1864 7 
1537 3 1539 4 1906 4 1861 4 
1377 5 1538 4 1905 6 1860 4 
647 6 2363 11 1638 9 649 5 
2522 4 2313 3 1857 3 1548 3 
1293 9 1964 6 2463 7 979 10 
2325 2 1546 4 2313 2 1066 4 
1545 5 2412 4 2422 4 556 5 
2421 5 1544 5 2407 5 555 4 
1549 5 1543 4 1547 9 418 6 
2325 7 1552 7 1546 9 417 8 
1549 3 420 4 1541 3 1558 5 
1548 3 1546 5 419 3 2313 3 
2529 8 1553 5 1551 7 414 10 
2530 4 1550 7 413 6 1404 6 
416 3 1553 2 1567 3 1547 7 
1552 2 2549 1 415 2 1550 5 
159 5 1556 8 1981 5 
158 3 545 5 1556 5 1745 1 
157 7 1982 8 1554 8 1555 5 
1082 8 2521 9 422 8 1558 10 
2522 6 421 5 1548 5 1557 10 
1695 6 1566 5 1449 3 1560 6 
1448 7 1561 7 1559 6 1694 8 
1447 4 1697 4 1562 2 1560 7 
1568 4 1696 4 1446 2 1561 2 
1453 6 1564 5 1691 6 1758 9 
1563 5 1690 2 1452 2 1565 4 
1451 6 1693 5 1564 4 1566 8 
1450 6 1692 5 1559 5 1565 8 
2549 2 1552 3 2325 3 1853 4 
1562 4 1569 4 1699 9 1445 6 
1568 4 1426 4 1444 1 1698 2 
1571 2 1579 1 2038 4 594 3 
2037 5 1570 2 1785 3 593 5 
588 7 1573 5 1850 5 2040 11 
2039 4 1574 5 587 3 1572 5 
1575 8 586 5 2042 6 1573 5 
1576 5 585 7 1574 8 2041 8 
1575 5 592 3 2044 4 1577 3 
1578 9 2043 3 591 3 1576 3 
1577 9 590 10 2046 9 1579 7 
2045 1 1570 1 589 6 1578 7 
1799 5 103 5 
1585 7 1427 2 
1583 7 1589 5 1422 6 1091 7 
1582 7 1090 4 1584 5 1421 4 
1093 3 1583 5 1585 9 1420 5 
1581 7 1584 9 1092 10 1419 8 
1444 3 1095 5 1587 6 1426 6 
1425 5 1586 6 1094 5 1588 6 
1097 4 1424 5 1587 6 1589 3 
1096 4 1423 3 1582 5 1588 3 
1591 4 1455 5 1467 3 1814 4 
1590 4 1594 6 1813 6 1466 4 
1823 5 1595 6 1465 7 1593 4 
1464 5 1822 1 1592 4 1598 2 
1825 6 1463 5 1595 7 1591 6 
1824 4 1594 7 1592 6 1462 4 
1819 6 1461 4 1599 5 1597 4 
1106 5 1818 4 1460 3 1596 4 
1821 4 1459 3 1599 3 1593 2 
1820 6 1596 5 1598 3 1458 7 
489 4 1927 3 1601 7 1606 5 
1439 7 1600 7 488 8 1926 6 
495 9 1921 9 1604 9 1603 10 
1920 6 1607 6 494 6 1602 10 
1918 3 1602 9 496 4 
1608 4 1925 3 565 5 1606 4 
1924 8 1600 5 1605 4 893 5 
1603 6 1608 5 493 5 1923 5 
1607 5 1605 4 1922 4 492 4 
742 4 1610 2 2205 4 
1609 2 743 4 
765 7 1614 9 1456 10 1612 10 
764 7 1467 5 1611 10 1455 7 
767 5 1614 5 
1454 6 1613 5 766 4 1611 9 
1111 6 1616 3 1618 3 784 3 
783 3 1615 3 1119 3 1110 3 
786 2 1620 3 1618 2 1109 1 
1108 3 1617 2 1615 3 785 5 
1115 1 1620 3 780 3 1622 3 
1617 3 1619 3 779 5 1114 5 
1624 7 782 4 1622 5 1113 6 
1621 5 1112 4 781 5 1619 3 
1624 8 788 6 1473 5 1117 7 
1116 7 1621 7 1623 8 787 8 
2115 9 2000 4 1632 3 1626 5 
1627 6 2114 6 1999 6 1625 5 
1626 6 2113 6 1628 5 2002 6 
2001 2 1627 5 1843 4 2112 4 
1630 4 2119 5 1996 7 1634 2 
1629 4 2118 7 1995 5 1631 5 
1632 3 2117 6 1998 7 1630 5 
1625 3 1631 3 2116 1 1997 2 
1994 8 1634 5 1475 6 2121 8 
2120 3 1633 5 1993 5 1629 2 
423 7 1389 5 435 6 2237 6 
652 9 1637 8 998 7 1639 7 
651 3 997 6 1845 5 1636 8 
1641 10 994 6 1639 7 1540 9 
993 4 649 3 1638 7 1636 7 
648 7 1641 7 1643 4 996 6 
995 8 1638 10 1640 7 647 7 
990 6 646 6 1643 5 1645 4 
645 4 1642 5 1640 4 989 2 
1528 5 1645 3 1485 4 992 4 
1644 3 643 3 1642 4 991 8 
1656 6 110 6 2364 5 1647 6 
1648 4 1646 6 2363 10 109 5 
1345 4 1647 4 2362 3 1649 4 
1650 4 2361 5 1648 4 837 7 
1649 4 1651 4 106 7 2368 7 
1652 6 2367 7 1650 4 105 5 
2366 7 1651 6 1653 9 831 9 
2365 7 1652 9 1035 8 830 7 
749 8 1664 5 2250 6 455 7 
1656 5 1499 6 1392 4 2371 6 
1646 6 1655 5 1391 4 2370 3 
1658 3 809 4 2128 3 1666 5 
2255 3 1657 3 1659 5 2127 7 
2428 8 1658 5 2258 4 1660 5 
2257 6 2416 3 1659 5 1661 3 
2139 3 2252 4 1662 4 1660 3 
2480 5 1663 5 2251 4 1661 4 
2254 6 2130 4 1662 5 
467 5 1654 5 2256 1 1382 4 
2402 2 1874 1 2260 3 1666 4 
1665 4 77 5 2259 10 1657 5 
746 5 1208 5 260 4 1670 4 
363 4 2323 3 505 5 541 3 
1441 4 266 4 1297 1 
1207 4 744 2 428 5 1667 4 
1521 3 57 3 1674 5 1672 3 
58 4 1520 3 1671 3 
1674 7 59 5 1519 5 1676 6 
60 6 1673 7 1671 5 1518 9 
1676 5 1517 3 53 6 1678 4 
1675 5 1516 4 1673 6 54 5 
1678 4 1680 3 55 8 1515 4 
1677 4 1514 4 1675 4 56 5 
61 6 1523 5 1893 8 1680 5 
1677 3 1522 3 1679 5 62 3 
1431 4 1682 8 1355 6 812 8 
1430 9 1688 9 1681 8 1354 9 
117 7 1980 6 785 9 402 8 
540 4 2349 4 508 7 1700 8 
1361 6 1687 4 
2217 8 1689 7 1687 8 
1686 8 1685 4 675 4 
1429 7 1682 9 1689 5 2202 5 
1686 7 1428 2 1688 5 667 5 
1691 3 1693 3 1564 2 2424 4 
1690 3 2423 2 1511 6 1563 6 
2422 2 1566 5 1693 2 1695 6 
1690 3 1565 5 2421 4 1692 2 
1697 5 2420 5 1695 8 1560 8 
2419 8 1559 6 1694 8 1692 6 
1697 6 1562 4 1699 9 2418 4 
1696 6 1694 5 1561 4 2417 4 
2426 4 1699 7 1902 3 1569 2 
1568 9 1696 9 2425 6 1698 7 
507 8 539 10 2323 7 1684 8 
1249 7 1738 3 2328 5 1214 6 
1992 6 142 2 1066 5 1086 2 
104 4 1704 6 
103 9 1163 8 1880 8 1703 6 
490 6 107 9 
1507 5 2234 5 23 5 1718 5 
1937 6 1708 8 434 5 1390 7 
1707 8 433 8 2390 9 1711 7 
2093 4 437 6 1710 7 1712 5 
436 10 1715 5 1709 7 2092 8 
1712 3 1708 7 2091 4 439 6 
438 3 1711 3 2090 4 1709 5 
441 8 1714 3 1716 2 
1713 3 440 4 
2378 6 1710 5 443 2 1716 2 
442 1 2373 1 1715 2 1713 2 
1097 3 1008 3 695 3 
2233 8 1706 5 359 5 26 3 
94 3 2464 1 1728 3 1720 2 
78 5 93 4 1721 2 1719 2 
96 2 1720 2 1722 2 2462 2 
95 5 2461 4 1723 4 1721 2 
2468 5 90 5 1722 4 1724 3 
89 3 1725 2 2467 2 1723 3 
1724 2 92 4 2466 7 1726 8 
2465 8 1943 12 91 7 1725 8 
2458 7 792 3 1728 4 98 5 
1727 4 2457 3 97 5 1719 3 
2510 5 1732 4 1730 5 
1729 5 2509 7 
2508 4 1734 4 1732 5 
1731 5 2507 5 1729 4 
1734 5 1736 8 2506 5 
1733 5 1731 4 2505 7 
400 5 1736 7 2514 6 
1733 8 1735 7 2513 7 
138 10 1855 6 2011 6 1739 6 
1701 3 789 3 1293 4 1256 3 
136 5 1854 4 137 6 1737 6 
1308 5 947 7 1741 6 1299 2 
1307 8 1740 6 1742 7 946 7 
945 3 1744 3 1310 6 1741 7 
463 5 2009 5 820 6 2007 7 
1748 6 1309 3 1742 3 944 9 
1746 3 2565 8 1555 1 1769 6 
2564 3 1745 3 1749 7 618 4 
1279 6 2575 9 1750 10 563 6 
1744 6 1304 9 943 9 1754 7 
1746 7 1750 10 2562 5 1767 8 
2572 9 1749 10 1747 10 1766 7 
2571 5 596 6 1752 7 566 8 
1259 7 1751 7 2570 5 595 6 
566 8 2569 5 563 5 1763 4 
942 5 1303 5 1755 6 1748 7 
1306 5 1754 6 1756 4 941 9 
940 4 1305 1 1755 4 1118 3 
2261 2 14 7 913 5 2337 6 
1511 9 1563 9 1759 6 1771 6 
1510 2 2012 2 1758 6 
1761 2 1976 4 2402 2 959 3 
77 3 1760 2 1774 7 958 2 
596 6 1763 4 566 8 990 6 
989 1 1762 4 1764 4 1753 4 
996 7 1279 5 563 5 1763 4 
829 7 2013 5 1794 7 466 5 
1767 5 994 2 1279 3 1750 7 
1766 5 993 6 618 5 1749 8 
619 5 1408 7 2130 4 
997 9 545 10 618 7 1745 6 
619 4 1406 2 1773 6 2139 3 
2012 2 1453 3 1828 3 1758 6 
1775 7 1773 9 2428 9 968 5 
1770 6 1772 9 967 8 2416 6 
1775 8 1402 9 1761 7 2128 7 
2127 8 1401 4 1774 8 1772 7 
2001 2 1777 5 422 3 1843 4 
1786 5 1776 5 1842 5 421 5 
1779 4 1816 5 2470 6 1781 6 
1778 4 2540 3 1815 4 2469 4 
999 4 1781 5 
1817 6 1780 5 1778 6 988 4 
416 7 1838 10 1783 6 1789 7 
1782 6 415 2 1784 4 1837 3 
1840 6 414 9 1783 4 1785 5 
413 5 1571 3 1839 3 1784 5 
1777 5 1787 2 420 4 1834 2 
419 2 1786 2 1788 3 1833 2 
1787 3 418 5 1789 4 1836 5 
1788 4 1782 7 417 4 1835 2 
1791 4 624 4 1797 3 1010 5 
1790 4 1792 7 1009 6 623 9 
1791 7 1793 6 1012 5 622 4 
1798 4 621 4 1792 6 1011 4 
1795 5 1765 7 1014 5 628 5 
627 2 1794 5 1796 3 1013 4 
626 4 1016 3 1795 3 1797 4 
625 6 1015 6 1790 3 1796 4 
1799 6 1793 4 1018 3 630 2 
1798 6 1017 8 629 7 1580 5 
1277 6 1811 5 2035 4 2216 3 
2540 2 1802 2 2514 4 1815 3 
1801 2 1807 3 2539 5 2513 4 
1804 4 1810 8 2510 5 2534 5 
1803 4 2509 6 1805 5 2533 4 
1806 4 2532 4 1804 5 2512 4 
1805 4 2015 2 2531 7 2511 3 
2506 3 1808 2 1802 3 2538 4 
2537 2 1807 2 2505 6 1809 4 
1810 10 2508 5 2536 7 1808 4 
1809 10 2535 8 1803 8 2507 9 
1800 5 126 5 1278 4 2215 8 
51 4 1054 5 2024 5 2122 4 
1814 6 1591 6 37 7 1825 6 
36 2 2034 4 1813 6 1590 4 
2191 6 1801 3 1816 5 1779 4 
1817 5 1778 5 2190 5 1815 5 
1816 5 2189 5 1781 6 
1819 6 1597 4 31 7 2405 5 
1596 6 1818 6 30 3 1820 7 
1599 6 1821 7 29 8 1819 7 
1598 4 1820 7 28 5 1822 3 
35 4 1823 2 1593 1 1821 3 
1592 5 34 2 1824 3 1822 2 
1595 4 1825 3 1823 3 33 3 
1824 3 1594 6 32 3 1813 6 
697 4 1506 6 2389 6 1827 5 
696 7 1225 5 1826 5 342 5 
1264 2 1771 3 340 2 1830 5 
2122 6 516 7 1917 4 49 5 
721 6 2012 4 1828 5 339 7 
1222 3 1832 5 1841 6 701 6 
1831 5 700 6 1221 4 1503 3 
88 4 1834 2 1836 4 1787 2 
1833 2 1842 2 87 2 1786 2 
86 2 1836 3 1838 5 1789 2 
85 6 1833 4 1835 3 1788 5 
1840 5 84 6 1838 7 1783 3 
83 5 1782 10 1837 7 1835 5 
1840 4 2037 5 1785 3 82 6 
1839 4 1784 6 1837 5 81 5 
1512 9 1831 6 1219 6 702 8 
1843 4 80 5 1834 2 1777 5 
1842 4 1628 4 1776 4 79 6 
1845 4 805 5 487 2 1847 3 
1844 4 1637 5 804 6 486 6 
485 7 1849 7 1847 6 807 7 
1846 6 806 3 484 3 1844 3 
1849 3 483 4 
1846 7 1848 3 482 3 
1851 3 1572 5 1879 2 1979 5 
1978 3 1850 3 1852 5 1104 2 
1049 7 1851 5 1873 4 1971 10 
1858 7 2008 4 1048 7 1567 4 
2530 4 1134 4 1739 4 1855 4 
1048 6 1737 6 1854 4 2529 5 
1051 5 1055 3 1975 5 1877 3 
1053 2 1541 3 1034 2 1991 2 
1853 7 1066 8 2325 6 1086 5 
937 3 1976 5 1874 2 2402 3 
2061 3 1861 4 2260 4 1539 4 
1860 4 1864 8 2259 9 1538 4 
1863 7 2258 3 1865 4 1535 5 
2257 9 1862 7 1868 6 1534 7 
809 8 1861 8 1537 7 1865 7 
1536 2 2255 3 1862 4 1864 7 
1867 5 2254 7 1531 6 1869 7 
2253 4 1866 5 1530 3 
1869 5 2252 4 1863 6 1533 5 
2251 5 1868 5 1532 7 1866 7 
1051 9 1871 7 2078 7 1877 7 
1050 3 1870 7 1872 6 2077 4 
1873 5 1049 8 2080 11 1871 6 
1872 5 1104 1 2079 5 1852 4 
2082 4 1665 1 1875 3 1859 2 
1874 3 2081 4 937 4 1876 6 
1055 5 2084 5 1877 5 1875 6 
2083 3 1870 7 1876 5 1856 3 
528 4 101 4 530 5 60 5 
2040 8 2085 3 1104 1 1850 2 
1704 8 222 8 
1882 5 1884 8 1152 8 1525 5 
1881 5 1524 2 1151 1 
1150 5 2075 5 1884 7 1527 5 
1883 7 1526 5 1149 5 1881 8 
1350 2 241 4 1886 4 1888 4 
1349 5 1026 7 242 6 1885 4 
1890 6 1888 7 237 8 691 8 
238 5 1362 4 1887 7 1885 4 
2087 6 1890 5 239 5 1892 5 
1887 6 1889 5 1360 4 1274 3 
233 6 1894 6 2067 4 1892 4 
1457 5 1358 4 1889 5 1891 4 
235 5 1894 7 1357 8 1679 8 
236 7 1893 7 1891 6 1356 4 
1427 4 2228 5 1897 6 
1897 6 1420 5 1899 4 2236 5 
1419 5 1896 6 1895 6 2235 7 
1422 5 2234 5 1899 5 1901 6 
1898 5 1421 3 1896 4 2233 8 
1903 8 1901 8 1424 8 2232 7 
2231 4 1900 8 1423 5 1898 6 
1426 5 2230 5 1903 4 1698 3 
1900 8 1425 4 2229 7 1902 4 
1496 5 1907 4 1243 6 1916 6 
1906 6 1539 6 1523 4 2094 5 
1905 6 1538 4 1522 5 1912 6 
1244 5 1495 3 294 5 1904 4 
1519 4 1533 6 1909 3 1915 6 
1908 3 1518 6 1532 4 1910 5 
1531 7 1909 5 1521 6 1911 6 
1530 3 1520 3 1910 6 
1913 5 1515 5 1537 5 1906 6 
1914 6 1912 5 1536 2 1514 4 
1535 7 1913 6 1915 8 1517 5 
1914 8 1908 6 1516 5 1534 6 
1242 5 1497 6 642 7 1904 6 
1161 4 52 4 1829 4 
1604 3 1921 3 
517 5 524 4 808 3 849 6 
1603 6 1921 5 1923 5 
1602 9 1920 5 1918 3 
1923 4 1608 4 1925 3 
1922 4 1607 5 1920 5 
1927 6 1606 8 1925 7 
1924 7 1605 3 1922 3 
1067 5 1927 2 1601 6 
1924 6 1600 3 1926 2 
1930 5 526 7 808 5 847 5 
314 6 135 11 2515 6 1962 5 
1928 5 1931 2 846 3 525 7 
1930 2 1932 1 520 3 853 3 
1931 1 859 6 852 3 519 4 
2269 4 1934 6 1940 6 2485 5 
2268 4 1933 6 2484 8 1935 8 
1936 5 2487 9 2267 6 1934 8 
1935 5 2486 2 1942 1 2266 4 
2489 4 1938 7 1707 6 2273 7 
1937 7 1939 7 2272 7 2488 7 
2491 5 1940 7 1938 7 2271 8 
2490 5 1939 7 2270 6 1933 6 
300 6 942 3 164 2 302 4 
2493 4 1936 1 2265 1 1943 6 
2264 7 2492 9 1726 12 1942 6 
533 4 53 5 456 4 531 5 
2319 3 1947 5 
1947 6 2317 4 1949 6 2214 7 
1946 6 2316 6 2213 4 1945 5 
2216 3 1044 5 1949 5 2315 5 
2215 8 2314 5 1946 6 1948 5 
1951 6 1957 5 613 9 86 5 
1950 6 85 6 1952 5 612 3 
1953 5 1951 5 88 5 611 4 
1952 5 87 4 610 5 1958 6 
617 4 2140 2 82 5 1955 1 
616 1 81 3 1956 6 1954 1 
84 9 1957 7 615 10 1955 6 
1950 5 1956 7 614 5 83 2 
80 7 609 5 1959 5 1953 6 
2502 7 608 4 79 5 1958 5 
1220 4 1963 6 984 7 1961 7 
2459 6 983 9 1226 10 1960 7 
936 2 315 3 2541 4 1929 5 
2463 4 1960 6 2329 5 985 6 
1542 6 1969 4 2322 5 980 2 
2153 7 158 7 1966 5 
1965 5 157 3 
1070 4 1153 5 1146 7 107 8 
71 8 2324 8 1969 9 982 9 
1964 4 1216 6 1968 9 981 5 
2452 3 1973 4 1971 8 1049 5 
1978 8 2451 7 1970 8 1852 10 
1051 7 1238 5 1975 7 1973 6 
1050 4 1970 4 1237 5 1972 6 
1055 6 1977 9 2448 5 1975 8 
1235 4 1972 7 1856 5 1974 8 
1977 8 1760 4 1859 5 1234 4 
1976 8 1974 9 937 6 1233 5 
1971 8 1851 3 2454 2 1979 5 
1160 7 588 7 1978 5 1850 5 
1683 6 786 2 118 1 1987 6 
806 3 1554 5 1982 5 
545 8 805 7 1556 8 1981 5 
119 6 402 8 268 6 783 7 
1990 6 782 2 1985 3 114 7 
781 5 113 3 1986 8 1984 3 
780 8 116 11 1987 11 1985 8 
1986 11 115 7 1980 6 779 8 
936 5 2261 4 913 7 317 7 
112 5 1990 8 788 5 480 4 
787 9 1984 6 1989 8 111 7 
144 3 309 2 1857 2 1992 5 
1702 6 1053 5 143 7 1991 5 
1996 10 1994 8 1634 5 970 8 
1633 8 1993 8 969 6 2174 6 
1996 8 978 3 1998 7 1630 5 
1993 10 1995 8 977 6 1629 7 
1998 6 976 3 2000 3 1632 2 
1995 7 1631 7 1997 6 975 8 
974 6 1626 6 2002 6 2000 5 
1625 4 973 2 1999 5 1997 3 
1628 2 1776 2 2002 3 972 1 
2001 3 1999 6 1627 6 971 6 
825 4 2013 4 460 3 2004 6 
824 4 2005 7 2003 6 459 6 
2006 8 827 8 458 8 2004 7 
457 7 2005 8 2007 8 826 5 
464 5 821 5 2006 8 1743 7 
140 2 2011 3 1853 4 1086 2 
2010 4 462 5 1743 5 823 3 
2009 4 461 4 822 5 2176 8 
2008 3 139 2 1048 6 1737 6 
1771 2 1759 2 1830 4 
828 4 465 5 2003 4 1765 5 
2348 9 2312 6 2023 4 2015 4 
1806 2 2311 3 2014 4 2347 2 
2017 6 318 6 2315 5 2341 4 
2016 6 2018 7 2314 6 2340 5 
2019 7 2017 7 2317 4 2339 4 
2020 5 2018 7 2316 7 2338 5 
2019 5 2021 4 2319 2 2345 2 
2020 4 2022 3 2318 4 2344 4 
2321 3 2021 3 2343 2 2023 1 
2342 2 2320 4 2014 4 2022 1 
480 5 1812 5 112 6 50 6 
2386 5 2026 9 359 8 2028 5 
2031 9 2385 7 2025 9 1507 6 
2384 6 2036 8 2028 5 357 6 
358 3 1335 5 2027 5 2025 5 
2032 7 2382 8 355 6 2030 6 
2381 2 356 4 2029 6 2212 4 
353 5 2380 9 2026 9 2032 7 
354 5 2379 7 2029 7 2031 7 
2414 4 2034 4 1456 6 
1814 4 1455 5 2033 4 2413 4 
361 4 2375 3 1800 4 2036 5 
2027 8 362 7 2374 7 2035 5 
1571 5 1839 5 2038 7 2482 5 
2045 4 1570 4 2481 5 2037 7 
2042 5 1573 4 2479 5 2040 10 
1879 8 2478 12 1572 11 2039 10 
2042 6 2044 7 1575 8 2477 9 
2039 5 2041 6 2476 4 1574 6 
1577 3 2475 1 2044 4 2046 3 
2474 6 2041 7 2043 4 1576 4 
2473 4 2038 4 1579 1 2046 3 
2472 5 1578 9 2043 3 2045 3 
2540 2 98 4 2048 5 2469 3 
2051 5 97 7 2047 5 2539 8 
2052 5 96 5 2050 6 2536 7 
95 6 2055 8 2535 4 2049 6 
2052 2 2048 5 2538 3 94 3 
2051 2 93 4 2537 3 2049 5 
2056 9 2532 7 92 8 2054 7 
91 2 2531 7 2053 7 2219 5 
2050 8 90 8 2534 9 2056 9 
2053 9 2055 9 89 6 2533 5 
2058 6 2064 6 1385 6 2086 7 
2057 6 2138 5 2085 5 1384 7 
2084 5 2062 6 1375 6 2060 7 
2083 5 1374 8 2065 6 2059 7 
1860 3 2082 5 1377 4 2062 4 
2081 4 2061 4 2059 6 1376 4 
2064 5 1379 4 2066 4 2080 9 
2063 5 2079 7 1378 7 2057 6 
2060 6 2078 4 1381 5 2066 4 
2077 4 2063 4 2065 4 1380 5 
2096 5 1356 2 1358 4 1891 4 
1003 2 2071 3 2069 3 386 4 
2073 2 1508 3 1002 7 2068 3 
2076 4 1001 6 1363 4 2071 3 
2068 3 690 6 2070 3 1000 4 
2074 5 670 4 
2069 2 365 4 2074 5 1005 2 
1004 6 352 8 2073 5 2072 5 
1883 5 2076 4 650 4 1007 4 
2070 4 2075 4 1006 6 644 4 
2066 4 2080 9 1871 4 2078 4 
2065 4 1870 7 2083 3 2077 4 
2064 7 2086 8 2080 11 1873 5 
2079 11 2077 9 1872 11 2063 9 
2062 4 1875 4 2084 3 2082 5 
1874 4 2061 5 2260 6 2081 5 
1877 3 2060 5 2084 3 2078 3 
2083 3 2059 5 1876 5 2081 3 
1879 3 2086 6 2478 7 2058 5 
2079 8 2085 6 2057 7 1104 4 
1889 6 1358 5 1360 5 2098 3 
2089 6 2101 8 1350 5 1385 7 
1349 4 2088 6 1384 6 1336 7 
667 6 2091 5 2093 3 1712 4 
2390 6 2090 5 2202 4 1711 4 
2378 9 675 6 2093 5 1710 8 
1709 4 2217 3 2090 3 2092 5 
1377 4 1357 6 2095 5 1905 5 
1376 5 2094 5 2096 7 1356 4 
2067 5 1375 6 2095 7 2097 6 
1374 7 2098 3 2096 6 1358 5 
2097 3 1381 3 2099 4 2087 3 
1380 7 2098 4 1360 6 2100 5 
2101 5 1379 3 691 5 2099 5 
1362 5 2100 5 2088 8 1378 8 
439 12 2111 10 725 10 2103 9 
2104 7 438 3 724 3 2102 9 
2103 7 727 9 2105 8 437 8 
2106 3 436 9 726 4 2104 8 
2105 3 443 1 729 6 2107 4 
2108 5 442 4 728 6 2106 4 
2109 6 731 4 2107 5 441 8 
730 7 2108 6 440 7 2277 7 
434 3 2222 6 723 2 2111 3 
722 5 2102 10 2110 3 433 5 
2502 8 79 6 2113 5 1628 4 
2501 6 1627 6 2114 6 2112 5 
1626 6 2113 6 2115 10 2504 6 
1625 9 2116 7 2503 11 2114 10 
2117 4 1632 1 2115 7 2498 2 
2116 4 2497 7 1631 6 2118 8 
1630 7 2500 10 2117 8 2119 8 
2499 4 2120 6 1629 5 2118 8 
2121 6 1634 3 2496 5 2119 6 
2120 6 2495 5 2281 7 1633 8 
597 6 48 4 1829 6 1812 4 
759 6 1300 7 469 6 2124 9 
468 10 1299 6 947 11 2123 9 
305 8 763 8 2126 5 425 7 
472 4 304 6 2125 5 758 3 
1775 8 1658 7 2128 7 2428 10 
1774 7 2127 7 77 3 1657 3 
2561 5 915 5 14 8 2335 6 
2480 4 1768 4 1663 4 
2473 7 449 5 2132 5 2141 7 
2472 4 2133 5 448 3 2131 5 
2132 5 447 5 2134 7 2475 4 
2135 5 2474 6 2133 7 446 6 
2136 2 2134 5 453 4 2477 7 
2476 2 2135 2 452 3 2137 5 
2479 7 451 10 2138 7 2136 5 
2478 7 450 3 2058 5 2137 7 
1661 3 1770 3 2480 4 2416 3 
445 5 2141 5 1954 2 2482 3 
2481 5 2140 5 444 8 2131 7 
2143 4 201 1 
2142 4 2144 6 197 7 
2145 6 196 5 2143 6 
2144 6 199 6 2146 6 
198 6 2145 6 
1412 6 2148 6 2154 5 2516 6 
2147 6 2149 5 2297 5 1411 4 
2150 5 2308 7 2148 5 1410 5 
2149 5 1052 5 1409 5 1107 4 
1416 4 2520 8 598 3 2152 3 
155 4 2519 3 2151 3 1415 4 
1965 7 2565 10 156 6 
155 5 2309 2 1413 3 2147 5 
156 7 2156 4 2562 4 
2572 4 2155 4 2157 5 
894 5 2158 6 2575 9 2156 5 
2157 6 2159 3 895 4 2574 3 
888 5 170 9 2158 3 2569 3 
1206 6 1052 7 1417 6 1228 7 
2571 3 170 9 891 4 2162 3 
2333 7 2570 3 892 2 2161 3 
1306 2 2528 5 129 5 2164 2 
1305 2 267 7 2527 5 2163 2 
2393 5 1304 6 2168 4 129 6 
1411 5 234 4 243 6 1327 8 
1414 3 265 3 254 1 1326 3 
1309 4 2523 5 2165 4 145 5 
2526 8 2170 6 2350 5 1308 8 
145 5 2525 7 2169 6 1307 5 
1418 4 2172 3 1322 3 240 2 
2171 3 1321 2 2354 2 1417 3 
1476 5 2295 8 270 6 2174 6 
2294 6 1475 4 1994 6 2173 6 
2176 11 2186 6 1022 8 609 7 
2175 11 608 8 1021 10 2010 8 
1205 5 2381 2 2212 4 2178 5 
279 6 2211 5 1204 7 2177 5 
2180 6 2289 5 1209 5 1482 5 
2179 6 271 6 2288 5 1481 4 
280 6 2182 7 1201 8 2210 6 
2209 9 2181 7 1200 4 2187 5 
2184 5 617 5 2494 4 2376 3 
2183 5 616 4 2483 7 277 6 
611 3 2186 2 1075 5 284 4 
610 3 2175 6 1074 5 2185 2 
1199 8 2204 7 2182 5 2188 5 
2203 3 1198 4 281 8 2187 5 
1817 5 2190 5 399 4 
401 6 1816 5 2189 5 2191 6 
1815 6 400 6 2514 7 2190 6 
2201 5 2193 6 385 4 132 5 
131 6 384 4 2397 7 2192 6 
168 4 2195 7 381 5 128 7 
2196 7 2194 7 127 6 380 5 
868 4 2195 7 383 6 2197 3 
2198 4 125 1 2196 3 382 3 
124 5 2197 4 377 5 2199 8 
123 8 2198 8 2200 6 376 9 
2201 4 379 5 122 4 2199 6 
121 4 2200 4 2192 5 378 6 
1354 5 667 5 2091 4 1688 5 
555 2 2188 3 2204 5 2206 5 
2209 11 2187 7 2203 5 556 7 
2206 7 282 4 553 6 1609 4 
281 10 2205 7 554 6 2203 5 
2210 7 280 7 2208 8 559 6 
279 5 2211 4 2207 8 560 4 
2182 9 2204 11 2210 8 861 8 
2207 7 558 6 2181 6 2209 8 
561 4 2178 5 2212 4 2208 4 
562 7 2211 4 2177 4 2030 4 
2214 5 1947 4 
2215 9 2213 5 126 6 1946 7 
2214 9 1949 8 2216 6 1811 8 
1948 3 2215 6 1800 3 2375 2 
1686 8 667 6 2093 3 675 4 
2348 7 2493 5 2225 5 2219 5 
2347 5 2492 7 2218 5 2054 5 
2491 4 2339 3 2223 5 2221 5 
2338 4 2490 4 2220 5 2226 9 
2110 6 2223 8 2489 6 2341 7 
2340 4 2222 8 2220 5 2488 6 
2227 6 2225 7 2343 5 2487 8 
2224 7 2486 5 2218 5 2342 5 
2485 9 2227 9 2345 7 2221 9 
2226 9 2224 6 2344 4 2484 7 
17 4 1895 5 2235 6 
2230 8 1903 7 2232 6 21 8 
2426 6 1902 5 20 6 2229 8 
2234 3 1901 4 23 3 2232 3 
22 3 2231 3 2229 6 1900 7 
1718 8 2236 9 2234 8 1899 8 
2231 3 1706 5 1898 5 2233 8 
27 4 2228 6 2236 6 1897 7 
1896 5 26 4 2235 6 2233 9 
474 7 2238 5 1635 6 1196 6 
790 5 2237 5 435 5 473 4 
2246 7 776 11 2240 9 2393 10 
775 5 2239 9 2388 4 2241 5 
2242 3 2528 7 778 6 2240 5 
2241 3 777 3 2527 4 2248 2 
2526 9 2449 7 2244 8 772 8 
771 5 2243 8 2525 8 2245 7 
2246 4 774 7 2524 6 2244 7 
2239 7 2523 3 2245 4 773 4 
2250 2 432 5 455 3 1046 1 
769 5 2249 5 2518 6 2242 2 
230 5 2248 5 768 8 2517 5 
2256 2 2247 2 431 3 1654 6 
2254 5 1869 5 1662 4 2252 4 
1868 4 2257 7 1661 4 2251 4 
1867 4 2254 6 
2251 5 1663 6 2253 6 1866 7 
809 4 1658 3 2258 2 1865 3 
2250 2 477 3 1664 1 1529 4 
1863 9 2258 5 1660 6 2252 7 
2257 5 2255 2 1659 4 1862 3 
2260 9 809 9 1861 9 1666 10 
2259 9 2082 6 1665 3 1860 4 
1757 2 1988 4 2330 5 1505 5 
1441 6 2263 5 
256 5 2262 5 1440 7 
1943 7 2265 2 2465 3 411 5 
2264 2 412 3 1942 1 2266 4 
2267 5 407 4 1936 4 2265 4 
408 7 2266 5 2268 2 1935 6 
1934 4 2267 2 409 5 2269 2 
1933 4 410 2 2270 4 2268 2 
403 5 1940 6 2271 7 2269 4 
404 8 2270 7 2272 8 1939 8 
405 8 1938 7 2273 7 2271 8 
406 8 1390 8 1937 7 2272 7 
276 5 2275 3 550 4 
2274 3 275 7 2276 4 549 7 
2277 5 2275 4 552 3 274 3 
273 4 2276 5 2109 7 551 5 
2301 7 2285 8 1478 6 2279 7 
2300 5 1477 7 2280 6 2278 7 
2281 6 2279 6 2303 6 1476 4 
2302 7 2280 6 1475 5 2121 7 
2305 7 2283 4 2287 6 1482 6 
2304 3 2282 4 1481 1 2284 1 
2307 5 1480 5 2285 5 2283 1 
2278 8 2284 5 1479 8 2306 6 
1484 5 2299 2 2287 3 
2298 5 2282 6 2286 3 1483 6 
1242 3 2180 5 2291 5 2289 4 
2179 5 1241 5 802 4 2288 4 
272 6 1244 6 2293 7 2291 6 
2288 5 271 6 1243 7 2290 6 
270 9 1246 9 2293 11 2295 11 
1245 9 269 8 2292 11 2290 7 
2295 8 2174 6 1248 5 969 6 
2294 8 2292 11 2173 8 1247 8 
342 5 696 7 641 3 935 6 
2516 5 2148 5 2308 7 67 3 
2287 5 1018 4 2299 4 2305 6 
1017 5 2298 4 2286 2 
2279 5 2303 5 2301 5 1016 3 
2306 5 2278 7 2300 5 1015 7 
2281 7 2495 5 1014 5 2303 7 
2300 5 2280 6 2302 7 1013 6 
2283 3 1012 4 2305 6 2307 7 
2282 7 1011 5 2304 6 2298 6 
2301 5 2307 6 1010 6 2285 6 
2306 6 1009 7 2284 5 2304 7 
2149 7 1107 6 70 10 2297 7 
2310 2 2154 2 65 2 2516 3 
2519 4 2309 2 155 5 66 3 
2312 5 2015 3 2511 4 
2320 6 2311 5 2014 6 
1053 2 1541 3 1549 3 1543 2 
2317 3 1949 5 2315 5 2017 6 
2016 5 2314 5 1365 4 1948 5 
2317 4 1947 6 2019 7 2319 4 
2316 4 2314 3 1946 4 2018 4 
2321 4 2319 2 2021 4 
1945 3 2020 2 2316 4 2318 2 
2312 6 2321 6 2023 4 
2320 6 2022 3 2318 4 
789 7 1293 8 1964 5 1216 7 
542 4 506 7 1668 3 1700 7 
1216 5 1968 8 1228 5 1206 4 
1543 2 1547 7 1858 6 1567 3 
1403 6 1236 4 2471 3 2327 4 
1134 4 1404 6 2530 4 2326 4 
2463 4 1293 6 1701 5 2329 5 
1220 3 1963 5 2328 5 1214 6 
2337 9 2331 7 2261 5 1399 7 
2330 7 1505 7 1400 8 1232 6 
2459 3 889 6 1226 7 2333 6 
2162 7 869 7 2332 6 2460 7 
740 6 2561 6 2335 7 1395 5 
1396 7 2336 5 2334 7 2129 6 
2335 5 2337 6 14 7 1393 6 
2330 9 2336 6 1394 8 1757 6 
2221 4 2339 2 2345 2 2019 5 
2340 2 2220 3 2338 2 2018 4 
2339 2 2341 3 2223 4 2017 5 
2340 3 2016 4 2222 7 723 3 
2023 2 2225 5 2343 3 2348 7 
2344 3 2342 3 2224 5 2022 2 
2345 2 2343 3 2227 4 2021 4 
2344 2 2226 7 2020 2 2338 2 
510 4 360 3 2349 2 538 6 
2219 5 2348 7 2531 7 2015 2 
2218 7 2014 9 2342 7 2347 7 
537 1 1684 4 2346 2 509 4 
1121 2 2351 2 2169 5 1212 3 
1210 2 2350 2 2359 5 1120 2 
770 7 791 6 1285 7 2400 10 
2354 2 1254 5 511 4 1142 2 
2353 2 2172 2 1141 3 1253 4 
2358 7 2356 5 1123 8 
1280 4 2355 5 1122 4 
2566 3 2360 5 1129 3 2358 6 
2355 7 2560 4 1128 8 2357 6 
1257 8 2351 5 2360 7 1127 8 
1126 4 2357 5 2359 7 12 5 
2368 8 648 7 1649 5 2362 4 
1648 3 647 4 2361 4 2363 9 
1540 11 1647 10 2364 9 2362 9 
1646 5 2370 2 2363 9 649 3 
1653 7 1528 4 308 4 2366 5 
1652 7 643 6 2367 8 2365 5 
1651 7 646 7 2368 10 2366 8 
2361 8 645 8 2367 10 1650 7 
1289 6 2397 6 131 5 2372 4 
2371 4 1656 3 652 4 2364 2 
1655 6 651 4 2370 4 2548 9 
1288 3 2396 5 832 4 2369 4 
2378 5 1716 1 686 3 
2384 5 2036 7 2375 5 1045 9 
2035 3 1044 4 2374 5 2216 2 
2377 4 836 4 2183 3 445 5 
1333 5 2376 4 444 7 835 4 
1715 6 2092 9 2373 5 1361 9 
2032 7 2382 8 1037 6 2380 9 
2031 9 2385 7 1145 7 2379 9 
2030 2 1039 4 2382 4 2177 2 
1038 5 2379 8 2381 4 2029 8 
451 8 1336 8 841 6 1338 5 
2374 5 2027 6 1335 6 1040 2 
2386 3 2026 7 2380 7 1159 3 
2385 3 1335 5 1042 5 2025 5 
424 4 1512 7 1217 5 1219 4 
2393 5 129 6 2528 6 2240 4 
431 5 1223 7 1826 6 1225 6 
1390 8 2091 6 1354 7 1708 9 
222 7 2392 3 
221 3 2391 3 2398 2 
2165 5 2388 5 2523 6 2239 10 
214 5 850 5 2395 4 2401 3 
2396 5 2394 4 832 4 213 5 
216 7 2372 5 2395 5 2397 7 
2193 7 2369 6 2396 7 215 5 
2399 3 218 4 2392 2 
2400 7 2398 3 791 3 217 3 
2399 7 2352 10 2401 6 220 8 
2394 3 219 5 770 3 2400 6 
1665 2 1760 2 77 3 1859 3 
2404 6 562 6 2426 4 20 4 
2403 6 2409 9 2425 5 561 7 
2406 3 195 4 1106 6 1818 5 
2405 3 194 3 1105 5 
2424 5 2408 4 554 4 1545 5 
2407 4 2423 2 553 5 388 5 
2418 5 560 6 2404 9 2410 7 
2417 4 559 3 2411 5 2409 7 
558 7 2412 4 2420 5 2410 5 
2411 4 2419 4 861 3 1544 4 
36 2 1031 2 2034 4 2414 4 
2415 4 2033 4 1032 6 2413 4 
2414 4 1033 6 
1773 6 2428 6 2139 3 1660 3 
2418 2 2420 4 2410 4 1697 4 
2417 2 2409 5 2425 1 1696 4 
2422 4 2420 5 1695 8 2412 4 
2419 5 2417 4 2411 5 1694 5 
1545 5 2422 4 2424 5 1693 4 
2419 4 1692 2 2421 4 1544 4 
1691 2 2408 2 2424 3 1102 3 
2407 5 2423 3 2421 5 1690 4 
2418 1 1699 6 2426 3 2404 5 
1698 4 2230 6 2403 4 2425 3 
534 5 666 4 931 5 899 4 
1659 8 1772 9 2416 6 2127 10 
2430 2 833 3 169 3 2434 5 
2429 2 168 2 834 4 381 3 
2432 5 1211 7 165 7 2438 5 
2431 5 2433 5 164 4 843 7 
2432 5 167 9 2434 6 844 4 
166 4 2433 6 845 7 2429 5 
2436 7 38 6 2563 8 161 4 
2435 7 2437 5 160 6 2567 10 
2436 5 2438 3 2573 3 163 2 
1 4 162 4 2437 3 2431 5 
2440 3 1007 4 
2439 3 2441 4 1006 5 
2440 4 1001 7 2442 7 
1000 7 2443 7 2441 7 
2442 7 2444 5 1003 3 
2443 5 1002 8 
287 4 705 4 1124 4 760 8 
2450 7 2447 4 1257 6 
2446 4 12 4 
1233 1 1974 5 1235 1 733 2 
2450 7 1212 4 2243 7 573 5 
2446 7 2449 7 572 5 1210 6 
2452 2 1971 7 2454 1 736 3 
1970 3 2451 2 737 6 1237 4 
905 5 2456 5 
741 4 1160 4 2451 1 1978 2 
907 3 2456 5 999 4 
906 5 2455 5 2453 5 
2458 6 2464 1 582 2 1728 3 
1727 7 64 8 583 9 2457 6 
1961 6 987 4 2332 3 2460 4 
892 2 2333 7 2459 4 
578 6 1722 4 2468 5 2462 4 
579 5 78 5 2461 4 1721 2 
1963 4 2328 4 986 7 1542 7 
1719 1 581 1 2457 1 78 4 
574 3 1726 8 2466 7 2264 3 
575 8 2465 7 2467 7 1725 7 
2468 4 576 6 2466 7 1724 2 
1723 5 2467 4 2461 5 577 5 
911 4 2470 6 1779 4 2047 3 
910 6 1778 6 2469 6 988 4 
2515 3 135 8 1134 3 2326 3 
2132 4 2473 6 2046 5 2475 3 
2131 7 2481 5 2045 4 2472 6 
2044 6 2477 8 2475 3 2134 6 
2474 3 2043 1 2472 3 2133 4 
2136 2 2479 4 2042 4 2477 7 
2474 8 2135 7 2476 7 2041 9 
2138 7 2479 7 2085 7 2040 12 
2478 7 2476 4 2137 7 2039 5 
619 5 2130 4 2139 4 1662 5 
2473 5 2141 5 2038 5 2482 3 
2481 3 82 6 2037 5 2140 3 
2494 6 1088 5 2184 7 2567 9 
1934 8 2487 9 2227 7 2485 7 
2226 9 2490 4 1933 5 2484 7 
2487 6 2225 5 1936 2 2493 5 
2486 6 1935 9 2484 9 2224 8 
2489 4 2491 5 2223 6 1938 7 
1937 4 2488 4 2222 6 434 3 
2485 4 1940 5 2221 4 2491 3 
2220 4 1939 5 2488 5 2490 3 
2219 7 1943 9 91 4 2493 7 
1942 4 2218 5 2486 5 2492 7 
2483 6 836 5 2183 4 2563 8 
2302 5 829 5 2496 4 2121 5 
2120 5 2495 4 828 5 2499 3 
2500 9 2117 7 2498 5 827 8 
2497 5 2116 2 826 2 2503 6 
825 2 2500 6 2119 4 2496 3 
2497 9 2118 10 2499 6 824 6 
823 5 2504 6 2113 6 2502 9 
1959 7 2501 9 2112 8 822 8 
2504 7 2115 11 2498 6 821 6 
2501 6 2503 7 820 5 2114 6 
2506 7 1734 7 2508 7 1808 6 
2505 7 1807 3 1733 5 2513 4 
2508 4 1732 5 2510 6 1810 9 
2507 4 1731 4 1809 5 2505 7 
2512 5 1804 6 2510 7 1730 7 
1729 5 1803 5 2509 7 2507 6 
2512 3 2311 4 1806 3 
2509 5 2511 3 1805 4 
2514 6 1736 7 1802 4 2506 4 
1801 4 2513 6 2191 7 1735 6 
2541 5 2471 3 1236 4 1929 6 
2297 5 2309 3 2147 6 68 6 
119 2 2518 6 268 2 2249 5 
2248 6 2517 6 267 10 2527 8 
2520 8 2310 4 63 3 2152 3 
583 9 2519 8 2151 8 64 8 
1035 5 1557 9 830 4 2522 5 
1541 4 1558 6 1034 3 2521 5 
2393 6 2246 3 2168 5 2524 5 
2525 7 145 5 2245 6 2523 5 
2526 9 2524 7 2170 7 2244 8 
2525 9 2243 9 1212 6 2169 8 
2242 4 2518 8 2164 5 2528 8 
2163 5 2241 7 2388 6 2527 8 
1550 8 2530 5 2549 4 1855 5 
1551 4 1854 4 2529 5 2327 4 
2532 7 2054 7 1806 7 2347 7 
1805 4 2531 7 2053 7 2533 3 
2534 5 2532 3 1804 4 2056 5 
2535 5 2533 5 2055 9 1803 5 
2534 5 1810 8 2050 4 2536 5 
2537 5 2535 5 1809 7 2049 7 
1808 2 2538 4 2052 3 2536 5 
2537 4 2051 3 2539 6 1807 4 
2540 5 2538 6 1802 5 2048 8 
2539 5 2047 2 1801 2 1779 3 
1505 8 2515 5 1962 4 1232 7 
481 3 2543 7 1497 5 
1496 7 2542 7 2544 8 483 8 
2543 8 1495 5 482 4 2545 7 
485 6 2546 7 2544 7 1502 6 
1501 6 2545 7 2547 8 484 5 
2546 8 2548 10 1500 6 487 5 
486 9 1499 9 2371 9 2547 10 
1048 5 1553 1 1567 2 2529 4 
1230 5 688 4 2551 4 
687 4 2550 4 2552 7 
2553 7 875 7 681 8 2551 7 
874 6 680 6 2552 7 2554 5 
2555 5 877 3 2553 5 679 6 
2554 5 876 4 2556 6 678 5 
685 7 2555 6 2557 5 871 4 
684 3 2558 4 2556 5 870 4 
683 6 2557 4 2559 3 873 5 
682 4 2558 3 147 4 872 2 
2566 1 2358 4 
2129 5 2334 6 693 7 914 4 
2572 4 2564 1 1749 5 2155 4 
1019 7 2567 11 2435 8 2494 8 
156 4 1746 3 2562 1 2565 8 
2153 10 158 10 1745 8 2564 8 
2357 3 2560 1 12 3 
2563 11 2573 8 2483 9 2436 10 
566 5 2569 2 2571 2 170 8 
2574 3 1753 5 2568 2 2159 3 
869 3 2162 3 1752 5 2571 3 
1751 5 2161 3 2568 2 2570 3 
1750 9 2562 4 2156 4 2575 8 
1 4 2567 8 1088 4 2437 3 
2569 3 2575 6 563 3 2158 3 
2574 6 1747 9 2572 8 2157 9 
