36
40
36
36
40
40
40
40
36
36
45
45
19
19
14
14
14
14
19
19
14
14
10
10
10
10
10
22
22
10
22
22
36
44
23
11
11
20
9
9
9
34
9
9
9
9
43
45
43
43
45
45
45
45
20
49
45
24
24
20
26
26
26
26
27
27
27
27
49
32
27
27
49
49
49
49
42
42
42
42
42
42
17
17
42
17
16
16
16
16
1
1
1
1
43
1
1
1
4
1
5
29
29
33
33
33
33
29
29
29
29
10
10
10
10
24
42
42
42
42
42
42
42
5
42
42
29
30
29
29
26
26
25
26
47
30
30
35
35
35
35
35
35
35
35
35
35
47
14
14
14
14
12
12
14
14
29
29
12
12
25
26
26
26
42
42
42
42
38
38
38
38
42
42
12
12
14
14
12
12
13
13
13
13
7
35
36
35
20
20
20
20
20
20
20
20
20
9
9
9
9
34
9
9
9
9
11
20
20
20
20
20
20
20
20
20
20
19
19
14
19
14
14
14
14
19
19
14
14
14
14
14
14
19
19
19
19
47
48
46
46
45
45
45
45
38
38
42
42
48
48
37
37
37
36
39
39
39
39
44
44
36
36
28
48
25
25
25
47
47
48
48
43
43
43
43
25
26
41
35
30
30
27
30
37
30
43
40
36
36
16
5
5
5
42
5
37
5
5
5
12
12
19
19
19
19
38
38
44
12
44
44
44
44
44
44
38
44
12
44
15
12
12
7
7
7
7
6
6
6
6
6
6
45
12
44
2
5
5
5
5
13
44
3
11
11
44
11
11
11
11
3
3
33
13
33
38
13
38
44
39
39
12
12
31
45
31
45
45
13
19
19
19
19
19
19
19
19
25
25
48
48
48
48
25
25
25
48
36
36
37
37
37
37
37
37
42
42
17
17
17
17
16
16
16
16
17
17
7
32
43
18
32
32
18
3
3
3
3
11
11
11
11
11
11
43
43
43
8
13
43
43
43
18
49
49
18
0
2
2
2
0
0
0
0
8
2
17
17
8
35
35
35
35
35
35
17
35
35
30
30
30
30
30
30
12
12
14
14
12
12
14
14
14
14
38
38
38
38
42
42
39
39
39
39
48
48
45
43
45
45
44
45
48
48
4
1
1
1
1
1
1
1
1
1
4
4
29
29
36
29
26
22
34
26
25
17
17
17
17
16
16
17
39
17
17
46
46
46
46
46
47
46
46
47
47
43
30
30
26
26
26
30
26
26
26
26
35
35
35
35
35
35
35
35
8
35
17
27
17
44
4
4
4
5
4
4
4
4
13
16
8
8
8
8
4
8
8
8
11
8
13
13
49
49
49
49
32
49
32
32
32
32
10
0
8
8
8
8
8
8
8
8
8
11
4
4
4
4
26
25
4
5
25
47
25
25
47
47
47
47
3
16
16
19
3
5
5
5
5
5
5
5
5
23
23
18
23
18
18
18
18
18
18
4
4
4
4
4
4
13
13
13
13
22
21
22
22
23
24
21
21
24
24
7
22
22
22
24
24
23
23
23
23
23
23
23
24
23
24
24
24
24
23
23
23
16
18
18
18
18
23
23
7
18
18
18
18
18
18
18
18
18
18
18
18
18
18
25
25
25
48
47
47
47
47
26
25
1
2
2
2
0
0
1
1
4
4
47
47
46
47
46
46
46
46
46
46
30
30
30
30
30
30
25
25
48
24
22
13
10
10
10
10
22
22
12
12
12
10
22
10
10
31
31
31
31
28
39
28
28
15
39
10
39
39
31
31
31
31
31
31
33
31
33
33
39
39
38
38
39
39
38
38
11
11
11
11
3
3
3
11
10
47
3
3
47
2
11
11
19
9
9
8
9
8
9
8
8
19
27
27
27
27
27
27
26
27
26
26
46
19
26
19
19
34
8
43
23
23
20
23
23
20
24
20
20
24
23
23
8
23
24
23
23
24
24
24
24
36
29
29
16
17
17
29
29
22
49
49
49
49
32
32
32
49
32
32
22
27
27
26
26
26
26
27
27
27
27
38
38
39
39
38
38
38
38
4
39
39
6
6
6
7
7
7
7
7
0
6
32
47
47
47
47
40
13
13
3
27
3
13
13
3
3
13
13
3
3
3
3
3
3
17
28
28
28
28
29
28
29
29
28
28
14
14
21
21
21
21
14
14
21
21
24
24
21
21
24
24
21
21
21
21
3
3
13
13
11
11
3
11
11
11
11
11
21
21
21
21
21
21
21
14
14
14
0
15
0
48
47
48
48
25
48
25
25
26
25
2
40
41
41
41
41
41
43
41
41
41
15
15
0
22
2
12
12
41
15
16
12
12
12
40
42
15
15
33
33
33
33
31
31
29
29
29
29
38
38
27
27
27
27
27
19
3
15
15
15
15
15
15
15
15
16
16
47
47
38
46
46
46
46
46
46
47
46
33
33
9
40
32
32
32
40
40
40
40
39
39
40
19
19
36
36
34
40
40
40
34
40
36
36
13
36
36
4
34
46
46
46
4
46
34
46
46
8
34
47
47
4
45
45
45
44
48
43
43
45
48
4
33
6
26
26
26
26
27
27
26
27
27
27
12
40
12
12
32
13
12
13
32
32
15
15
6
15
15
40
40
40
40
40
40
36
36
43
44
44
44
15
15
16
16
16
16
9
9
15
15
7
35
35
36
35
35
35
10
24
15
15
2
2
0
0
0
0
2
2
0
2
47
34
34
34
34
34
34
34
33
33
33
0
0
0
0
2
2
2
2
2
2
8
8
6
6
7
6
7
7
7
7
6
0
41
36
41
27
12
42
41
34
34
36
36
34
3
34
34
34
34
30
29
5
5
44
44
44
44
44
33
33
10
16
27
16
8
45
45
45
31
31
31
31
33
33
33
33
30
30
30
30
34
34
30
30
27
42
42
10
10
10
10
22
22
22
22
22
22
0
47
21
42
42
47
0
43
49
15
15
45
45
43
43
43
43
45
43
21
21
25
24
10
10
10
10
22
22
22
10
15
15
15
15
15
15
12
15
16
16
25
36
36
37
37
37
37
39
39
37
37
47
40
40
15
15
40
38
38
38
38
16
16
16
16
15
15
15
15
34
34
0
6
6
6
6
6
7
7
7
7
17
17
49
49
30
30
30
30
30
30
30
30
27
30
27
27
27
27
27
30
26
26
34
27
17
41
30
7
7
7
7
6
6
6
7
41
0
0
43
43
34
4
2
34
1
1
1
1
1
1
2
2
48
25
25
25
48
48
48
48
25
25
29
29
29
29
29
29
33
33
33
33
47
47
45
45
46
46
46
46
47
47
7
36
36
16
12
16
16
17
17
17
12
20
43
17
17
14
16
29
29
14
28
28
28
28
28
14
13
13
41
13
24
41
46
46
46
46
21
21
10
22
22
22
10
10
10
10
1
1
1
1
1
1
1
1
4
4
4
17
17
17
17
17
17
16
16
16
16
4
29
29
28
29
28
28
28
28
28
28
34
5
5
5
5
5
5
2
5
25
26
16
16
41
41
41
41
41
41
41
41
40
41
32
15
15
31
40
37
37
42
42
42
42
42
42
45
44
45
45
45
45
48
48
48
48
37
37
37
25
33
49
49
49
49
32
32
49
32
5
2
5
5
5
5
5
36
36
36
37
37
37
37
39
39
39
40
7
7
7
7
6
6
7
6
0
0
6
42
0
28
28
28
28
29
29
29
28
28
21
10
3
9
9
9
9
9
9
9
34
7
7
7
7
6
8
8
8
6
6
18
14
11
43
43
43
43
43
43
43
43
43
49
43
0
0
0
0
2
2
2
2
2
2
22
22
22
22
22
22
10
10
10
10
43
18
9
9
9
9
9
9
9
9
34
9
23
44
24
24
44
4
34
23
23
44
6
0
6
6
6
4
31
44
44
44
44
44
44
44
31
7
40
16
16
13
13
33
4
4
4
4
17
6
38
38
38
38
39
39
38
38
39
39
19
19
2
19
2
2
0
0
0
19
2
2
31
44
12
15
29
23
28
15
15
15
15
8
1
4
1
1
11
1
1
1
1
1
41
20
20
41
41
41
41
41
41
41
41
39
39
39
39
37
39
37
37
20
20
20
20
20
18
20
20
20
20
43
26
24
23
23
20
16
16
24
24
4
20
5
5
4
4
4
20
6
7
6
6
42
7
7
7
42
42
42
42
0
41
41
41
7
6
24
24
24
24
23
6
24
23
6
7
7
27
27
7
7
26
26
20
26
27
27
20
20
16
16
16
16
17
17
17
17
17
17
6
0
16
16
32
4
4
4
4
5
5
5
5
11
10
10
11
22
10
22
22
21
21
5
5
5
5
5
5
5
5
16
39
39
39
27
27
26
26
27
27
26
26
26
26
2
2
2
2
2
0
0
0
0
0
22
10
22
22
10
10
10
10
22
22
13
13
3
3
3
3
3
3
13
13
48
31
31
31
31
33
33
33
31
24
22
22
22
31
31
23
24
23
23
28
44
44
44
44
24
22
44
44
23
24
23
23
40
6
29
12
12
13
13
13
13
14
14
12
12
17
17
11
11
11
11
22
21
11
11
21
21
44
44
44
44
44
36
30
30
28
28
30
30
30
30
36
12
12
12
46
11
11
40
8
8
8
8
8
8
8
8
41
40
23
23
23
18
18
18
18
18
18
18
38
38
34
34
33
11
31
31
31
31
33
33
34
34
34
34
34
34
40
12
40
18
40
8
11
8
13
23
18
8
8
18
32
27
30
30
30
32
25
26
47
47
47
47
25
25
47
25
2
2
2
2
0
0
0
0
2
2
30
27
30
30
23
19
19
19
19
19
19
19
19
19
18
18
18
19
18
18
39
39
38
38
38
19
19
15
15
25
25
13
12
13
25
12
48
48
48
29
29
33
33
33
33
29
29
29
29
31
31
31
31
28
28
28
28
46
46
28
10
46
46
46
46
20
20
20
19
20
20
20
20
35
35
35
34
20
35
35
35
37
38
32
36
32
49
49
49
49
36
32
32
44
45
45
45
45
43
43
43
48
49
12
39
4
4
2
2
1
1
1
1
1
1
37
37
37
37
37
37
28
9
17
9
9
9
34
9
9
9
9
34
48
48
45
45
48
48
44
45
45
45
28
24
35
35
35
35
35
35
35
35
35
35
3
3
13
13
3
3
34
3
31
31
31
31
13
13
33
33
39
39
38
38
38
38
38
38
39
39
33
33
32
32
32
32
49
32
49
49
49
49
48
34
36
36
34
34
3
34
3
3
3
1
1
1
1
11
21
21
24
24
22
22
21
22
47
46
46
46
24
24
12
12
13
13
21
21
21
3
3
3
13
13
14
14
21
21
21
21
21
21
14
21
31
31
31
31
28
28
28
28
28
28
23
23
47
47
47
3
21
21
21
14
14
21
0
11
11
11
14
11
11
11
3
46
46
45
45
47
47
46
46
23
48
47
23
32
32
2
49
49
49
49
49
32
32
32
45
45
31
45
31
31
31
33
25
33
18
24
18
18
18
18
36
36
36
37
37
37
37
40
40
40
8
8
41
40
8
6
8
8
43
43
43
43
41
41
43
41
24
38
33
32
32
49
32
32
49
49
49
49
28
7
28
7
6
29
29
6
6
6
28
28
10
10
6
25
25
12
9
48
48
48
48
25
9
25
25
9
17
29
15
9
25
25
25
32
32
49
49
49
48
48
48
36
37
37
42
42
37
34
37
37
36
36
40
40
40
40
32
40
32
32
33
32
36
36
39
37
39
39
37
36
37
37
26
41
40
41
41
41
41
41
41
41
41
