49
49
48
48
47
49
49
49
47
47
12
12
12
12
12
12
17
17
17
17
12
10
10
8
11
8
8
10
10
11
11
11
11
10
10
8
8
11
11
10
10
39
39
39
39
39
39
39
4
5
4
4
4
4
36
36
40
36
34
34
5
5
3
3
3
3
5
5
5
5
24
24
24
24
24
24
24
24
24
24
35
35
35
35
35
35
35
33
35
28
42
8
8
8
8
22
15
7
7
15
15
15
15
15
14
15
15
25
25
25
25
30
30
30
25
30
30
29
25
29
29
39
43
47
45
45
48
48
43
43
49
43
30
30
23
26
26
26
26
30
22
30
30
23
22
2
2
22
38
38
38
38
38
38
39
39
22
33
33
37
40
39
36
40
40
40
40
3
39
39
4
4
4
4
42
42
42
42
42
42
34
34
18
18
18
18
18
18
21
21
21
21
48
48
0
0
0
0
1
0
48
48
36
36
40
40
17
17
12
12
12
12
12
17
17
48
48
0
0
48
48
0
0
0
0
39
26
41
41
40
40
40
40
39
39
31
31
31
31
43
43
31
31
31
31
16
16
16
21
16
18
1
18
18
33
33
39
33
39
39
39
39
39
39
44
25
44
44
44
44
44
44
25
25
25
16
16
16
16
16
16
17
16
16
16
18
0
0
0
0
33
33
48
48
42
42
33
33
47
47
31
47
46
46
29
29
30
30
29
29
5
5
3
3
3
3
5
5
5
5
5
5
5
5
3
3
3
3
4
5
29
29
29
29
30
30
29
30
21
30
30
25
25
25
25
36
31
36
36
36
36
40
4
40
7
1
1
44
7
7
2
8
2
2
1
2
14
14
14
14
13
14
13
13
13
11
40
40
11
4
4
4
4
40
40
4
4
26
10
11
43
33
43
45
45
45
45
45
11
43
43
31
36
36
36
36
36
36
36
36
29
44
41
28
41
41
41
41
39
41
39
25
25
25
25
25
28
28
20
1
7
2
2
2
2
2
2
1
3
3
3
3
3
3
3
3
1
1
8
8
2
2
2
2
1
2
2
2
1
1
34
45
43
43
42
42
42
4
42
42
4
4
4
4
24
24
26
26
26
24
24
24
30
30
46
38
38
38
38
46
46
32
32
32
28
14
2
14
28
33
30
28
30
34
34
28
25
25
27
27
44
28
44
44
44
44
24
24
24
35
8
32
6
32
32
32
32
26
8
8
30
24
24
37
37
37
37
37
33
5
5
5
5
5
5
3
5
5
21
18
18
18
18
18
18
18
38
38
37
16
16
16
16
17
16
16
16
41
16
24
29
34
34
28
28
34
34
28
28
28
28
47
45
45
9
9
10
9
9
45
9
9
44
35
32
32
48
35
35
35
35
0
0
0
1
48
48
0
0
42
42
42
42
4
4
4
4
42
42
46
32
46
46
46
46
46
46
32
32
37
37
37
37
37
37
7
2
7
7
7
7
27
27
27
23
23
23
27
27
27
27
49
41
41
41
46
49
6
6
6
6
12
6
12
12
12
12
8
8
24
24
24
24
23
23
23
23
23
23
13
13
13
14
14
14
14
14
14
8
6
40
40
40
35
37
37
37
37
37
8
8
8
29
8
37
37
37
37
40
40
40
40
1
1
2
2
2
2
2
2
2
1
25
25
25
25
29
7
25
20
20
20
20
20
20
20
23
23
23
23
22
24
24
24
23
23
8
8
7
7
7
8
34
8
8
7
7
7
7
7
7
7
28
28
10
10
11
25
10
10
6
6
28
11
37
37
37
37
37
38
38
47
47
47
47
41
49
41
38
41
48
15
22
15
15
15
15
14
17
17
15
46
46
48
48
49
49
49
49
46
49
37
14
14
23
23
23
13
14
14
13
13
13
13
42
42
42
42
1
1
1
1
36
36
36
31
36
36
42
42
26
21
21
21
16
21
17
16
16
18
19
16
16
18
18
18
18
21
21
21
21
49
49
49
46
48
48
49
49
6
6
6
6
6
6
6
6
46
46
42
42
0
1
1
1
42
42
42
0
33
5
5
33
5
5
5
5
5
5
12
12
12
17
12
12
12
12
17
17
22
19
19
20
3
19
19
19
19
13
43
43
44
44
44
44
43
44
44
44
40
40
40
40
37
37
37
37
37
37
47
47
47
47
33
33
33
46
38
38
38
38
38
38
38
38
27
25
44
27
44
44
27
27
27
27
23
23
23
22
22
22
22
22
22
22
7
7
7
7
7
7
7
28
28
30
28
34
34
28
28
22
15
34
34
30
18
30
29
29
29
29
28
29
28
28
28
15
15
15
14
21
34
15
15
21
34
47
47
48
48
49
49
49
49
47
47
21
32
32
32
46
46
46
46
46
21
21
1
1
13
13
14
14
13
14
3
3
3
3
3
3
1
1
3
26
26
2
35
35
35
35
33
33
35
35
35
34
46
46
20
20
20
20
20
20
41
20
29
40
40
40
40
4
4
4
4
4
4
10
10
11
11
10
10
6
6
11
11
6
6
24
24
24
24
6
24
24
6
10
24
13
13
4
4
4
4
5
4
14
14
31
40
40
48
48
0
0
48
48
1
0
0
0
35
35
35
35
33
33
35
35
35
30
30
30
30
30
30
25
25
25
25
19
19
23
23
27
27
19
27
27
26
32
32
32
32
32
32
32
17
17
18
17
17
15
16
15
19
15
39
12
12
21
21
34
34
34
34
14
15
15
15
15
21
29
29
29
29
26
26
26
26
29
29
32
32
46
46
46
26
32
46
46
46
2
2
2
2
2
1
2
2
27
1
1
7
13
13
29
29
19
19
19
19
20
20
19
19
20
20
45
45
45
45
45
43
43
43
43
43
45
45
46
46
38
38
46
46
32
46
32
32
40
40
40
40
41
39
41
41
39
39
45
45
45
45
9
9
9
9
9
9
10
45
44
43
18
18
26
44
20
18
18
15
48
32
32
17
17
11
11
11
11
16
11
10
16
34
34
46
1
1
1
28
2
2
2
2
2
2
30
26
30
30
26
26
26
26
41
41
41
41
29
49
49
38
41
19
18
46
21
21
21
21
18
18
18
21
9
9
9
45
10
9
9
9
45
45
36
21
36
26
27
19
19
19
19
19
19
27
27
34
34
36
36
28
36
28
28
6
6
36
34
34
20
20
1
1
2
1
2
2
2
2
2
2
0
0
48
48
0
0
0
0
48
48
13
13
10
7
7
7
7
7
7
7
18
18
18
8
21
21
21
21
14
18
19
14
31
31
43
43
31
31
31
7
31
31
3
12
7
7
8
7
7
32
32
32
19
19
27
27
19
19
19
19
39
39
39
39
39
39
39
25
19
19
19
19
20
20
20
44
20
20
43
43
20
31
47
47
47
47
46
33
46
46
6
33
33
32
32
38
38
38
38
32
32
38
38
14
14
13
13
14
14
14
14
14
10
9
9
9
9
9
20
20
20
20
19
19
19
19
19
19
10
10
11
11
11
11
8
8
10
10
8
22
8
8
6
22
6
22
23
23
8
8
1
34
34
13
35
33
35
35
35
35
35
35
35
0
0
0
0
0
0
48
48
48
48
21
21
15
15
21
15
17
17
21
40
18
18
18
18
12
12
12
12
12
12
17
12
10
10
11
11
11
11
8
8
46
10
10
46
29
29
29
29
29
29
26
26
26
26
49
46
49
31
31
31
49
43
43
31
31
49
31
31
49
41
47
2
49
49
47
47
48
48
49
49
47
47
1
1
3
1
3
3
3
3
3
3
12
48
48
10
0
0
0
0
0
48
48
29
29
30
29
29
26
26
26
6
29
29
11
29
10
10
15
15
15
15
17
17
17
14
22
15
14
14
13
13
13
13
13
13
44
44
44
43
45
44
29
29
12
12
12
12
17
17
12
12
17
17
23
23
23
23
27
27
27
27
27
27
31
31
32
31
31
43
43
31
31
31
31
23
20
45
20
20
20
20
20
20
9
10
9
9
9
9
45
9
34
15
15
14
15
15
15
15
15
21
21
44
5
21
44
3
21
21
0
44
0
31
35
31
35
35
35
35
35
35
33
33
6
6
6
6
6
6
6
6
6
6
42
42
42
42
42
42
1
1
1
42
36
35
33
35
35
36
36
36
36
9
45
24
24
24
24
24
24
24
24
24
24
12
40
1
1
42
29
42
42
42
42
42
42
37
13
6
10
10
6
11
11
8
8
10
24
11
11
22
8
6
8
7
6
7
8
8
7
24
31
31
25
31
25
6
43
43
22
6
31
6
4
30
30
22
40
26
26
26
26
30
30
26
30
13
13
13
14
28
28
28
28
25
25
25
25
25
43
12
26
26
26
26
30
30
30
26
30
30
14
42
42
43
43
43
45
43
43
45
45
45
45
34
34
13
37
37
37
37
37
4
4
22
22
22
22
22
21
22
22
19
22
6
34
1
1
3
3
3
3
3
3
3
3
34
34
36
28
34
34
28
28
28
28
18
18
21
21
21
21
18
18
18
18
39
39
40
40
40
37
37
37
39
39
16
16
16
16
16
16
17
17
16
16
17
17
12
12
12
44
12
12
17
17
26
30
30
29
26
26
26
26
29
29
33
33
33
33
47
33
47
47
47
47
43
43
45
45
44
45
44
44
43
44
26
27
27
27
27
27
23
23
19
23
21
30
11
11
6
6
11
10
11
11
10
10
15
15
15
15
17
17
17
17
20
15
22
17
17
16
16
16
16
16
16
16
24
40
40
4
4
4
40
5
4
4
4
31
18
31
32
32
32
32
35
18
35
35
33
43
43
31
31
21
21
40
49
49
49
47
48
48
49
49
47
18
18
40
38
38
38
38
32
32
38
38
32
32
43
43
43
43
43
45
45
45
45
45
28
28
23
37
37
37
37
28
28
25
37
27
27
27
19
19
19
19
19
26
27
13
13
13
13
13
14
14
14
14
17
13
13
8
45
34
48
48
49
49
49
49
47
49
47
47
12
33
9
9
45
9
10
10
9
9
45
45
11
11
10
10
8
8
11
11
10
10
25
11
25
22
22
24
24
23
23
23
22
25
23
23
25
11
28
5
5
5
5
5
5
5
5
36
36
31
36
33
33
36
36
38
38
38
38
38
38
38
38
23
23
22
22
22
22
22
22
23
23
47
47
47
47
46
46
33
33
33
33
22
43
31
33
33
33
47
47
47
7
47
7
33
33
41
41
38
41
41
41
41
41
38
38
9
9
10
9
9
9
9
9
45
45
41
41
49
41
25
25
5
5
5
49
25
5
44
44
44
49
48
41
20
34
34
46
30
30
28
28
28
28
34
34
14
13
14
14
13
13
13
13
4
4
4
4
14
14
42
42
17
17
11
11
16
16
16
16
16
16
45
34
34
36
36
36
36
36
36
28
31
23
23
22
22
32
22
22
22
22
22
44
44
44
44
44
44
27
27
25
25
9
9
9
9
9
9
9
10
48
48
49
34
34
34
34
49
27
27
27
27
23
27
23
23
27
27
41
41
41
39
42
41
41
41
3
39
39
37
37
39
39
39
39
39
39
39
38
41
41
41
41
41
41
41
20
20
20
20
20
20
20
20
