2455 4781 001
1124 8 1120 3 158 3 2018 3 
516 7 1537 4 3 6 2435 5 
4 5 1536 6 2 6 2434 5 
2429 7 3 5 1541 5 5 9 
6 12 2428 9 1540 7 4 9 
5 12 2431 9 7 7 1539 8 
2430 2 8 5 1538 4 6 7 
7 5 1545 7 9 6 
1544 4 8 6 10 6 
1543 8 9 6 11 5 
1542 4 10 5 
1124 8 160 2 2012 3 483 5 
640 7 1575 4 676 3 41 5 
16 6 15 5 725 8 
194 1 724 3 14 5 
14 6 722 4 
645 3 47 8 44 4 2160 4 
817 6 1052 2 19 3 2306 2 
1051 4 22 6 816 4 18 3 
820 4 23 6 1046 5 21 3 
1045 3 819 4 26 1 20 3 
1044 8 23 7 19 6 822 4 
22 7 20 6 821 5 1043 6 
25 5 824 8 27 5 1050 6 
24 5 823 4 1049 8 200 2 
21 1 27 2 1048 4 1901 1 
1047 4 26 2 825 2 24 5 
1234 4 623 3 2261 4 2251 4 
2230 4 2321 6 461 4 30 6 
458 8 2229 8 31 6 29 6 
30 6 75 3 2224 5 32 3 
33 5 74 3 31 3 2223 4 
34 6 2222 7 445 4 32 5 
2221 3 443 7 33 6 35 5 
36 3 438 7 2228 5 34 5 
35 3 37 2 70 4 2227 5 
2226 4 73 2 36 2 38 3 
72 3 37 3 2225 3 214 3 
641 3 224 4 2119 3 40 5 
2118 4 41 6 39 5 640 8 
42 4 40 6 13 5 2117 4 
43 3 41 4 2116 5 1575 3 
2123 3 645 2 44 3 42 3 
45 3 43 3 17 4 2122 3 
2121 2 47 7 44 3 46 4 
45 4 1591 4 2120 4 
45 7 1591 7 17 8 2157 7 
2066 4 2068 3 2308 3 755 4 
2451 9 519 8 1762 8 92 6 
57 3 1968 3 1147 3 51 4 
1146 5 52 3 1666 5 50 4 
53 6 1145 7 1970 7 51 3 
52 6 1969 8 1144 5 58 6 
1964 5 2036 6 55 5 1143 8 
1142 3 56 6 54 5 1963 6 
55 6 1141 6 57 5 1966 9 
1140 6 1965 4 50 3 56 5 
59 6 1960 4 53 6 1149 4 
1148 8 2331 5 58 6 1959 7 
408 4 63 3 1608 3 61 4 
66 5 60 4 407 6 1607 4 
63 3 1606 7 410 6 241 3 
60 3 62 3 1605 4 409 6 
404 5 67 5 1604 6 65 3 
403 4 68 2 64 3 1603 4 
1602 4 232 4 61 5 67 5 
66 5 64 5 1601 7 231 4 
69 4 65 2 1614 9 402 2 
68 4 1613 3 2339 4 401 6 
438 8 647 5 73 4 36 4 
1700 8 986 9 1753 8 353 8 
38 3 2352 4 73 2 1913 5 
37 2 70 4 644 2 72 2 
75 3 643 5 445 2 32 3 
458 5 74 3 642 7 31 3 
373 11 583 6 77 5 1497 5 
78 3 76 5 372 2 584 5 
77 3 579 7 368 4 79 3 
580 2 367 3 78 3 80 3 
577 7 370 8 81 4 79 3 
82 6 80 4 369 5 578 3 
81 6 365 7 581 8 83 5 
82 5 582 6 364 5 
2354 5 85 6 741 7 2256 4 
86 7 84 6 1198 5 740 4 
85 7 739 7 87 6 460 6 
738 5 1205 5 86 6 272 4 
89 4 380 4 737 5 93 4 
88 4 736 6 90 5 1186 3 
2354 6 89 5 1197 6 735 5 
1695 9 1758 6 335 5 1063 6 
733 3 93 3 2365 4 49 6 
92 3 519 5 88 4 732 4 
1974 4 95 3 1145 8 97 7 
102 2 94 3 1144 1 1976 4 
99 5 97 7 1147 3 1160 5 
1146 8 96 7 1161 10 94 7 
1141 3 99 4 1162 2 101 5 
1163 3 96 5 1140 8 98 4 
1164 4 1143 6 101 5 303 2 
1142 5 1165 5 100 5 98 5 
103 4 95 2 1149 4 1972 6 
1973 5 1148 6 102 4 2372 3 
1122 5 1704 4 377 7 105 3 
1121 6 1091 2 376 3 104 3 
1527 9 109 6 2204 7 107 4 
1526 2 2203 2 106 4 575 6 
1533 8 111 6 2206 8 109 7 
1532 6 106 6 108 7 2205 6 
111 4 113 6 1531 5 2208 6 
110 4 108 6 2207 3 1530 5 
273 6 113 5 1535 2 2210 4 
2209 6 112 5 110 6 1534 6 
1089 2 592 2 829 4 115 3 
1737 3 1088 6 114 3 828 4 
834 5 117 3 
118 5 116 3 833 6 
117 5 832 9 1090 5 586 8 
120 3 122 4 352 3 1032 2 
119 3 127 2 351 3 1031 4 
122 3 350 3 124 2 1034 7 
121 3 119 4 1033 3 349 4 
1028 10 348 8 124 8 126 7 
1027 2 123 8 121 2 347 3 
126 2 818 3 1296 2 346 4 
125 2 345 3 1295 1 123 7 
1301 3 120 2 128 1 338 2 
337 2 127 1 2382 4 1298 3 
164 5 2077 7 2081 6 1435 5 
2225 4 214 4 131 5 1358 4 
1357 8 130 5 213 5 2062 4 
133 5 810 2 
132 5 2408 5 1703 6 809 10 
410 7 241 4 934 4 758 3 
136 8 681 8 802 3 
135 8 684 7 804 9 137 8 
138 4 683 7 803 5 136 8 
137 4 139 5 806 5 678 4 
138 5 677 4 140 9 805 7 
680 8 139 9 808 9 141 11 
807 7 140 11 637 8 679 9 
149 4 2284 5 606 7 
2353 2 814 2 316 3 826 1 
614 7 145 5 147 5 2277 5 
150 3 144 5 2276 5 613 7 
612 5 147 4 2279 5 1005 5 
146 4 611 4 144 5 2278 4 
1373 4 151 4 610 7 149 3 
142 4 148 3 2280 2 609 3 
151 3 145 3 608 3 2283 5 
150 3 607 7 148 4 2282 3 
2103 5 266 7 1931 6 153 5 
1930 7 2093 3 265 3 152 5 
155 2 1446 3 733 3 657 4 
732 3 154 2 162 3 1447 1 
1454 7 159 5 157 5 739 6 
738 5 156 5 318 4 1118 4 
161 4 159 4 741 6 1 3 
1120 4 156 5 158 4 740 3 
735 2 12 2 161 3 163 3 
158 4 1124 9 160 3 734 3 
737 5 1125 4 155 3 163 5 
483 6 736 7 160 3 162 5 
129 5 165 2 169 5 
164 2 2081 3 
2194 6 167 4 2080 6 173 6 
168 3 2079 4 166 4 2193 5 
167 3 169 5 2196 3 2078 3 
164 5 168 5 2195 5 2077 7 
171 2 2076 4 2198 3 2442 5 
170 2 2197 3 172 1 2075 1 
2200 4 171 1 173 4 2074 2 
2073 5 172 4 166 6 2199 5 
1318 1 502 1 180 2 175 1 
1317 3 176 6 501 5 174 1 
1316 8 177 8 175 6 504 8 
178 4 176 8 1315 6 503 7 
177 4 500 6 1314 4 
499 7 180 6 1311 6 1290 9 
1310 6 179 6 498 3 174 2 
1673 6 2362 5 182 2 184 5 
187 2 1672 6 181 2 2361 2 
190 7 2360 6 184 8 664 8 
2359 4 183 8 663 5 181 5 
658 4 2366 6 188 9 186 5 
733 4 2365 5 657 5 185 5 
188 8 2364 4 182 2 660 4 
187 8 659 9 2363 10 185 9 
333 5 190 3 666 2 2358 4 
183 7 2357 5 189 3 665 6 
192 6 1405 7 794 6 236 6 
191 6 235 7 193 5 1404 6 
1407 6 195 5 234 6 192 5 
15 1 562 4 
1406 3 193 5 2106 3 233 4 
2113 3 240 5 1961 4 1401 4 
2104 3 1059 3 2332 6 2112 4 
1403 3 238 8 794 4 2113 3 
202 5 870 3 1578 6 200 3 
869 3 2272 4 199 3 25 2 
1615 3 863 6 202 5 204 5 
199 5 1610 5 862 3 201 5 
206 3 204 3 655 2 861 4 
654 6 203 3 860 5 201 5 
206 5 208 3 1600 4 867 3 
205 5 203 3 866 6 648 7 
651 9 208 6 2298 9 945 9 
205 3 864 1 207 6 650 5 
2349 3 2065 4 210 6 
211 7 209 6 2064 8 2348 4 
2351 4 210 7 212 7 1168 7 
2062 5 213 6 211 7 2350 5 
131 5 214 4 212 6 2353 4 
130 4 213 4 2352 4 38 3 
218 5 216 8 2327 4 1903 6 
221 8 215 8 1902 9 2314 7 
218 3 225 2 2439 2 1905 1 
217 3 215 5 2437 5 1904 7 
222 6 1907 4 2436 4 220 5 
1906 5 363 3 219 5 2433 4 
222 5 2287 6 216 8 1909 3 
221 5 219 6 1908 5 2281 5 
847 10 1817 7 1296 6 818 7 
225 4 39 4 1911 3 1243 8 
217 2 224 4 1910 3 1242 4 
227 7 2009 4 228 1 
226 7 321 8 2008 7 
226 1 2035 6 
1327 3 1650 5 1572 3 2385 4 
853 6 851 7 1827 6 275 9 
1480 6 404 4 232 3 67 4 
66 4 407 5 231 3 1479 3 
1707 5 234 5 195 4 242 5 
193 6 233 5 235 8 1706 7 
236 7 1709 8 234 8 192 7 
235 7 1708 7 237 5 191 6 
238 9 794 5 1702 5 236 5 
1701 9 237 9 198 8 239 8 
2113 3 238 8 240 5 1705 4 
377 8 1704 5 239 5 196 5 
134 4 242 4 2107 3 62 3 
241 4 2106 4 758 3 233 5 
2324 3 1181 3 252 3 244 6 
243 6 2323 6 1180 7 245 8 
1179 5 246 5 2326 5 244 8 
245 5 1178 4 2325 3 247 4 
2320 5 1185 4 248 7 246 4 
247 7 1184 7 249 6 2319 6 
1183 4 248 6 2322 4 250 2 
461 3 2321 5 1182 3 249 2 
2316 6 1177 5 298 5 252 4 
2315 3 243 3 251 4 1176 4 
254 6 256 6 2187 5 977 6 
253 6 395 5 976 4 2188 4 
256 4 2185 7 979 6 258 7 
253 6 978 4 255 4 2186 4 
260 2 258 6 981 6 2183 7 
257 6 255 7 980 8 2184 5 
260 3 2181 5 262 4 983 8 
982 2 259 3 257 2 2182 2 
2189 5 985 3 1490 3 262 4 
984 4 2190 4 259 4 261 4 
270 6 573 6 2094 8 264 5 
2093 3 265 3 572 6 263 5 
153 3 571 2 264 3 266 5 
152 7 271 6 265 5 570 4 
2098 4 268 5 988 6 569 7 
568 3 2097 3 267 5 269 9 
2100 9 270 9 567 8 268 9 
263 6 566 6 269 9 2099 6 
2103 4 565 5 266 6 272 4 
87 4 2102 5 271 4 564 4 
112 6 1369 7 2402 8 274 7 
1368 5 2051 5 273 7 
276 7 230 9 282 9 450 6 
277 4 446 4 275 7 853 4 
276 4 892 6 278 2 856 7 
400 3 277 2 855 3 891 4 
466 4 850 5 1684 5 280 5 
281 3 462 4 849 4 279 5 
280 3 282 5 852 4 896 5 
281 5 895 6 851 7 275 9 
1489 5 1783 8 285 8 
1492 5 287 6 1785 8 285 8 
1493 8 1784 5 284 8 283 8 
1490 3 287 5 2189 5 1787 4 
286 5 1786 5 1491 6 284 6 
291 3 1500 4 289 6 532 5 
294 4 1501 4 288 6 531 7 
291 4 857 5 1498 6 297 6 
290 4 288 3 533 7 1499 5 
293 6 295 6 536 7 1496 5 
535 4 583 4 292 6 1497 3 
868 5 289 4 1494 5 295 3 
865 4 292 6 294 3 1495 6 
437 8 297 5 1502 6 544 4 
1503 6 296 5 290 6 543 4 
424 4 251 5 2149 6 1010 6 
300 8 517 5 302 4 549 7 
299 8 1537 5 548 7 516 8 
515 4 551 4 302 4 
299 4 301 4 514 4 550 2 
488 3 947 4 304 3 100 2 
946 5 303 3 1881 6 489 3 
637 4 2162 5 306 4 807 3 
636 6 1870 6 305 4 2161 6 
314 9 953 4 308 4 1349 9 
1350 4 309 3 952 2 307 4 
310 3 308 3 955 4 1351 3 
374 2 1352 6 309 3 954 1 
1556 7 1882 4 1980 9 639 5 
1858 11 2169 8 2415 11 632 10 
1882 2 1978 3 
307 9 1883 9 487 8 950 6 
435 3 437 7 339 6 1679 4 
1653 5 1646 3 143 3 662 3 
2133 8 565 5 318 4 324 7 
1649 2 564 4 317 4 157 4 
322 4 567 3 320 3 
325 3 566 5 319 3 
227 8 569 6 322 4 
568 3 321 4 319 4 
1651 3 324 6 326 3 571 2 
570 5 1652 10 323 6 317 7 
320 3 326 3 573 4 
572 6 325 3 1654 4 323 3 
491 2 330 2 2196 2 328 6 
2195 7 490 6 327 6 
330 3 493 2 332 2 2194 5 
329 3 492 3 327 2 2193 5 
495 6 2200 8 334 6 332 5 
494 3 329 2 2199 2 331 5 
2198 6 189 5 334 6 497 8 
496 4 333 6 2197 4 331 6 
91 5 1735 3 336 2 361 3 
1063 3 360 5 335 2 1562 2 
128 2 338 3 541 3 1488 4 
337 3 1487 6 351 3 127 2 
2286 8 340 8 315 6 1469 6 
437 9 1468 7 544 5 339 8 
1467 3 342 8 2301 4 432 3 
1466 9 343 9 341 8 431 9 
344 4 1465 4 342 9 434 7 
343 4 433 4 2285 2 1464 3 
1484 3 348 4 346 5 126 3 
345 5 1483 6 900 5 125 4 
350 4 348 3 1486 5 124 3 
123 8 345 4 347 3 1485 3 
352 3 1480 6 350 4 122 4 
347 4 1479 4 121 3 349 4 
1482 6 338 3 120 3 352 3 
349 3 1481 2 119 3 351 3 
1312 6 362 6 1738 5 71 8 
357 7 1075 7 1739 4 355 5 
362 6 1074 6 1738 5 354 5 
1741 4 359 5 357 7 1073 7 
354 7 1740 8 356 7 1072 8 
359 3 1735 3 361 3 1071 3 
356 5 1070 5 358 3 1734 6 
336 5 361 6 1069 7 552 8 
360 6 1068 4 358 3 335 3 
355 6 363 5 1065 5 353 6 
1064 4 362 5 220 3 1312 5 
366 5 365 7 1217 10 83 5 
1216 5 369 6 364 7 82 7 
364 5 1215 3 
370 8 79 3 368 4 1221 4 
372 3 78 4 1220 2 367 4 
365 6 1219 8 81 5 370 9 
367 8 80 8 369 9 1218 9 
764 2 1522 5 457 3 374 2 
368 3 77 2 1212 2 373 8 
76 11 2303 9 697 9 372 8 
310 2 1523 5 763 4 371 2 
1884 5 2021 5 455 7 479 5 
1962 4 377 7 378 3 105 3 
240 8 376 7 104 7 1961 7 
1091 2 1967 4 376 3 
626 4 1535 3 2260 5 1975 3 
1767 3 519 5 88 4 1186 3 
774 4 384 4 382 4 513 3 
1117 4 773 4 381 4 387 3 
384 4 1327 4 1650 6 772 4 
518 4 383 4 381 4 771 3 
1710 2 386 2 388 3 770 3 
769 2 547 1 389 3 385 2 
574 6 2302 4 382 3 388 3 
1764 4 387 3 385 3 2300 5 
1244 6 2305 5 386 3 
393 8 2392 8 798 7 391 6 
394 4 797 3 2393 2 390 6 
800 4 393 4 2390 6 
390 8 392 4 799 5 2391 6 
391 4 2387 5 796 5 395 7 
254 5 795 5 2388 5 394 7 
1766 6 1197 6 2256 5 2354 6 
2105 3 465 3 812 5 1528 4 
1531 5 1975 3 811 5 468 5 
400 5 1429 6 662 3 406 4 
399 5 661 6 278 3 1953 5 
402 4 1488 6 69 6 585 5 
401 4 1487 5 403 4 68 2 
1482 8 404 6 65 4 402 4 
403 6 1481 3 231 4 64 5 
406 4 704 4 668 4 
405 4 703 3 399 4 667 4 
408 6 232 5 61 6 1486 7 
60 4 407 6 409 7 1485 4 
410 9 408 7 63 6 1484 5 
134 7 409 9 62 6 1483 8 
412 2 966 4 1463 5 1774 2 
411 2 1462 3 1773 2 419 4 
414 1 1469 2 416 2 1778 1 
1777 2 413 1 1468 4 596 3 
418 5 1471 7 416 4 1776 5 
1775 5 415 4 1470 3 413 2 
418 3 1782 4 1465 2 420 2 
415 5 417 3 1464 4 1781 5 
1467 4 1780 5 420 4 412 4 
1779 4 419 4 417 2 1466 4 
2146 4 430 5 422 2 1006 5 
421 2 2145 5 612 3 1005 3 
1323 2 593 5 591 5 2344 4 
298 4 425 3 1009 3 2148 7 
424 3 2151 4 426 5 1008 4 
427 8 1007 5 2150 4 425 5 
2153 6 426 8 1014 7 428 7 
429 6 2152 3 1013 5 427 7 
430 7 428 6 2155 6 1012 8 
429 7 2154 8 421 5 1011 4 
434 7 432 4 342 9 1676 5 
1677 3 431 4 341 3 439 4 
344 4 434 7 436 8 1674 4 
1675 5 431 7 433 7 343 7 
315 3 1680 4 436 7 2286 5 
1681 8 435 7 433 8 2285 6 
315 7 340 9 296 8 1678 7 
443 9 70 8 35 7 646 9 
1682 5 2301 5 432 4 440 3 
1683 4 651 4 439 3 2298 4 
444 6 1332 5 903 8 1425 9 
1119 8 1005 7 1210 6 2279 7 
1574 7 438 9 445 5 34 7 
893 3 441 6 1331 5 1424 3 
1573 2 443 5 33 4 74 2 
276 4 892 6 450 3 943 4 
2403 4 2030 5 448 5 476 3 
449 8 475 5 447 5 2029 8 
448 8 2028 5 1577 7 478 5 
942 6 446 3 895 3 275 6 
472 7 1577 6 2034 4 452 7 
453 6 471 6 2033 7 451 7 
452 6 2032 8 474 6 454 5 
473 5 2031 5 453 5 455 6 
480 9 2022 6 375 7 454 6 
894 3 1336 3 459 6 1421 4 
1571 7 371 3 765 3 
30 8 75 5 461 6 653 6 
1335 6 456 6 1420 7 897 5 
1205 5 86 6 1198 4 1769 5 
250 3 458 6 29 4 652 5 
896 6 939 6 280 4 466 3 
470 9 2258 8 1527 10 464 6 
465 3 846 4 463 6 1526 3 
397 3 464 3 827 6 1529 4 
938 2 279 4 899 4 462 3 
530 5 1805 4 1886 7 2257 5 
1530 6 801 4 398 5 469 6 
2252 4 470 8 468 6 1533 7 
463 9 793 8 469 8 1532 8 
472 6 474 6 1807 6 452 6 
1806 8 451 7 471 6 477 5 
474 6 480 8 454 5 1809 5 
473 6 471 6 453 6 1808 7 
448 5 478 2 476 3 1811 4 
996 3 1810 3 475 3 447 3 
478 2 1577 4 1813 6 472 5 
475 2 477 2 1812 2 449 5 
1815 7 480 7 375 5 634 3 
473 8 455 9 1814 8 479 7 
482 5 1557 4 
481 5 1556 7 639 5 
1125 5 163 6 12 5 2013 5 
485 3 1881 5 1547 4 489 2 
484 3 486 5 1958 5 1546 3 
1883 7 1549 8 485 5 487 6 
1548 4 314 8 486 6 1349 8 
303 3 489 3 1164 5 1555 7 
488 3 1554 3 484 2 304 3 
1832 5 328 6 491 2 
327 2 1833 5 492 3 490 2 
1834 4 493 2 491 3 330 3 
1835 7 492 2 329 2 494 3 
332 3 1836 7 493 3 495 4 
1837 7 331 6 494 4 496 4 
334 4 1838 6 497 6 495 4 
1839 5 333 8 496 6 666 5 
499 4 180 3 502 2 
179 7 498 4 1912 5 600 5 
178 6 503 9 
504 7 502 5 175 5 
174 1 501 5 498 2 
504 7 177 7 500 9 
503 7 501 7 176 8 
2313 4 506 5 1360 4 
2312 7 507 6 505 5 1359 4 
506 6 508 6 2311 7 1362 7 
509 4 507 6 1361 3 2310 6 
508 4 2309 4 510 3 1364 4 
511 5 509 3 2308 4 1363 5 
512 6 1366 5 2307 10 510 5 
1365 3 511 6 1052 4 2306 4 
518 3 1117 3 381 3 2214 1 
1978 5 517 5 515 4 302 4 
301 4 1977 1 514 4 
1980 9 2 7 517 5 300 8 
299 5 514 5 1979 4 516 5 
384 4 2213 6 513 3 1650 6 
49 8 380 5 93 5 1763 8 
1686 4 523 5 521 6 2297 4 
694 5 2296 7 520 6 1685 5 
523 4 525 4 1688 7 2295 5 
2294 4 522 4 520 5 1687 3 
525 7 1690 6 527 8 2293 7 
1689 4 2292 4 524 7 522 4 
1692 8 2291 6 529 5 527 7 
2290 5 524 8 526 7 1691 4 
2289 8 1694 3 669 2 529 2 
526 5 1693 6 528 2 2288 4 
467 5 1804 3 1788 5 1885 7 
1294 8 868 8 289 7 532 6 
533 9 1293 4 531 6 288 5 
1292 10 291 7 532 9 857 8 
1680 8 854 7 845 9 1434 7 
1311 3 536 5 293 4 1290 6 
535 5 1289 5 865 5 292 7 
538 4 540 5 1677 4 1461 3 
537 4 1676 4 858 4 1455 2 
540 4 1067 4 1078 3 1683 5 
539 4 537 5 1066 4 1682 5 
542 4 337 3 2382 5 1322 3 
541 4 2381 8 871 5 1321 3 
857 3 1286 4 544 3 297 4 
340 5 1285 4 543 3 296 4 
2378 7 546 4 1326 7 872 4 
1325 3 545 4 2377 2 873 3 
1244 4 386 1 1710 1 2219 3 
549 6 707 5 300 7 1927 5 
548 6 1926 8 550 5 299 7 
551 2 549 5 302 2 1925 4 
301 4 550 2 1924 1 
553 5 1562 5 1625 7 360 8 
552 5 1624 3 558 1 1561 1 
561 2 1619 1 1568 1 555 6 
556 11 1854 10 1618 7 554 6 
1857 8 555 11 557 6 2057 8 
556 6 2053 5 718 6 1856 5 
2069 1 1564 3 559 1 553 1 
2063 3 558 1 560 1 1563 1 
1853 6 559 1 561 2 2061 5 
554 2 1565 8 2060 4 560 2 
724 6 1993 6 563 4 194 4 
1992 3 562 4 
318 4 738 5 565 5 272 4 
271 5 570 3 317 5 564 5 
573 6 270 6 320 5 567 5 
568 2 319 3 269 8 566 5 
268 3 322 3 569 5 567 2 
321 6 568 5 2008 5 267 7 
324 5 565 3 571 1 266 4 
572 5 570 1 265 2 323 2 
326 6 571 5 573 7 264 6 
566 6 325 4 263 6 572 7 
387 6 1117 7 2216 6 1764 7 
576 8 2202 7 1529 8 107 6 
575 8 1348 4 1528 5 2201 5 
580 6 80 7 1316 7 578 6 
581 5 1315 5 577 6 81 3 
584 9 78 7 580 6 1318 5 
577 6 79 2 579 6 1317 4 
582 9 1314 6 578 5 82 8 
581 9 1313 8 83 6 
1311 3 76 6 293 4 584 6 
1310 9 579 9 77 5 583 6 
2339 3 1297 3 1322 3 401 5 
1087 6 592 5 831 8 118 8 
2341 6 1297 4 1320 3 588 10 
1319 9 2340 11 587 10 589 10 
2343 6 590 4 1326 6 588 10 
2342 5 589 4 1325 4 591 5 
2345 8 1324 6 423 5 590 5 
1086 5 114 2 586 5 830 2 
594 7 423 5 2347 8 1328 4 
593 7 2346 8 1327 5 772 5 
1286 5 603 5 596 5 2211 4 
1576 5 595 5 414 3 1285 5 
768 2 2402 5 
601 7 1582 5 599 6 1288 9 
1581 3 604 6 1287 5 598 6 
1290 7 601 5 1580 6 499 5 
1579 6 600 5 598 7 1289 4 
603 4 605 7 1586 4 1292 5 
602 4 595 5 1291 4 1585 3 
605 10 1584 7 599 6 1294 9 
604 10 602 7 1583 7 1293 7 
904 6 142 7 609 6 
151 7 608 7 610 10 907 9 
906 2 613 7 607 7 150 3 
909 6 149 3 606 6 610 7 
908 9 148 7 607 10 609 7 
612 5 147 4 911 4 614 6 
146 5 611 5 910 5 422 3 
608 7 614 9 913 8 145 7 
144 7 613 9 912 7 611 6 
768 4 616 8 2262 5 
623 6 615 8 2261 7 767 8 
776 1 618 2 620 4 1208 1 
2257 3 1886 5 775 3 617 2 
778 3 1199 5 622 7 620 6 
777 8 2255 6 617 4 619 6 
2254 5 780 7 622 8 624 7 
621 8 2253 9 619 7 779 5 
616 6 624 5 28 3 782 5 
2251 6 621 7 623 5 781 6 
770 2 1108 2 1235 2 1110 2 
2096 6 627 6 1369 4 379 4 
626 6 1368 7 2095 6 
1876 7 1631 9 629 8 631 8 
628 8 1630 4 1870 6 636 6 
631 4 633 3 1880 3 1633 2 
1632 5 630 4 628 8 1877 6 
1627 5 633 4 635 4 312 10 
1626 6 630 3 632 4 1858 5 
1629 6 635 3 1884 3 479 3 
2415 5 1628 4 634 3 632 4 
306 6 1635 8 637 6 629 6 
305 4 636 6 141 8 1634 5 
1733 6 2317 4 840 5 1220 2 
311 5 482 5 
13 7 641 6 40 8 2172 7 
2171 4 39 3 640 6 1911 2 
75 7 1831 8 653 8 643 9 
1573 5 74 5 1830 6 642 9 
674 4 73 2 647 3 1913 5 
17 3 2159 4 43 2 1575 2 
1827 6 647 6 438 9 1574 7 
70 5 644 3 1826 5 646 6 
1600 6 655 6 206 7 1137 6 
2025 5 1591 5 
651 8 1135 8 208 5 1600 6 
650 8 207 9 1136 7 440 4 
1817 4 653 5 461 5 1182 5 
642 8 458 6 652 5 1816 6 
1615 4 655 5 204 6 1131 6 
648 6 654 5 203 2 1132 2 
1750 4 1215 5 839 5 
658 4 186 5 154 4 1981 6 
657 4 185 4 659 4 1982 5 
658 4 188 9 1983 5 660 5 
1984 3 1672 8 659 5 187 4 
400 6 855 6 1653 6 662 4 
399 3 667 3 316 3 661 4 
1673 6 184 5 1987 2 664 5 
1988 5 183 8 665 7 663 5 
666 5 664 7 190 6 1989 6 
1990 3 189 2 665 5 497 5 
668 4 1646 3 662 3 406 4 
667 4 1647 9 405 4 
1864 9 528 2 1787 2 670 5 
1863 7 671 6 1786 7 669 5 
670 6 1866 4 1785 6 672 6 
1784 5 1865 9 671 6 675 6 
1763 7 1823 4 1106 6 1825 3 
1826 6 644 4 1824 4 856 8 
1783 6 1860 5 672 6 
2172 3 13 3 1393 1 685 2 
139 4 680 3 2117 2 678 3 
683 7 138 4 2116 6 677 3 
2119 5 1634 6 680 6 141 9 
140 8 2118 3 677 3 679 6 
135 8 2121 6 682 7 684 7 
2120 3 681 7 
2123 6 137 7 678 7 684 6 
136 7 683 6 681 7 2122 3 
1392 3 1575 3 676 2 2159 5 
688 2 687 6 1511 1 2131 1 
686 6 2130 8 1510 7 691 6 
686 2 1512 5 
1507 7 2129 7 690 9 692 6 
693 4 2128 10 689 9 1506 4 
692 1 1509 1 2127 2 687 6 
1508 6 691 1 2126 1 689 6 
1505 2 690 4 694 3 2125 2 
521 5 2124 5 693 3 1504 6 
880 5 698 5 1495 5 696 6 
879 5 1494 9 695 6 701 7 
373 9 698 6 878 3 1497 3 
695 5 877 7 1496 5 697 6 
702 5 884 6 700 5 1499 7 
705 5 883 7 699 5 1498 5 
882 4 696 7 702 5 1501 3 
699 5 1500 4 701 5 881 6 
1429 5 1123 5 406 3 704 3 
405 4 703 3 
1503 6 700 5 876 5 706 4 
1502 5 848 4 875 6 705 4 
1537 3 708 6 548 5 1030 6 
1029 6 707 6 711 6 1536 7 
1042 13 712 9 1539 7 710 6 
1041 4 715 2 1538 4 709 6 
712 7 708 6 1541 5 1040 5 
1540 5 709 9 711 7 1039 5 
1543 7 1038 3 716 3 714 7 
1037 7 905 7 1542 7 713 7 
1545 4 1036 1 710 2 716 1 
1035 1 1544 2 713 3 715 1 
718 7 1375 4 721 4 2101 3 
717 7 2082 9 1374 7 557 6 
1376 6 1428 3 720 3 
1026 7 1378 3 719 3 721 4 
1025 4 1377 5 717 4 720 4 
723 5 1847 5 16 4 725 6 
722 5 1846 6 728 4 
725 6 1849 3 15 3 562 6 
724 6 1848 6 722 6 14 8 
1843 5 727 6 729 7 
730 9 1842 7 726 6 
723 4 729 6 1845 3 
1844 9 728 6 726 7 
1841 6 727 9 731 7 
730 7 1840 4 921 4 
733 4 155 3 93 4 737 5 
92 3 186 4 732 4 154 3 
741 5 735 2 161 3 2354 3 
160 2 736 6 734 2 90 5 
89 6 735 6 163 7 737 7 
88 5 162 5 736 7 732 5 
157 5 87 5 739 6 564 5 
740 4 86 7 738 6 156 6 
741 5 739 4 159 3 85 4 
740 5 734 5 84 7 158 6 
1441 4 743 2 1419 2 745 4 
1418 4 933 3 742 2 1440 2 
1439 3 1421 3 747 2 745 4 
1438 4 1420 6 742 4 744 4 
749 3 747 3 1445 4 1423 6 
746 3 1422 3 744 2 1444 4 
1425 8 1094 5 749 4 751 9 
1424 2 746 3 1442 3 748 4 
751 8 1994 7 1436 5 1427 6 
750 8 1426 8 1435 7 748 9 
1457 3 2070 3 753 1 
754 6 1456 5 752 1 2071 1 
753 6 755 9 1459 6 2068 8 
754 9 756 5 1458 5 48 4 
757 6 755 5 2066 5 1127 3 
756 6 1460 6 1330 8 2067 6 
242 3 134 3 935 3 1707 3 
1173 10 760 8 762 7 1925 8 
1924 3 759 8 1172 5 
1927 5 1729 5 1171 4 762 4 
1170 4 759 7 761 4 1926 6 
954 3 2174 6 764 4 374 4 
371 2 765 2 2173 5 763 4 
2176 2 764 2 766 2 457 3 
2175 4 765 2 
768 4 782 7 616 8 2209 6 
767 4 615 4 597 2 2210 3 
770 3 386 2 2305 4 1110 3 
2300 5 625 2 769 3 385 3 
1112 5 774 3 384 3 772 3 
1111 4 594 5 383 4 771 3 
1114 4 774 4 2302 5 382 4 
381 4 1113 3 773 4 771 3 
956 2 618 3 776 2 2201 4 
617 1 2202 2 777 5 775 2 
620 8 2203 6 778 5 776 5 
2204 4 619 3 777 5 779 1 
2205 4 778 1 622 5 780 4 
621 7 2206 7 781 6 779 4 
782 6 780 6 624 6 2207 4 
767 7 781 6 2208 7 623 5 
784 6 1052 4 1365 3 2092 5 
783 6 785 6 1051 5 2091 5 
786 7 1044 7 784 6 2090 4 
787 6 785 7 2089 8 1043 7 
788 6 786 6 1046 4 2088 4 
787 6 789 6 1045 7 2087 6 
1048 5 2086 5 790 3 788 6 
1047 4 791 4 789 3 2085 4 
790 4 1050 5 792 5 2084 7 
2083 5 1049 9 791 5 975 4 
2252 4 2242 5 2258 7 470 8 
237 5 191 6 198 4 1402 4 
796 3 1900 4 976 4 395 5 
795 3 1899 4 394 5 797 4 
798 4 1898 7 391 3 796 4 
799 4 797 4 1897 4 390 7 
1896 5 798 4 800 5 393 5 
392 4 799 5 1895 5 
811 4 2252 2 468 4 2244 5 
901 4 804 4 135 3 
806 6 890 3 804 6 137 5 
136 9 889 5 803 6 802 4 
808 7 888 7 806 7 139 7 
805 7 803 6 138 5 887 6 
808 5 141 7 886 5 305 3 
805 7 807 5 885 8 140 9 
810 7 1431 11 1001 9 133 10 
1430 4 132 2 809 7 
801 4 2243 7 398 5 2259 5 
2246 5 397 5 1061 6 827 8 
815 5 1647 10 814 4 2351 3 
143 2 813 4 2350 3 1646 2 
813 5 1648 3 2348 3 
817 7 1329 4 19 4 822 2 
816 7 18 6 2067 7 1330 9 
900 4 1684 4 125 3 223 7 
1901 4 21 4 1333 6 820 5 
20 4 1334 3 821 3 819 5 
822 2 1331 5 23 5 820 3 
821 2 22 4 1332 1 816 2 
1337 5 25 4 2272 6 824 7 
1338 6 24 8 825 5 823 7 
1901 1 824 5 27 2 1335 3 
1653 3 143 1 2352 3 1913 4 
465 6 2245 6 812 8 846 7 
1015 6 829 5 886 6 115 4 
830 4 828 5 114 4 885 7 
829 4 888 5 831 5 592 2 
832 9 830 5 586 8 887 6 
833 10 831 9 890 6 118 9 
834 8 832 10 889 6 117 6 
833 8 116 5 901 7 
2318 10 836 4 2048 5 2132 5 
2317 3 835 4 840 4 2047 2 
2052 7 843 6 1751 7 838 4 
839 3 2050 1 1750 2 837 4 
838 3 656 5 
638 5 2049 5 841 7 836 4 
1733 8 1609 5 840 7 842 6 
843 5 1732 8 841 6 1612 3 
1611 3 837 6 842 5 1731 4 
1037 5 1900 5 905 5 
1449 8 1679 6 534 9 848 6 
2248 4 464 4 2258 6 827 7 
850 7 1816 8 1684 7 223 10 
706 4 1678 4 1443 6 845 6 
850 4 1830 4 280 4 852 5 
847 7 279 5 849 4 1831 5 
230 7 282 7 852 6 1828 4 
1829 6 281 4 851 6 849 5 
230 6 1826 5 856 7 276 4 
534 7 1681 4 1437 2 859 2 
661 6 1824 4 278 3 856 8 
277 7 853 7 674 8 855 8 
543 3 290 5 1291 3 533 8 
1155 7 859 3 1675 3 538 4 
1139 1 1674 2 858 3 854 2 
971 7 863 6 861 6 204 5 
866 7 970 4 860 6 203 4 
863 4 202 3 870 1 973 3 
862 4 201 6 860 6 972 8 
208 1 945 4 867 1 967 5 
868 6 1288 6 536 5 295 4 
861 7 969 7 867 4 206 6 
866 4 205 3 864 1 968 3 
294 5 865 6 531 8 1287 8 
975 4 200 3 1049 9 870 3 
199 3 974 1 862 1 869 3 
1320 3 2384 5 542 5 872 3 
1319 2 545 4 2383 4 871 3 
1324 5 2380 7 546 3 874 5 
1323 3 2379 5 1572 4 873 5 
1443 8 706 6 1300 5 876 7 
1299 5 883 7 705 5 875 7 
698 7 880 7 1303 4 878 4 
2303 3 877 4 1302 3 697 3 
696 5 1305 5 882 2 880 4 
695 5 877 7 1304 4 879 4 
882 5 1307 4 884 7 702 6 
881 5 1306 5 701 4 879 2 
884 8 700 7 876 7 1309 6 
699 6 883 8 881 7 1308 8 
888 8 808 8 829 7 886 8 
2162 7 828 6 885 8 807 5 
890 3 806 6 888 6 831 6 
805 7 830 5 885 8 887 6 
901 5 890 2 804 5 833 6 
887 3 889 2 832 6 803 3 
892 8 1953 6 278 4 941 4 
446 6 940 8 277 6 891 8 
894 2 444 3 1423 5 1334 3 
893 2 1422 3 456 3 1333 3 
937 4 896 6 282 6 450 3 
462 6 895 6 936 6 281 5 
1338 3 898 5 1419 2 459 5 
1418 7 897 5 1337 6 1077 6 
935 5 1684 5 466 4 900 5 
818 4 346 5 934 4 899 5 
889 5 802 4 834 7 
903 5 1427 5 1330 5 1460 3 
902 5 1329 6 441 8 1426 6 
606 6 1396 5 909 6 
844 5 714 7 
608 2 907 4 913 3 1391 2 
906 4 908 8 607 9 1390 6 
610 9 909 8 1389 7 907 8 
908 8 1388 5 609 6 904 6 
2145 7 911 4 612 5 1395 5 
1394 4 611 4 912 5 910 4 
913 6 911 5 1393 4 614 7 
912 6 1392 4 906 3 613 8 
923 4 915 3 1663 6 
1662 3 916 3 914 3 
1665 6 917 7 915 3 
916 7 918 7 1664 6 
917 7 919 3 1659 3 
1658 5 918 3 920 5 
1661 8 919 5 921 7 
920 7 731 4 1660 5 
923 3 1092 5 1657 6 
922 3 914 4 1656 3 
925 6 927 5 1270 5 1252 8 
924 6 930 4 1269 5 1251 4 
1254 4 1105 3 1268 5 927 4 
924 5 1253 8 1267 3 926 4 
929 5 931 4 1248 6 1274 6 
928 5 932 6 1247 6 1273 4 
925 4 931 3 1250 6 1272 4 
930 3 1271 5 928 4 1249 5 
1266 6 933 6 929 6 1246 5 
1265 3 1245 5 932 6 743 3 
935 4 134 4 1483 5 900 4 
899 5 934 4 938 3 758 3 
939 6 896 6 937 4 1709 4 
895 4 1708 8 936 4 942 7 
1707 3 466 2 939 5 935 3 
1706 9 936 6 938 5 462 6 
1705 5 892 8 943 6 941 4 
1122 4 1704 3 940 4 891 4 
943 7 450 6 1702 6 937 7 
1701 6 942 7 940 6 446 4 
2192 6 1652 8 
966 7 864 4 207 9 1463 8 
947 6 949 4 304 5 2037 4 
946 6 1143 8 303 4 2036 6 
951 5 2042 6 1958 6 949 4 
1881 5 946 4 2041 5 948 4 
951 3 2040 3 953 1 314 6 
948 5 1883 6 950 3 2039 5 
2046 4 955 3 308 2 953 2 
2045 3 307 4 950 1 952 2 
763 3 2044 2 955 2 310 1 
952 3 2043 6 954 2 309 4 
775 2 1886 4 2375 2 957 1 
960 5 1885 6 2376 4 956 1 
2367 4 1888 6 961 4 959 6 
1887 6 2368 5 958 6 964 8 
957 5 1890 9 961 6 2369 6 
958 4 1889 5 960 6 2370 2 
965 3 1892 4 963 4 2371 4 
2372 3 1973 5 1891 3 962 4 
2373 8 1894 5 959 8 965 6 
962 3 1893 3 2374 7 964 6 
411 4 967 8 1947 7 945 7 
966 8 1946 6 968 7 864 5 
1945 5 967 7 867 3 969 6 
866 7 1944 7 970 4 968 6 
969 4 861 4 971 5 1943 5 
972 9 860 7 1942 5 970 5 
971 9 1941 7 973 7 863 8 
972 7 1940 4 974 3 862 3 
975 2 1939 4 973 3 870 1 
974 2 869 4 1938 4 792 4 
254 4 1724 8 795 4 977 4 
978 4 253 6 1723 5 976 4 
977 4 256 4 1722 4 979 6 
1721 5 255 6 980 7 978 6 
981 8 1728 7 258 8 979 7 
980 8 982 6 1727 6 257 6 
983 7 1726 3 260 2 981 6 
982 7 984 8 1725 6 259 8 
262 4 985 3 983 8 1730 5 
984 3 1729 3 261 3 1171 2 
1752 5 1521 4 71 9 1312 7 
988 7 2009 7 994 6 2401 6 
987 7 2008 4 2400 5 267 6 
2399 2 990 4 
991 8 989 4 2398 4 
990 8 2395 7 992 6 
993 4 2394 3 991 6 
2397 6 994 5 2038 5 992 4 
2396 6 993 5 987 6 2035 8 
1256 6 2404 5 996 5 1000 4 
995 5 476 3 1255 5 2403 4 
2412 10 1258 7 998 6 1004 6 
1257 3 999 3 2411 2 997 6 
1000 3 998 3 1260 5 2414 4 
1259 4 999 3 2413 3 995 4 
2408 4 1002 5 1262 7 809 9 
2407 3 1001 5 1003 4 1261 5 
1004 3 2410 9 1002 4 1264 4 
1003 3 2409 4 997 6 1263 3 
1006 6 442 7 146 5 422 3 
1119 7 1005 6 1011 4 421 5 
1008 4 426 5 1096 4 1014 4 
1007 4 1095 5 1009 4 425 4 
1010 5 1167 3 424 3 1008 4 
1009 5 1177 6 298 6 1448 4 
1012 5 1006 4 1451 2 430 4 
1013 7 429 8 1011 5 1450 7 
1012 7 428 5 1014 5 1453 3 
1452 6 427 7 1013 5 1007 4 
1016 4 828 6 1737 5 2162 7 
2161 4 1015 4 1019 3 1736 4 
1018 4 1020 2 2164 6 1749 3 
1017 4 1023 4 1748 4 2163 5 
1747 5 2166 4 1016 3 1020 3 
1017 2 1746 4 2165 2 1019 3 
1745 2 1024 4 2168 3 1022 7 
1744 12 2167 10 1188 7 1021 7 
1018 4 2170 4 1743 3 1024 5 
1742 5 1021 4 2169 4 1023 5 
2101 3 721 4 1433 5 1026 7 
1428 7 1432 7 720 7 1025 7 
124 2 1028 4 1277 3 1034 7 
123 10 1027 4 1278 9 1295 4 
708 6 1730 5 1030 6 1040 5 
1729 6 1029 6 707 6 1927 6 
1301 5 1032 3 1281 8 120 4 
1031 3 1282 6 1033 1 119 2 
1279 3 1032 1 122 3 1034 7 
1280 8 1027 7 1033 7 121 7 
716 1 1722 2 1038 1 1036 1 
1721 2 1041 3 715 1 1035 1 
844 5 714 7 1724 8 1038 3 
1723 4 713 3 1035 1 1037 3 
1040 3 1042 9 1726 2 712 5 
1039 3 1029 5 1725 3 711 5 
1728 6 1036 3 710 4 1042 11 
709 13 1039 9 1727 10 1041 11 
1046 5 786 7 23 6 1044 7 
1051 6 22 8 785 7 1043 7 
1048 6 21 3 788 7 1046 5 
1043 5 787 4 20 5 1045 5 
27 4 1050 5 790 4 1048 6 
1045 6 789 5 26 4 1047 6 
792 9 1050 9 869 9 25 8 
1047 5 791 5 1049 9 24 6 
19 4 1044 6 1052 3 784 5 
18 2 783 4 512 4 1051 3 
2084 6 2111 4 1054 4 1056 6 
2083 5 2110 5 1231 5 1053 4 
1058 2 2109 3 2086 5 1056 6 
2085 7 2108 7 1053 6 1055 6 
1060 5 2088 4 1058 2 2115 5 
2114 2 1055 2 1057 2 2087 2 
2090 3 197 3 1060 5 1062 5 
2112 6 1059 5 1057 5 2089 7 
2092 5 2105 4 1062 6 812 6 
2091 5 1061 6 1059 5 2104 5 
336 3 1759 5 1158 4 91 6 
363 4 1065 4 1815 8 2433 5 
1814 4 1064 4 362 5 1074 5 
1067 4 1461 2 1106 5 540 4 
1066 4 539 4 1254 4 1105 3 
361 4 1071 4 1811 4 1069 5 
1625 6 360 7 1068 5 1810 5 
359 5 1071 5 1073 7 1813 7 
1812 4 1070 5 1068 4 358 3 
1075 8 1073 8 357 8 1807 7 
1806 9 1072 8 1070 7 356 7 
1075 8 355 6 1065 5 1809 6 
1072 8 1074 8 354 7 1808 8 
1246 2 1077 3 1655 2 1085 4 
1245 5 1129 9 1076 3 898 6 
1079 2 1136 5 539 3 1254 3 
1078 2 1080 1 1253 7 1135 4 
1252 5 1079 1 1138 3 1081 1 
1082 5 1251 2 1080 1 1137 2 
1081 5 1083 8 1132 5 1250 9 
1131 6 1084 5 1249 7 1082 8 
1085 5 1083 5 1134 3 1248 5 
1247 7 1084 5 1133 4 1076 4 
1089 5 592 5 1866 7 1087 6 
586 6 1090 3 1865 6 1086 6 
115 6 2006 7 1864 13 1089 5 
1086 5 114 2 1863 3 1088 5 
1860 5 1087 3 118 5 
378 2 1123 4 105 2 
922 5 1093 4 1473 8 
1472 2 1092 4 
748 5 2077 5 1435 3 1442 4 
1206 6 1167 4 1008 5 1096 5 
1452 6 1007 4 1207 4 1095 5 
1461 3 1823 4 1106 6 1098 5 
1822 5 1455 3 1099 5 1097 5 
1100 3 1821 6 1155 7 1098 5 
1099 3 1101 6 1820 2 1139 1 
1102 10 1100 6 1819 7 1437 6 
1818 9 1101 10 1103 5 1434 6 
1102 5 1104 2 1991 3 1449 5 
1397 2 1300 2 1103 2 1443 5 
926 3 1825 1 1106 4 1067 3 
1066 5 1097 6 1105 4 673 6 
1108 5 1114 5 2302 6 1237 7 
1107 5 1236 3 625 2 2300 5 
1664 4 1859 3 1985 3 1130 6 
1115 3 769 3 1234 4 625 2 
772 4 2346 7 1112 6 1241 6 
771 5 1113 5 1240 6 1111 6 
1114 3 774 3 1239 5 1112 5 
1113 3 773 4 1107 5 1238 4 
1116 3 1110 3 2305 4 1233 3 
2304 5 1115 3 1232 3 
2215 5 382 4 513 3 574 7 
2015 4 1649 2 1454 6 157 4 
1006 7 442 8 1451 5 1209 5 
159 4 1454 6 1 3 2017 2 
1122 8 105 6 1123 8 1429 8 
104 5 941 4 1121 8 1953 6 
703 5 1091 4 1121 8 
12 8 1 8 161 9 2011 8 
483 5 2014 5 162 4 1447 2 
1175 3 1982 6 1128 4 1661 6 
1620 4 1460 3 1458 3 756 3 
1981 5 2356 3 1126 4 1660 4 
1077 9 2272 10 1655 8 1337 9 
1659 4 1984 4 1175 4 1109 6 
1083 6 1132 3 1134 4 654 6 
655 2 1137 2 1082 5 1131 3 
1134 2 1655 2 1085 4 1610 3 
1133 2 1615 2 1084 3 1131 4 
1138 6 650 8 1136 7 1079 4 
651 7 1135 7 1683 7 1078 5 
1138 4 1132 2 648 6 1081 2 
1135 6 1600 4 1137 4 1080 3 
859 1 1155 5 1100 1 1437 1 
57 6 99 8 1147 6 1141 7 
98 3 1142 3 56 6 1140 7 
101 5 1141 3 55 3 1143 6 
1142 6 947 8 100 6 54 8 
1149 3 53 5 1145 6 95 1 
1146 9 52 7 1144 6 94 8 
51 5 1145 9 1147 4 97 8 
1146 4 96 3 1140 6 50 3 
59 8 1149 6 1343 5 103 6 
1148 6 1144 3 102 4 58 4 
1857 9 1153 9 1151 8 2226 9 
2225 3 1358 3 1150 8 1856 6 
2228 5 1971 6 1568 3 1153 5 
1854 7 2227 7 1150 9 1152 5 
1971 5 2222 5 1853 7 1157 3 
1455 5 858 7 1099 7 1139 5 
1159 7 1564 7 1157 6 2224 8 
1563 2 2223 4 1154 3 1156 6 
1562 3 1063 4 2230 5 1159 5 
1156 7 2229 6 1561 3 1158 5 
1720 5 1163 3 96 5 1161 8 
1974 7 97 10 1719 6 1160 8 
1714 2 1163 1 1165 2 98 2 
99 3 1160 3 1162 1 1713 3 
100 4 1716 9 488 5 1165 4 
1715 2 1162 2 1164 4 101 5 
1878 2 1869 4 2413 3 1382 4 
1095 4 1009 3 1448 2 2299 2 
2064 8 2062 5 1353 6 211 7 
1172 5 1489 4 
762 4 1171 4 1173 7 1491 6 
1170 4 761 4 1490 2 985 2 
1169 5 1493 6 1173 7 760 5 
1492 6 759 10 1172 7 1170 7 
1875 3 1381 4 1873 8 2407 4 
1126 3 1130 4 1658 5 1983 3 
1284 5 1177 5 252 4 1181 4 
1283 3 251 5 1010 6 1176 5 
1179 4 246 4 1185 4 1280 4 
1180 4 245 5 1178 4 1279 4 
1181 4 1179 4 1282 8 244 7 
1180 4 243 3 1281 7 1176 4 
250 3 1276 7 1183 5 652 5 
249 4 1184 5 1275 4 1182 5 
1185 4 1278 8 248 7 1183 5 
1184 4 247 4 1178 4 1277 4 
1197 4 380 3 1768 4 89 3 
1188 6 1560 7 1190 6 2022 8 
1187 6 2021 2 1559 3 1022 7 
2032 10 1190 5 1570 7 1192 8 
1569 2 1189 5 2031 3 1187 6 
1855 5 1194 6 2034 3 1192 6 
1567 5 2033 7 1189 8 1191 6 
2028 5 1566 6 1196 7 1194 8 
1852 5 1191 6 2027 9 1193 8 
1196 9 2030 10 1386 9 1851 9 
1195 9 2029 7 1193 7 1850 4 
1186 4 396 6 90 6 1765 5 
1772 4 85 5 460 4 2256 3 
1238 5 2253 7 619 5 2255 5 
2378 4 1207 2 1452 4 1201 2 
1453 2 1202 4 2377 3 1200 2 
1450 5 1203 5 1201 4 2380 7 
2379 5 1202 5 1451 4 1209 4 
2382 6 1448 3 2299 3 1298 5 
460 5 1770 4 87 5 2102 6 
1095 6 2299 4 2384 6 1207 5 
1200 2 2383 5 1096 4 1206 5 
2257 2 1240 3 617 1 2255 3 
1210 3 1119 5 2386 3 1203 4 
1209 3 2385 4 442 6 2441 4 
1214 4 2273 3 
2303 3 2317 3 372 2 1220 1 
2081 5 2275 6 1214 6 
1211 4 2274 5 1213 6 
1217 8 656 5 366 3 
365 5 1751 6 1219 7 1217 8 
1750 7 1215 8 364 10 1216 8 
1219 8 370 9 1221 5 1732 9 
1731 6 369 8 1218 8 1216 7 
368 2 1221 2 638 2 1212 1 
1733 6 1220 2 1218 5 367 4 
1945 4 1223 4 1966 6 1225 4 
1222 4 1944 6 1228 4 1965 6 
1964 4 1225 5 1947 6 1416 4 
1946 4 1224 5 1963 7 1222 4 
1227 6 1941 4 1229 8 1970 7 
1230 6 1226 6 1969 8 1940 6 
1968 2 1229 8 1223 4 1943 6 
1666 10 1228 8 1226 8 1942 7 
1227 6 1939 5 1231 4 1960 4 
1230 4 1054 5 1959 5 1938 5 
1233 3 2262 3 1116 3 
1232 3 1234 4 1115 3 2261 4 
28 4 1233 4 1235 4 1110 4 
1234 4 1236 3 625 2 2251 4 
1108 3 2254 3 1235 3 1237 5 
1238 6 2253 8 1107 7 1236 5 
1237 6 1199 5 1114 4 1239 6 
2255 6 1113 5 1240 6 1238 6 
1239 6 1112 6 1241 6 1208 3 
1805 4 1240 6 2257 5 1111 6 
1635 7 1243 8 225 4 2439 4 
1634 8 2119 7 1242 8 224 8 
547 4 389 6 2220 5 
1077 5 933 5 1418 6 1246 4 
1076 2 1247 5 932 5 1245 4 
1085 7 1246 5 929 6 1248 7 
928 6 1084 5 1249 7 1247 7 
1083 7 1250 8 1248 7 931 5 
1251 6 930 6 1249 8 1082 9 
1250 6 1252 6 925 4 1081 2 
1251 6 1080 5 1253 11 924 8 
927 8 1254 8 1079 7 1252 11 
926 4 1253 8 1067 4 1078 3 
1256 6 996 5 1810 5 1625 6 
995 6 1624 5 1255 6 1259 6 
1260 5 998 3 2061 7 1258 4 
997 7 2060 4 1257 4 1263 4 
1000 4 2069 4 1260 6 1256 6 
1257 5 999 5 2063 5 1259 6 
1262 7 1264 5 2057 6 1002 5 
1261 7 1431 9 1001 7 2053 8 
1619 3 1264 4 1004 3 1258 4 
1261 5 1618 3 1263 4 1003 4 
1266 3 933 3 1440 2 2240 2 
1265 3 932 6 2239 5 1273 4 
1268 4 1270 3 2236 3 927 3 
926 5 1267 4 1825 3 2235 6 
1272 5 2238 5 925 5 1270 4 
2237 3 1267 3 924 5 1269 4 
931 5 2232 5 1274 7 1272 6 
2231 5 1269 5 1271 6 930 4 
1274 5 2234 4 1266 4 929 4 
1273 5 1271 7 2233 7 928 6 
1276 6 1278 7 1295 2 1183 4 
1275 6 1182 7 1296 5 1817 6 
1185 4 1278 8 1027 3 1280 4 
1275 7 1184 8 1277 8 1028 9 
1282 8 1033 3 1280 4 1179 4 
1178 4 1277 4 1034 8 1279 4 
1181 7 1031 8 1282 11 1284 8 
1032 6 1279 8 1180 8 1281 11 
1298 3 1177 3 1284 3 1448 1 
1176 5 1283 3 1301 5 1281 8 
1468 6 544 4 1286 5 596 5 
595 5 543 4 1291 4 1285 5 
1288 8 599 5 1294 8 868 8 
1287 8 1289 6 865 6 598 9 
1288 6 536 5 1290 6 601 4 
600 7 1289 6 535 6 179 9 
1292 5 603 4 857 3 1286 4 
1293 5 533 10 1291 5 602 5 
1292 5 1294 6 532 4 605 7 
1293 6 531 8 1287 8 604 9 
1275 2 1296 1 126 1 1028 4 
223 6 125 2 1276 5 1295 1 
1321 2 585 3 587 4 2338 3 
1283 3 1301 5 128 3 1204 5 
1637 6 1309 4 876 5 1300 3 
1104 2 1636 3 875 5 1299 3 
127 3 1031 5 1284 5 1298 5 
2132 4 878 3 2318 9 1303 3 
877 4 1644 3 1304 1 1302 3 
1305 5 880 4 1303 1 1643 4 
1304 5 879 5 1306 8 1642 7 
1641 7 882 5 1307 4 1305 8 
881 4 1306 4 1308 5 1640 2 
1639 7 1309 6 884 8 1307 5 
1299 4 1308 6 883 6 1638 5 
584 9 180 6 1311 6 1318 5 
583 3 535 3 1310 6 179 6 
353 6 363 5 1906 7 986 7 
1314 5 582 8 
581 6 1315 6 1313 5 178 4 
1316 6 1314 6 177 6 578 5 
176 8 1317 5 577 7 1315 6 
1318 3 1316 5 175 3 580 4 
1317 3 174 1 1310 5 579 5 
1326 5 872 2 588 9 1320 2 
871 3 1319 2 1321 1 587 3 
1297 2 1322 2 1320 1 542 3 
1488 4 585 3 1321 2 541 3 
874 3 423 2 1328 1 1324 3 
591 6 873 5 1323 3 1325 5 
546 3 1326 6 590 4 1324 5 
1319 5 1325 6 545 7 589 6 
229 3 383 4 594 5 1328 2 
1323 1 1572 2 1327 2 593 4 
1330 6 903 6 816 4 1332 3 
1329 6 902 5 817 9 757 8 
1332 4 444 5 821 5 1334 5 
1331 4 441 5 1329 3 822 1 
1336 3 819 6 894 3 1334 4 
820 3 893 3 1333 4 1331 5 
459 6 1336 3 1338 4 825 3 
1335 3 1333 3 456 3 1901 1 
823 5 1338 4 898 6 1129 9 
824 6 897 3 1335 4 1337 4 
2335 5 1346 2 2368 3 1340 4 
1341 4 2334 9 2367 4 1339 4 
1340 4 2333 2 1342 5 2370 2 
2369 5 1347 5 2332 8 1341 5 
1344 2 1148 5 2331 2 2372 2 
1343 2 1345 3 2371 3 2330 2 
1344 3 2329 5 1346 3 2374 8 
2328 2 1339 2 1345 3 2373 4 
2337 4 1342 5 1348 3 2376 5 
2375 3 576 4 1347 3 2336 7 
1551 8 487 8 307 9 1350 9 
308 4 1351 4 1550 7 1349 9 
1350 4 1553 5 1352 6 309 3 
310 6 1523 9 1552 8 1351 6 
1354 4 1378 4 1168 6 1356 8 
1353 4 1357 7 1377 4 2062 3 
2065 3 1356 7 
1353 8 1355 7 1376 10 2064 10 
1375 8 1354 7 1358 7 131 8 
1357 7 1374 3 130 4 1151 3 
1360 3 506 4 2244 5 1362 5 
1367 5 2243 6 505 4 1359 3 
1364 3 1362 4 2242 2 508 3 
1361 4 507 7 2241 6 1359 5 
1366 5 1364 6 2248 5 510 5 
1361 3 1363 6 509 4 2247 5 
512 3 1366 2 2246 2 783 3 
1363 5 511 5 1365 2 2245 3 
1360 5 2250 5 
274 5 1369 5 627 7 
626 4 273 7 1368 5 1535 3 
1571 8 2010 7 1372 4 
1523 9 1590 8 1372 6 1552 8 
1522 5 1371 6 1589 2 1370 4 
2280 3 148 4 2447 2 2282 3 
1375 4 718 7 1358 3 1856 6 
1357 8 1377 5 1374 4 717 4 
1378 6 719 6 1356 10 
1378 4 1354 4 1375 5 721 5 
1353 4 1377 4 1376 6 720 3 
1380 4 1874 5 1385 5 
1379 4 1381 4 1873 8 
1380 4 1174 4 
1383 5 1387 5 2438 6 1166 4 
1869 5 1384 3 1382 5 2056 7 
1383 3 1385 5 1872 4 2055 3 
1871 5 1384 5 1379 5 2054 5 
1387 4 1879 4 2059 7 1195 9 
1386 4 1382 5 1878 3 2058 5 
1396 4 2158 5 909 5 1389 4 
2157 4 1390 5 908 7 1388 4 
1391 4 1389 5 2160 4 907 6 
1390 4 1392 3 2159 5 906 2 
913 4 1393 2 685 3 1391 3 
1392 2 1394 3 912 4 676 1 
2172 5 911 4 1393 3 1395 5 
1915 4 1394 5 910 5 2171 5 
1388 4 2025 4 904 5 
1636 3 1104 2 1991 3 1770 2 
2107 4 1555 7 1948 5 1399 6 
1554 6 1406 5 2106 5 1398 6 
1403 4 1401 5 1553 8 2113 4 
1552 4 1400 5 1590 4 196 4 
1403 3 1551 5 1405 5 794 4 
1550 4 198 3 1400 4 1402 3 
1549 9 1405 7 1407 7 192 6 
191 7 1548 4 1404 7 1402 5 
195 3 1399 5 1547 4 1407 4 
193 6 1546 4 1404 7 1406 4 
1417 4 2423 4 1780 6 1409 9 
1779 8 1410 8 2422 9 1408 9 
2421 6 1782 6 1409 8 1411 4 
2420 2 1412 4 1410 4 1781 4 
2419 4 1776 5 1411 4 1413 5 
2418 8 1775 6 1414 4 1412 5 
1778 2 1415 8 2417 5 1413 4 
1414 8 1588 10 2416 8 1777 8 
1417 2 2425 2 1774 3 1224 4 
1408 4 2424 3 1416 2 1773 1 
1419 4 898 7 1245 6 743 4 
1420 4 1418 4 742 2 897 2 
1421 5 1419 4 745 6 459 7 
1420 5 1422 4 744 3 456 4 
894 3 1423 6 1421 4 747 3 
1424 5 893 5 1422 6 746 6 
749 2 1423 5 1425 6 444 3 
748 8 1426 7 1424 6 441 9 
1427 6 1425 7 751 8 903 6 
902 5 1426 6 1621 5 750 6 
1026 7 719 3 
703 5 1953 6 399 6 1121 8 
810 4 2101 4 1433 6 1431 8 
1262 9 1430 8 2082 9 809 11 
1026 7 1433 5 
1432 5 1430 6 1025 5 
1437 2 1102 6 1449 6 534 7 
1436 4 1094 3 129 5 751 7 
1435 4 2081 5 2275 6 750 5 
1434 2 1101 6 1139 1 854 2 
745 4 2074 3 1439 3 1441 4 
2073 3 744 3 1444 5 1438 3 
1441 4 1265 2 2076 4 743 2 
1440 4 2075 3 742 4 1438 4 
2078 4 1445 4 749 3 1094 4 
1104 5 1449 8 875 8 848 6 
1445 5 1439 5 2080 7 747 4 
1442 4 1444 5 746 4 2079 4 
1447 2 154 3 1981 5 2356 3 
1446 2 2355 3 1125 2 155 1 
1204 3 1167 2 1283 1 1010 4 
1443 8 845 8 1103 5 1434 6 
1202 5 1451 4 1453 3 1012 7 
1119 5 1203 4 1450 4 1011 2 
1096 6 1200 4 1014 6 1453 4 
1201 2 1450 3 1452 4 1013 3 
1120 6 2016 7 156 7 1118 6 
1155 5 1461 1 1098 3 538 2 
1617 5 753 5 1459 5 1457 7 
1616 4 752 3 1456 7 
1127 3 755 5 1459 2 1623 4 
754 6 1622 3 1456 5 1458 2 
1621 3 757 6 1127 3 902 3 
1097 3 1455 1 1066 2 537 3 
1467 3 1463 6 412 3 2301 4 
1462 6 2298 8 945 8 411 5 
1465 3 1471 6 344 3 418 4 
1464 3 1466 4 343 4 417 2 
1465 4 342 9 420 4 1467 4 
1462 3 341 3 419 4 1466 4 
340 7 1469 5 414 4 1285 6 
1468 5 1470 3 413 2 339 6 
2286 5 1469 3 1471 6 416 3 
415 7 1464 6 2285 5 1470 6 
1093 2 1475 4 1473 6 2026 6 
2156 6 1472 6 1092 8 1657 9 
2024 4 1477 2 1475 4 
2023 4 1474 4 1472 4 
1478 3 1477 3 2147 4 
1476 3 1474 2 2144 6 
1476 3 2019 3 
1486 5 350 4 232 3 1480 6 
1481 5 231 6 349 6 1479 6 
1480 5 1482 5 404 3 352 2 
1481 5 403 8 351 6 1487 9 
934 5 1484 4 346 6 410 8 
345 3 1485 2 1483 4 409 5 
1484 2 408 4 348 3 1486 5 
1479 5 1485 5 347 5 407 7 
1488 7 338 6 402 5 1482 9 
1487 7 1322 4 401 6 337 4 
1169 4 283 5 1493 5 
286 3 1491 4 261 3 1171 2 
287 6 1490 4 1492 5 1170 6 
1173 6 284 5 1493 5 1491 5 
285 8 1172 6 1492 5 1489 5 
1495 8 696 9 294 5 1501 5 
1494 8 1496 5 695 5 295 6 
698 5 1495 5 1497 2 292 5 
1496 2 293 3 76 5 697 3 
1503 6 700 5 290 6 1499 7 
1500 6 291 5 699 7 1498 7 
1499 6 288 4 702 4 1501 2 
289 4 701 3 1500 2 1494 5 
706 5 1503 7 1678 5 296 6 
297 6 1502 7 705 6 1498 6 
2143 5 1505 5 1685 6 694 6 
2142 8 1504 5 1506 2 693 2 
2137 1 1505 2 1507 2 690 4 
2136 3 1508 7 689 7 1506 2 
2135 9 692 6 1507 7 1509 6 
1510 2 2134 4 691 1 1508 6 
1509 2 1511 2 2141 3 687 7 
1512 4 1510 2 686 1 2140 3 
1511 4 2139 5 1513 7 688 5 
2138 6 1512 7 
1515 3 1905 2 1917 6 1525 2 
1916 4 1904 6 1516 3 1514 3 
1515 3 1903 5 1919 5 1517 4 
1518 4 1918 4 1516 4 1902 6 
1909 2 1921 6 1519 4 1517 4 
1920 8 1518 4 1520 3 1908 5 
1521 1 1519 3 1923 5 1907 1 
1520 1 986 4 1922 2 1906 4 
371 5 1372 5 1571 9 1523 8 
1352 9 374 5 1371 9 1522 8 
1911 4 2171 6 1525 4 1915 5 
1524 4 1910 2 1514 2 1914 1 
107 2 1529 4 464 3 1527 7 
106 9 463 10 1532 9 1526 7 
1529 5 397 4 576 5 2336 8 
1528 5 1526 4 465 4 575 8 
468 6 1531 6 1533 7 111 5 
398 5 1530 6 110 5 1534 5 
109 6 1527 9 1533 7 470 8 
108 8 469 7 1532 7 1530 7 
1975 3 1535 3 1531 5 113 6 
1534 3 112 2 379 3 1369 3 
1537 4 708 7 3 6 1541 6 
707 3 1536 4 2 4 300 5 
7 4 1545 6 710 4 1539 5 
1540 3 709 7 1538 5 6 8 
1539 3 1541 3 712 5 5 7 
1540 3 4 5 1536 6 711 5 
1543 7 11 4 714 7 
713 7 10 8 1542 7 1544 6 
9 4 716 2 1545 5 1543 6 
8 7 1544 5 715 4 1538 6 
1407 4 485 3 1547 4 1549 6 
1554 5 484 4 1406 4 1546 4 
487 4 1551 4 1405 4 1549 6 
486 8 1404 9 1548 6 1546 6 
1403 4 1350 7 1553 8 1551 6 
1548 4 1550 6 1402 5 1349 8 
1401 4 1352 8 1553 7 1371 8 
1351 5 1550 8 1400 8 1552 7 
1399 6 1555 7 1547 5 489 3 
1398 7 1716 11 1554 7 488 7 
2435 5 482 7 311 7 1557 6 
481 4 2434 5 1558 4 1556 6 
2429 6 1557 4 
1744 8 1560 4 2143 4 1188 3 
1559 4 1187 7 1569 3 2142 8 
1564 3 553 1 1562 1 1159 3 
1158 3 552 5 336 2 1561 1 
1853 6 1157 2 1564 3 559 1 
1563 3 1156 7 558 3 1561 3 
1971 10 561 8 1853 12 1568 7 
1193 6 2140 4 1850 3 1852 3 
1570 4 1192 5 1855 4 2135 5 
1565 7 1854 5 1152 3 554 1 
1190 2 1560 3 2137 2 1570 4 
2136 4 1567 4 1569 4 1189 7 
457 7 1370 8 1522 9 
229 3 2386 3 1328 2 874 4 
1829 4 445 2 1574 4 643 5 
443 7 1573 4 1828 4 646 7 
13 4 685 3 645 2 42 3 
596 5 2211 4 1777 4 1588 6 
451 6 449 7 477 4 2027 8 
1655 5 2272 7 1610 6 199 6 
601 6 1593 6 1582 4 1580 7 
1912 6 1592 7 600 6 1579 7 
599 3 1595 4 1584 4 1582 2 
598 5 1581 2 1594 2 1579 4 
1586 4 1597 4 1584 4 605 7 
604 7 1583 4 1581 4 1596 6 
2211 2 603 3 1586 3 1599 1 
1583 4 1598 5 1585 3 602 4 
2264 7 1599 5 1588 8 2211 6 
2263 6 1587 8 1415 10 1576 6 
1962 4 1590 4 2010 5 1372 2 
1961 4 1589 4 1371 8 1401 4 
47 7 2158 5 46 4 649 5 
1593 6 1580 7 
1594 4 1592 6 1579 6 2271 4 
1593 4 1595 4 1582 2 2270 5 
1581 4 2269 5 1594 4 1596 6 
2268 5 1584 6 1595 6 1597 6 
1583 4 1598 5 1596 6 2267 4 
2266 4 1599 3 1586 5 1597 5 
1598 3 1587 5 2265 3 1585 1 
648 6 1138 4 205 4 650 6 
1604 8 1602 6 1645 8 67 7 
66 4 1601 6 1607 3 1952 5 
1955 7 1614 11 1604 7 65 4 
1954 7 1601 8 1603 7 64 6 
1606 8 1608 4 63 4 1949 4 
1605 8 1948 8 62 7 2107 7 
1602 3 1608 3 1951 5 61 4 
1605 4 60 3 1607 3 1950 3 
2397 5 841 5 1612 2 2049 3 
1578 6 202 5 1615 3 1133 3 
1612 1 2395 3 843 3 2052 4 
1611 1 1609 2 842 3 2394 2 
69 3 1802 5 1957 2 1614 8 
1956 10 68 9 1603 11 1613 8 
1134 2 654 4 201 3 1610 3 
1457 4 1617 2 
1456 5 1616 2 1622 3 
2057 4 1264 3 1619 2 555 7 
1263 3 554 1 1618 2 2060 3 
1995 3 1127 4 1623 5 1621 4 
1460 3 1994 6 1427 5 1620 4 
1459 3 1623 5 1617 3 1997 3 
1620 5 1996 7 1622 5 1458 4 
1256 5 2069 3 1625 5 553 3 
1624 5 1069 6 552 7 1255 6 
2287 8 1633 5 633 6 1627 7 
632 5 1628 5 1626 7 2281 5 
635 4 1629 7 1627 5 2436 3 
2433 7 1628 7 634 6 1815 10 
2439 3 1631 5 629 4 1635 6 
628 9 1630 5 2437 6 1632 6 
631 5 1633 3 2327 4 1631 6 
1626 5 1632 3 2314 2 630 2 
1243 8 679 6 1635 7 637 5 
1242 7 1630 6 636 8 1634 7 
1397 3 1929 5 1300 3 1637 6 
1299 6 1638 7 1928 5 1636 6 
1637 7 1639 6 1931 6 1309 5 
1308 7 1638 6 1930 8 1640 4 
1641 5 1307 2 1933 3 1639 4 
1306 7 1642 6 1640 5 1932 4 
1641 6 1643 6 1935 7 1305 7 
1644 6 1642 6 1934 4 1304 4 
2132 4 1937 4 1643 6 1303 3 
1952 7 1601 8 1719 4 1954 7 
316 3 667 3 1647 8 814 2 
813 10 668 9 1648 8 1646 8 
815 3 1647 8 
318 2 2191 2 1118 2 2133 6 
383 6 229 5 2212 5 518 6 
323 3 1652 7 1654 4 
324 10 2133 11 944 8 1651 7 
826 3 316 5 1824 4 661 6 
326 4 1651 4 
1578 5 1133 2 1076 2 1129 8 
1663 5 923 3 1657 6 1868 4 
1867 6 922 6 1656 6 1473 9 
1661 8 919 5 1659 5 1175 5 
1130 4 1658 5 1664 2 918 3 
1840 5 1128 4 1661 6 921 5 
1658 8 920 8 1126 6 1660 6 
1663 6 915 3 1665 6 1862 4 
1662 6 1656 5 1861 6 914 6 
1665 5 1109 4 917 6 1659 2 
916 6 1859 4 1662 6 1664 5 
1229 10 1970 9 1968 4 51 5 
2059 7 2138 5 1668 4 
1670 2 2058 5 1667 4 
1671 5 2055 3 
1668 2 2438 3 1671 4 
1669 5 1670 4 2056 9 
1985 6 182 6 1673 10 660 8 
181 6 663 6 1672 10 1986 9 
859 2 1681 4 1675 2 433 4 
434 5 858 3 1676 3 1674 2 
538 4 1675 3 1677 4 431 5 
1682 4 537 4 432 3 1676 4 
1679 4 848 4 1502 5 437 7 
1680 5 1678 4 845 6 315 4 
534 8 1681 5 1679 5 435 4 
436 8 1680 5 1674 4 854 4 
439 5 1677 4 1683 6 540 5 
1136 7 440 4 539 5 1682 6 
847 7 818 4 899 5 279 5 
1686 3 2001 3 1504 6 521 5 
520 4 1685 3 2000 3 1687 2 
1686 2 1688 6 523 3 1999 2 
1687 6 1998 8 1689 7 522 7 
525 4 2005 5 1690 3 1688 7 
1691 2 524 6 1689 3 2004 5 
1690 2 1692 5 2003 4 527 4 
1691 5 1693 9 526 8 2002 5 
2007 8 1692 9 529 6 1694 7 
1864 10 528 3 2006 4 1693 7 
91 9 1761 8 1735 7 1696 7 
1760 9 1695 7 1734 6 1697 7 
1755 8 1698 7 1741 6 1696 7 
1697 7 1754 5 1740 6 1699 5 
1757 6 1698 5 1739 4 1700 5 
71 8 1738 5 1756 3 1699 5 
238 9 1702 5 943 6 1705 5 
1701 5 237 5 942 6 1708 7 
133 6 1875 2 
240 5 104 4 941 3 1705 4 
940 5 1701 5 239 4 1704 4 
939 9 1707 7 1709 7 234 7 
1706 7 938 3 233 5 758 3 
236 7 1709 8 937 8 1702 7 
1708 8 235 8 1706 7 936 4 
385 2 2218 4 547 1 1764 3 
1973 4 1712 3 1957 3 1891 2 
1956 4 1711 3 1972 6 1717 4 
1951 6 1714 4 1720 5 1163 3 
1162 2 1950 3 1713 4 1715 2 
1165 2 1716 7 1714 2 1949 2 
1555 11 1164 9 1948 9 1715 7 
1718 4 1976 6 1955 6 1712 4 
1719 2 1954 5 1717 4 1974 3 
1718 2 1720 3 1161 6 1645 4 
1160 5 1719 3 1713 5 1952 6 
1036 2 979 5 1722 3 1728 5 
1723 5 1035 2 1721 3 978 4 
1722 5 1724 9 1038 4 977 5 
1723 9 1900 8 976 8 1037 8 
1730 3 1726 2 983 6 1040 3 
982 3 1727 3 1725 2 1039 2 
1726 3 1728 5 1042 10 981 6 
1041 6 1727 5 1721 5 980 7 
1030 6 761 5 985 3 1730 5 
1725 3 1029 5 1729 5 984 5 
1219 6 843 4 1751 5 1732 7 
1733 10 842 8 1731 7 1218 9 
841 8 638 6 1732 10 1221 6 
1741 5 1735 6 359 6 1696 6 
358 3 1734 6 1695 7 335 3 
2007 6 1747 6 1737 5 1016 4 
115 3 1015 5 1736 5 2006 4 
1700 5 1739 4 353 5 355 5 
1740 5 354 4 1738 4 1699 4 
357 8 1698 6 1739 5 1741 5 
356 4 1734 5 1740 5 1697 6 
1024 5 1999 2 1743 3 1745 3 
1998 5 1742 3 1023 3 1748 3 
1559 8 1022 12 2001 6 1745 7 
1021 2 1742 3 1744 7 2000 4 
1749 5 1020 4 1747 6 2003 6 
2002 4 1019 5 1746 6 1736 6 
1749 3 1018 4 2005 4 1743 3 
1746 5 1748 3 2004 6 1017 3 
1217 7 656 4 1751 5 838 2 
1750 5 1216 6 837 7 1731 5 
1753 4 986 5 2316 5 1922 3 
1752 4 1756 3 71 8 2315 4 
1698 5 1755 6 1757 6 2326 4 
1697 8 1754 6 2325 5 1760 10 
1757 4 2324 2 1753 3 1700 3 
1699 6 1756 4 1754 6 2323 5 
1761 5 91 6 2322 4 1759 5 
1063 5 2230 6 2321 8 1758 5 
2320 9 1696 9 1755 10 1761 10 
1758 5 1695 8 2319 5 1760 10 
1825 4 2235 7 49 8 1763 8 
673 7 1762 8 1767 6 519 8 
388 4 1710 3 2217 4 574 7 
1766 5 1197 5 1821 6 1768 5 
1771 6 396 6 1820 4 1765 5 
380 3 1823 3 1763 6 1768 4 
1186 4 1822 5 1767 4 1765 5 
460 5 1770 4 1772 5 1991 5 
1205 4 1929 4 1769 4 1397 2 
1766 6 1772 6 1819 5 2256 5 
1818 7 1198 4 1771 6 1769 5 
412 2 1417 1 1780 3 1774 2 
1947 5 1773 2 1416 3 411 2 
416 5 1776 6 1413 6 1778 4 
1775 6 1781 5 1412 5 415 5 
414 2 1778 2 1576 4 1415 8 
1414 2 1777 2 1775 4 413 1 
1409 8 420 4 1782 6 1780 5 
1408 6 1773 3 419 5 1779 5 
1782 6 1776 5 418 5 1411 4 
1781 6 1779 6 1410 6 417 4 
675 6 1784 5 283 8 
672 5 1785 5 1783 5 285 5 
1786 7 1784 5 671 6 284 8 
1787 4 670 7 1785 7 287 5 
1786 4 2289 8 286 4 669 2 
1890 8 1797 4 1789 4 530 5 
1889 4 1788 4 1790 2 1796 3 
1791 6 1789 2 1888 5 1799 2 
1798 6 1792 8 1790 6 1887 7 
1801 5 1791 8 1793 5 1894 4 
1794 6 1792 5 1893 3 1800 5 
1803 7 1793 6 1892 7 1795 5 
1802 5 1891 1 1794 5 1957 2 
1797 3 1799 3 1789 3 2345 7 
1788 4 1804 2 1796 3 2344 3 
1791 6 1799 2 2343 5 1801 3 
1798 2 1796 3 2342 4 1790 2 
1801 5 2341 7 1803 6 1793 5 
2340 5 1792 5 1800 5 1798 3 
2339 6 1613 5 1795 5 1803 7 
2338 4 1794 7 1802 7 1800 6 
1797 2 530 3 2347 6 1805 2 
1241 4 1804 2 467 4 2346 5 
472 8 1073 9 1807 8 1813 9 
1806 8 471 6 1808 7 1072 7 
1809 6 474 7 1075 8 1807 7 
1808 6 1074 6 473 5 1814 5 
476 3 1811 4 1255 5 1069 5 
1810 4 1068 4 475 4 1812 4 
1813 6 1071 4 1811 4 478 2 
1812 6 477 6 1070 7 1806 9 
1065 4 480 8 1815 8 1809 5 
479 7 1064 8 1629 10 1814 8 
1831 6 847 8 1817 5 653 6 
223 7 652 4 1816 5 1276 6 
1772 7 1102 9 1991 7 1819 6 
1820 3 1771 5 1818 6 1101 7 
1819 3 1766 4 1821 5 1100 2 
1099 6 1820 5 1765 6 1822 6 
1098 5 1768 5 1823 4 1821 6 
673 4 1767 3 1097 4 1822 4 
855 4 1653 4 1913 5 674 4 
1762 4 1105 1 1268 3 673 3 
853 5 674 6 1827 5 647 5 
646 6 1828 3 1826 5 230 6 
1829 4 1827 3 1574 4 851 4 
1828 4 1573 4 1830 5 852 6 
1829 5 849 4 1831 5 643 6 
1816 6 642 8 850 5 1830 5 
490 5 1833 8 2020 8 
2019 6 1834 6 1832 8 491 5 
1833 6 492 4 2147 4 1835 9 
493 7 1834 9 1836 11 2144 12 
1837 10 2024 7 494 7 1835 11 
1836 10 495 7 2023 7 1838 9 
2026 8 1839 5 496 6 1837 9 
497 5 1838 5 1990 3 2156 3 
731 4 2356 4 1841 3 1660 5 
730 6 1840 3 1842 4 2355 3 
727 7 1843 6 2014 7 1841 4 
726 5 1844 7 2013 4 1842 6 
2012 6 1843 7 729 9 1845 6 
728 3 1846 5 2011 3 1844 6 
723 6 1847 6 2018 5 1845 5 
722 5 1846 6 1848 5 2017 3 
1849 3 1847 5 725 6 2016 5 
1993 3 1848 3 724 3 2015 3 
2139 3 1566 3 1851 4 1196 4 
2059 7 2138 5 1195 9 1850 4 
2141 3 1194 5 1855 4 1566 3 
1563 6 560 6 1565 12 1154 7 
1153 7 555 10 1568 5 1857 7 
1191 5 2134 6 1852 4 1567 4 
1857 7 557 5 1374 6 1151 6 
1150 9 556 8 1856 7 1854 7 
1880 5 312 11 633 5 2170 6 
1986 5 1665 4 1862 2 1109 3 
675 5 1090 5 1865 8 
1868 5 1663 6 1988 4 1862 4 
1987 2 1859 2 1861 4 1662 4 
670 7 1089 3 1866 5 1864 11 
1694 10 669 9 1088 13 1863 11 
1866 7 672 9 1860 8 1087 6 
1865 7 671 4 1863 5 1086 7 
1657 6 1868 4 2156 3 1990 3 
1989 5 1861 5 1867 4 1656 4 
1383 5 2414 5 1166 4 1872 6 
306 6 2166 5 629 6 1876 5 
2412 6 1385 5 1872 4 1874 5 
1871 4 2411 4 1384 4 1869 6 
1874 9 1380 8 1174 8 2410 12 
1873 9 1379 5 2409 7 1871 5 
1174 3 2408 1 1703 2 
628 7 1877 5 1870 5 2165 3 
2164 8 1876 5 1880 5 631 6 
1879 3 1387 3 1166 2 2404 3 
2030 5 1386 4 1878 3 2403 4 
2163 4 1858 5 630 3 1877 5 
949 5 484 5 304 6 1958 7 
313 2 1979 3 311 4 
486 7 951 6 314 9 1958 7 
375 5 2167 5 634 3 2415 5 
1886 9 1890 10 957 6 530 7 
1885 9 956 4 618 5 467 7 
1888 6 959 6 1894 3 1791 7 
1887 6 958 6 1889 7 1790 5 
1890 8 961 5 1789 4 1888 7 
1788 8 1889 8 960 9 1885 10 
1795 1 1892 3 963 3 1711 2 
1794 7 962 4 1893 4 1891 3 
965 3 1892 4 1793 3 1894 2 
964 5 1887 3 1792 4 1893 2 
1896 5 800 5 
799 5 1895 5 1897 5 
798 4 1898 7 1896 5 
1899 7 797 7 1897 7 
1898 7 796 4 1900 5 
795 4 844 5 1724 8 1899 5 
819 4 825 1 1336 1 26 1 
216 9 1903 7 1909 4 1517 6 
1516 5 1904 8 1902 7 215 6 
1515 6 218 7 1903 8 1905 5 
1514 2 217 1 1904 5 1910 2 
220 5 1907 4 1312 7 1521 4 
1906 4 219 4 1520 1 1908 3 
1909 3 1519 5 222 5 1907 3 
1518 2 1908 3 1902 4 221 3 
1911 2 225 3 1525 2 1905 2 
1524 4 1910 2 224 3 641 2 
1580 6 499 5 
1824 5 644 5 72 5 826 4 
1915 2 1917 5 2146 3 1525 1 
1914 2 1395 4 1524 5 2145 6 
1515 4 1917 7 1919 6 2155 5 
1916 7 1514 6 1914 5 2154 9 
1919 5 1921 6 2153 3 1517 4 
1918 5 1516 5 2152 4 1916 6 
1519 8 2151 8 1921 10 1923 10 
1518 6 1918 6 2150 5 1920 10 
1521 2 2149 5 1752 3 1923 6 
2148 10 1520 5 1922 6 1920 10 
760 3 1925 3 551 1 
1926 7 759 8 1924 3 550 4 
1927 7 549 8 1925 7 762 6 
1926 7 761 5 1030 6 548 5 
1929 4 1931 4 1637 5 2103 3 
1928 4 1636 5 1770 4 2102 6 
153 7 1933 7 1931 8 1639 8 
1928 4 1638 6 1930 8 152 6 
2094 5 1933 2 1935 5 1641 4 
1932 2 2093 3 1930 7 1640 3 
2100 3 1935 5 1937 2 1643 4 
2099 8 1932 5 1934 5 1642 7 
2048 4 2132 4 1937 4 2098 4 
1644 4 2097 2 1934 2 1936 4 
2083 5 975 4 1939 6 1231 5 
1230 5 974 4 1940 5 1938 6 
1941 4 973 4 1939 5 1227 6 
972 7 1940 4 1226 4 1942 3 
1943 5 971 5 1941 3 1229 7 
1942 5 1944 8 970 5 1228 6 
1943 8 969 7 1223 6 1945 6 
968 5 1222 4 1946 4 1944 6 
1225 4 967 6 1947 5 1945 4 
1774 5 966 7 1946 5 1224 6 
1716 9 1606 8 1398 5 1949 4 
1950 3 1605 4 1948 4 1715 2 
1951 5 1714 3 1949 3 1608 3 
1713 6 1950 5 1952 7 1607 5 
1951 7 1645 7 1720 6 1602 5 
1429 6 400 5 891 6 1122 6 
1604 7 1718 5 1955 7 1645 7 
1956 6 1603 7 1954 7 1717 6 
1955 6 1957 4 1712 4 1614 10 
1956 4 1711 3 1613 2 1795 2 
485 5 948 6 1883 7 1881 7 
2110 5 59 7 1960 5 1231 5 
1959 5 1230 4 58 4 1969 6 
1962 4 377 7 196 4 1590 4 
1589 4 1961 4 1967 5 376 4 
1966 9 1225 7 1964 6 55 6 
1224 4 54 5 2425 2 1963 6 
1968 4 1966 8 57 4 1223 6 
1965 8 1963 9 1222 6 56 9 
378 4 1962 5 2010 6 
1965 4 1228 2 1666 4 50 3 
1227 8 1970 9 53 8 1960 6 
1666 9 52 7 1969 9 1226 7 
1154 5 1565 10 1152 6 2221 4 
1976 8 1973 7 1712 6 102 6 
1711 4 963 5 103 5 1972 7 
94 4 1976 5 1161 7 1718 3 
398 3 1534 3 379 3 2259 3 
1972 8 1974 5 1717 6 95 4 
515 1 1978 2 
1979 4 514 5 313 3 1977 2 
1978 4 1882 3 517 4 1980 8 
516 9 2435 7 311 9 1979 8 
1128 5 1982 7 1446 5 657 6 
1126 6 1983 6 1981 7 658 5 
1982 6 659 5 1984 3 1175 3 
660 3 1985 1 1130 4 1983 3 
1672 6 1984 1 1986 5 1109 3 
1859 5 1985 5 1987 5 1673 9 
1862 2 1988 2 663 2 1986 5 
1987 2 664 5 1989 4 1861 4 
1868 5 1990 4 1988 4 665 6 
666 3 1839 3 1989 4 1867 3 
1397 3 1818 7 1103 3 1769 5 
1993 5 2192 6 563 3 
1849 3 1992 5 2191 4 562 6 
1621 6 750 7 2275 8 1995 5 
1996 5 1620 3 1994 5 2274 2 
1995 5 2273 7 1997 5 1623 7 
1996 5 1622 3 
1688 8 1999 4 1743 5 2005 6 
2000 3 1742 2 1998 4 1687 2 
1999 3 1686 3 2001 3 1745 4 
2143 2 1685 3 1744 6 2000 3 
2003 4 1747 4 2007 4 1692 5 
2002 4 1691 4 1746 6 2004 7 
2005 7 1690 5 1749 6 2003 7 
2004 7 1689 5 1748 4 1998 6 
1088 7 2007 5 1694 4 1737 4 
1693 8 1736 6 2002 4 2006 5 
988 4 227 7 569 5 2009 4 
226 4 987 7 2035 9 2008 4 
1967 6 1370 7 1589 5 
1124 8 2018 3 2012 3 1845 3 
2013 3 1844 6 12 3 2011 3 
2012 3 1843 4 2014 5 483 5 
2355 6 1125 5 1842 7 2013 5 
2191 4 2016 5 1118 4 1849 3 
1454 7 2017 3 2015 5 1848 5 
2016 3 2018 2 1120 2 1847 3 
2017 2 1846 5 2011 3 1 3 
1833 6 2147 4 2020 6 1478 3 
1832 8 2019 6 
2022 4 2167 5 375 5 1188 2 
2021 4 455 6 2031 5 1187 8 
1475 4 2026 6 2024 4 1837 7 
1474 4 1836 7 2023 4 2144 8 
1396 4 2158 5 649 5 
2023 6 1838 8 1472 6 2156 6 
2034 6 1577 8 1194 9 2028 6 
2029 5 1193 5 449 5 2027 6 
2028 5 1196 7 448 8 2030 8 
1879 5 447 5 1195 10 2029 8 
2032 8 2022 5 1190 3 454 5 
2033 9 1189 10 453 8 2031 8 
2034 4 2032 9 452 7 1192 7 
2033 4 451 4 2027 6 1191 3 
2009 9 2038 8 994 8 228 6 
54 6 2425 3 947 6 2037 4 
2041 5 2424 4 946 4 2036 4 
993 5 2035 8 
2040 5 2421 6 951 5 2042 6 
2420 3 2039 5 2045 5 950 3 
2037 5 2423 4 2042 7 949 5 
948 6 2041 7 2422 7 2039 6 
2046 7 955 6 2417 8 2044 6 
954 2 2174 5 2416 3 2043 6 
953 3 2419 4 2040 5 2046 5 
2043 7 952 4 2418 8 2045 5 
2049 3 2048 3 2401 4 836 2 
1936 4 2047 3 2400 3 835 5 
2047 3 840 5 1609 3 2396 5 
2399 2 2052 4 838 1 
274 5 2402 6 
837 7 2398 4 2050 4 1611 4 
2082 8 2057 7 557 5 1262 8 
1385 5 2055 3 
1669 3 2056 7 1384 3 2054 3 
2055 7 2438 8 1671 9 1383 7 
2053 7 1618 4 1261 6 556 8 
2059 8 1668 5 2438 6 1387 5 
2058 8 1851 7 1386 7 1667 7 
1258 4 2061 7 561 4 1619 3 
2060 7 2063 7 1257 7 560 5 
212 5 1168 5 131 4 1354 3 
559 3 2061 7 2069 3 1260 5 
1168 8 2065 6 1356 10 210 8 
209 4 2064 6 1355 3 
48 4 756 5 2307 10 2067 5 
2306 3 817 7 2066 5 757 6 
754 8 48 3 2071 3 2309 5 
558 1 1624 3 1259 4 2063 3 
2071 3 752 3 2072 5 2311 6 
2070 3 2068 3 2310 4 753 1 
2070 5 2312 7 
1439 3 173 5 2074 3 2080 5 
2073 3 2075 2 1438 3 172 2 
1441 3 2074 2 171 1 2076 3 
170 4 2240 4 1440 4 2075 3 
1094 5 129 7 2078 5 169 7 
1442 4 2077 5 168 3 2079 4 
167 4 2080 6 1445 4 2078 4 
2079 6 2073 5 166 6 1444 7 
1213 5 165 3 129 6 1436 5 
2053 8 2101 5 718 9 1431 9 
2084 7 1938 5 1054 5 792 5 
1053 6 2083 7 2085 7 791 7 
1056 7 2084 7 2086 6 790 4 
2087 5 789 5 2085 6 1055 5 
2086 5 2088 4 1058 2 788 6 
2087 4 1057 4 2089 6 787 4 
786 8 2088 6 2090 5 1060 7 
1059 3 2089 5 785 4 2091 3 
2092 4 1062 5 2090 3 784 5 
1061 5 2091 4 2246 4 783 5 
2094 6 1933 3 153 3 264 3 
1932 5 2093 6 263 8 2099 8 
2406 4 2096 6 627 6 
626 6 2260 7 2405 9 2095 6 
2100 3 268 3 1937 2 2098 2 
267 4 2400 3 2097 2 1936 4 
1935 8 2100 6 270 6 2094 8 
269 9 2097 3 1934 3 2099 6 
1430 4 2082 5 1025 3 717 3 
2103 5 272 5 1205 6 1929 6 
152 5 271 4 2102 5 1928 3 
197 3 2105 3 2337 4 1062 5 
397 3 1061 4 2336 7 2104 3 
2107 3 195 3 1399 5 242 4 
2106 3 1398 4 241 3 1606 7 
2109 4 2329 5 1056 7 2111 5 
2114 3 2108 4 1055 3 2328 3 
1959 5 1054 5 2111 5 2331 3 
2110 5 1053 4 2108 5 2330 4 
1060 6 2115 6 2333 3 197 4 
239 3 196 3 198 3 1400 4 
2115 5 2109 3 2335 5 1058 2 
2334 10 2114 5 2112 6 1057 5 
2123 5 42 5 2117 5 678 6 
2116 5 677 2 2118 2 41 4 
680 3 40 4 2117 2 2119 2 
679 5 39 3 1243 7 2118 2 
2121 2 682 3 46 4 
45 2 2120 2 681 6 2122 2 
2123 3 2121 2 44 3 684 3 
683 6 43 3 2116 5 2122 3 
694 5 2125 4 2388 4 2296 7 
2124 4 2387 3 2128 8 693 2 
2391 4 2127 2 2129 2 692 1 
2126 2 2390 6 691 2 2130 4 
2129 8 2393 8 690 10 2125 8 
2128 8 2126 2 2392 4 689 7 
2389 4 687 8 2131 3 2127 4 
686 1 2130 3 
1644 4 1936 4 835 5 1302 4 
317 8 1652 11 1649 6 2192 9 
2135 7 1509 4 2141 5 1855 6 
1508 9 2134 7 2136 5 1567 5 
2137 2 1570 4 1507 3 2135 5 
2136 2 2142 7 1506 1 1569 2 
1667 5 1851 5 1513 6 2139 4 
1512 5 1850 3 2138 4 2140 4 
1566 4 2141 4 1511 3 2139 4 
1852 3 2134 5 1510 3 2140 4 
2143 8 1505 8 2137 7 1560 8 
1504 5 2142 8 2001 2 1559 4 
2147 7 2024 8 1477 6 1835 12 
910 7 2146 7 1915 6 422 5 
421 4 2154 7 2145 7 1914 3 
2019 4 2144 7 1834 4 1476 4 
1923 10 2149 9 424 7 2151 8 
298 6 2148 9 2316 7 1922 5 
1921 5 2153 2 426 4 2151 3 
1920 8 425 4 2150 3 2148 8 
428 3 1919 4 2153 2 2155 3 
427 6 1918 3 2150 2 2152 2 
430 8 2146 7 1917 9 2155 7 
429 6 2154 7 1916 5 2152 3 
1473 6 2026 6 1867 3 1839 3 
1389 4 2160 3 2158 5 47 7 
1388 5 1591 5 2025 5 2157 5 
645 4 2160 5 1391 5 685 5 
2159 5 2157 3 1390 4 17 4 
1016 4 2162 7 2166 5 306 6 
2161 7 886 7 305 5 1015 7 
1880 4 1018 5 2164 7 2170 5 
2165 6 1877 8 1017 6 2163 7 
2164 6 1020 2 2166 3 1876 3 
1019 4 1870 5 2161 5 2165 3 
2168 6 2021 5 1022 10 1884 5 
2415 6 2167 6 2169 3 1021 3 
2168 3 2170 3 312 8 1024 4 
1023 4 2169 3 2163 5 1858 6 
641 4 2172 5 1524 6 1395 5 
1394 5 2171 5 676 3 640 7 
2174 7 2264 6 2176 5 764 5 
2173 7 2263 6 763 6 2044 5 
2176 4 766 4 2178 3 2266 4 
2175 4 765 2 2173 5 2265 4 
2268 4 2180 6 2178 3 
2175 3 2177 3 2267 2 
2180 5 2270 5 
2179 5 2177 6 2269 6 
2291 4 259 5 2182 4 2190 5 
2181 4 2183 7 260 2 2290 4 
2293 7 2184 6 2182 7 257 7 
2183 6 2185 5 258 5 2292 3 
2295 7 2184 5 2186 7 255 7 
2185 7 2187 3 256 4 2294 5 
2188 3 253 5 2297 1 2186 3 
2187 3 254 4 2296 7 2388 4 
261 5 286 5 2289 9 2190 5 
262 4 2288 6 2181 5 2189 5 
2015 4 2192 5 1649 2 1993 4 
944 6 2191 5 1992 6 2133 9 
167 5 2194 7 330 5 2196 5 
166 6 2199 5 2193 7 329 5 
328 7 2196 3 169 5 
2195 3 168 3 327 2 2193 5 
171 3 334 4 2198 4 2200 6 
333 6 2358 5 2197 4 170 3 
2200 5 2194 5 332 2 173 5 
2199 5 172 4 2197 6 331 8 
2375 4 576 5 2202 4 775 4 
2203 3 575 7 776 2 2201 4 
2204 5 777 6 2202 3 107 2 
778 4 2203 5 2205 7 106 7 
779 4 2204 7 2206 7 109 6 
2207 5 108 8 780 7 2205 7 
2206 5 111 3 2208 5 781 4 
2209 6 2207 5 782 7 110 6 
2208 6 113 6 2210 5 767 6 
2402 6 2209 5 768 3 112 4 
1585 2 1587 6 1576 4 595 4 
2385 4 2441 4 2213 5 1650 5 
2214 4 518 6 2212 5 2440 5 
2213 4 2427 1 2215 3 513 1 
1117 5 2214 3 2426 6 2216 4 
2217 3 574 6 2215 4 2445 3 
2216 3 2444 4 1764 4 2218 5 
1710 4 2447 4 2219 6 2217 5 
2446 5 2218 6 2220 4 547 3 
1244 5 2219 4 2432 4 
2228 3 34 3 2222 4 1971 4 
1154 5 2221 4 2223 6 33 7 
2224 6 2222 6 1157 4 32 4 
2223 6 2229 7 31 5 1156 8 
130 4 1151 3 38 3 2226 4 
37 4 2227 7 2225 4 1150 9 
2226 7 1153 7 36 5 2228 7 
2221 3 35 5 1152 5 2227 7 
30 8 2230 6 2224 7 1159 6 
29 4 2229 6 1759 6 1158 5 
1272 5 2238 5 2232 4 2455 4 
1271 5 2233 5 2231 4 2454 5 
2234 6 2232 5 2453 4 1274 7 
2233 6 1273 4 2452 3 2239 5 
1762 7 2236 5 2451 8 1268 6 
2235 5 2237 3 2450 4 1267 3 
2449 2 1270 3 2238 4 2236 3 
2231 5 2237 4 1269 5 2448 3 
1266 5 2240 4 2234 5 2443 6 
2239 4 2076 4 1265 2 2442 5 
2242 4 2244 6 2252 3 1362 6 
793 5 2241 4 2247 4 1361 2 
811 7 2250 6 2244 8 1360 6 
2241 6 2243 8 801 5 1359 5 
2246 3 2248 3 827 6 1366 3 
2245 3 812 5 2092 4 1365 2 
2242 4 2258 6 2248 4 1364 5 
846 4 1363 5 2245 3 2247 4 
2250 3 2405 6 2260 4 
2249 3 2243 6 2259 4 1367 5 
624 6 2254 4 28 4 1235 4 
793 4 801 2 469 4 2241 3 
2254 6 1199 7 622 9 1237 8 
621 5 2251 4 2253 6 1236 3 
1239 6 620 6 1199 5 1208 3 
1771 5 1198 3 84 4 396 5 
618 3 1208 2 1241 5 467 5 
463 8 793 7 2247 6 846 6 
2260 5 2250 4 1975 3 811 5 
2096 7 2259 5 379 5 2249 4 
616 7 1233 4 28 4 2262 4 
1232 3 2261 4 615 5 
2174 6 1588 6 2264 5 2416 4 
1587 7 2265 5 2173 6 2263 5 
2264 5 1599 3 2176 4 2266 4 
1598 4 2267 3 2175 4 2265 4 
2268 3 2266 3 1597 4 2178 2 
2269 4 2177 4 2267 3 1596 5 
2268 4 1595 5 2270 6 2180 6 
2271 5 2179 5 2269 6 1594 5 
2270 5 1593 4 
1578 7 200 4 1129 10 823 6 
1996 7 2274 4 1211 3 
2275 5 1214 5 2273 4 1995 2 
2274 5 1213 6 1994 8 1436 6 
2277 5 2426 7 145 5 2283 7 
2278 4 2276 5 2427 2 144 5 
2277 4 2279 5 2440 4 147 4 
2441 5 146 5 2278 5 442 7 
2284 3 1373 3 2446 4 149 2 
2287 6 2436 3 222 5 1627 5 
2444 4 2283 5 151 3 1373 3 
2445 5 2282 5 150 5 2276 7 
2280 3 142 5 2432 4 
344 2 1471 5 2286 4 436 6 
339 8 1470 5 2285 4 435 5 
1626 8 221 6 2314 5 2281 6 
2190 6 2291 5 2289 10 529 4 
528 8 1787 8 2288 10 2189 9 
2293 4 2291 4 527 5 2182 4 
2181 4 2288 5 2290 4 526 6 
525 4 2293 4 2295 5 2184 3 
2183 7 2290 4 2292 4 524 7 
523 4 2297 3 2295 5 2186 5 
2185 7 2294 5 2292 5 522 5 
2297 5 521 7 2188 7 2124 7 
2294 3 2296 5 2187 1 520 4 
207 9 1463 8 2301 6 440 4 
1206 4 2381 6 1204 3 1167 2 
770 5 2302 6 1108 5 388 5 
1462 4 439 5 341 4 2298 6 
773 5 387 4 1107 6 2300 6 
1212 3 373 9 878 3 2318 9 
1116 5 2305 6 
1115 4 769 4 2304 6 389 5 
2067 3 512 4 2307 8 18 2 
511 10 2308 9 2066 10 2306 8 
2309 5 2307 9 48 3 510 4 
2308 5 2310 6 509 4 2068 5 
2309 6 2311 7 2071 4 508 6 
2310 7 2070 6 507 7 2312 8 
506 7 2313 6 2072 7 2311 8 
505 4 2312 6 
2327 3 2287 5 1633 2 216 7 
2316 5 252 3 1753 4 2324 3 
2315 5 251 6 2149 7 1752 5 
1212 3 638 4 836 3 2318 9 
835 10 2317 9 2303 9 1302 9 
2322 4 1761 5 2320 4 248 6 
247 5 1760 9 2325 4 2319 4 
250 5 29 6 1759 8 2322 7 
2319 4 1758 4 2321 7 249 4 
2324 3 244 6 2326 3 1757 5 
1756 2 243 3 2323 3 2315 3 
246 3 2320 4 1755 5 2326 3 
1754 4 2323 3 2325 3 245 5 
2314 3 1632 4 2437 4 215 4 
1346 2 2335 5 2329 4 2109 3 
2108 5 1345 5 2330 4 2328 4 
1344 2 2331 2 2329 4 2111 4 
59 5 1343 2 2330 2 2110 3 
2337 7 2333 5 1342 8 197 6 
2334 7 2332 5 1341 2 2112 3 
2115 10 1340 9 2333 7 2335 10 
1339 5 2114 5 2328 5 2334 10 
2105 7 2337 8 1528 8 1348 7 
2332 7 1347 4 2104 4 2336 8 
1803 4 2339 3 1297 3 2341 5 
585 3 69 4 1802 6 2338 3 
1801 5 2341 7 2343 7 588 11 
2340 7 587 6 1800 7 2338 5 
590 5 2345 8 2343 7 1799 4 
589 6 1798 5 2340 7 2342 7 
2345 7 1797 3 423 4 2347 7 
591 8 2344 7 2342 8 1796 7 
594 8 2347 9 1111 7 1805 5 
2346 9 593 8 1804 6 2344 7 
2351 1 2349 1 815 3 210 4 
209 3 2348 1 
2353 3 814 3 212 5 2351 2 
2348 1 211 4 813 3 2350 2 
2353 4 72 4 826 3 214 4 
143 2 2352 4 2350 3 213 4 
90 6 84 5 734 3 396 6 
2014 6 1447 3 2356 4 1841 3 
1128 3 2355 4 1840 4 1446 3 
190 5 2443 6 2360 4 2358 6 
2198 5 2442 7 2357 6 189 4 
184 4 2453 1 2360 2 2362 4 
183 6 2359 2 2357 4 2452 2 
2364 4 2362 5 2455 3 182 2 
2361 5 181 5 2454 7 2359 4 
2366 7 188 10 2449 4 2364 6 
2448 3 187 4 2361 4 2363 6 
2451 7 92 4 2366 6 186 5 
2450 6 185 6 2363 7 2365 6 
958 4 1340 4 2368 3 2370 2 
2373 5 1339 3 959 5 2367 3 
1342 5 2376 5 2370 2 960 6 
2369 2 2367 2 1341 2 961 2 
2374 8 1344 3 2372 3 962 4 
963 3 2371 3 103 3 1343 2 
964 8 2368 5 1346 4 2374 9 
2371 8 965 7 1345 8 2373 9 
1348 3 956 2 2201 4 2376 5 
2369 5 957 4 1347 5 2375 5 
2378 5 546 2 2380 6 1201 3 
545 7 1200 4 2377 5 2383 7 
1203 5 874 5 2386 4 2380 7 
1202 7 873 7 2379 7 2377 6 
2384 8 2382 9 542 8 2299 6 
1204 6 2381 9 541 5 128 4 
2384 6 1207 5 872 4 2378 7 
2383 6 2381 8 871 5 1206 6 
2212 4 1210 4 229 4 2386 4 
1572 3 1209 3 2379 4 2385 4 
2393 3 394 5 2125 3 2388 3 
2387 3 395 5 2124 4 2188 4 
2130 4 2390 6 
2389 6 2391 8 2127 6 392 6 
2392 6 2390 8 2126 4 393 6 
2391 6 390 8 2393 4 2129 4 
2128 8 2387 3 2392 4 391 2 
2395 4 992 3 2397 5 1612 2 
2394 4 1611 3 991 7 2398 3 
2397 7 994 6 2401 6 2049 5 
1609 5 993 6 2396 7 2394 5 
2052 4 2399 2 2395 3 990 4 
989 2 2050 2 2398 2 
2401 4 2048 3 2098 3 988 5 
2396 6 2400 4 2047 4 987 6 
2210 6 273 8 597 5 2051 6 
447 4 996 4 2404 4 1879 4 
995 5 1878 3 2413 4 2403 4 
2249 6 2096 9 2406 7 
2095 4 2405 7 
1002 3 2408 2 2410 8 1174 4 
1001 4 2407 2 133 5 1875 1 
2412 8 1004 4 2410 10 1874 7 
1003 9 2407 8 2409 10 1873 12 
998 2 2414 3 2412 6 1872 4 
997 10 2409 8 1871 6 2411 6 
1000 3 2404 4 2414 4 1166 3 
2411 3 1869 5 2413 4 999 4 
635 5 2168 6 1884 5 312 11 
2044 3 1415 8 2417 5 2263 4 
2418 9 1414 5 2043 8 2416 5 
1413 8 2417 9 2419 7 2046 8 
2418 7 1412 4 2045 4 2420 2 
1411 2 2040 3 2419 2 2421 4 
1410 6 2422 7 2039 6 2420 4 
2421 7 1409 9 2042 7 2423 4 
1408 4 2041 4 2424 3 2422 4 
2425 3 1417 3 2423 3 2037 4 
2424 3 1416 2 1964 2 2036 3 
2445 5 2427 4 2276 7 2215 6 
2214 1 2426 4 2277 2 2440 2 
5 9 2431 6 2429 7 
4 7 2434 7 1558 6 2428 7 
7 2 2431 4 
6 9 2430 4 2428 6 
2446 5 2220 4 2284 4 
1629 7 1064 5 2436 3 220 4 
1557 5 2435 4 2429 7 3 5 
1556 5 2434 4 1980 7 2 5 
1628 3 219 4 2281 3 2433 3 
2439 4 218 5 2327 4 1631 6 
2056 8 1670 3 2058 6 1382 6 
2437 4 1630 3 217 2 1242 4 
2441 4 2427 2 2278 4 2213 5 
2212 4 2279 5 2440 4 1210 4 
2443 7 2358 7 170 5 2240 5 
2442 7 2357 6 2452 4 2239 6 
2282 4 2447 3 2217 4 2445 4 
2426 5 2444 4 2283 5 2216 3 
2280 4 2447 3 2219 5 2432 5 
2446 3 1373 2 2218 4 2444 3 
2455 2 2449 1 2364 3 2238 3 
2237 2 2448 1 2450 3 2363 4 
2366 6 2236 4 2451 7 2449 3 
49 9 2365 7 2235 8 2450 7 
2453 1 2234 3 2360 2 2443 4 
2359 1 2452 1 2233 4 2454 4 
2455 5 2232 5 2362 7 2453 4 
2448 2 2454 5 2361 3 2231 4 
