9
9
9
9
9
9
9
9
9
9
39
16
45
46
6
6
44
44
44
44
32
44
6
16
4
4
4
13
13
13
13
12
12
12
13
13
14
18
23
18
18
18
18
18
18
20
20
37
5
5
5
5
2
2
5
5
2
2
45
45
40
40
40
40
42
42
40
42
20
20
20
20
24
24
24
24
20
20
11
48
48
48
17
48
48
17
17
17
17
25
25
25
25
25
25
25
25
30
30
30
12
29
29
29
29
29
9
9
3
9
3
3
9
9
9
9
38
42
38
38
38
38
38
38
38
38
30
30
26
26
25
26
25
25
30
25
13
13
13
13
12
12
12
12
14
14
20
20
28
28
43
43
47
43
47
47
47
47
47
47
7
7
7
7
6
7
6
6
34
45
7
7
45
18
18
13
13
13
13
16
16
16
16
16
16
37
0
3
3
7
7
3
7
6
6
7
6
41
41
37
37
37
37
37
41
41
41
24
24
23
23
0
0
24
24
23
23
22
6
6
14
14
13
13
13
13
12
13
12
12
0
0
2
2
2
2
2
2
0
25
5
39
6
6
6
6
24
24
8
8
7
21
24
24
21
9
21
21
46
10
10
45
45
40
40
40
40
42
42
42
42
29
28
28
29
29
30
29
29
28
34
34
46
35
34
35
34
34
34
37
29
29
30
29
29
29
29
29
25
39
29
25
25
25
25
25
24
34
34
36
36
34
34
24
19
45
17
16
16
16
17
14
42
39
29
22
33
33
19
19
6
6
42
19
29
6
29
12
41
41
41
41
40
40
40
40
0
24
0
1
1
1
1
1
0
0
23
18
18
18
18
18
18
18
18
20
34
34
34
34
34
34
30
30
11
11
25
25
25
25
25
25
23
23
41
41
41
41
41
41
41
19
19
19
6
1
6
44
44
45
44
44
44
44
44
44
32
1
24
45
30
30
26
26
26
26
26
30
2
30
10
10
21
0
21
21
21
22
22
1
1
28
1
1
2
1
2
25
25
25
2
2
2
2
2
2
2
5
5
49
49
15
15
15
5
14
14
22
22
49
19
19
30
2
33
24
33
33
33
32
27
32
32
22
45
45
39
39
47
47
47
47
47
43
43
43
10
31
12
11
20
45
45
45
45
45
45
11
35
11
49
30
17
16
17
17
17
28
28
28
28
30
35
28
28
16
16
5
13
13
13
3
3
3
16
41
41
37
37
37
41
37
41
41
22
22
22
7
19
19
19
22
6
6
19
19
7
7
7
7
8
8
8
8
8
8
8
22
22
21
21
21
21
10
10
24
22
22
33
33
33
33
32
32
32
32
33
33
26
26
27
27
27
27
27
27
27
27
11
11
8
8
10
10
11
11
20
20
10
10
49
49
49
49
49
2
49
49
2
2
19
19
19
1
1
15
29
30
30
31
31
38
39
39
38
38
39
39
25
30
33
25
25
31
31
44
44
44
31
43
44
44
44
49
49
49
49
49
49
49
49
49
49
16
16
16
16
14
14
14
14
16
16
23
23
4
4
4
23
4
4
16
16
23
23
23
13
13
13
11
12
10
10
9
10
11
9
11
11
11
9
48
48
48
48
48
10
10
7
7
11
11
10
10
10
10
41
34
34
33
49
49
49
49
49
49
49
49
49
49
8
8
8
8
8
8
8
18
18
18
18
20
20
8
8
32
48
47
47
47
46
46
46
46
46
46
49
47
47
47
37
47
47
47
47
10
10
10
10
7
7
7
10
19
19
19
21
47
21
7
8
8
8
8
8
8
8
8
35
35
35
35
35
35
31
31
35
35
42
42
42
42
37
37
37
37
37
37
35
35
33
33
33
33
33
32
32
32
27
0
0
2
2
2
2
0
0
1
1
21
10
21
21
14
14
22
22
22
12
12
12
12
12
12
12
25
25
27
27
27
23
27
27
27
27
32
34
46
46
46
46
48
48
48
48
48
48
19
45
15
17
17
17
41
41
41
41
41
41
41
45
45
34
34
28
28
30
28
28
28
28
28
49
28
28
28
29
30
29
29
29
30
29
29
29
29
28
34
34
34
35
35
34
34
48
15
48
48
28
10
10
7
7
7
7
10
10
10
10
39
39
39
39
39
22
22
22
22
21
21
21
21
47
39
23
31
36
36
36
36
36
35
35
36
36
40
45
40
40
40
40
41
41
41
41
19
19
19
19
22
22
24
22
19
19
47
28
31
31
10
10
43
43
44
43
44
44
31
44
29
29
29
29
36
29
4
4
4
4
4
42
42
42
39
40
40
40
40
45
40
38
38
38
39
38
38
39
39
39
36
23
17
17
17
17
17
2
2
2
2
5
5
5
5
5
5
7
7
6
7
7
7
6
6
6
6
19
19
19
19
22
22
22
22
19
19
30
30
25
25
30
25
25
25
25
25
27
27
46
46
26
26
27
27
26
26
15
15
15
15
15
15
14
14
14
22
28
46
39
48
39
39
39
24
18
38
1
36
36
36
1
36
36
31
36
36
36
36
36
35
35
10
35
35
35
36
36
13
5
26
6
6
4
26
4
16
16
16
3
34
29
34
46
29
46
43
43
43
46
31
31
31
43
29
31
31
28
29
41
41
41
41
41
29
37
37
37
37
1
1
1
1
1
0
0
0
0
0
28
44
32
45
45
44
44
44
44
44
44
10
10
21
21
21
21
22
21
22
22
1
1
1
3
3
3
3
5
5
5
4
1
0
0
47
42
43
47
39
1
42
42
0
43
43
48
0
7
22
15
14
14
14
15
15
15
15
17
15
5
5
5
5
6
6
28
28
10
6
6
6
28
28
30
28
28
28
28
19
19
19
37
30
26
30
30
26
26
26
26
8
8
11
11
30
11
11
10
35
45
45
40
40
40
40
42
42
42
40
46
46
10
47
47
47
47
46
46
46
46
3
3
3
3
4
4
4
4
1
1
20
48
20
31
31
46
46
27
27
31
31
31
31
18
18
18
18
18
18
18
18
20
18
18
20
31
31
6
6
31
43
31
31
43
43
43
43
7
6
7
7
6
6
6
6
7
7
49
49
46
46
46
46
47
47
47
35
48
46
46
16
16
16
48
39
39
39
39
39
38
48
24
24
0
0
24
38
24
24
24
38
37
37
38
42
37
37
37
37
42
42
33
33
32
32
32
32
33
33
33
32
15
15
15
15
14
14
14
15
27
27
31
26
15
15
27
27
13
13
13
13
12
13
12
23
13
13
23
43
43
43
43
43
31
31
31
31
31
0
23
21
21
21
10
10
22
22
21
21
22
22
14
14
12
12
12
12
12
12
12
12
23
42
38
38
38
38
38
38
38
38
38
5
5
5
5
3
3
31
31
31
31
43
31
43
43
46
46
4
4
4
4
4
48
49
49
46
48
48
48
48
46
46
8
20
20
33
33
24
32
32
33
20
20
20
20
6
6
6
34
34
34
7
7
7
7
40
26
17
17
17
17
17
47
39
44
26
39
39
39
39
44
44
44
47
47
47
39
43
47
47
47
43
43
4
4
20
4
4
40
40
40
40
40
42
42
42
45
45
38
42
38
38
38
38
38
38
37
37
17
17
17
17
36
36
36
36
36
36
36
26
26
10
10
11
35
35
35
10
35
35
35
35
11
35
35
23
23
11
7
7
21
20
20
20
33
33
9
9
10
10
9
7
9
9
10
10
42
8
3
3
6
6
7
7
7
7
3
3
32
32
32
32
33
33
32
33
29
29
33
33
29
30
29
29
36
31
36
36
36
36
36
36
36
36
5
4
4
2
45
48
48
0
0
1
1
29
29
29
29
36
36
20
20
20
45
45
45
45
27
27
27
27
27
32
27
26
26
26
33
33
15
15
23
15
14
14
15
14
24
24
0
0
15
15
24
24
37
31
31
43
43
43
43
43
43
4
4
4
4
3
3
3
3
23
42
42
40
42
40
40
40
40
45
45
48
48
48
48
48
2
39
39
39
39
39
39
2
2
8
20
8
24
32
19
7
45
19
19
19
24
24
24
24
8
8
8
8
8
8
8
8
8
20
20
24
24
18
18
20
20
20
20
15
3
3
5
5
2
2
5
5
5
5
2
2
8
30
8
29
8
8
8
8
8
8
41
41
6
6
6
44
44
44
44
45
45
44
44
32
44
34
34
23
23
36
36
34
34
23
23
30
30
26
26
26
26
30
30
26
30
23
23
23
23
23
23
23
23
23
23
42
42
42
42
40
40
40
28
40
45
44
26
44
26
30
30
30
26
30
30
32
44
34
34
34
34
28
0
0
0
1
0
0
1
1
1
1
44
35
35
31
31
35
35
35
35
45
35
17
17
17
17
17
32
24
24
46
46
46
46
48
48
48
48
46
46
34
34
34
6
7
6
45
45
42
42
42
40
40
40
40
40
19
19
19
33
33
32
32
33
32
32
32
32
32
4
37
18
18
18
28
18
18
28
30
28
28
43
43
47
47
47
47
47
47
43
47
44
44
44
44
45
45
45
44
4
44
32
5
5
26
36
36
36
26
26
26
26
30
30
16
16
16
16
13
13
13
13
16
24
24
22
22
21
21
21
21
21
21
0
0
1
1
1
1
1
1
0
0
30
30
26
26
27
27
26
26
27
46
27
27
47
25
25
5
5
4
5
5
37
37
42
42
37
37
37
37
42
42
31
48
49
46
46
16
17
16
16
16
16
14
14
14
14
14
15
34
34
35
14
34
34
17
15
14
14
14
15
14
15
15
15
15
24
45
19
48
24
42
14
22
42
40
40
14
40
24
0
0
24
24
4
19
13
39
13
13
13
16
16
42
42
16
37
37
37
37
38
38
38
37
9
9
9
9
3
9
9
9
9
9
16
12
12
12
12
12
12
12
12
14
14
0
0
0
0
0
0
1
1
1
1
17
17
17
16
17
33
33
13
13
32
32
32
32
25
25
25
25
13
13
33
33
26
27
27
27
27
27
46
46
26
26
1
3
3
9
9
9
9
9
9
9
9
15
17
14
14
14
15
15
15
15
15
45
41
41
41
41
41
3
5
3
3
5
5
5
5
45
1
2
4
4
4
23
23
49
49
49
49
49
36
49
49
23
49
49
23
17
17
17
17
17
34
34
48
36
36
34
34
48
15
18
48
24
18
14
14
18
20
12
12
12
12
12
12
12
12
35
35
39
39
38
38
38
38
35
35
35
35
9
21
21
21
21
21
22
22
22
22
33
33
48
49
23
45
46
48
23
23
23
23
45
24
33
33
32
33
32
32
32
32
32
32
22
22
21
21
21
21
21
49
24
24
11
11
11
11
11
49
11
11
12
11
4
46
4
4
3
3
3
3
3
1
14
14
16
14
16
16
16
16
16
16
9
11
25
25
2
9
0
2
2
22
20
9
22
9
11
48
37
41
21
41
41
41
23
41
10
31
28
10
30
22
28
28
28
28
28
22
21
21
28
5
5
5
38
42
37
38
37
19
38
38
38
38
20
20
20
19
28
18
18
18
18
18
18
18
18
18
23
15
15
17
17
17
17
15
15
15
17
2
2
2
2
2
2
2
25
25
25
19
28
11
3
3
3
3
3
4
4
4
3
3
39
0
27
27
27
27
27
27
27
27
26
26
11
11
11
11
11
11
11
11
12
39
49
13
13
13
13
13
13
39
23
20
20
12
20
11
11
11
11
11
11
11
11
31
31
43
43
43
43
31
31
43
43
