14
32
32
33
32
33
33
33
33
35
33
1
1
1
1
1
1
33
32
32
32
33
33
33
33
33
33
42
40
41
40
40
40
40
48
48
48
48
8
25
8
8
8
8
6
27
25
32
32
25
48
18
10
25
25
1
24
1
36
24
36
35
35
35
35
35
35
35
36
36
36
36
29
29
36
27
27
29
29
29
29
29
29
36
45
45
28
28
30
28
46
46
47
46
46
46
47
47
47
47
21
21
21
21
21
21
21
21
11
10
13
13
12
12
13
12
13
13
14
14
13
14
32
32
6
6
8
8
8
8
8
8
22
22
22
47
46
47
47
47
47
47
42
42
46
46
42
41
41
42
15
15
15
42
15
45
45
43
43
43
43
43
43
43
43
0
0
4
0
4
4
4
4
4
4
20
20
20
20
20
20
12
12
12
17
0
48
41
29
29
28
28
29
29
29
29
35
35
35
35
35
35
35
35
6
6
10
10
10
10
10
10
6
6
45
45
26
11
47
47
41
41
41
41
28
28
28
28
42
22
4
27
27
42
42
22
27
27
27
22
22
27
27
46
46
7
7
7
24
40
40
40
40
40
40
24
24
16
12
16
16
16
16
16
16
3
16
47
42
6
6
32
10
10
42
10
6
42
42
42
46
6
27
27
27
25
25
25
27
27
27
27
42
42
42
42
32
32
26
26
8
26
8
8
25
25
0
25
29
43
22
5
5
5
5
5
5
5
5
27
5
1
0
0
0
0
0
0
8
8
32
2
29
29
17
17
17
17
17
17
17
17
3
17
34
26
48
7
7
15
15
15
15
15
15
15
15
11
11
11
45
43
43
43
43
43
43
37
45
45
21
34
25
23
23
23
19
23
23
19
19
19
19
34
4
49
18
18
18
20
20
20
20
29
29
29
29
29
29
29
29
27
26
40
41
30
45
45
0
0
0
4
4
4
4
4
4
10
39
39
40
40
40
40
7
7
7
7
45
37
43
45
43
35
43
43
43
43
25
40
1
1
1
1
1
1
1
1
20
18
7
38
18
18
14
12
14
39
12
12
45
39
45
45
5
22
22
22
22
22
22
23
23
22
22
43
39
23
41
40
40
40
40
40
40
7
7
7
7
38
38
38
39
37
38
38
38
37
37
41
38
38
37
38
40
39
40
40
41
40
37
37
29
29
27
27
29
29
29
29
29
29
25
41
49
13
13
13
49
49
49
49
41
41
37
41
13
13
41
41
44
44
37
44
44
44
44
44
45
45
3
3
3
3
3
3
3
3
3
0
0
38
0
38
2
38
37
37
37
49
49
49
49
49
49
28
2
21
0
41
3
3
3
3
3
3
3
3
3
3
23
37
37
38
38
38
37
39
38
38
38
37
37
37
48
38
38
38
38
39
45
29
29
30
30
29
29
26
26
26
30
47
24
7
7
48
9
9
9
48
48
48
19
19
18
18
18
18
19
48
14
48
48
48
48
48
14
14
22
6
6
10
10
10
10
6
6
10
10
47
9
20
20
7
7
9
9
9
9
18
18
20
20
9
7
11
9
9
9
9
9
9
9
16
23
23
23
23
23
19
19
19
20
20
29
45
45
43
44
44
44
37
43
43
43
15
15
16
15
12
15
15
15
15
15
15
12
16
16
45
45
19
24
19
29
33
24
24
16
44
44
44
44
39
39
37
44
8
8
8
39
6
6
45
45
4
4
4
4
0
4
5
5
0
0
22
22
22
22
23
22
23
23
10
22
5
6
6
30
0
11
0
11
11
0
2
10
0
11
11
11
11
11
0
29
29
27
27
29
29
29
17
32
32
8
8
8
8
6
6
8
8
7
7
7
7
40
7
39
39
39
39
39
39
8
7
7
7
39
39
39
39
18
18
18
18
18
20
20
37
37
31
39
38
38
38
38
44
38
37
37
34
31
32
31
31
31
31
31
32
32
44
49
10
11
21
21
21
21
21
21
21
21
48
48
48
45
48
48
48
44
44
44
44
44
37
44
44
49
33
33
16
16
10
32
32
12
32
33
33
33
16
49
24
24
45
45
2
32
6
6
6
6
10
10
10
2
10
10
23
23
20
20
20
20
23
23
23
23
31
44
31
33
44
44
44
32
45
45
36
31
49
49
49
49
46
46
46
46
18
13
20
20
49
49
6
6
10
20
10
10
10
10
6
20
48
48
48
48
48
48
48
10
10
21
21
21
21
21
21
21
21
49
24
24
24
38
38
38
48
48
48
48
48
48
48
49
36
36
36
36
36
36
36
36
36
36
4
28
19
28
28
28
30
6
5
13
48
41
45
45
37
12
12
14
14
12
14
14
13
14
14
11
11
11
11
11
24
11
11
10
11
13
13
13
13
13
0
0
4
4
0
4
4
4
4
4
49
45
45
49
10
43
37
0
0
4
4
4
0
4
4
4
4
41
49
32
32
8
6
6
6
32
8
8
8
4
4
4
4
5
5
19
19
19
19
24
24
24
24
24
24
5
0
31
21
21
21
24
11
11
21
21
10
11
17
17
17
16
16
16
17
17
17
17
39
15
38
15
15
38
48
2
48
48
48
48
38
2
2
2
32
34
31
34
34
34
34
34
34
34
34
23
2
2
2
2
2
2
2
2
2
2
45
49
49
27
27
29
29
26
26
26
25
26
48
25
25
25
25
35
33
33
33
33
33
33
32
32
32
49
46
21
21
34
21
21
22
22
22
22
34
34
34
34
34
34
34
7
7
18
7
40
40
40
40
40
39
20
20
26
26
25
25
25
25
26
26
26
26
33
33
32
33
32
32
33
33
33
33
17
17
17
17
17
17
32
2
2
2
17
3
0
0
0
0
16
10
33
35
32
32
32
33
33
33
33
33
2
6
6
6
6
9
9
9
9
11
9
25
25
2
1
1
1
1
1
1
1
1
36
36
12
12
12
12
14
14
14
14
14
13
49
4
18
4
4
5
5
5
18
0
2
40
40
36
36
49
34
34
34
34
34
34
34
34
2
5
45
34
17
17
13
37
23
23
20
19
19
19
19
23
23
23
43
1
16
16
16
16
16
16
12
16
11
16
3
19
19
19
19
24
24
24
24
42
24
24
24
16
10
11
11
11
49
23
11
11
11
49
20
11
11
11
49
49
11
7
7
1
44
20
20
12
12
20
20
20
20
28
28
28
28
17
12
36
28
15
15
15
15
15
15
15
23
30
30
30
30
35
35
35
30
30
30
6
49
8
6
39
8
39
11
39
39
49
40
40
40
47
49
40
41
1
5
23
5
3
3
41
5
5
5
5
28
30
23
46
9
47
47
47
47
47
35
36
35
36
36
35
35
46
46
24
35
19
13
35
13
13
35
40
43
43
40
2
2
2
2
2
2
2
2
6
2
2
36
36
12
9
16
16
16
16
30
30
30
30
30
30
30
30
26
26
41
41
41
9
41
41
41
41
9
43
37
11
41
41
42
41
41
40
41
41
17
47
47
25
34
34
13
34
34
34
34
34
34
34
13
13
31
27
27
27
27
25
25
27
27
42
27
27
42
42
45
45
33
44
44
37
44
44
34
44
44
27
22
22
22
22
22
23
23
22
22
22
22
46
42
42
42
42
42
25
25
12
12
22
14
13
18
14
14
14
12
14
18
18
18
18
27
27
27
27
27
27
19
19
47
26
26
27
27
27
27
25
25
22
22
22
22
23
23
26
26
36
36
47
47
35
35
35
35
36
35
35
35
0
42
47
42
42
42
42
42
42
42
35
35
35
35
35
35
35
35
28
28
7
46
27
27
27
49
49
46
46
46
36
46
49
49
49
11
28
30
28
28
28
28
28
30
30
26
26
26
30
30
30
30
30
19
19
18
18
18
18
18
20
20
23
23
20
20
20
20
8
8
6
6
23
39
8
39
38
38
39
38
28
28
28
30
28
28
1
12
12
1
13
14
14
14
14
14
14
12
47
47
47
42
47
47
43
47
43
43
42
6
10
36
10
24
15
15
15
15
15
15
12
15
15
15
14
14
14
13
12
14
14
14
12
12
24
36
5
23
12
17
14
14
13
14
12
12
14
14
22
48
24
43
43
43
43
43
43
43
43
43
43
15
15
12
12
15
15
15
15
15
15
5
4
4
4
5
5
5
5
5
2
3
3
3
3
48
28
17
17
17
17
6
39
46
28
30
28
36
9
9
9
7
7
23
30
24
24
24
35
19
35
19
19
17
17
17
17
17
23
23
23
7
7
7
7
40
40
5
40
31
42
42
30
30
42
26
26
30
26
30
30
30
30
26
16
16
8
16
16
12
12
16
16
16
16
26
0
0
12
12
37
37
25
25
25
1
1
1
1
38
37
38
38
36
36
36
36
24
36
36
36
24
24
36
24
19
19
19
19
13
13
13
13
13
38
41
41
37
37
41
41
41
41
17
17
17
17
37
37
17
17
3
41
37
37
31
39
39
38
38
15
38
35
38
18
18
18
18
18
20
20
0
8
0
0
8
8
8
8
32
32
37
37
20
12
12
14
36
12
14
14
14
10
10
21
21
21
47
21
21
21
21
46
46
46
2
2
49
46
46
46
2
9
9
9
9
9
9
11
9
9
9
35
35
15
14
12
12
13
14
14
14
20
12
12
18
18
23
30
26
26
26
30
30
30
30
30
30
27
27
9
19
13
23
46
46
46
46
46
46
46
47
47
47
47
40
40
40
40
7
7
7
7
39
40
23
23
22
22
22
27
22
22
4
22
27
19
29
7
7
11
11
11
11
42
29
29
29
46
26
26
26
13
13
37
37
41
3
3
3
3
3
3
3
3
1
3
9
41
47
47
47
47
47
43
4
43
22
22
21
21
21
21
21
21
34
34
34
34
34
1
31
34
9
34
34
48
3
3
3
3
3
3
3
3
3
1
24
24
9
25
28
28
28
28
28
9
4
4
0
0
10
10
4
4
0
0
24
24
16
19
19
19
19
24
24
24
19
28
16
28
28
16
10
2
6
6
10
10
39
39
39
39
39
8
8
8
6
6
46
49
2
16
16
16
17
17
2
17
17
2
3
16
41
2
49
45
45
24
43
39
39
7
39
7
7
7
7
39
39
1
2
2
2
1
1
1
1
2
2
41
28
39
44
44
31
13
31
31
31
31
31
13
34
31
34
31
31
31
31
31
31
31
31
31
31
13
6
31
13
13
13
8
14
43
43
38
39
38
38
38
38
37
38
37
37
20
20
18
32
32
32
32
33
33
33
33
33
36
1
1
1
1
1
1
1
1
25
25
5
1
5
5
3
3
5
5
5
5
20
46
42
43
43
31
31
31
20
31
31
31
31
31
31
25
31
31
31
31
31
31
31
31
32
32
25
42
26
42
44
26
26
24
19
8
8
8
8
8
8
0
6
32
32
36
41
36
44
37
44
44
44
44
44
44
45
45
7
9
18
18
18
9
9
9
19
9
9
9
41
5
5
5
5
5
5
5
5
13
13
13
5
25
26
26
26
25
25
25
25
29
26
26
33
33
25
33
48
25
25
25
11
33
35
28
28
28
28
49
49
49
49
42
11
42
47
46
47
47
46
46
46
46
46
46
25
25
45
45
26
26
26
47
42
44
44
37
44
44
44
44
45
45
18
18
18
18
18
19
19
48
45
45
