7
26
43
7
43
43
43
43
43
44
44
44
44
44
26
23
23
27
26
25
41
33
41
15
41
14
33
41
43
45
45
45
28
28
28
45
45
45
45
16
16
16
40
40
40
40
40
40
39
39
38
38
12
12
12
12
12
12
17
17
12
17
36
36
35
35
35
35
35
35
28
28
49
36
36
10
10
10
10
11
11
11
10
15
15
15
15
15
11
11
0
11
11
10
23
23
23
0
0
7
6
6
32
32
33
33
33
33
33
38
38
38
38
45
6
45
45
45
6
47
47
7
7
7
7
0
0
7
8
0
0
0
0
6
2
2
2
36
36
10
10
10
10
11
11
11
11
38
38
38
38
38
38
38
44
44
44
43
26
26
31
31
31
31
27
31
27
27
41
42
42
42
42
42
42
42
42
37
14
14
14
14
14
40
40
40
40
40
40
37
37
37
37
7
7
8
7
8
8
8
8
2
8
48
43
43
6
46
46
46
46
46
45
45
44
44
9
9
9
11
9
9
24
12
11
11
16
16
16
16
0
0
4
4
4
4
39
39
39
39
17
17
16
17
16
47
47
47
15
15
17
17
17
17
28
8
39
39
15
35
35
39
39
47
28
47
47
47
47
47
15
15
15
15
15
15
15
14
49
49
47
49
49
32
49
49
37
47
47
23
23
24
24
24
24
24
24
24
24
39
39
5
3
3
3
3
3
5
19
19
5
5
48
48
48
48
48
48
48
48
47
48
46
46
46
46
44
44
44
44
46
46
1
1
1
1
1
1
1
1
46
5
5
28
28
32
35
35
36
36
35
35
35
35
25
25
25
25
26
26
25
25
25
25
14
14
14
14
15
15
15
15
14
14
31
31
33
31
26
26
26
26
26
41
5
5
5
5
3
5
3
14
14
15
15
19
15
17
3
3
3
14
14
43
18
43
43
43
40
40
40
40
7
34
10
34
34
34
34
36
34
36
36
18
0
0
11
11
11
11
11
11
0
0
2
11
6
2
0
0
0
0
0
0
14
14
15
15
15
15
14
14
14
14
38
38
38
38
38
38
44
38
44
44
32
29
29
29
29
29
29
30
30
30
30
30
29
49
30
30
27
1
1
1
1
1
1
1
1
19
5
29
29
29
29
29
30
30
30
49
29
30
30
27
30
29
29
30
29
29
29
16
37
37
5
5
5
5
5
3
3
3
37
37
37
37
40
40
40
40
40
40
15
15
15
15
37
15
15
16
16
42
23
23
23
23
24
24
24
24
24
24
39
42
42
39
35
31
39
31
17
17
33
34
17
17
17
17
21
19
21
21
21
16
1
1
16
19
19
22
22
22
44
22
22
18
22
22
18
18
37
37
4
4
4
4
5
5
4
4
43
43
43
43
44
44
44
44
46
46
46
43
43
4
4
4
4
5
5
5
5
37
37
35
35
36
36
35
35
35
35
28
28
17
17
12
17
12
12
14
14
14
14
0
39
39
39
39
39
43
43
11
6
6
6
6
6
6
6
46
6
6
13
13
18
18
13
13
13
13
14
14
14
14
14
44
44
44
44
43
43
44
44
43
43
24
24
24
24
23
23
24
24
24
24
10
10
9
9
9
10
9
9
15
15
15
23
2
24
24
24
24
24
24
16
16
3
22
12
9
9
9
9
9
10
10
10
48
48
48
48
48
48
48
48
47
47
49
49
49
49
49
49
49
47
23
23
1
1
7
7
7
7
8
8
8
8
19
23
31
31
31
31
26
26
5
5
2
5
2
2
2
2
2
2
35
38
5
38
38
38
38
39
38
2
2
2
2
2
2
2
5
35
11
29
0
29
17
17
17
17
17
17
0
1
1
8
8
7
8
7
7
7
7
6
6
6
6
6
6
6
6
6
6
23
46
23
23
37
37
37
37
42
42
40
40
40
40
15
15
23
23
23
23
24
24
23
24
24
21
16
16
11
11
23
25
25
27
27
27
25
25
25
25
25
5
0
23
2
2
2
2
2
2
0
0
20
20
20
20
20
20
20
20
43
43
23
16
16
16
16
12
7
12
12
13
12
21
43
43
21
13
8
6
6
6
6
6
6
8
2
6
31
31
10
26
26
26
26
8
10
10
18
8
8
8
8
7
8
7
7
8
2
42
1
1
1
1
19
21
21
21
19
19
41
3
45
0
0
20
20
20
20
2
2
20
20
41
41
45
40
40
41
41
40
19
21
21
21
21
21
21
21
8
19
19
21
1
21
21
21
21
19
21
19
19
8
1
49
29
29
29
29
29
30
30
30
30
0
0
0
0
20
2
6
37
37
4
4
4
4
4
4
4
4
20
20
22
22
22
22
22
21
21
20
41
26
26
2
2
5
2
2
2
2
2
5
5
48
26
16
16
16
16
16
31
13
34
25
16
33
42
42
13
37
13
13
13
13
13
1
25
27
27
27
25
25
25
25
25
25
32
33
5
5
2
2
2
49
5
2
2
16
24
22
24
24
23
23
24
24
24
24
9
9
10
9
9
9
10
10
3
3
3
3
19
19
19
19
3
3
17
17
17
17
17
46
0
4
4
4
4
20
4
39
37
37
22
22
22
22
22
22
14
14
13
13
13
13
38
38
38
38
38
38
38
38
44
44
46
3
3
19
19
19
19
19
19
3
3
19
19
19
19
3
3
19
3
32
32
3
3
30
27
27
27
47
47
49
47
49
49
49
49
49
49
39
39
14
43
43
18
36
34
34
14
4
4
4
4
5
5
5
5
37
37
18
18
24
24
24
24
41
41
41
41
41
41
12
17
17
17
12
12
12
12
12
12
48
48
48
48
48
48
48
48
27
27
29
49
29
32
32
32
27
5
27
27
18
18
22
22
22
22
22
22
22
22
9
9
9
9
11
9
33
11
33
33
12
14
12
12
17
12
17
17
14
14
26
26
7
32
32
33
33
33
32
23
33
28
28
28
28
32
32
32
32
44
44
44
44
44
43
30
30
41
13
13
13
13
13
18
18
18
18
6
6
6
6
6
6
6
6
6
6
39
5
31
5
18
18
18
18
13
18
13
13
13
31
7
46
46
2
2
2
46
2
44
44
44
45
46
46
46
5
31
1
1
43
30
48
25
30
28
28
35
28
28
36
36
35
35
18
18
13
13
13
22
22
18
18
18
37
37
37
42
42
42
42
42
41
41
17
17
17
17
17
32
32
32
32
28
28
30
28
30
30
23
18
18
39
39
18
20
35
35
36
36
39
35
35
35
26
26
27
27
27
27
31
31
31
31
37
37
42
37
42
42
27
42
42
41
41
26
29
18
18
13
13
13
14
13
13
13
1
1
23
23
7
7
8
8
8
8
48
48
48
48
30
48
48
48
47
48
33
13
14
14
13
13
34
34
34
33
33
33
33
18
37
6
26
26
31
31
31
31
31
26
26
26
16
16
16
16
12
12
12
12
41
12
12
41
35
35
36
36
28
36
35
35
8
8
28
41
7
7
7
7
30
30
46
46
46
45
45
45
45
49
49
46
49
46
46
33
33
33
31
31
25
25
25
25
25
25
25
25
26
26
28
36
36
47
47
34
47
34
34
34
3
41
3
42
47
47
47
8
47
47
47
47
47
47
47
25
25
27
12
25
27
25
25
25
22
41
41
41
41
33
33
41
41
32
32
36
36
11
11
11
11
10
12
10
10
12
16
39
39
39
39
39
35
0
0
39
39
40
40
40
40
46
43
46
46
1
43
39
39
0
0
4
0
39
4
39
39
13
37
37
45
45
45
45
45
45
28
28
45
28
30
30
30
30
29
29
30
29
29
29
47
24
34
42
42
16
42
37
34
32
32
33
33
33
39
36
36
35
35
1
15
15
48
15
36
1
21
21
20
21
21
21
21
21
20
20
48
34
16
16
16
16
16
34
34
34
36
34
34
34
34
36
36
36
36
45
45
35
35
35
35
28
28
28
28
45
45
29
45
27
27
27
27
31
31
31
31
27
26
47
47
47
36
36
35
35
48
48
48
48
48
48
48
42
42
16
16
21
37
37
42
8
8
8
8
23
23
23
23
44
44
44
44
46
44
46
46
46
46
0
0
11
11
11
11
11
11
11
0
49
38
40
40
40
39
39
38
38
40
40
31
31
31
26
26
31
26
26
26
0
0
11
11
11
11
0
0
0
0
29
40
38
40
40
38
39
38
38
46
46
46
46
1
44
45
45
39
35
35
0
0
47
17
17
17
17
17
17
49
49
33
32
32
32
32
28
28
28
28
11
11
11
11
10
11
10
10
33
2
36
36
34
34
34
34
36
34
34
34
20
20
20
20
20
20
20
20
3
34
34
33
34
5
5
15
34
15
1
1
1
1
33
1
1
12
12
16
16
16
12
12
12
12
12
10
10
10
10
34
36
34
34
36
36
30
30
30
30
33
29
29
30
29
29
32
32
33
33
43
33
33
32
33
43
43
46
46
46
46
33
3
18
19
19
20
20
20
20
20
20
18
3
18
12
12
16
12
16
16
16
16
12
13
38
38
38
38
45
45
38
45
45
45
27
37
40
25
25
25
25
25
25
25
25
26
26
41
41
41
41
41
4
11
11
11
9
9
9
9
9
4
43
40
43
43
44
44
1
40
8
8
8
8
7
41
7
43
41
41
4
41
14
14
4
20
14
14
17
15
15
4
22
46
5
22
46
40
9
9
6
6
10
9
9
9
10
10
6
6
14
23
23
28
28
35
35
28
28
36
36
35
35
14
5
15
28
15
28
32
32
14
32
3
3
3
3
5
5
30
30
42
42
42
42
42
37
37
37
31
41
42
26
26
10
9
9
9
9
9
10
10
48
48
48
48
49
49
49
48
47
47
27
26
27
27
31
32
31
31
27
26
30
30
32
32
32
32
28
30
28
28
26
26
27
27
27
27
31
31
31
31
8
5
28
38
20
19
21
21
21
23
21
20
21
21
19
19
19
19
3
3
19
19
3
3
44
44
47
47
47
47
49
49
49
49
49
49
25
25
42
42
42
42
37
42
37
37
41
41
45
18
18
45
13
13
13
13
18
45
18
13
45
28
38
38
45
42
42
3
42
22
22
18
22
22
22
22
22
7
18
18
10
10
39
9
9
10
9
9
39
39
2
20
20
22
22
22
22
22
22
22
22
28
28
29
29
29
29
45
45
45
45
24
24
23
23
23
23
30
15
41
41
41
41
41
32
32
4
33
33
33
33
32
3
33
33
33
31
31
34
36
34
14
21
3
24
24
24
23
23
3
23
23
3
19
15
21
21
21
19
21
21
21
21
19
19
19
30
30
29
29
29
29
29
29
29
49
8
8
8
18
43
18
18
18
40
1
3
40
43
43
43
43
26
36
36
36
34
34
34
34
10
10
10
7
9
40
9
9
9
9
10
10
40
20
20
20
20
20
20
20
49
49
45
49
47
47
49
49
47
47
1
1
7
7
7
7
8
7
8
8
43
7
7
27
27
7
7
7
7
32
32
32
32
27
27
27
27
40
8
37
37
4
4
4
4
4
4
4
4
