2547 4941 001
1092 2 1150 1 4 2 2 1 
1149 2 1091 1 7 3 1 1 
10 3 33 2 1234 2 4 3 
1093 2 1 2 1226 2 3 3 
1088 2 6 2 8 2 1154 2 
1724 1 1153 1 1087 3 5 2 
1152 4 1081 3 8 3 2 3 
1089 1 7 3 5 2 1151 1 
1096 1 1156 1 2305 2 10 2 
3 3 1095 2 1155 3 9 2 
369 2 12 1 
368 2 1489 1 11 1 
227 3 237 2 625 2 14 2 
226 2 236 3 19 2 13 2 
223 2 16 3 22 1 231 2 
230 4 17 4 15 3 222 4 
16 4 225 2 229 3 18 4 
228 4 224 3 1653 3 17 4 
20 2 219 4 14 2 235 2 
218 2 21 1 234 2 19 2 
233 2 22 1 20 1 221 1 
232 3 21 1 15 1 220 1 
2363 1 1283 1 1938 2 24 1 
1937 1 25 4 23 1 1282 4 
1281 4 1940 4 24 4 26 4 
1939 2 27 1 1280 1 25 4 
1934 1 28 1 1287 1 26 1 
1933 1 27 1 29 3 1286 1 
1936 3 1285 5 513 3 28 3 
2475 3 770 2 1634 1 2494 1 
513 2 1942 4 32 2 1289 2 
1288 2 1941 2 31 2 1965 1 
3 2 1093 1 2427 1 1095 1 
2014 2 320 3 
677 2 842 5 1698 3 840 2 
37 4 207 3 810 4 2378 4 
36 4 206 2 43 3 809 2 
1465 1 841 1 1799 2 195 2 
813 2 40 3 46 2 205 3 
204 3 39 3 41 3 812 3 
203 2 40 3 42 2 815 2 
1415 2 814 1 202 2 41 2 
817 2 37 3 201 3 44 2 
200 1 45 2 43 2 816 1 
44 2 199 3 46 2 819 3 
39 2 45 2 818 2 198 1 
1308 2 2208 4 50 4 48 2 
2207 2 53 2 1307 2 47 2 
1663 3 2210 3 50 5 1306 3 
1305 3 2209 3 47 4 49 5 
1304 3 52 3 54 4 2204 4 
51 3 2203 1 261 2 1303 1 
1302 2 48 2 54 3 2206 2 
51 4 53 3 1301 3 2205 3 
192 3 846 4 1804 2 643 2 
1298 2 1663 2 2212 2 2401 3 
360 3 1259 2 334 2 2389 2 
845 5 680 3 59 4 1817 5 
848 2 683 4 1701 2 58 4 
841 3 847 3 189 4 1805 4 
68 2 885 3 1125 3 62 2 
1124 2 61 2 884 2 63 1 
1127 2 883 1 64 3 62 1 
882 4 1126 4 278 3 63 3 
1129 1 66 2 72 3 889 3 
67 4 65 2 888 3 1128 3 
1131 4 66 4 887 3 68 3 
61 2 886 3 1130 2 67 3 
76 3 589 2 70 3 2196 2 
413 4 69 3 588 4 2195 3 
72 3 881 2 1133 3 283 1 
71 3 880 4 65 3 1132 4 
1374 2 916 1 74 3 585 1 
2199 3 75 4 584 3 73 3 
74 4 2198 3 76 3 587 3 
69 3 75 3 586 2 2197 2 
1563 3 78 2 122 2 
121 1 1562 1 77 2 81 2 
1567 3 118 4 80 3 82 3 
1566 1 79 3 85 1 117 2 
1565 4 120 3 78 2 82 2 
1564 2 119 1 79 3 81 2 
1515 4 449 3 84 3 402 2 
457 3 83 3 1516 4 401 3 
288 2 123 1 80 1 126 3 
457 2 87 2 399 2 1514 1 
86 2 406 2 1519 4 88 3 
405 4 1520 2 89 4 87 3 
1517 5 90 4 404 3 88 4 
89 4 403 2 291 2 1518 2 
92 2 94 2 1779 1 1505 1 
91 2 1504 3 97 3 1778 5 
94 3 1777 2 100 2 1507 2 
93 3 91 2 1506 2 1776 3 
838 2 2445 3 411 2 
1500 2 497 4 1619 2 1774 2 
98 2 1503 3 92 3 1773 2 
497 3 97 2 1502 1 1772 3 
1771 2 1509 3 100 2 496 2 
93 2 99 2 1508 2 1770 1 
631 4 296 3 1536 4 294 4 
103 1 109 2 2150 1 1435 1 
2149 5 102 1 1434 2 1987 1 
2152 2 107 2 1443 2 105 1 
2151 3 1442 1 110 2 104 1 
1441 3 2154 2 2453 4 107 3 
2153 4 104 2 1440 2 106 3 
109 2 1439 3 2156 2 111 1 
108 2 1438 3 102 2 2155 3 
111 2 1437 3 105 2 2158 2 
110 2 2157 1 108 1 1436 2 
2473 1 752 2 113 1 
114 2 751 1 112 1 
113 2 115 2 754 2 
753 1 114 2 
748 1 848 1 1484 1 
248 2 118 3 126 4 80 2 
117 3 249 5 79 4 119 2 
1293 1 118 2 82 1 120 2 
121 2 81 3 1294 2 119 2 
78 1 120 2 122 1 246 1 
247 1 121 1 77 2 
85 1 1559 2 1566 1 1831 2 
1538 1 298 2 629 1 296 1 
295 1 1278 2 126 3 288 2 
1279 5 117 4 85 3 125 3 
542 1 130 2 128 1 509 1 
508 1 136 1 543 2 127 1 
132 1 130 2 540 2 511 1 
127 2 541 3 2492 4 129 2 
546 2 132 2 134 2 2537 2 
129 1 131 2 547 2 512 2 
544 1 516 3 2478 1 134 1 
131 2 515 1 133 1 545 3 
1110 3 536 2 2094 2 148 2 
128 1 538 3 1243 1 137 2 
539 3 136 2 1272 2 1242 2 
2264 1 1171 1 139 1 1769 1 
138 1 144 2 2263 4 
2258 1 141 2 147 1 1173 2 
1172 3 140 2 2257 2 142 3 
2256 2 143 3 1175 3 141 3 
142 3 2200 2 2255 4 1174 2 
139 2 145 2 2262 2 
146 4 2261 1 144 2 
1177 4 147 4 145 4 2260 4 
140 1 146 4 1176 1 2259 2 
535 1 2327 2 135 2 1109 2 
475 2 150 2 152 1 1480 1 
149 2 1479 2 474 2 155 3 
1483 2 152 1 473 2 986 1 
1481 1 151 1 149 1 472 1 
154 2 471 2 156 2 1464 2 
470 1 1458 3 159 2 153 2 
1473 3 150 3 469 2 156 2 
468 1 153 2 155 2 1469 2 
1437 2 158 1 511 1 164 2 
866 1 157 1 1436 2 2492 3 
154 2 467 2 2334 2 160 4 
2333 4 2027 3 159 4 466 4 
516 4 1441 3 162 2 2495 4 
515 1 1440 1 161 2 163 3 
164 4 2537 3 162 3 1443 4 
1442 2 163 4 512 3 157 2 
166 1 168 2 249 4 483 1 
165 1 482 1 248 1 173 1 
170 4 1294 3 481 3 168 4 
1293 2 165 2 480 2 167 4 
479 3 170 3 172 2 247 2 
246 2 167 4 478 2 169 3 
477 1 317 1 172 1 
476 2 169 2 171 1 
1279 3 174 1 485 2 166 1 
484 2 2510 1 173 1 1278 2 
180 3 1989 2 176 3 2334 2 
322 2 1988 4 175 3 2333 3 
1473 3 184 2 178 2 1995 3 
1469 2 1994 1 177 2 179 1 
1997 1 1464 1 178 1 180 2 
175 3 1996 3 1458 4 179 2 
1483 2 968 1 182 2 1991 3 
1990 2 181 2 1481 2 183 4 
1480 3 1993 3 184 3 182 4 
1992 2 1479 1 177 2 183 3 
324 3 1171 1 1454 2 
1456 2 188 2 187 1 1175 2 
1174 1 186 1 1455 2 2528 3 
186 2 1172 3 
209 3 190 2 196 2 60 4 
189 2 191 2 208 2 847 1 
190 2 192 3 211 2 846 4 
55 3 191 3 210 2 412 2 
844 3 194 3 213 2 197 2 
212 3 193 3 195 3 1465 2 
194 3 196 2 215 3 38 2 
214 2 841 1 189 2 195 2 
216 3 193 2 
205 2 199 2 46 1 1070 1 
198 2 2232 3 45 3 200 2 
44 1 201 2 199 2 2235 2 
200 2 43 3 206 2 2234 2 
203 2 1360 2 2237 2 42 2 
202 2 41 2 2236 2 204 2 
205 3 40 3 2239 2 203 2 
204 3 198 2 2238 4 39 3 
37 2 201 2 207 1 2241 3 
36 3 351 1 206 1 2240 2 
211 2 190 2 209 3 1814 2 
189 3 1862 4 214 3 208 3 
211 1 1808 4 697 1 192 2 
208 2 210 1 1807 2 191 2 
194 3 215 3 1867 2 213 2 
216 3 193 2 1866 1 212 2 
209 3 196 2 215 3 1826 3 
1820 3 212 3 214 3 195 3 
1782 5 213 3 217 3 197 3 
216 3 1781 1 
20 2 1747 2 221 2 219 4 
226 4 1746 3 218 4 19 4 
223 2 2424 2 221 1 22 1 
2423 2 218 2 220 1 21 1 
2422 2 225 2 223 3 16 4 
2421 3 220 2 15 2 222 3 
18 3 956 3 225 1 2420 1 
222 2 224 1 17 2 2419 1 
219 4 14 2 1755 2 227 3 
2123 2 13 3 1749 4 226 3 
18 4 946 2 229 3 473 3 
230 3 472 2 228 3 17 3 
475 3 229 3 16 4 231 3 
474 2 230 3 232 4 15 2 
22 3 233 4 469 3 231 4 
21 2 468 2 232 4 234 3 
20 2 471 2 233 3 235 2 
236 3 19 2 234 2 470 1 
467 3 237 3 235 3 14 3 
236 3 13 2 376 1 466 2 
2391 4 239 1 2247 1 241 1 
250 1 238 1 2248 3 2390 2 
241 1 2393 2 243 1 2245 2 
240 1 2392 2 2246 1 238 1 
2251 2 243 1 2387 1 245 3 
242 1 2386 2 240 1 2252 3 
245 5 2389 3 2249 4 334 3 
244 5 2388 4 242 3 2250 4 
170 2 1294 1 247 1 121 1 
122 1 246 1 169 2 
117 2 249 4 166 1 1279 3 
118 5 165 4 248 4 1293 4 
239 1 2396 2 2243 2 251 2 
2395 2 384 2 2244 3 250 2 
253 3 1796 2 1603 2 259 1 
1795 3 254 4 252 3 1602 4 
1798 4 253 4 255 2 1601 2 
262 2 1600 2 254 2 1797 1 
1792 2 257 3 787 2 1607 4 
256 3 1606 2 1791 2 258 3 
1794 2 259 2 1605 2 257 3 
258 2 1793 2 252 1 1604 2 
1702 2 1158 1 1980 3 261 2 
1157 2 260 2 52 2 1979 2 
255 2 1599 4 263 3 
2506 2 262 3 1598 2 
2165 1 768 2 766 2 1167 1 
272 3 995 3 712 3 266 3 
267 2 711 1 265 3 994 1 
268 2 710 4 266 2 997 3 
267 2 996 2 709 2 277 1 
270 2 804 3 716 2 991 3 
271 1 269 2 990 1 715 1 
270 1 272 1 714 2 993 2 
265 3 271 1 713 2 992 2 
274 2 2446 1 431 3 276 3 
273 2 411 2 1466 3 2445 3 
433 2 2444 4 276 4 1410 3 
432 3 273 3 2443 3 275 4 
278 1 999 2 268 1 718 1 
64 3 277 1 717 1 998 1 
1411 2 2448 2 1375 1 537 1 
860 1 549 1 290 1 456 2 
1385 2 2113 4 282 3 284 2 
286 2 281 3 1383 2 2112 2 
1395 3 71 1 2111 2 284 1 
2110 2 281 2 1391 1 283 1 
2508 2 2225 3 2191 2 1341 2 
1398 1 282 2 
1466 3 1686 3 411 2 
85 2 2434 2 1559 3 125 2 
2426 4 290 2 1578 2 389 2 
289 2 2425 2 280 1 390 1 
292 1 1544 2 623 1 90 2 
1543 1 291 1 624 1 293 3 
294 4 633 3 1534 3 292 3 
293 4 1533 3 634 3 101 4 
1620 1 125 1 397 2 2434 1 
101 3 1535 2 124 1 632 1 
2428 2 1578 2 391 4 1580 2 
299 2 1537 5 630 3 124 2 
298 2 300 1 1540 1 627 4 
299 1 1212 1 628 2 1539 1 
466 2 2027 1 302 1 376 1 
375 1 2026 2 303 1 301 1 
304 1 2025 1 302 1 378 3 
303 1 377 3 305 1 
372 2 304 1 306 1 
305 1 371 3 
308 2 1039 2 
307 2 477 2 1038 4 317 2 
561 4 1759 4 492 3 1716 4 
2145 3 335 3 1997 3 319 3 
312 2 314 5 
311 2 
316 2 1247 2 1720 2 314 5 
1719 4 1246 4 311 5 313 5 
1249 3 1759 3 1718 2 316 2 
313 2 1717 3 1248 2 315 2 
171 1 308 2 
336 4 347 4 320 5 2012 4 
2480 1 1996 2 310 3 757 1 
343 3 2013 3 318 5 34 3 
322 1 1761 2 364 1 
176 2 321 1 1760 1 363 1 
355 1 1995 2 335 1 758 2 
2464 3 185 3 1645 4 325 5 
326 4 324 5 665 3 1644 3 
325 4 2466 2 327 2 1643 4 
694 1 328 1 326 2 1642 2 
1146 1 327 1 329 2 1649 1 
1648 3 328 2 2467 3 330 2 
331 1 1647 1 329 2 2470 1 
330 1 1986 1 332 3 1646 2 
333 3 331 3 2472 3 1651 3 
332 3 1650 1 501 3 2471 2 
2010 1 57 2 244 3 336 2 
759 1 310 3 323 1 1994 1 
360 3 318 4 2011 3 334 2 
1592 2 338 2 1923 2 
1591 3 339 3 337 2 
1594 2 338 3 340 4 
341 3 339 4 1593 3 
340 3 1596 3 
2141 4 1993 3 355 3 370 4 
320 3 347 2 
2385 1 345 1 2005 1 353 1 
346 5 344 1 2004 1 2384 1 
345 5 2057 5 2007 5 2383 5 
1258 3 318 4 360 3 343 2 
2057 2 2001 2 349 3 1654 3 
348 3 2380 2 2000 5 350 3 
2003 3 351 2 2379 2 349 3 
207 1 2002 1 350 2 2378 2 
353 1 1633 3 977 1 2009 2 
2008 2 352 1 2370 1 344 1 
356 4 1029 4 786 3 1122 4 
2142 1 323 1 342 3 1992 2 
354 4 2056 3 1030 2 783 3 
1351 3 2192 4 362 2 2133 2 
370 2 2278 2 2143 1 1991 3 
2134 1 2192 3 1349 2 
1260 2 57 3 336 3 347 3 
362 2 776 3 2131 2 1080 2 
2130 1 361 2 357 2 1079 2 
2333 2 2027 1 364 1 322 1 
2026 2 321 1 363 1 
367 3 1037 2 1758 3 778 3 
369 2 2412 1 
365 3 2060 2 1036 2 777 3 
2410 2 12 2 529 3 369 3 
11 2 366 2 2409 4 368 3 
1990 2 358 2 750 3 342 4 
374 4 372 4 834 3 306 3 
305 2 377 4 832 4 371 4 
1083 3 374 3 
373 3 371 4 1082 4 
302 1 820 3 376 1 378 3 
237 1 375 1 625 1 301 1 
304 3 811 3 372 4 378 5 
1045 3 377 5 303 3 375 3 
544 3 2478 3 2140 3 380 4 
2479 4 385 3 2139 2 379 4 
388 1 2484 1 2146 2 382 1 
2303 2 2485 3 383 2 381 1 
2482 3 384 2 2148 3 382 2 
251 2 2147 1 383 2 2483 1 
2488 2 746 2 386 2 380 3 
745 1 385 2 2489 5 387 3 
388 3 2486 3 386 3 2144 3 
381 1 387 3 2505 2 747 1 
2516 1 289 2 392 1 390 1 
549 1 389 1 290 1 2515 1 
394 3 2226 4 297 4 392 3 
1578 1 2511 1 391 3 389 1 
394 2 2514 3 1579 3 396 2 
393 2 391 3 2513 3 1580 1 
2508 1 398 3 396 1 1560 1 
395 1 2507 1 1561 2 393 2 
2510 2 1278 3 295 2 398 4 
395 3 1620 3 2509 3 397 4 
406 2 86 2 518 3 400 3 
401 3 517 2 457 3 399 3 
402 2 400 3 520 3 84 3 
407 1 401 2 519 1 83 2 
522 1 90 2 404 1 1544 2 
89 3 521 2 405 3 403 1 
88 4 406 3 404 3 1470 5 
399 2 405 3 87 2 523 1 
402 1 449 2 408 2 526 1 
448 2 558 3 525 2 407 2 
1221 2 1454 2 
414 3 2202 3 593 4 1555 4 
287 2 274 2 95 2 
697 1 192 2 643 1 2073 2 
591 3 911 3 70 4 414 3 
590 1 410 3 413 3 2193 2 
2080 1 700 1 1652 1 638 1 
806 3 419 2 417 3 966 3 
805 5 416 3 965 3 929 3 
421 1 972 2 419 2 800 2 
799 2 971 2 416 2 418 2 
802 2 970 2 423 3 421 2 
418 1 801 2 969 2 420 2 
425 2 796 2 423 3 976 4 
795 2 422 3 975 2 420 3 
798 3 425 2 974 2 580 2 
422 2 424 2 973 2 797 1 
433 1 427 2 1410 2 1658 1 
426 2 1657 3 1407 2 428 2 
1656 3 537 1 1411 2 427 2 
2075 2 603 2 2034 2 1214 2 
1730 2 652 1 1094 2 1102 2 
432 3 1466 4 273 3 1661 3 
431 3 1660 2 276 3 433 1 
426 1 275 2 1659 2 432 1 
642 2 437 2 1687 3 704 2 
1375 1 436 2 537 1 1665 2 
1374 3 435 2 585 2 1664 3 
703 2 2073 2 434 2 641 4 
445 3 1928 3 1013 2 439 2 
1000 1 1927 1 440 2 438 2 
441 2 1926 4 439 2 1015 4 
440 2 447 2 2400 2 1925 1 
443 2 2377 2 1932 2 595 2 
442 2 444 2 1621 2 1931 3 
1930 2 443 2 445 3 989 2 
987 2 438 3 1929 2 444 3 
2077 3 1257 3 2038 2 599 3 
441 2 808 2 1924 3 
449 2 560 1 1511 2 408 2 
448 2 83 3 407 2 1512 2 
596 2 837 2 556 2 451 1 
836 2 454 1 450 1 557 1 
552 5 453 3 455 5 2184 3 
452 3 2183 1 458 1 553 1 
2186 1 455 3 451 1 554 2 
2185 4 452 5 454 3 555 4 
548 5 459 2 2188 3 280 2 
86 2 84 3 1513 3 400 3 
2190 1 459 1 453 1 550 1 
456 2 458 1 2189 2 551 1 
1913 1 1395 3 461 2 740 2 
460 2 739 2 462 2 1391 2 
742 2 461 2 463 3 1385 1 
1383 3 464 5 741 3 462 3 
463 5 1398 3 465 3 744 4 
743 1 464 3 
301 2 467 2 160 4 237 2 
466 2 236 3 159 2 470 1 
156 1 471 1 233 2 469 1 
468 1 232 3 155 2 474 1 
154 1 471 1 467 1 235 1 
468 1 153 2 470 1 234 2 
229 2 473 2 475 2 152 1 
2345 3 472 2 228 3 151 2 
231 2 475 2 150 2 469 1 
149 2 230 3 474 2 472 2 
479 3 895 4 172 2 477 2 
171 1 894 1 476 2 308 2 
897 1 170 2 481 1 479 2 
476 3 896 2 169 3 478 2 
168 2 481 1 891 1 483 1 
480 1 478 1 890 2 167 3 
166 1 485 2 893 1 483 1 
892 2 165 1 480 1 482 1 
174 2 900 2 2214 3 485 3 
899 5 482 2 173 2 484 3 
489 1 1117 3 487 1 1575 1 
494 1 1116 1 1574 1 486 1 
489 2 1119 2 1573 2 491 2 
486 1 488 2 1572 2 1118 2 
493 4 1113 2 1571 3 491 2 
1570 1 1112 2 490 2 488 2 
309 3 1569 1 493 3 1115 2 
1568 3 490 4 492 3 1114 4 
1953 3 1577 1 487 1 495 2 
1576 2 2504 3 1120 2 494 2 
898 1 646 2 1121 2 99 2 
98 3 1775 3 96 4 1501 4 
2222 2 1503 2 499 2 505 3 
2221 3 1502 2 498 2 500 2 
501 3 2224 1 1501 2 499 2 
500 3 2223 4 1500 3 333 3 
503 2 1507 1 2218 2 507 1 
502 2 504 2 2217 3 1506 2 
2220 1 505 3 503 2 1505 1 
504 3 1504 4 2219 3 498 3 
1509 2 2216 2 507 1 566 2 
2215 1 502 1 1508 2 506 1 
128 1 509 1 867 3 1243 1 
866 1 508 1 2492 3 127 1 
1235 4 2306 1 2188 2 1233 2 
512 2 157 1 2492 3 129 1 
511 2 164 3 132 2 2537 2 
31 2 29 3 1935 3 1284 1 
2307 1 1238 1 1236 1 2185 2 
2537 1 162 1 134 1 516 3 
161 4 133 3 1433 3 515 3 
518 2 520 2 400 2 
865 3 517 2 523 2 399 3 
520 2 402 1 526 1 
519 2 517 2 401 3 
404 2 1470 4 522 2 
403 1 521 2 
864 1 518 2 406 1 1470 3 
773 4 1911 2 776 3 1791 2 
526 1 408 2 2233 2 
525 1 519 1 407 1 
528 2 2174 2 1487 4 530 3 
527 2 2173 2 1486 3 533 3 
1489 2 530 4 368 3 2172 2 
529 4 1488 3 527 3 2171 3 
534 4 831 2 2328 2 532 2 
2327 2 1192 2 535 1 531 2 
2168 2 534 4 2330 2 528 3 
531 4 2329 5 533 4 2167 3 
148 1 536 1 532 1 807 2 
804 2 716 1 535 1 135 2 
435 1 428 1 1655 2 279 1 
1914 3 136 3 543 4 539 4 
1913 2 137 3 740 3 538 4 
1916 4 541 3 129 2 547 3 
542 2 1915 3 130 3 540 3 
127 1 541 2 543 2 1918 2 
542 2 128 2 538 4 1917 3 
379 3 133 1 545 3 1920 1 
544 3 1919 3 546 3 134 3 
1922 3 131 2 545 3 547 2 
132 2 540 3 546 2 1921 2 
456 5 551 4 2256 4 549 4 
2255 3 280 1 548 4 390 1 
2258 1 551 1 458 1 553 1 
548 4 550 1 459 1 2257 1 
452 5 553 3 555 4 2260 3 
2259 2 552 3 550 1 453 1 
2262 2 557 2 555 3 454 2 
552 4 2261 2 455 4 554 3 
557 2 2081 4 450 2 2264 2 
556 2 2263 4 554 2 451 1 
2233 3 560 2 408 3 
1277 2 823 3 1864 1 888 2 
558 2 448 1 1372 2 
309 4 1979 2 1250 2 1115 3 
569 3 563 3 1732 3 1703 5 
562 3 1819 2 1731 4 564 2 
565 1 1730 2 1822 2 563 2 
1821 2 1728 1 564 1 570 1 
567 4 898 2 1824 3 506 2 
566 4 1521 3 1823 3 568 4 
569 3 1713 2 567 4 1510 3 
568 3 562 3 1825 2 1733 2 
1727 2 571 1 565 1 1816 1 
1725 1 1055 1 1815 1 570 1 
575 3 573 3 815 2 597 2 
837 3 572 3 814 2 596 3 
577 3 575 3 599 3 813 2 
572 3 812 3 574 3 598 2 
1111 1 648 1 1121 2 1510 2 
818 3 574 3 1107 3 600 2 
579 3 817 1 581 2 603 1 
602 4 816 3 578 3 1107 4 
605 2 581 2 810 2 424 2 
580 2 809 2 578 2 604 4 
1094 3 583 2 1727 3 654 2 
653 3 582 2 1725 1 1020 1 
2302 2 587 2 585 1 74 3 
2301 2 436 2 584 1 73 1 
589 1 587 2 2300 2 76 2 
586 2 584 2 2299 2 75 3 
2298 5 589 3 70 4 591 3 
69 2 2297 1 586 1 588 3 
591 1 414 1 2296 2 593 2 
590 1 413 3 2295 1 588 3 
1555 2 593 2 785 1 2294 2 
592 2 2293 3 590 2 410 4 
1688 1 2475 3 1634 1 1632 1 
1709 1 442 2 
597 2 2081 4 450 2 573 3 
596 2 598 1 2082 1 572 2 
597 1 599 2 1257 2 575 2 
598 2 574 3 600 2 446 3 
601 1 2077 2 599 2 577 2 
600 1 1213 2 602 2 1107 2 
579 4 601 2 603 2 1214 2 
429 2 604 3 602 2 578 1 
605 4 2075 3 603 3 581 4 
604 4 580 2 798 3 2076 3 
1884 3 609 4 1713 2 607 3 
1883 4 1825 2 612 2 606 3 
609 3 1413 1 1886 1 1824 2 
608 3 1823 3 606 4 1885 3 
829 1 2091 1 611 2 1542 2 
2090 2 1541 2 610 2 616 2 
613 1 1890 1 1703 4 607 2 
612 1 1819 1 1889 1 1244 2 
617 1 2099 2 1311 2 615 1 
1295 1 620 2 2098 1 614 1 
2417 1 617 1 2097 3 611 2 
614 1 2096 2 1331 1 616 1 
619 1 621 1 2095 1 2368 2 
618 1 2094 1 1110 2 2367 1 
1291 2 615 2 621 2 2093 2 
2092 2 618 1 620 2 2369 2 
928 5 925 4 930 3 1237 4 
291 1 624 1 687 1 1518 1 
292 1 1909 1 633 1 623 1 
2123 1 13 2 376 1 820 3 
930 3 924 4 919 4 2265 4 
630 5 299 4 628 5 1902 4 
1675 2 1901 2 300 2 627 5 
632 1 1904 1 124 1 630 2 
1903 2 298 3 627 5 629 2 
632 2 101 4 1906 2 634 3 
629 1 631 2 1905 2 296 1 
624 1 1908 3 293 3 634 2 
1907 3 294 3 631 3 633 2 
638 2 2080 2 636 4 2043 4 
635 4 1970 3 2079 3 2042 3 
2045 3 640 2 1652 2 638 2 
635 2 415 1 637 2 2044 1 
640 1 2047 2 642 1 1687 2 
639 1 2083 1 637 2 2046 3 
642 4 644 5 2049 5 437 4 
434 2 641 4 639 1 2048 1 
644 2 412 1 2051 2 55 2 
2073 3 2050 3 643 2 641 5 
646 3 1946 2 1121 3 648 2 
496 2 645 3 1771 2 1945 2 
650 3 1948 2 648 2 1111 2 
1947 1 576 1 647 2 645 2 
652 1 650 2 1950 2 1102 2 
1949 3 647 3 1097 2 649 2 
654 1 1094 2 652 1 1952 1 
430 1 649 1 1951 2 651 1 
583 3 1139 3 1944 4 654 3 
651 1 1943 2 653 3 582 2 
1963 3 658 3 2326 2 656 2 
1962 2 2325 1 661 2 655 2 
1965 2 2324 4 1941 3 658 3 
1964 2 655 3 2323 2 657 3 
2397 2 662 1 660 1 2322 1 
2321 3 663 1 659 1 2394 1 
2320 2 1969 3 656 2 662 2 
1968 1 2319 3 659 1 661 2 
664 2 660 1 2332 1 2366 2 
2128 2 663 2 2365 2 2331 3 
2464 1 325 3 1222 3 2466 1 
667 5 1288 3 1978 2 1965 2 
1977 4 666 5 1964 4 668 4 
669 2 1963 2 667 4 2451 2 
1962 3 670 3 668 2 1312 3 
1982 3 669 3 1969 3 671 3 
1968 2 672 2 1981 2 670 3 
1984 2 671 2 2397 2 673 2 
674 3 2394 2 672 2 1983 2 
673 3 675 3 1971 3 2366 3 
2079 2 674 3 1970 2 2365 2 
1984 3 677 2 679 2 842 5 
1983 1 685 3 35 2 676 2 
681 2 1179 1 679 1 1982 2 
843 1 676 2 678 1 1981 1 
2451 2 681 2 58 3 683 3 
678 2 1312 3 680 2 845 4 
1978 3 683 5 748 3 848 3 
59 4 682 5 1977 3 680 3 
849 3 2114 2 
677 3 1971 4 686 3 840 3 
2042 1 685 3 839 1 1970 1 
1870 2 623 1 1909 1 1880 2 
689 2 696 2 2049 3 
688 2 690 1 2048 1 
689 1 2047 2 691 1 
2046 3 690 1 
693 4 2043 3 
2114 5 692 4 839 4 2042 4 
327 1 1220 2 2466 1 1146 1 
696 1 2051 2 
695 1 688 2 2050 2 
2136 1 210 1 412 1 698 3 
2135 5 697 3 2073 4 703 4 
700 2 708 2 706 3 1652 2 
699 2 415 1 701 2 707 1 
700 2 2129 5 702 2 2080 2 
2128 1 2079 1 701 2 2365 1 
437 2 2127 2 698 4 704 2 
705 1 703 2 2126 1 434 2 
706 2 704 1 2125 3 1687 2 
705 2 2124 2 2083 2 699 3 
2422 1 2129 4 700 1 708 1 
699 2 2421 2 2124 1 707 1 
2097 4 268 2 718 2 710 4 
2096 4 267 4 711 3 709 4 
2099 2 710 3 266 1 712 1 
2098 1 713 2 265 3 711 1 
714 3 712 2 2093 2 272 2 
713 3 715 2 271 2 2092 3 
716 1 2095 1 714 2 270 1 
2094 1 715 1 536 1 269 2 
278 1 882 2 2091 1 718 1 
277 1 709 2 717 1 2090 1 
720 2 2103 1 1421 3 726 3 
719 2 721 2 2102 3 1420 2 
1423 2 722 1 720 2 2101 1 
2100 1 1422 2 727 1 721 1 
724 1 909 3 2107 1 1417 1 
723 1 725 1 1416 1 2106 1 
726 3 2105 1 1419 2 724 1 
725 3 1418 4 2104 4 719 3 
1414 1 728 1 722 1 2109 1 
2108 1 727 1 1886 1 1413 1 
732 2 730 2 1058 2 
915 1 729 2 1057 1 
734 2 732 2 1067 2 
1066 1 731 2 729 2 
1065 1 734 1 736 2 
1064 3 731 2 733 1 
1063 2 738 2 736 2 
1062 3 735 2 733 2 
1061 1 738 2 
737 2 1060 3 735 2 
742 2 461 2 1271 1 740 2 
1272 2 539 3 739 2 460 2 
744 2 1269 3 742 2 463 3 
741 2 739 2 1270 2 462 2 
465 1 744 2 1275 2 
1276 2 741 2 743 2 464 4 
997 2 386 1 746 1 2144 1 
385 2 745 1 2139 1 996 2 
995 1 2146 2 2144 1 388 1 
1677 3 116 1 682 3 
1317 2 1935 4 868 2 1014 4 
2143 2 2078 2 370 3 2141 3 
113 1 754 1 1685 2 752 2 
1684 2 112 2 944 3 751 2 
115 1 1683 1 754 1 756 2 
1682 3 753 1 751 1 114 2 
756 2 1681 3 
755 2 753 2 1680 2 
2145 1 1136 1 319 1 2137 1 
759 2 2071 3 323 2 2142 2 
758 2 335 1 2145 1 1134 3 
1320 2 1934 1 1178 1 761 1 
1014 3 1933 1 760 1 1319 1 
2476 1 803 2 2170 1 763 2 
2169 2 762 2 2475 4 770 3 
765 4 2162 2 767 3 2481 2 
1967 3 2512 3 764 4 2161 5 
2160 2 264 2 2490 3 767 3 
764 3 2487 3 2159 2 766 3 
2166 2 264 2 1168 2 771 2 
775 1 1796 2 
30 2 771 2 2164 3 763 3 
770 2 768 2 2494 1 2163 2 
988 2 1768 2 1181 1 
1910 3 775 3 524 4 1794 3 
1253 2 1940 2 1314 3 1178 2 
769 1 773 3 1793 2 
1792 2 1912 3 361 3 524 3 
780 3 778 3 367 3 1558 2 
2358 3 1714 2 365 3 777 3 
2061 2 1722 1 780 2 782 1 
2411 3 777 3 2060 2 779 2 
784 3 782 3 2059 4 2414 3 
2413 1 781 3 2058 2 779 1 
784 2 356 3 2416 2 786 2 
783 2 2056 2 781 3 2415 2 
2418 2 786 1 592 1 1122 2 
785 1 1729 2 354 3 783 2 
788 2 1745 1 1080 1 256 2 
787 2 1744 2 791 2 1079 3 
1743 2 792 3 790 2 1349 3 
1742 1 1348 1 789 2 793 3 
1351 2 1741 4 792 2 788 2 
789 3 1740 3 791 2 1350 2 
794 3 1059 3 1737 4 790 3 
793 3 1736 1 
423 2 802 1 796 1 2315 1 
795 1 422 2 797 1 2316 2 
798 2 2317 1 796 1 425 1 
424 3 797 2 605 3 2318 3 
806 3 800 2 419 2 2311 1 
799 2 418 2 2312 3 801 3 
421 2 802 2 2313 2 800 3 
420 2 795 1 801 2 2314 1 
1938 3 762 2 1316 3 1253 2 
807 3 536 2 269 3 1445 2 
2269 3 417 5 2309 3 806 5 
799 3 1046 3 416 3 805 5 
804 3 1444 2 535 2 1192 3 
447 2 2400 2 
817 1 810 2 581 2 37 2 
974 2 809 2 580 2 36 4 
1045 1 832 3 377 3 2120 2 
815 2 575 3 813 2 40 3 
39 2 818 2 812 2 574 2 
1240 1 815 1 573 2 42 1 
814 1 812 2 572 2 41 2 
579 3 819 2 44 1 817 1 
809 1 43 2 578 1 816 1 
577 3 813 2 46 2 819 3 
1107 3 816 2 45 3 818 3 
1045 3 375 3 2122 3 625 3 
1857 1 1228 2 824 1 822 3 
1255 3 1384 3 1856 3 821 3 
824 3 826 3 559 3 1387 3 
1277 2 823 3 821 1 1386 2 
1865 1 1389 2 828 2 826 1 
1864 1 823 3 1388 1 825 1 
833 1 828 2 830 2 1863 3 
825 2 827 2 1810 2 1390 3 
610 1 1861 1 1393 1 830 2 
1392 3 829 2 1860 2 827 2 
531 2 1192 2 1452 1 2167 1 
834 3 811 3 2119 3 372 4 
827 1 1390 2 1392 2 
832 3 1082 3 2118 1 371 3 
2115 1 1083 2 
451 2 1241 3 2186 2 837 3 
573 3 450 2 836 3 1240 2 
2040 1 95 2 1010 1 
1706 2 686 1 693 4 840 1 
839 1 35 2 1705 2 685 3 
60 3 1800 2 196 1 38 1 
1813 4 35 5 676 5 843 4 
1812 2 679 1 842 4 1179 1 
193 3 1465 2 1801 2 
58 5 681 4 1179 3 1818 4 
847 3 55 4 1803 3 191 4 
1806 1 846 3 60 3 190 1 
1700 3 59 2 116 1 682 3 
684 3 850 3 1706 4 
854 2 849 3 1705 2 
2036 2 2435 2 1644 1 1769 1 
855 3 853 3 1812 3 1852 2 
1851 2 858 3 852 3 1811 2 
1698 3 850 2 855 3 1763 2 
1813 2 852 3 1849 4 854 3 
859 4 857 5 1701 4 1848 4 
856 5 1700 4 2254 2 1847 3 
859 2 1818 3 853 3 1846 2 
1845 1 858 2 856 4 1817 3 
280 1 1235 4 2425 2 2188 2 
862 1 867 3 1243 1 1435 1 
2021 1 861 1 1242 1 1434 2 
864 1 1470 3 
863 1 523 1 865 2 
518 3 864 2 
509 1 158 1 1439 3 867 3 
1438 4 508 3 861 3 866 3 
1942 3 879 2 1310 2 749 2 
2404 3 870 3 2300 3 876 3 
869 3 2403 2 2299 2 871 2 
2402 1 2302 2 872 1 870 2 
2301 2 1298 1 871 1 2401 2 
874 2 2408 3 878 2 2296 3 
873 2 2295 1 2407 1 875 1 
2298 3 876 2 2406 1 874 1 
875 2 2405 2 2297 2 869 3 
2399 1 1028 3 878 1 2294 2 
2398 4 873 2 877 1 2293 2 
1309 3 1941 3 868 2 2324 4 
1857 2 72 4 889 4 881 3 
1856 2 71 2 2111 3 880 3 
64 4 883 2 717 2 1861 2 
63 1 882 2 884 2 1860 1 
885 3 1863 4 883 2 62 2 
61 3 884 3 886 4 1810 2 
885 4 887 3 68 3 1865 3 
888 2 886 3 1864 1 67 3 
887 2 889 4 66 3 559 2 
1277 4 888 4 880 4 65 3 
2284 3 897 2 891 2 481 2 
2283 1 892 2 480 1 890 2 
2282 2 893 2 483 2 891 2 
892 2 899 4 2281 1 482 1 
477 1 895 3 2288 3 1038 3 
476 4 2287 3 894 3 896 3 
2286 1 479 2 897 1 895 3 
2285 3 478 1 896 1 890 2 
496 1 1521 1 1509 2 566 2 
893 4 485 5 900 4 2290 4 
899 4 484 2 2289 1 1339 1 
902 2 910 2 1853 3 1216 3 
1850 2 901 2 1215 1 903 2 
904 2 1844 2 1218 3 902 2 
1217 1 903 2 905 2 1843 2 
906 2 1220 3 904 2 1858 3 
905 2 1859 1 1219 1 907 1 
1855 3 1222 3 908 1 906 1 
1854 2 907 1 1221 2 
1879 3 910 3 723 3 1224 3 
909 3 901 2 1223 1 1878 1 
413 3 1138 1 2195 2 2193 2 
1291 1 913 2 
912 2 2369 3 914 3 
915 2 2368 3 913 3 
914 2 730 1 2367 1 
2199 1 2438 1 73 1 2072 1 
2336 1 921 1 927 1 918 2 
917 2 967 3 2335 4 926 2 
921 2 931 2 2338 2 626 4 
1255 1 1384 1 
2337 1 919 2 917 1 924 2 
923 3 2278 3 1991 4 968 2 
926 2 922 3 967 3 2277 2 
927 2 2266 3 626 4 921 2 
933 3 2340 2 931 2 622 4 
923 2 927 1 2268 2 918 2 
924 2 926 1 917 1 2267 1 
2270 3 933 4 622 5 929 3 
2269 1 928 3 417 3 932 1 
626 3 931 1 622 3 2272 1 
2339 2 919 2 930 1 925 2 
933 2 2342 3 929 1 965 1 
925 3 932 2 2341 3 928 4 
1998 2 1372 3 1877 2 1396 3 
2231 4 936 4 1529 3 938 2 
943 3 2463 3 935 4 1528 3 
940 4 1527 4 938 3 1972 3 
937 3 2465 2 1526 2 935 2 
2468 2 940 3 942 3 1525 3 
937 4 1524 2 939 3 2253 3 
942 2 1987 1 2149 5 1523 3 
941 2 2469 2 1522 2 939 3 
936 3 944 2 1531 1 2474 4 
2473 2 1530 3 943 2 752 3 
946 2 2381 2 2346 3 952 4 
945 2 228 2 2345 2 1653 1 
2350 3 950 4 2371 3 948 4 
1631 4 953 4 2349 2 947 4 
2373 1 1899 3 950 2 2348 4 
947 4 2347 2 2372 4 949 2 
2375 2 2354 3 954 2 952 4 
2374 3 2353 3 945 4 951 4 
1292 3 948 4 2352 3 954 3 
951 2 2376 1 953 3 2351 2 
956 4 2381 2 960 2 2332 2 
2331 4 1653 3 955 4 224 3 
964 5 1292 4 958 4 2320 4 
2376 1 2319 3 957 4 959 1 
2322 1 2375 1 960 1 958 1 
2374 1 959 1 955 2 2321 3 
2373 2 962 2 2324 4 1309 3 
2372 3 963 1 961 2 2323 1 
962 1 2371 1 2326 1 964 2 
957 5 963 2 2325 2 1631 4 
966 3 417 3 1633 3 932 1 
965 3 2370 3 971 3 416 3 
2344 2 968 2 923 3 918 3 
2343 3 967 2 181 1 922 2 
972 3 421 2 970 2 2383 2 
975 1 420 2 969 2 2382 1 
2385 1 419 2 966 3 972 2 
969 3 418 2 2384 2 971 2 
976 4 425 2 2379 2 974 2 
810 2 2378 2 424 2 973 2 
970 1 1654 2 976 3 423 2 
973 4 975 3 2380 3 422 4 
978 1 2342 3 2348 4 352 1 
2341 2 977 1 979 2 2347 1 
980 4 978 2 2340 2 2350 2 
979 4 2349 3 981 5 2339 4 
2338 3 2352 3 980 5 982 4 
2351 3 983 3 2337 2 981 4 
2336 2 982 3 2354 3 984 2 
985 3 2353 1 2335 3 983 2 
986 3 984 3 2346 4 2344 3 
2345 2 985 3 2343 3 151 1 
445 2 989 1 1013 1 
1180 3 772 2 1048 3 1767 3 
1621 2 987 1 444 2 
991 2 2148 2 270 1 993 2 
990 2 2147 2 1445 2 269 3 
993 3 2146 3 995 2 272 2 
2303 3 992 3 271 2 990 2 
995 1 266 1 2144 1 997 2 
747 1 994 1 265 3 992 2 
268 2 746 2 999 3 997 3 
745 2 996 3 267 3 994 2 
999 2 2140 1 1126 2 278 1 
2139 2 277 2 996 3 998 2 
1015 3 439 1 1013 1 
2438 1 1002 1 1608 2 2072 1 
1001 1 1003 2 1780 1 2437 1 
1790 3 1004 3 1002 2 2448 3 
2447 4 1789 2 1003 3 1005 3 
2450 3 1006 3 1788 3 1004 3 
1005 3 1787 3 1007 3 2449 2 
1008 2 1006 3 1786 4 2444 4 
1007 2 2443 1 1009 2 1785 1 
1010 2 2446 2 1784 2 1008 2 
2445 2 1009 2 1783 3 838 1 
1148 3 1012 4 1557 3 1144 2 
1147 3 1556 3 1011 4 
438 2 987 1 1000 1 
1936 3 761 3 749 4 1318 4 
1000 3 440 4 2400 4 
1017 2 1023 4 1326 2 2071 3 
1229 1 1325 1 1016 2 1134 3 
1840 2 1227 2 2547 3 
1136 1 1229 1 1323 3 1026 1 
1330 2 1021 2 1139 1 583 1 
1020 2 1022 2 1329 2 2078 2 
1023 3 1021 2 1328 1 1141 2 
1140 3 1022 3 1016 4 1327 3 
2539 2 1724 2 1025 3 1153 2 
1230 2 1024 3 1831 3 2538 3 
1322 1 1027 2 1145 1 1019 1 
1321 3 1148 3 1026 2 1144 2 
1122 4 2154 3 1029 4 877 3 
354 4 2153 4 1028 4 1030 2 
356 2 1029 2 1031 1 2152 2 
1032 2 2151 3 1030 1 2056 2 
1031 2 2059 3 2158 2 1033 2 
2157 1 1034 2 2058 2 1032 2 
1035 2 1033 2 2156 3 2061 3 
1034 2 2060 1 2155 2 1036 1 
1037 1 2150 1 367 2 1035 1 
365 2 1523 3 1036 1 2149 5 
2053 4 308 4 1039 4 894 3 
2052 2 1038 4 307 2 
1041 4 1389 2 
1040 4 1042 5 1388 4 
1043 2 1387 2 1041 5 
1042 2 1386 2 1044 1 
1043 1 1228 2 
811 1 820 3 378 3 2121 2 
806 3 1770 1 2309 1 2311 1 
1048 4 1346 4 1050 5 1322 3 
988 3 1321 3 1047 4 1345 2 
1324 2 1050 4 1052 3 1359 4 
1323 5 1358 4 1049 4 1047 5 
1326 2 1357 2 1054 2 1052 3 
1325 2 1356 2 1051 3 1049 3 
1054 3 1328 3 1056 3 1355 3 
1053 3 1051 2 1354 1 1327 1 
1056 1 1353 3 571 1 1330 2 
1055 1 1352 3 1329 1 1053 3 
2367 1 1058 1 1110 2 730 1 
1066 1 1057 1 1109 2 729 2 
1348 1 793 3 
1061 2 1063 3 738 3 2028 3 
1060 2 737 1 1103 1 
1063 3 736 3 1106 3 1065 2 
1062 3 1060 3 1105 2 735 2 
734 3 1065 3 1100 3 1067 3 
733 1 1064 3 1099 2 1062 2 
1067 1 1342 1 732 1 1058 1 
1066 1 1101 2 1064 3 731 2 
1074 1 2292 1 1069 2 2526 2 
2291 3 1068 2 2525 3 1202 3 
2238 3 2232 2 1692 3 198 1 
1072 1 2041 2 2522 1 1078 2 
2521 1 1071 1 1073 2 2031 1 
1074 2 1072 2 2524 4 2024 2 
2523 2 1068 1 1073 2 2015 1 
2518 4 1553 3 1347 5 1076 3 
1077 2 1344 1 2517 2 1075 3 
1076 2 1078 3 2520 2 1343 2 
1077 3 1985 3 1071 2 2519 3 
1080 2 1351 3 362 2 788 3 
1079 2 1792 1 787 1 361 2 
7 3 1091 1 2431 2 1089 1 
1083 4 834 3 2117 3 374 4 
1082 4 373 3 2116 3 835 2 
1085 1 2063 1 1090 2 2306 1 
1084 1 2062 1 2305 2 1156 1 
2304 3 1098 3 1090 3 2065 2 
6 3 2434 3 1088 3 1559 4 
5 2 1089 1 1087 3 2433 3 
1088 1 8 1 2432 1 1081 1 
1084 2 1394 3 1086 3 2064 2 
1092 2 2 1 1081 1 2430 1 
1 2 1093 2 1091 2 2429 2 
2428 1 4 2 1092 2 33 1 
582 3 430 2 651 2 1728 2 
10 2 1096 1 33 1 2426 3 
9 1 2425 2 1095 1 1235 4 
650 2 1111 1 1102 2 1732 2 
1532 2 2242 3 1086 3 2066 2 
1106 3 2330 2 1065 2 1100 2 
1101 2 1064 3 2329 3 1099 2 
1100 2 1342 2 1067 2 2328 2 
1731 4 1097 2 649 2 430 2 
1061 1 1489 1 2028 2 
2069 2 1108 1 1361 1 2308 3 
2028 2 1487 4 1063 2 1106 2 
1099 3 1062 3 1105 2 1486 3 
577 3 819 3 579 4 601 2 
1104 1 2307 1 2068 1 2242 2 
1110 3 1342 2 148 2 1058 2 
1109 3 135 3 1057 2 619 2 
576 1 1733 1 1097 1 647 2 
2206 2 491 2 1119 2 1113 2 
1114 2 2205 2 490 2 1112 2 
1113 2 1115 3 2204 3 493 4 
1114 3 492 2 2203 2 561 3 
1117 3 1953 3 2210 1 487 1 
1118 4 2209 3 1116 3 486 3 
1117 4 2208 4 1119 2 489 2 
488 2 1118 2 2207 2 1112 2 
1953 3 1585 2 2212 1 495 2 
645 3 496 2 1521 2 576 2 
1028 4 2294 3 354 4 785 2 
1712 2 1366 3 1708 2 
1127 3 62 2 1922 4 1125 3 
61 3 1130 3 1124 3 1921 2 
1127 3 64 4 1920 2 998 2 
1126 3 63 2 1124 3 1919 2 
1131 3 1129 2 1918 3 66 3 
65 1 1132 2 1128 2 1917 2 
1131 3 1125 3 1916 4 68 2 
1128 3 1130 3 67 4 1915 3 
1914 2 1129 2 1133 4 72 4 
1132 4 71 3 1913 3 1395 5 
759 3 1017 3 2071 4 1137 4 
2070 2 1882 1 2519 2 2197 1 
1019 1 1137 2 757 1 1145 1 
1136 2 1229 2 2145 2 1134 4 
2084 2 911 1 2089 3 2524 3 
2143 1 653 3 1020 1 2078 1 
1023 3 1141 2 2071 2 2142 1 
1140 2 2141 3 1022 2 2078 2 
1143 4 2084 4 2202 3 2526 4 
2525 3 1142 4 2201 3 1266 2 
1145 1 1011 2 2138 2 1027 2 
1144 1 2137 1 1136 1 1026 1 
2467 2 328 1 1217 1 694 1 
1012 3 1148 2 1768 2 
1011 3 1027 3 1147 2 1767 3 
1150 2 1152 3 2 2 2041 3 
1149 2 1 1 2031 1 1226 1 
1154 1 1343 1 8 1 1152 2 
1149 3 7 4 1985 3 1151 2 
6 1 1154 1 1347 3 1024 2 
1153 1 1344 1 1151 1 5 2 
2292 2 1156 2 1234 2 10 3 
2291 2 1155 2 9 1 1085 1 
261 2 1158 1 1686 2 1303 1 
1159 2 1809 1 1157 1 260 1 
1158 2 1160 2 1702 3 
1699 2 1159 2 
1170 1 1468 2 1162 2 1346 2 
1345 2 1467 2 1161 2 1300 2 
1256 1 1460 3 1353 3 1164 2 
1165 2 1459 3 1163 2 1352 4 
1164 2 1726 1 1355 1 1166 2 
1165 2 1354 2 2491 2 1457 3 
1637 1 1168 1 264 1 2490 2 
1636 1 768 2 1167 1 2494 1 
1170 1 1359 3 1462 2 2493 2 
1161 1 1169 1 1461 2 1358 2 
138 1 1645 2 185 1 
141 3 1175 3 188 3 1173 3 
140 2 1172 3 1176 2 
1175 2 187 1 143 2 1332 3 
1174 2 142 3 1172 3 186 2 
1177 1 147 1 1173 2 
146 4 1176 1 
1939 2 1313 2 774 2 760 1 
678 1 1811 1 845 3 843 1 
1345 2 988 3 1300 2 1181 2 
1299 2 772 1 1180 2 
1189 1 1183 2 1924 2 1757 1 
1592 3 1923 3 1182 2 1756 5 
1930 2 1185 3 1187 3 1296 2 
1190 4 1184 3 1929 2 1754 3 
1362 3 1187 3 1753 2 1932 2 
1186 3 1184 3 1752 3 1931 4 
1926 4 1189 2 1751 3 1191 2 
1925 1 1188 2 1182 1 1750 3 
1928 4 1185 4 1290 3 1191 3 
1927 1 1748 1 1188 2 1190 3 
532 2 831 2 1453 2 807 3 
1194 4 1696 3 1704 5 2055 3 
1193 4 2271 3 1195 2 2054 3 
1194 2 2069 2 1196 1 2274 2 
1197 1 2273 2 1195 1 2068 1 
2276 2 2067 4 1196 1 1198 2 
2275 3 1197 2 1199 4 2066 2 
2065 3 1200 3 1252 3 1198 4 
1199 3 1201 1 1251 2 2064 1 
1200 1 2063 1 2280 2 1202 2 
2279 3 1201 2 1069 3 2062 2 
1408 3 1753 2 1668 4 1204 2 
1752 2 1205 2 1203 2 1669 2 
1206 2 1204 2 1666 3 1296 2 
1754 2 1207 1 1205 2 1667 1 
1206 1 1672 1 1208 2 1290 1 
1209 2 1748 2 1207 2 1673 4 
1670 2 1208 2 1210 2 1751 2 
1671 2 1209 2 1211 3 1750 4 
1674 3 1210 3 1757 2 1212 2 
300 1 1756 4 1211 2 1675 1 
2077 3 1214 2 601 2 2032 2 
2035 2 1213 2 429 2 602 2 
1218 2 902 1 1216 2 2470 1 
1223 2 1215 2 901 3 1986 2 
904 1 1146 1 1218 2 1220 2 
1215 2 2467 3 903 3 1217 2 
1222 3 906 1 2466 1 1220 2 
905 3 694 2 1217 2 1219 2 
1222 4 2464 2 409 2 908 2 
1221 4 1219 3 907 3 665 3 
1224 1 910 1 2472 1 1216 2 
1223 1 2471 2 909 3 1417 1 
1485 5 2545 4 1227 4 1842 4 
1234 1 4 2 2024 1 1150 1 
1018 2 1841 2 1225 4 2544 3 
1384 2 1386 3 821 2 1044 2 
1017 1 1019 1 1324 1 1137 2 
1025 2 1231 3 1838 4 2541 1 
1482 3 1230 3 1837 3 2540 4 
1239 2 1233 2 2304 2 2190 1 
1232 2 1394 3 510 2 2189 3 
3 2 1226 1 1155 2 2015 1 
510 4 860 4 1096 4 2305 5 
1241 2 2186 1 2308 3 514 1 
2272 2 1947 2 2270 2 622 4 
2184 1 1239 2 514 1 2310 2 
1232 2 1532 2 1238 2 2183 2 
1415 2 1241 2 814 1 837 2 
1236 2 1240 2 836 3 1412 3 
1243 1 862 1 1378 2 137 2 
1242 1 508 1 861 1 136 1 
1245 3 1888 3 1822 3 613 2 
1244 3 1821 3 1254 3 1887 2 
1976 2 314 4 1247 1 
1248 2 313 2 1975 4 1246 1 
1247 2 1974 2 316 2 1249 3 
315 3 1973 3 1250 2 1248 3 
1759 2 561 2 1249 2 1980 3 
1268 5 1252 2 1200 2 2280 3 
1251 2 1199 3 1267 1 2275 2 
774 2 1315 3 803 2 1937 1 
1245 3 1256 2 1816 2 1881 3 
920 1 822 3 2085 1 
1163 1 1815 1 1880 2 1254 2 
2039 3 2082 2 446 3 598 2 
347 3 2412 2 1260 2 
1260 1 57 2 1446 1 2410 1 
1259 1 360 2 2409 3 1258 2 
1262 2 1955 2 2276 3 1264 3 
1261 2 1267 1 2275 2 1954 2 
1264 2 1274 2 2274 2 1957 2 
1263 2 1956 4 1261 3 2273 3 
1268 4 1959 1 2280 2 1266 1 
1958 2 2279 2 1265 1 1143 2 
1262 1 1961 2 1268 4 1252 1 
1960 4 1251 5 1265 4 1267 4 
1276 3 1270 3 741 3 1377 4 
1271 1 1269 3 1376 1 742 2 
1270 1 1272 1 739 1 1379 1 
1271 1 1378 2 740 2 137 2 
1967 2 2512 2 1274 3 1704 4 
1263 2 1966 2 2271 3 1273 3 
1382 4 743 2 1276 2 
1269 3 744 2 1275 2 1381 1 
824 2 1857 2 559 2 889 4 
397 3 125 2 174 2 1279 4 
173 3 126 5 1278 4 248 3 
1287 1 26 1 1281 1 1683 1 
25 4 1282 4 1280 1 1682 3 
1685 5 1281 4 1283 4 24 4 
23 1 1684 1 1282 4 1764 2 
1289 1 1285 3 1679 1 513 1 
29 5 1286 3 1284 3 1678 4 
1287 1 1681 3 1285 3 28 1 
1286 1 27 1 1280 1 1680 1 
32 2 666 3 1289 2 1677 4 
1284 1 1288 2 31 2 1676 1 
1748 1 1754 2 1190 3 1207 1 
620 2 2369 2 1295 1 912 1 
953 3 1631 3 957 4 2376 1 
119 1 168 2 1294 1 249 4 
246 1 1293 1 120 2 167 3 
615 1 1291 1 1311 2 
1754 2 1184 2 1205 2 1752 2 
1306 2 1298 2 1663 2 1665 3 
56 2 1297 2 872 1 1664 2 
1181 2 1300 2 1999 2 
1998 1 1299 2 1180 2 1162 2 
1660 3 1302 2 54 3 1304 2 
1659 2 53 2 1301 2 1307 2 
1662 1 1157 1 52 1 1304 1 
51 3 1661 1 1303 1 1301 2 
1306 1 1656 3 50 3 1308 1 
1305 1 1297 2 1655 2 49 3 
1308 2 48 2 1302 2 1658 2 
1657 2 47 2 1305 1 1307 2 
879 3 1310 3 1491 3 961 3 
1317 2 1309 3 868 2 1490 2 
614 2 1331 2 1295 2 
2451 3 681 3 1982 3 669 3 
1499 3 1320 3 1314 3 1178 2 
1315 4 1313 3 774 3 1498 2 
1253 3 1497 3 1314 4 1316 4 
2476 2 1315 4 1496 3 803 3 
1318 2 1310 2 749 2 1495 3 
1319 2 1317 2 1494 3 1014 4 
1318 2 1320 2 1493 1 761 1 
760 2 1492 2 1319 2 1313 3 
1027 3 1048 3 1322 2 1767 3 
1026 1 1321 2 1047 3 1323 3 
1050 5 1324 3 1019 3 1322 3 
1049 2 1229 1 1323 3 1325 1 
1326 1 1017 1 1052 2 1324 1 
1325 1 1051 2 1016 2 1327 1 
1023 3 1054 1 1328 1 1326 1 
1053 3 1329 1 1327 1 1022 1 
1330 2 1056 1 1328 1 1021 2 
1020 2 1329 2 1725 2 1055 2 
2417 1 617 1 1311 2 
2528 5 1333 3 1174 3 2200 3 
1336 1 1332 3 2194 2 2527 1 
2228 2 1335 2 1337 2 2536 4 
2227 1 1340 1 1334 2 2535 1 
1337 1 1333 1 2534 1 2230 1 
1336 1 2229 1 1334 2 2533 1 
2191 1 2532 2 1341 1 1339 1 
2531 2 2214 2 1338 1 900 1 
2225 2 1335 1 2530 1 1341 1 
2529 1 1338 1 1340 1 285 2 
2327 2 1101 2 1066 1 1109 2 
1151 1 1985 2 1077 2 1344 1 
1076 1 1154 1 1347 3 1343 1 
1180 2 1162 2 1346 2 1048 2 
1345 2 1047 4 1358 3 1161 2 
1075 5 1344 3 2539 3 1153 3 
1059 1 1349 2 790 1 
1348 2 789 3 1350 2 359 2 
1351 2 2192 3 1349 2 792 2 
357 3 791 2 1350 2 1079 3 
1353 5 1056 3 1355 3 1164 4 
1352 5 1055 3 1163 3 1815 3 
1357 1 1054 1 1166 2 1355 1 
1165 1 1352 3 1053 3 1354 1 
2493 2 1052 2 1359 3 1357 1 
1051 2 1354 1 2491 1 1356 1 
1050 4 1170 2 1359 4 1346 3 
1169 3 1356 3 1049 4 1358 4 
202 2 1415 2 1361 1 2055 1 
1412 2 1104 1 2054 2 1360 1 
1186 3 1618 3 1709 2 1363 2 
1617 1 1366 3 1708 2 1362 2 
1711 5 1616 4 1367 4 1365 4 
1710 1 1370 1 1364 4 1615 1 
1363 3 1367 3 1123 3 1614 4 
1712 2 1366 3 1364 4 1613 2 
1369 3 1612 4 1371 3 
1368 3 1611 1 
1371 1 1610 1 1365 1 
1370 1 1609 3 1368 3 
560 2 1373 2 934 3 1511 3 
1396 2 1372 2 
436 3 2438 2 73 2 1375 2 
435 1 2437 1 1374 2 279 1 
1379 1 2023 1 1270 1 1377 2 
1381 2 2022 3 1376 2 1269 4 
1379 2 1272 2 1242 2 2021 2 
1376 1 1378 2 1271 1 2020 3 
2019 1 1382 3 
1377 2 1382 3 2017 1 1276 1 
1275 4 2016 3 1381 3 1380 3 
463 3 282 2 1385 1 1398 1 
1228 2 822 3 920 1 
281 2 1391 1 1383 1 462 1 
1387 2 1228 3 1043 2 824 2 
1386 2 1042 2 1388 1 823 3 
1389 2 1387 1 1041 4 826 1 
825 2 1390 3 1388 2 1040 2 
1389 3 833 2 828 3 
1385 1 284 1 461 2 1395 3 
830 3 833 2 1393 2 
1542 2 829 1 1392 2 
2304 3 1233 3 1090 3 2306 2 
283 3 460 3 1133 5 1391 3 
1999 2 1373 2 934 3 
2040 1 1550 2 
286 1 464 3 1383 1 
1400 2 1406 1 1610 1 1833 1 
1399 2 1609 4 1401 2 1834 3 
1400 2 1723 2 1612 2 1402 1 
1832 1 1611 1 1401 1 
1404 3 1409 2 1829 4 1614 3 
1403 3 1613 3 1830 3 1405 2 
1406 1 1827 1 1616 1 1404 2 
1615 1 1399 1 1405 1 1828 2 
1411 2 1410 2 2450 2 427 2 
1618 3 1203 3 1409 2 1839 3 
1403 2 1617 1 1735 1 1408 2 
1407 2 2449 2 426 2 275 3 
1407 2 428 2 2447 4 279 2 
1361 2 1415 3 1241 3 2308 4 
1414 1 608 1 2216 2 728 1 
1413 1 727 1 2215 1 1422 2 
1240 2 1412 3 42 2 1360 2 
2224 1 1419 2 724 1 1417 1 
2223 2 1416 1 1224 1 723 1 
726 4 2222 3 1421 4 1419 3 
725 2 1416 2 1418 3 2221 3 
1423 2 2220 1 1421 3 720 2 
719 3 1420 3 1418 4 2219 3 
2218 3 722 2 1423 3 1414 2 
1420 2 2217 3 1422 3 721 2 
2500 2 2505 2 1431 1 1425 3 
1426 3 1424 3 2486 3 2499 4 
1425 3 2489 5 2498 1 1427 3 
2497 3 1426 3 2488 3 1432 5 
2483 1 1576 1 2504 2 1429 2 
1430 3 2482 3 1428 2 2503 4 
1429 3 2502 2 1431 2 2485 4 
2484 1 1424 1 1430 2 2501 3 
2479 5 1433 3 2496 4 1427 5 
2478 1 1432 3 2495 3 516 3 
103 2 1626 3 1435 2 862 2 
861 1 1434 2 1438 2 102 1 
1439 4 1437 3 158 2 111 2 
157 2 110 3 1436 3 1442 2 
109 3 867 4 1435 2 1439 4 
866 3 108 3 1436 4 1438 4 
1441 2 162 1 107 2 1443 2 
1440 2 106 3 161 3 1582 2 
1443 2 164 2 105 1 1437 2 
1442 2 104 2 1440 2 163 4 
1445 1 2396 2 807 2 1453 1 
1444 1 2395 1 991 2 804 2 
1259 1 1447 1 2389 1 2172 1 
2388 2 1446 1 2171 1 1448 1 
1449 1 2387 1 2174 2 1447 1 
2173 1 1450 3 1448 1 2386 2 
2393 4 2168 3 1449 3 1451 3 
1452 1 2392 2 1450 3 2167 1 
1453 1 1451 1 2391 4 831 1 
1452 1 1192 2 1444 1 2390 2 
2464 2 185 2 409 2 
1456 3 2506 2 187 2 1598 2 
1455 3 186 2 
1726 2 1734 4 1869 2 1166 3 
154 3 2334 3 1464 3 180 4 
1460 4 1164 3 1726 2 1871 3 
1163 3 1870 4 1880 4 1459 4 
1462 3 1170 2 1873 2 1468 3 
1461 3 1872 3 1169 2 1463 2 
1734 3 1875 4 2493 2 1462 2 
1469 2 179 1 1458 3 153 2 
194 2 844 2 38 1 1802 1 
287 3 431 4 1662 2 274 3 
1468 2 1877 1 1162 2 1998 1 
1467 2 1161 2 1876 2 1461 3 
178 2 1473 3 1464 2 156 2 
863 3 521 4 405 5 523 3 
1472 3 2357 1 1522 1 1758 2 
1471 3 2356 4 1525 4 1762 3 
1479 2 177 3 1469 3 155 3 
1762 2 1527 3 1475 2 2362 2 
2361 2 1526 2 1476 1 1474 2 
1529 2 1477 1 1475 1 2360 1 
2359 1 1528 1 1476 1 1478 3 
1764 4 1531 3 1477 3 2364 4 
1480 1 184 1 1473 2 150 2 
1479 1 183 3 149 1 1481 1 
152 1 1483 2 182 2 1480 1 
1231 3 1485 3 2543 1 1836 1 
181 2 151 2 1481 2 2343 4 
2254 1 116 1 1700 3 
1225 5 1482 3 1835 3 2542 4 
1487 5 2330 2 528 3 1106 3 
1105 4 1488 4 1486 5 527 4 
1487 4 2028 2 530 3 1489 1 
529 2 12 1 1103 1 1488 1 
1495 3 1900 1 1491 2 1310 2 
2373 2 1899 4 1490 2 1309 3 
1320 2 1896 2 1493 1 1499 2 
1895 1 1492 1 1494 2 1319 1 
1495 4 1493 2 1318 3 1898 3 
1494 4 1897 3 1490 3 1317 3 
1497 2 1632 2 1892 2 1316 3 
1496 2 1891 1 1315 3 1498 1 
1499 2 1894 1 1497 1 1314 2 
1498 2 1492 2 1313 3 1893 2 
96 2 1501 2 1650 1 501 3 
497 4 1500 2 500 2 1502 2 
499 2 98 1 1503 2 1501 2 
97 3 498 2 1504 3 1502 2 
92 3 1505 2 505 4 1503 3 
1504 2 91 1 504 1 1506 1 
1507 1 94 2 1505 1 503 2 
1508 2 1506 1 502 1 93 2 
1507 2 100 2 507 2 1509 3 
506 2 99 3 898 2 1508 3 
1521 2 1733 2 576 2 568 3 
448 2 1877 2 1372 3 1512 2 
1876 1 449 2 1515 3 1511 2 
1516 4 1875 5 457 3 1514 2 
86 1 1874 1 1513 2 1519 3 
83 4 1873 3 1516 5 1512 3 
1513 4 1515 5 1872 4 84 4 
89 5 1518 3 1871 4 1520 3 
1870 2 1517 3 623 1 90 2 
1869 3 1520 3 1514 3 87 4 
88 2 1868 2 1519 3 1517 3 
898 1 567 3 1510 2 1121 2 
1525 2 1471 1 942 2 1523 3 
1037 3 1758 4 1522 3 941 3 
1762 1 940 2 1525 2 1527 2 
1522 2 1524 2 1472 4 939 3 
1529 3 1475 2 1527 3 938 2 
937 4 1474 3 1524 2 1526 3 
1477 1 1531 1 936 3 1529 2 
1476 2 1526 3 935 3 1528 2 
1764 3 1684 2 944 3 1531 2 
1528 1 1478 3 943 1 1530 2 
1098 2 1239 2 2304 2 2310 2 
1534 2 1536 3 1597 2 294 3 
1533 2 1543 1 293 3 
1596 4 1538 2 296 2 1536 3 
1595 2 101 4 1533 3 1535 3 
298 5 1538 4 1540 4 1594 4 
1537 4 124 1 1535 2 1593 1 
1756 4 300 1 1592 2 1540 1 
299 1 1591 2 1537 4 1539 1 
2417 1 1542 2 611 2 
1393 2 1541 2 610 2 
292 1 1544 2 1534 1 
1543 2 291 2 403 2 
1788 3 2543 2 1546 3 1548 2 
1787 3 1545 3 1551 2 2542 3 
2541 4 1548 4 1554 4 1790 5 
1547 4 1545 2 2540 2 1789 1 
1550 3 1552 3 2547 4 1784 2 
1549 3 1783 4 1397 2 2546 2 
1786 3 2545 2 1552 2 1546 2 
2544 3 1549 3 1551 2 1785 2 
1554 1 2539 1 1075 3 1608 2 
1553 1 2538 2 1780 1 1547 4 
592 2 2201 3 2418 3 410 4 
1012 3 1765 2 1557 2 
1766 2 1011 3 2138 3 1556 2 
1966 1 1714 1 2411 2 777 2 
288 3 123 2 1724 2 1087 4 
2432 1 395 1 1620 1 1561 2 
2431 3 1579 3 396 2 1560 2 
1842 2 1565 3 78 1 1563 2 
77 3 1841 2 1562 2 
82 2 1565 4 1567 2 1836 2 
1835 3 81 4 1564 4 1562 3 
1567 1 1838 4 80 1 123 1 
79 3 1566 1 1564 2 1837 1 
493 3 2250 2 1569 1 1571 2 
1716 2 492 1 1568 1 2249 2 
491 1 2252 3 1573 1 1571 2 
1570 2 1568 2 2251 3 490 3 
1573 2 2246 2 489 2 1575 2 
1572 2 1570 1 2245 2 488 2 
1577 1 1575 1 487 1 2248 3 
1572 2 2247 1 1574 1 486 1 
495 2 1428 1 2244 2 1577 1 
494 1 1574 1 2243 2 1576 1 
392 1 297 2 289 2 2427 1 
2430 2 1561 3 1580 2 393 3 
394 1 1579 2 297 2 2429 1 
2496 2 2454 1 1582 1 1588 1 
2495 3 2453 3 1581 1 1441 2 
1586 4 1584 3 2502 3 2462 3 
2461 1 1589 1 1583 3 2501 3 
2504 3 1120 2 2460 3 1586 3 
1583 4 2459 2 1585 3 2503 4 
1588 3 2498 3 2458 3 1590 4 
1587 3 2497 1 2457 2 1581 1 
2456 2 1584 1 2500 2 1590 2 
2499 3 1587 4 2455 3 1589 2 
1540 2 1592 3 338 3 1594 2 
1183 3 337 2 1591 3 1539 2 
1594 1 1596 3 1538 1 340 3 
1593 1 339 2 1591 2 1537 4 
1536 2 1596 3 1597 1 
1535 4 1593 3 1595 3 341 3 
1533 2 1595 1 
2528 3 1599 3 1455 2 263 2 
2527 3 1600 4 1598 3 262 4 
1601 2 255 2 1599 4 2534 2 
1600 2 1602 2 254 2 2533 1 
1601 2 2536 4 1603 3 253 4 
1602 3 252 2 2535 2 1604 3 
1605 2 2530 2 1603 3 259 2 
1606 1 1604 2 258 2 2529 1 
1605 1 2532 2 1607 3 257 2 
2531 4 1606 3 1745 3 256 4 
1780 2 2518 3 1001 2 1553 2 
1400 4 1371 3 1612 4 1610 3 
1615 1 1399 1 1370 1 1609 3 
1612 2 1369 1 1402 1 
1611 2 1609 4 1368 4 1401 2 
1616 2 1614 3 1404 3 1367 2 
1617 2 1613 3 1403 3 1366 4 
1406 1 1616 1 1610 1 1365 1 
1615 1 1613 2 1364 4 1405 1 
1363 1 1409 1 1614 2 1618 2 
1408 3 1362 3 1753 2 1617 2 
2029 2 1650 1 96 2 2477 1 
2433 3 295 1 398 3 1560 1 
989 2 443 2 2377 2 
1623 2 1972 1 2017 1 1629 1 
2465 3 1622 2 1624 2 2016 2 
1623 2 2019 1 1625 2 2231 3 
1630 2 2018 4 1624 2 2463 2 
2021 2 1627 2 1987 2 1434 3 
1626 2 2469 1 2020 3 1628 1 
2023 1 2468 1 1629 1 1627 1 
2022 2 1622 1 1628 1 2253 2 
1625 2 2474 4 
948 4 2371 3 1292 3 964 4 
1496 2 1689 1 2476 1 594 1 
2370 3 352 3 965 3 2342 5 
1635 4 30 1 594 1 1691 1 
2494 4 1690 4 1636 4 1634 4 
1168 1 1635 4 1637 1 1693 1 
1167 1 1638 2 1636 1 1692 3 
1637 2 2490 3 1639 3 1695 3 
2487 3 1640 2 1694 2 1638 3 
1697 1 1639 2 1641 2 2481 1 
1696 2 2512 2 1704 4 1640 2 
2436 2 1649 2 1643 4 327 2 
2435 4 1644 3 326 4 1642 4 
1643 3 851 1 1645 2 325 3 
1171 2 1769 2 324 4 1644 2 
1651 2 1647 2 2440 2 331 2 
330 1 1646 2 2439 2 1648 2 
329 3 1649 2 2442 4 1647 2 
2441 1 1648 2 1642 2 328 1 
1651 1 1619 1 1500 1 333 1 
1650 1 1646 2 2477 1 332 3 
2083 1 415 1 637 2 699 2 
956 3 18 3 2381 1 946 1 
2380 2 2382 2 975 2 348 3 
1665 3 1656 4 537 2 1306 2 
1305 3 1657 4 1655 4 428 3 
1656 4 1308 2 1658 2 427 3 
1659 2 1657 2 426 1 1307 2 
1302 2 1660 3 1658 2 433 2 
1659 3 1661 2 1301 3 432 2 
1660 2 1304 1 1662 1 431 3 
1303 1 1466 2 1661 1 1686 2 
56 2 49 3 1297 2 2211 2 
2301 3 1298 2 1665 3 436 3 
1655 3 1297 3 435 2 1664 3 
1667 2 1669 3 2105 2 1205 3 
1206 1 1666 2 1672 1 2104 2 
1839 4 1203 4 2107 3 1669 4 
2106 2 1666 3 1204 2 1668 4 
1673 4 1209 2 1671 2 2101 2 
1210 2 1670 2 2100 1 1674 2 
1207 1 2103 1 1667 1 1673 3 
1670 4 2102 4 1208 4 1672 3 
1211 3 1671 2 2109 2 1675 2 
628 2 2108 1 1674 2 1212 1 
1677 3 1679 1 1289 1 
1676 3 748 3 1978 3 1288 4 
1679 2 1285 4 1681 4 
1676 1 1678 2 1284 1 
1683 1 1681 3 756 2 1287 1 
1680 3 1286 3 755 3 1678 4 
754 3 1683 3 1685 4 1281 3 
1680 1 1682 3 753 1 1280 1 
1685 2 1283 1 752 2 1530 2 
1684 2 1282 5 1682 4 751 2 
1809 2 287 3 1157 2 1662 2 
2083 2 705 2 434 3 639 2 
594 1 1691 1 1689 1 2241 3 
2240 2 1632 1 1688 1 1892 1 
1635 4 2235 2 1693 1 1691 1 
2234 1 1688 1 1634 1 1690 1 
1693 3 1695 4 1070 3 1637 3 
1692 3 2232 2 1690 1 1636 1 
1697 1 1639 2 2239 1 1695 2 
2238 4 1694 2 1692 4 1638 3 
1641 2 2237 1 1697 1 1193 3 
1694 1 1640 1 2236 2 1696 1 
854 3 1705 3 35 3 1813 2 
1974 2 1721 2 1160 2 1702 3 
848 3 1701 3 857 4 1484 3 
1817 3 1700 3 59 2 856 4 
260 2 1973 3 1699 3 1159 3 
1819 4 612 4 562 5 1825 4 
2271 4 1641 4 1273 4 1193 5 
1706 3 1698 3 850 2 840 2 
839 2 2114 3 1705 3 849 4 
1976 3 1721 2 
1709 2 1363 2 1123 2 
1708 2 595 1 1362 2 1932 1 
1711 2 1365 1 
1710 2 1712 3 1364 5 
1367 2 1123 2 1711 3 
1825 1 1823 1 568 2 606 2 
778 2 2161 3 1967 1 1558 1 
1759 3 1716 3 1718 2 2011 3 
1715 3 2010 2 1569 2 309 4 
1718 3 1720 3 316 3 2013 3 
2012 2 1715 2 1717 3 315 2 
314 4 1720 1 
1717 3 1719 1 313 2 2014 2 
1699 2 1707 2 1975 4 
779 1 2411 2 2413 1 1956 3 
1832 2 1855 4 1401 2 1834 3 
6 1 1831 2 1559 2 1024 2 
571 1 1330 2 1727 2 583 1 
1457 2 1868 2 1165 1 1459 2 
570 2 1725 2 1728 2 582 3 
1730 2 1727 2 565 1 1094 2 
1959 2 2416 2 786 2 2418 3 
430 2 1728 2 1731 4 564 2 
1732 4 1102 4 1730 4 563 4 
1733 2 1731 4 562 3 1097 2 
1732 2 1111 1 1510 2 569 2 
1874 3 1457 4 1463 3 2491 3 
1829 3 1409 1 1878 1 1839 2 
2286 1 1737 2 1739 1 794 1 
2285 4 1736 2 793 4 1742 2 
1739 2 2452 2 2288 4 
2287 1 1738 2 1736 1 
792 3 2282 2 1741 5 1743 2 
2281 4 1744 4 1740 5 791 4 
790 1 2284 2 1737 2 1743 1 
789 2 1740 2 1742 1 2283 1 
788 2 1745 1 2290 1 1741 4 
787 1 1744 1 1607 3 2289 1 
1747 1 219 3 2127 1 1755 1 
1746 1 218 2 2423 2 2126 1 
1751 2 1290 1 1208 2 1191 1 
1755 3 227 4 2179 3 2136 3 
1751 4 1757 3 1189 3 1210 4 
1750 4 1748 2 1188 3 1209 2 
1204 2 1187 3 1296 2 1753 2 
1618 2 1186 2 1203 2 1752 2 
1206 2 1296 2 1290 2 1185 3 
1749 3 2135 3 1746 1 226 2 
1539 4 1757 4 1183 5 1212 4 
1750 3 1211 2 1756 4 1182 1 
2358 3 365 3 1523 4 1471 2 
1715 3 309 4 1250 2 315 3 
322 1 1988 3 1766 1 1761 2 
1765 3 321 2 1760 2 
1524 1 1474 2 2355 2 1472 3 
1849 3 854 2 
1530 3 1478 4 2363 2 1283 2 
1761 3 1766 2 1556 2 
1765 2 1557 2 1760 1 2213 1 
1768 3 1321 3 1148 3 988 3 
1147 2 772 2 1767 3 
1645 2 138 1 2037 2 851 1 
1046 1 1771 1 1777 1 100 1 
2309 1 646 2 99 2 1770 1 
2316 4 1775 3 1773 3 98 3 
2315 1 1772 3 97 2 1778 4 
2318 2 96 2 1775 1 2029 2 
1772 3 497 3 2317 1 1774 1 
2312 3 1779 2 1777 2 94 3 
93 2 2311 1 1770 1 1776 2 
1779 4 2314 4 1773 4 92 5 
1778 4 91 1 1776 2 2313 1 
1608 2 1554 1 1790 2 1002 1 
1782 3 217 1 
216 5 1866 3 1781 3 2187 3 
2040 3 1550 4 1010 3 1784 3 
1549 2 1783 3 1009 2 1785 1 
1786 3 1784 1 1008 1 1552 2 
1551 3 1785 3 1007 4 1787 4 
1546 3 1788 3 1006 3 1786 4 
1545 3 1789 2 1787 3 1005 3 
1788 2 1004 2 1790 2 1548 1 
1003 3 1780 2 1789 2 1547 5 
1792 1 1794 1 257 2 524 2 
1791 1 776 2 256 2 1080 1 
775 2 1794 2 1796 3 259 2 
258 2 1791 1 1793 2 773 3 
253 3 1796 2 1798 3 
1795 2 1793 3 252 2 769 2 
1798 3 255 1 
1797 3 254 4 1795 3 
1802 2 1800 3 38 2 
1805 3 841 2 1799 3 
1802 1 844 2 
1799 2 1801 1 1465 1 
1804 1 1806 1 846 3 
1803 1 2051 2 55 2 
1800 3 60 4 1806 2 
847 1 1803 1 1805 2 
211 2 1814 2 2180 2 1808 5 
210 4 2179 4 2136 4 1807 5 
1158 1 1686 2 
1863 3 885 2 828 2 1865 1 
1812 2 1818 2 1179 1 853 2 
1811 2 843 2 852 3 1813 2 
855 2 842 4 1812 2 1698 2 
2181 2 1807 2 208 2 1862 3 
1256 1 571 1 1816 1 1353 3 
1821 2 1254 2 1815 1 570 1 
1701 3 859 3 58 5 1818 4 
1811 2 858 3 1817 4 845 4 
1703 4 613 1 563 2 1822 2 
2176 4 215 3 1867 2 1826 3 
1245 3 1822 3 565 2 1816 2 
1821 3 1244 3 1819 2 564 2 
567 3 609 3 1713 1 1824 2 
2216 3 566 3 608 2 1823 2 
1713 1 607 2 569 2 1703 4 
1862 4 2175 3 1820 3 214 3 
1828 2 1830 2 1405 1 1844 1 
1827 2 1406 2 1843 3 1833 2 
1830 4 1735 3 1403 4 1853 4 
1827 2 1829 4 1404 3 1850 3 
1724 2 1025 3 1838 5 123 2 
1854 2 1402 1 1723 2 
1858 2 1399 1 1834 2 1828 2 
1859 2 1833 2 1400 3 1723 3 
1565 3 1842 2 1485 3 1836 1 
1482 1 1837 1 1835 1 1564 2 
1838 4 1836 1 1567 1 1231 3 
1566 4 1837 4 1230 4 1831 5 
1879 2 1668 4 1735 2 1408 3 
1018 2 1841 2 
1840 2 1227 2 1563 2 1842 2 
1562 2 1835 2 1225 4 1841 2 
904 2 1844 2 1828 3 1858 3 
903 2 1843 2 1850 2 1827 1 
859 1 1846 1 1848 1 
1851 1 1845 1 858 2 
1848 2 857 3 
1847 2 1845 1 856 4 
855 4 1763 3 1852 3 
902 2 1853 3 1844 2 1830 3 
1846 1 853 2 1852 1 
1851 1 852 2 1849 3 
1850 3 901 3 1878 2 1829 4 
1832 2 1855 4 908 2 
907 3 1723 4 1854 4 1859 3 
881 2 2085 1 1857 1 822 3 
821 1 1277 2 880 2 1856 1 
1859 2 1833 2 905 3 1843 3 
1858 2 906 1 1834 2 1855 3 
830 2 1861 1 883 1 1863 3 
829 1 2091 1 1860 1 882 2 
209 4 1826 4 2182 3 1814 3 
1810 3 884 4 1860 3 827 3 
826 1 559 1 887 1 1865 1 
825 1 886 3 1810 1 1864 1 
2178 1 1782 3 213 1 1867 1 
2177 1 1820 2 212 2 1866 1 
1726 2 1520 2 1869 2 1871 3 
1874 1 1519 3 1457 2 1868 2 
1518 2 1871 3 1460 4 687 2 
1870 3 1459 3 1868 3 1517 4 
1462 3 1516 4 1873 2 1875 5 
1515 3 1876 1 1872 2 1461 2 
1734 3 1869 1 1875 4 1514 1 
1874 4 1463 4 1513 5 1872 5 
1873 1 1877 1 1512 1 1468 2 
1876 1 1511 2 1467 1 934 2 
910 1 1735 1 1853 2 1879 1 
909 3 1839 2 1878 1 2107 1 
1256 2 1460 4 1881 3 687 2 
1880 3 1909 2 1254 3 1887 2 
2196 1 1135 1 2522 1 2089 3 
607 4 1890 3 1884 4 1904 3 
1885 2 606 3 1883 4 1903 2 
1884 2 1902 1 609 3 1886 1 
728 1 608 1 1901 1 1885 1 
1245 2 1881 2 1888 2 1908 3 
1244 3 1907 3 1887 2 1889 2 
613 1 1890 1 1888 2 1906 1 
612 1 1883 3 1889 1 1905 2 
1894 1 1497 1 1892 1 2003 2 
2002 1 1891 1 1496 2 1689 1 
1499 2 2001 1 1896 2 1894 1 
1891 1 1498 1 2000 4 1893 1 
1493 1 1898 2 1896 2 2007 1 
1492 2 1895 2 1893 2 2006 2 
1495 3 2005 1 1898 2 1900 1 
1895 2 2004 2 1897 2 1494 3 
949 3 2009 4 1900 3 1491 4 
1899 3 1490 1 2008 2 1897 1 
2108 1 628 2 1886 1 1902 1 
1885 1 1903 1 1901 1 627 4 
630 2 1902 1 1904 1 1884 2 
629 1 1905 2 1883 3 1903 1 
1906 2 632 2 1904 2 1890 2 
1905 2 631 2 1907 2 1889 1 
1888 3 1906 2 634 3 1908 4 
633 3 1907 4 1909 3 1887 3 
624 1 1881 2 687 1 1908 3 
773 3 1911 1 
524 2 1912 2 1910 1 
776 3 1911 2 2131 2 
539 2 1914 1 460 1 1133 3 
1132 2 538 3 1913 1 1917 2 
541 3 1916 4 1918 3 1131 3 
540 4 1915 4 1921 3 1130 4 
1918 3 1129 2 543 3 1914 2 
1917 3 542 2 1128 3 1915 3 
1127 2 1920 1 545 3 1922 3 
1919 1 1126 2 544 1 2140 1 
1922 3 1916 3 1125 2 547 2 
546 3 1921 3 1124 4 1919 3 
1183 3 1924 3 337 2 
1923 3 1925 2 447 3 1182 2 
1189 1 441 1 1924 2 1926 3 
1188 4 440 4 1925 3 1927 3 
1928 2 1191 1 439 1 1926 3 
1927 2 1190 4 1929 2 438 3 
445 2 1930 1 1928 2 1185 2 
444 2 1184 2 1929 1 1931 3 
1932 3 443 3 1930 3 1187 4 
442 2 1186 2 1931 3 1709 1 
28 1 1936 1 1934 1 761 1 
27 1 1933 1 760 1 1939 2 
1936 3 513 3 749 4 1942 5 
29 3 1014 3 1933 1 1935 3 
24 1 1938 2 1940 1 1253 1 
803 3 23 2 1937 2 2170 2 
26 2 1178 2 1934 2 1940 2 
774 2 1937 1 25 4 1939 2 
1942 4 32 2 879 3 657 3 
1941 4 868 3 31 4 1935 5 
1952 2 654 2 2277 2 1944 3 
2143 2 2278 3 653 4 1943 3 
2309 1 2269 1 1946 1 646 2 
645 2 1945 1 1947 1 2270 1 
648 1 1948 1 1237 2 1946 1 
2272 1 647 2 1949 2 1947 1 
1950 3 2265 3 650 3 1948 2 
1949 3 2266 3 649 2 1951 3 
1952 2 2267 2 652 2 1950 3 
1943 2 1951 2 651 1 2268 2 
1120 3 494 3 2211 4 1116 3 
1955 2 1262 2 1961 3 2414 2 
1954 2 1261 2 1956 3 2413 1 
1264 4 1955 3 1957 4 1722 3 
2411 3 1966 2 1263 2 1956 4 
1266 2 1959 2 2418 3 2201 3 
1960 1 1729 2 1958 2 1265 1 
1268 4 1959 1 2416 1 1961 2 
2415 3 1267 2 1960 2 1954 3 
656 2 669 3 1969 3 1963 3 
655 3 1964 2 668 2 1962 3 
658 2 667 4 1963 2 1965 1 
657 2 1964 1 666 2 32 1 
1558 1 1274 2 1967 1 1957 2 
1273 2 765 3 1714 1 1966 1 
662 1 671 2 2397 2 1969 2 
1962 3 1968 2 661 3 670 3 
1971 2 636 3 686 1 675 2 
1970 2 1983 2 674 3 685 4 
1622 1 2465 2 2253 2 937 3 
1249 3 1702 3 1974 2 1980 4 
1699 2 1248 2 1975 4 1973 2 
1721 4 1247 4 1974 4 1976 5 
1707 3 1246 2 1975 5 
667 4 1978 1 683 3 2451 2 
682 3 1977 1 1677 3 666 2 
2203 1 561 2 1980 3 261 2 
260 3 1979 3 1973 4 1250 3 
1984 2 671 2 1982 2 679 1 
670 3 1312 3 1981 2 678 2 
677 1 1971 2 1984 2 673 2 
676 3 672 2 1981 2 1983 2 
2041 3 1078 3 1152 3 1343 2 
2470 1 2472 1 331 1 1216 2 
1626 2 941 1 103 1 2469 1 
1989 3 176 4 1760 3 2213 3 
1988 3 2480 1 1996 2 175 2 
182 2 370 2 1991 3 1993 1 
1990 3 181 3 922 4 358 3 
184 2 1993 2 355 2 1995 3 
342 3 1992 2 183 3 1990 1 
1995 2 178 1 1997 1 335 1 
1994 2 323 2 1992 3 177 3 
319 2 1989 2 1997 2 180 3 
179 1 1996 2 310 3 1994 1 
1300 1 1999 1 934 2 1467 1 
1396 2 1998 1 1299 2 
2003 5 2001 4 1894 4 349 5 
2000 4 348 2 2006 1 1893 1 
2240 2 1892 1 351 1 2003 2 
350 3 2000 5 2002 2 1891 2 
2005 1 2007 1 1898 2 345 1 
2004 1 1897 1 344 1 2008 2 
2057 1 2001 1 1896 2 2007 1 
1895 1 2004 1 346 5 2006 1 
2009 3 353 2 1900 2 2005 2 
2008 3 2348 5 1899 4 352 2 
1716 2 334 1 2249 2 2011 2 
2012 3 1715 3 336 3 2010 2 
1718 2 2013 2 2011 3 318 4 
2012 2 320 3 1717 3 2014 2 
34 2 1720 2 2013 2 
2024 1 1234 1 1074 1 2292 1 
2019 1 1382 3 1623 2 2017 1 
1622 1 2022 2 1381 1 2016 1 
1625 4 2019 3 
1624 1 1380 1 2016 1 2018 3 
2023 3 1627 3 2021 3 1379 3 
862 1 1626 2 2020 3 1378 2 
2017 2 1629 2 1377 3 2023 2 
1376 1 1628 1 2020 3 2022 2 
2015 1 2031 1 1226 1 1073 2 
303 1 2026 2 
364 2 302 2 2027 2 2025 2 
363 1 160 3 2026 2 301 1 
1105 2 1488 2 1060 3 1103 2 
1619 2 2030 2 2076 3 1774 2 
2029 2 2075 1 2034 1 2477 1 
2041 2 2024 1 1072 1 1150 1 
2442 3 1213 2 2033 2 2035 2 
2441 2 2032 2 2038 2 2077 3 
2035 2 429 2 2030 1 2440 1 
1214 2 2439 3 2034 2 2032 2 
851 2 2037 3 2039 3 2082 2 
2081 4 2036 3 2264 2 1769 2 
2436 1 2039 2 446 2 2033 2 
1257 3 2038 2 2435 3 2036 3 
1397 1 1783 3 838 1 
1071 2 1149 3 1985 3 2031 2 
686 1 2043 3 636 3 693 4 
2042 3 2044 3 692 3 635 4 
2045 2 2043 3 638 1 
637 3 2044 2 2046 4 
691 3 2045 4 640 3 2047 4 
2048 2 639 2 2046 4 690 2 
2047 2 2049 2 642 1 689 1 
2048 2 688 3 641 5 2050 3 
644 3 2051 3 696 2 2049 3 
1804 2 2050 3 643 2 695 2 
1039 2 2053 2 
2452 2 2288 4 1038 4 2052 2 
2055 2 1361 2 2069 3 1194 3 
2054 2 2237 1 1360 1 1193 3 
784 2 356 3 2059 3 1031 2 
346 5 348 2 2006 1 2382 1 
2061 3 782 2 1033 2 2059 3 
781 4 1032 3 2056 3 2058 3 
1035 1 2061 2 780 2 367 2 
2058 3 779 2 2060 2 1034 3 
1085 1 2291 2 2063 1 1202 2 
2064 1 1084 1 1201 1 2062 1 
2065 1 2063 1 1200 1 1090 2 
2064 1 1199 3 1086 2 2066 1 
2067 4 2065 1 1098 2 1198 2 
1197 4 2242 5 2066 4 2068 4 
1108 1 1196 1 2069 2 2067 4 
1104 2 2054 3 1195 2 2068 2 
1135 2 2198 3 2520 2 2074 2 
1140 2 758 3 1134 4 1016 3 
2518 2 2074 1 916 1 1001 1 
437 2 644 3 698 4 412 2 
2199 1 2072 1 2070 2 2517 2 
2076 2 429 2 604 3 2030 1 
2075 2 2029 3 2318 3 605 3 
1213 3 600 2 446 3 2033 3 
750 2 1021 2 1139 1 1141 2 
675 2 2080 1 702 1 636 3 
415 1 2079 1 635 2 701 2 
2037 4 596 4 556 4 2082 3 
1257 2 597 1 2036 2 2081 3 
640 1 1687 2 1652 1 706 2 
1138 2 1142 4 2193 3 2523 3 
2111 2 1856 1 2086 1 1255 1 
2085 1 2087 2 2110 2 
2113 4 2088 2 2086 2 
2087 2 2112 1 
2521 3 1882 3 1138 3 2195 4 
611 2 2097 3 2091 1 718 1 
1861 1 610 1 717 1 2090 1 
2093 2 621 2 2095 2 714 3 
2098 1 2092 2 620 2 713 2 
2095 1 716 1 135 2 619 1 
2094 1 715 1 2092 2 618 1 
710 4 617 2 2097 4 2099 3 
709 4 2096 4 2090 3 616 3 
2093 1 2099 2 615 1 712 1 
614 2 711 2 2098 2 2096 3 
722 1 1671 1 2101 1 2109 1 
2100 1 1670 2 2102 2 721 1 
1673 4 2103 2 2101 2 720 3 
719 1 1672 1 2102 2 2104 2 
2105 2 2103 2 1667 2 726 4 
2106 1 2104 2 725 1 1666 2 
1669 2 2105 1 724 1 2107 1 
723 1 2106 1 1668 3 1879 1 
1901 1 728 1 2109 1 1675 1 
2100 1 1674 2 2108 1 727 1 
284 2 2113 4 2111 3 2086 2 
2085 2 2110 3 881 3 283 2 
2113 3 2088 1 282 2 
2112 3 2110 4 2087 4 281 4 
1706 3 693 5 684 2 
835 1 2187 1 2116 2 
1083 3 2117 2 2178 2 2115 2 
2118 1 2177 1 2116 2 1082 3 
2117 1 2176 3 834 1 2119 1 
2120 2 832 3 2118 1 2175 2 
2119 2 811 2 2182 2 2121 3 
2181 3 2122 2 2120 3 1045 2 
2123 1 2121 2 2180 1 820 3 
227 2 2122 1 625 1 2179 1 
706 2 2125 3 708 1 2424 2 
2423 4 705 3 2126 3 2124 3 
2127 1 1747 1 2125 3 704 1 
1746 1 2135 3 703 2 2126 1 
2129 4 664 2 2420 1 702 1 
2128 4 2419 4 707 4 701 5 
2131 1 2133 1 362 1 
2130 1 1912 2 361 2 
2133 2 2192 4 2134 2 
2130 1 2132 2 357 2 
359 1 2132 2 
698 5 2127 3 1755 3 2136 3 
1808 4 697 1 1749 3 2135 3 
1145 1 2480 1 2138 2 757 1 
2213 2 2137 2 1144 2 1557 3 
2140 1 999 2 746 1 380 2 
2139 1 998 1 379 3 1920 1 
342 4 750 3 1141 3 2142 2 
355 1 1140 1 758 2 2141 2 
1139 1 750 2 1944 2 358 1 
745 1 747 1 994 1 387 3 
757 1 310 3 759 1 1137 2 
2303 3 992 3 747 2 381 2 
384 1 991 2 2148 2 2395 1 
2303 3 990 2 383 3 2147 2 
103 5 941 5 1037 5 2150 5 
2155 2 102 1 1036 1 2149 5 
105 3 1031 3 2158 3 2152 4 
104 2 2153 4 1030 2 2151 4 
107 4 1029 4 2152 4 2154 3 
106 2 1028 3 2399 1 2153 3 
1035 2 2150 2 2156 3 109 3 
1034 3 108 2 2155 3 2157 2 
1033 1 2158 1 111 1 2156 2 
2157 1 1032 2 2151 3 110 2 
2356 2 2160 1 767 2 2162 1 
766 2 2165 1 2355 2 2159 1 
2358 4 1714 3 765 5 2162 3 
764 2 2357 1 2159 1 2161 3 
2360 2 2164 3 2166 2 771 2 
2169 2 2163 3 770 3 2359 2 
2160 1 264 1 2362 1 2166 1 
768 2 2165 1 2163 2 2361 2 
2168 1 831 1 1451 1 534 3 
533 2 2167 1 1450 3 2173 1 
763 2 2164 2 2364 2 2170 1 
2363 1 762 1 1938 2 2169 1 
2172 1 2174 2 1447 1 530 3 
2171 1 2410 1 529 2 1446 1 
2174 2 528 2 1449 1 2168 1 
527 2 2173 2 2171 2 1448 2 
2176 4 1826 3 2182 2 2119 2 
2175 4 1820 4 2118 3 2177 3 
1867 1 2117 1 2178 1 2176 3 
1866 1 2187 1 2116 2 2177 1 
1808 4 1749 3 2123 1 2180 1 
2181 2 1807 2 2122 1 2179 1 
2121 3 2180 2 1814 2 2182 2 
2120 2 1862 3 2181 2 2175 2 
453 1 1239 2 2190 1 2184 1 
1238 1 452 3 2185 2 2183 1 
455 4 2186 2 2184 2 514 2 
454 1 836 2 1236 1 2185 2 
2115 1 2178 1 1782 3 
2189 3 510 2 456 3 860 2 
2188 3 2190 2 459 2 1233 3 
458 1 1232 1 2189 2 2183 1 
2509 1 2214 2 1338 1 285 2 
357 4 359 3 2132 4 1350 3 
2084 3 911 2 414 2 2202 2 
2230 2 2200 2 2516 2 1333 2 
911 2 70 3 2196 2 2089 4 
1882 1 2197 1 69 2 2195 2 
2198 2 2196 1 1135 1 76 2 
2070 3 2197 2 75 3 2199 2 
2074 1 74 3 916 1 2198 2 
143 2 2194 2 1332 3 2515 1 
1555 3 1958 3 2202 2 1143 3 
1142 3 2201 2 410 3 2193 2 
1979 1 2204 2 52 1 1115 2 
2205 3 2203 2 51 4 1114 3 
2204 3 1113 2 2206 2 54 3 
1112 2 2207 2 2205 2 53 2 
2206 2 48 2 1119 2 2208 4 
1118 4 47 4 2207 4 2209 3 
1117 3 2210 1 50 3 2208 3 
2211 2 2209 1 1116 1 49 3 
1953 4 2210 2 1663 2 2212 2 
1120 1 56 2 2460 2 2211 2 
2138 2 2480 1 1766 1 1988 3 
2191 2 2510 2 1339 2 484 3 
1414 1 507 1 2216 2 2218 2 
1824 3 506 2 2215 2 1413 2 
2218 3 1423 3 503 3 2220 2 
1422 3 2217 3 502 2 2215 2 
2222 2 2220 1 505 3 1421 3 
504 1 1420 1 2219 1 2217 2 
2222 3 499 3 1419 3 2224 2 
2221 3 2219 2 498 2 1418 3 
2224 2 2471 3 501 4 1417 2 
1416 1 2223 2 500 1 2221 2 
1340 2 285 3 2227 2 2507 2 
391 4 2513 4 2511 2 2229 2 
1335 1 2514 2 2225 2 2228 1 
2513 3 2227 1 1334 2 2229 1 
1337 1 2230 1 2228 1 2226 2 
2194 2 2229 1 2511 1 1336 1 
2465 4 2463 3 935 4 1624 3 
2235 3 199 3 1693 2 1070 2 
558 3 525 2 
2235 2 1691 1 2241 3 201 2 
2234 2 2232 3 1690 2 200 2 
2239 2 1697 2 203 2 2237 2 
1696 1 202 2 2055 1 2236 2 
1695 4 205 4 1070 3 2239 3 
2236 2 1694 1 2238 3 204 2 
1689 2 2002 2 207 2 2241 4 
2234 3 206 3 2240 4 1688 3 
1098 3 2067 5 1108 2 2310 3 
2248 4 2244 3 1577 2 250 2 
2483 2 2243 3 1576 2 251 3 
1573 2 2246 2 2252 4 240 2 
1572 2 2247 1 2245 2 241 1 
2246 1 1575 1 2248 3 238 1 
2243 4 239 3 2247 3 1574 3 
2250 3 2010 2 244 4 1569 2 
2249 3 1568 2 2251 3 245 4 
242 2 2252 4 2250 3 1571 3 
1570 3 2251 4 2245 4 243 3 
1972 2 1629 2 2468 2 940 3 
1484 1 857 2 
549 3 2256 3 143 4 2515 3 
142 2 2257 1 548 4 2255 3 
2256 1 141 2 2258 1 551 1 
140 1 550 1 2257 1 2259 2 
553 2 147 2 2260 2 2258 2 
2261 1 146 4 552 3 2259 2 
2260 1 2262 1 145 1 555 2 
554 2 2263 4 2261 1 144 2 
2262 4 557 4 2264 4 139 4 
138 1 2037 2 2263 4 556 2 
2272 2 1949 3 626 4 2266 3 
924 3 1950 3 2267 2 2265 3 
1951 2 2268 2 2266 2 927 1 
2277 2 926 2 2267 2 1952 2 
2270 1 1945 1 805 3 929 1 
2269 1 928 3 1237 2 1946 1 
1704 4 1194 3 2274 3 1274 3 
1948 1 2265 2 1237 2 930 1 
2276 3 2274 3 1196 2 1264 3 
2273 3 2271 3 1263 2 1195 2 
1262 2 2276 3 1198 3 1252 2 
1197 2 2273 3 1261 3 2275 3 
2278 2 2268 2 1943 2 923 2 
2277 2 1944 3 358 2 922 3 
2525 3 2280 3 1266 2 1202 3 
2279 3 1265 2 1201 2 1251 3 
2282 1 1741 4 893 1 2290 1 
892 2 2281 1 2283 1 1740 2 
2284 2 891 1 2282 1 1743 1 
2283 2 890 3 1742 2 2285 4 
897 3 1737 4 2284 4 2286 3 
1736 1 896 1 2287 1 2285 3 
1739 1 895 3 2286 1 2288 3 
2053 4 894 3 1738 4 2287 3 
2531 2 2290 1 900 1 1745 1 
2289 1 1744 1 2281 1 899 4 
1156 2 1069 3 2292 2 2062 2 
1155 2 2291 2 1068 1 2015 1 
2296 3 2294 3 593 3 878 2 
2293 3 1122 3 877 2 592 2 
2296 2 874 1 591 1 2298 3 
2293 3 2295 2 590 2 873 3 
2298 3 589 1 2300 2 876 2 
875 3 2297 3 588 5 2295 3 
587 2 870 2 2300 2 2302 2 
869 3 586 2 2297 2 2299 2 
585 2 872 2 1664 3 2302 3 
584 2 871 2 2301 3 2299 2 
993 3 382 2 2148 3 2146 3 
1232 2 1394 3 1086 3 1532 2 
9 2 2306 2 1235 5 1085 2 
510 1 1394 2 2305 2 1084 1 
2308 3 514 1 2310 2 1108 1 
2307 3 1236 3 1412 4 1104 3 
1945 1 1771 1 805 3 1046 1 
2307 2 1238 2 2242 3 1532 2 
1777 1 2312 2 799 1 1046 1 
2313 2 1776 3 2311 2 800 3 
2312 2 1779 1 801 2 2314 1 
1778 4 2315 1 802 1 2313 1 
1773 1 795 1 2314 1 2316 2 
1772 4 2317 2 2315 2 796 2 
1775 1 797 1 2316 2 2318 2 
2076 3 1774 2 798 3 2317 2 
662 3 958 3 2320 3 2322 3 
661 2 2325 1 2319 3 957 4 
2322 3 2332 3 660 3 960 3 
2321 3 959 1 2319 3 659 1 
2326 1 2324 3 658 2 962 1 
2323 3 657 4 961 4 879 4 
2320 1 2326 1 656 1 964 2 
2323 1 2325 1 655 2 963 1 
1342 2 532 2 2328 2 148 2 
2329 3 2327 2 531 2 1101 2 
2328 3 2330 3 534 5 1100 3 
2329 3 1486 2 1099 2 533 2 
956 4 2420 2 2332 2 664 3 
2321 3 2331 2 663 1 955 2 
363 2 160 4 2334 2 176 3 
1458 3 2333 2 159 2 175 2 
2344 3 2336 3 984 3 918 4 
917 1 983 2 2335 3 2337 1 
2338 1 921 1 982 2 2336 1 
2337 1 919 2 981 3 2339 2 
931 2 980 4 2338 2 2340 2 
925 2 2341 2 979 2 2339 2 
933 3 978 2 2342 4 2340 2 
2341 4 977 3 1633 5 932 3 
968 3 986 3 1483 4 2344 3 
2335 3 967 2 985 3 2343 3 
986 2 473 3 2346 3 946 2 
2353 2 2345 3 945 3 985 4 
950 2 2350 1 978 1 2348 4 
2009 5 977 4 2347 4 949 4 
980 3 2352 1 2350 1 948 2 
947 3 2347 1 2349 1 979 2 
982 3 2352 2 2354 3 954 2 
2351 2 953 3 2349 1 981 3 
2346 2 2354 2 984 1 952 3 
2353 2 2351 3 951 3 983 3 
2362 2 2160 2 1762 2 2356 3 
2357 2 2159 2 1472 4 2355 3 
2356 2 1471 1 2358 2 2162 1 
1758 3 778 3 2161 4 2357 2 
1477 1 2364 2 2360 1 2164 2 
2163 2 2361 2 2359 1 1476 1 
2360 2 1475 2 2362 2 2166 2 
2165 1 2355 2 2361 2 1474 2 
23 1 2170 1 2364 2 1764 2 
2359 2 2363 2 2169 2 1478 4 
2366 2 664 2 702 1 675 2 
2365 2 2394 2 674 3 663 2 
1057 1 915 1 619 1 2368 2 
2369 3 914 3 2367 2 618 2 
1291 2 2368 3 913 3 621 2 
1633 3 2385 1 966 3 353 1 
1631 3 947 3 963 1 2372 3 
2373 3 962 3 950 4 2371 3 
2372 3 1491 2 949 1 961 2 
952 3 960 1 2375 1 2381 1 
2376 1 951 2 2374 1 959 1 
958 1 2375 1 954 1 1292 1 
442 2 1621 2 
2379 2 974 2 36 4 351 2 
2378 2 350 2 973 2 2380 1 
1654 2 976 3 349 2 2379 1 
945 2 1653 1 2374 1 955 2 
1654 2 2383 1 970 1 2057 1 
2384 1 2382 1 969 2 346 5 
2383 1 2385 1 345 1 972 2 
344 1 2370 1 2384 1 971 1 
243 2 2387 2 2393 3 1449 2 
242 1 2386 2 1448 1 2388 2 
1447 2 2389 2 245 4 2387 2 
244 3 2388 2 57 2 1446 1 
2391 5 2396 3 1453 2 239 2 
238 4 1452 4 2390 5 2392 5 
1451 2 241 2 2391 5 2393 3 
1450 4 240 2 2386 3 2392 3 
673 2 2366 2 2397 2 660 1 
1445 1 251 2 2147 1 2396 2 
1444 2 250 2 2390 3 2395 2 
1968 2 659 2 2394 2 672 2 
878 4 2454 4 2408 5 2399 4 
877 1 2398 4 2154 1 2453 3 
441 2 1015 4 808 2 
2402 2 56 3 872 2 2460 3 
871 1 2459 1 2401 2 2403 1 
2462 1 870 2 2404 2 2402 1 
869 3 2403 2 2461 2 2405 2 
876 2 2404 2 2406 1 2456 2 
875 1 2407 1 2405 1 2455 2 
2408 2 2458 1 2406 1 874 1 
2407 2 873 3 2398 5 2457 3 
369 4 2412 3 1260 3 2410 3 
368 2 2172 1 2409 3 1259 1 
780 3 1957 3 1722 2 1558 2 
1258 2 366 1 2409 3 
2414 1 782 1 1955 1 1722 1 
2413 1 781 3 2415 2 1954 2 
1961 3 2416 2 2414 2 784 2 
2415 2 1960 1 1729 2 783 2 
1331 1 1541 1 616 1 
785 2 1958 3 1555 3 1729 3 
2129 4 2420 1 2422 1 225 1 
2128 1 224 1 2331 2 2419 1 
708 2 223 3 2422 2 2424 3 
707 1 222 2 2421 2 2419 1 
2125 4 2424 3 221 2 1747 2 
2423 3 2421 3 220 2 2124 2 
1096 2 2426 4 860 2 290 2 
289 4 2427 3 2425 4 1095 3 
2426 3 33 1 1578 1 2428 1 
1093 1 297 2 2429 1 2427 1 
2428 1 1092 2 2430 1 1580 1 
2431 2 1579 2 2429 1 1091 1 
2430 2 1561 3 2432 2 1081 2 
1560 1 2431 2 1089 1 2433 3 
1620 3 2434 3 2432 3 1088 3 
288 2 2433 3 1087 3 295 1 
1643 4 851 2 2039 3 2436 2 
2038 1 1642 2 2435 2 2441 1 
1375 1 2438 1 2448 2 1002 1 
1001 1 1374 2 2437 1 916 1 
2035 3 2440 2 1647 2 2442 4 
1646 2 2439 2 2034 1 2477 1 
2442 3 2033 2 1649 1 2436 1 
2441 3 2032 3 2439 4 1648 4 
1008 1 276 3 2444 3 2446 1 
2443 3 275 4 2449 3 1007 4 
2446 2 1010 2 95 3 274 3 
2445 2 273 1 1009 2 2443 1 
2450 4 1411 4 1004 4 2448 4 
2437 2 1003 3 2447 4 279 2 
2450 2 1410 2 2444 3 1006 2 
1005 3 1407 2 2449 2 2447 4 
680 2 1312 3 1977 2 668 2 
2053 2 1738 2 
2454 3 1582 3 106 4 2399 3 
2453 3 2398 4 1581 1 2457 2 
2458 2 2456 3 2406 2 1590 3 
1589 2 2461 2 2455 3 2405 2 
2458 2 1588 2 2408 3 2454 2 
2455 2 1587 3 2407 1 2457 2 
2462 1 2460 2 2402 1 1586 2 
2459 2 1585 3 2212 2 2401 3 
2456 2 1584 1 2404 2 2462 1 
2403 1 2459 1 1583 3 2461 1 
2231 3 936 3 2474 4 1625 2 
324 3 1221 2 665 1 1454 2 
2231 4 1623 3 938 2 1972 2 
326 2 1219 1 694 1 665 1 
1146 2 2470 2 1218 3 329 3 
939 2 1628 1 2469 1 2253 2 
942 2 2468 1 1627 1 1987 1 
1986 1 2467 2 330 1 1215 1 
2472 2 2223 3 1224 2 333 2 
1986 1 2471 2 1223 1 332 3 
112 1 944 2 2474 4 
2463 4 1630 4 2473 4 943 4 
30 3 594 3 2476 3 763 4 
762 1 1316 2 2475 3 1632 1 
1619 1 1651 1 2030 1 2440 1 
2479 3 1433 1 379 3 133 1 
2478 3 1432 5 2488 3 380 4 
319 1 1989 1 2213 1 2137 1 
2512 1 764 2 1640 1 2487 2 
2485 4 383 3 1429 3 2483 2 
1428 1 2244 2 2482 2 384 1 
1431 1 2485 3 381 1 2505 2 
382 3 2482 4 2484 3 1430 4 
387 3 2505 2 2489 5 1425 3 
1639 3 767 3 2490 3 2481 2 
385 2 2479 3 2489 5 1427 3 
1426 5 386 5 2488 5 2486 5 
2487 3 766 3 1638 3 1167 2 
1357 1 1166 2 2493 2 1734 3 
509 3 130 4 158 3 511 3 
1356 2 1463 2 1169 2 2491 2 
1635 4 771 1 1168 1 30 1 
1582 3 1433 3 161 4 2496 4 
1581 2 2497 2 1432 4 2495 4 
2496 2 1588 1 2498 1 1427 3 
1587 3 2497 1 2499 2 1426 1 
1590 3 2500 3 2498 2 1425 4 
1424 2 2501 4 2499 3 1589 2 
2500 4 2502 3 1431 3 1584 3 
2503 3 2501 3 1430 2 1583 3 
2504 4 2502 3 1586 4 1429 4 
1585 3 495 3 2503 4 1428 2 
1424 2 388 2 2484 2 2486 2 
263 2 1455 2 
2508 1 2225 2 396 1 2514 2 
395 1 285 2 2507 1 2509 1 
2191 1 2510 1 2508 1 398 3 
397 2 2509 1 2214 2 174 1 
392 1 2226 2 2230 1 2516 1 
765 3 1273 2 2481 1 1641 2 
2228 3 394 3 2226 4 2514 4 
393 3 2227 2 2507 2 2513 4 
2516 1 2200 1 2255 3 390 1 
389 1 2515 1 2194 2 2511 1 
2518 3 2520 2 1076 2 2074 2 
1608 3 2517 3 1075 4 2072 2 
2522 2 1135 2 1078 3 2520 2 
2517 2 2070 2 1077 2 2519 2 
1072 1 2089 3 2524 3 2522 1 
1882 1 2519 2 1071 1 2521 1 
2524 4 2526 3 1074 2 2084 3 
2523 4 2521 3 1073 4 1138 3 
2279 3 1143 3 2526 3 1069 3 
2523 3 2525 3 1142 4 1068 2 
1599 3 2528 3 1333 1 2534 1 
1598 3 1332 5 187 3 2527 3 
2532 2 1341 1 2530 1 1605 1 
2535 1 1604 2 1340 1 2529 1 
1607 4 2289 2 1339 2 2532 3 
1606 2 2531 3 2529 2 1338 2 
1601 1 2534 1 1337 1 2536 3 
1336 1 2533 1 1600 2 2527 1 
2530 1 2536 3 1603 2 1335 1 
1602 4 2535 3 1334 4 2533 3 
515 1 163 3 131 2 512 2 
2541 2 1554 2 2539 2 1025 3 
1024 2 1553 1 2538 2 1347 3 
2541 2 2543 2 1548 2 1231 4 
2538 2 1547 4 2540 2 1230 1 
2543 2 1485 4 2545 3 1546 3 
1545 2 2540 2 2542 2 1482 1 
1552 3 2547 4 2545 3 1227 3 
1551 2 2544 3 1225 4 2542 3 
2547 3 1550 2 
2546 3 2544 4 1549 4 1018 3 
