16
16
16
16
16
16
16
49
49
19
20
20
20
20
20
20
20
16
16
16
16
16
16
48
49
49
49
49
39
39
39
39
44
44
44
44
45
44
45
45
37
40
41
41
41
41
41
41
41
40
40
45
5
0
20
5
5
5
20
5
20
20
4
4
35
47
35
4
4
22
4
22
4
6
47
6
6
7
7
6
7
3
47
46
43
43
47
47
22
22
35
39
39
39
33
33
33
33
48
48
48
48
38
6
6
6
6
7
7
7
6
6
3
29
10
10
10
10
31
4
10
4
11
44
44
36
4
12
12
12
12
12
12
12
12
16
16
16
16
16
16
4
45
20
6
7
7
7
6
6
6
6
13
13
4
6
13
13
13
13
16
16
16
16
16
16
1
1
1
19
1
1
1
1
22
22
22
22
21
21
21
22
22
22
9
9
9
28
43
11
9
11
11
9
11
10
10
10
18
13
13
10
5
13
13
13
13
37
38
38
38
37
37
37
37
43
37
37
48
34
34
43
34
43
43
43
43
43
43
48
42
42
42
42
2
2
42
34
0
0
0
0
2
0
2
2
16
1
1
16
1
41
1
1
41
17
2
43
40
40
11
9
11
11
10
10
10
10
10
10
44
44
0
44
49
48
8
42
42
48
48
47
47
47
46
49
49
49
49
2
3
3
3
3
3
3
3
3
1
3
34
23
23
23
23
23
23
23
23
23
40
10
10
11
11
11
11
11
11
11
11
5
20
20
20
5
19
5
19
19
19
19
3
19
15
3
15
15
14
14
14
14
14
14
31
31
14
14
45
45
18
5
21
5
5
5
21
21
24
24
0
5
31
31
31
31
31
38
38
38
38
38
47
47
43
43
47
47
47
47
15
15
42
42
41
17
41
41
41
42
25
15
15
15
40
31
31
31
31
38
31
38
38
38
38
48
17
15
15
15
17
17
17
17
20
20
20
20
15
36
20
19
49
40
40
40
16
16
29
29
16
4
4
6
44
44
44
44
44
45
45
4
46
46
42
42
35
43
43
43
35
35
35
35
30
2
2
1
1
1
1
2
2
1
6
9
9
9
9
9
9
2
32
40
40
40
9
9
9
9
9
9
10
2
0
0
0
0
2
2
2
2
24
24
24
24
24
24
24
24
48
8
8
47
17
17
17
17
15
17
15
15
15
15
2
2
1
1
1
5
29
29
45
45
44
45
44
44
44
44
45
45
9
9
9
9
9
28
40
40
28
19
19
15
15
18
15
19
18
19
19
37
39
37
37
38
38
39
38
37
37
43
43
43
35
35
35
35
35
46
46
45
45
45
8
37
8
37
37
37
37
38
8
38
19
19
19
19
18
18
19
18
18
19
19
19
19
40
23
23
23
23
23
9
23
11
9
40
40
33
4
11
11
11
11
11
11
11
11
39
39
45
45
47
27
32
32
9
11
11
11
10
32
10
10
10
10
32
8
9
9
9
9
9
9
8
8
8
8
8
34
2
2
41
3
1
1
18
18
18
18
18
18
18
19
19
19
14
14
14
14
14
14
31
31
42
8
8
14
14
12
12
12
12
12
12
12
12
42
42
5
40
40
43
43
43
35
43
43
34
34
34
34
33
33
33
33
38
38
33
38
46
47
38
38
49
49
49
49
28
28
28
28
23
23
28
28
23
23
23
23
23
23
23
23
45
45
44
44
45
45
44
44
44
44
25
20
20
19
20
20
20
20
20
17
17
15
15
17
17
17
17
18
15
34
34
34
27
34
34
22
22
22
22
21
21
22
22
22
22
29
29
29
29
36
36
36
36
36
35
42
5
5
5
10
5
5
5
5
0
5
29
20
20
20
20
19
19
20
20
22
30
30
30
30
30
30
30
17
17
17
17
15
15
17
17
21
21
18
15
22
22
22
22
21
22
22
45
45
45
44
44
44
44
44
20
20
24
24
24
24
20
45
9
11
42
42
42
42
42
42
48
48
48
48
7
6
7
7
6
6
6
6
6
3
29
32
32
32
32
27
27
27
27
16
16
36
35
49
36
47
36
29
29
16
16
34
35
36
29
29
29
29
36
36
36
36
24
21
21
21
21
21
21
21
21
24
24
37
14
14
14
31
14
14
31
31
31
31
30
28
28
28
30
13
30
30
29
13
38
0
0
38
13
18
13
18
18
18
19
18
18
18
35
36
35
29
29
29
29
36
36
36
36
23
36
36
36
36
29
29
29
29
39
35
35
49
9
9
33
45
45
33
34
34
34
34
30
34
24
24
21
21
21
21
18
18
18
18
39
28
39
33
33
34
34
27
27
27
27
32
32
32
32
3
3
3
3
3
3
3
3
1
3
35
6
4
8
8
8
8
8
6
6
6
28
28
28
28
28
28
28
28
29
28
37
46
46
49
49
49
49
49
49
48
49
47
47
47
47
47
47
27
27
27
27
32
32
32
32
33
33
26
26
26
31
31
13
26
32
32
32
27
27
26
26
7
14
13
14
14
16
16
16
17
7
13
13
13
13
13
13
13
13
14
13
26
39
13
10
13
39
13
17
17
17
17
15
15
17
17
15
18
39
37
39
2
37
29
29
30
30
30
30
30
9
11
7
7
7
7
37
7
7
9
9
9
30
19
19
20
20
20
20
20
20
39
30
30
30
30
30
13
13
13
13
13
13
13
13
18
13
34
27
25
25
25
25
25
33
33
39
39
37
30
30
30
30
30
30
22
22
0
38
38
22
22
22
22
22
22
39
39
39
35
33
33
33
33
39
39
0
4
4
4
4
4
4
4
4
4
30
12
12
12
12
26
26
12
12
35
35
43
43
46
46
35
46
34
34
34
34
43
43
43
43
25
25
25
25
27
25
27
27
34
7
31
31
32
32
26
32
26
26
26
26
27
26
26
25
25
25
12
12
32
32
32
32
26
26
10
31
31
26
26
26
26
32
26
32
32
12
48
48
48
48
17
17
17
17
9
9
9
9
15
15
9
9
1
7
7
28
7
7
7
31
31
1
26
26
26
26
26
32
32
32
41
41
40
40
41
41
41
41
28
28
28
28
40
40
28
17
18
18
19
19
18
18
18
18
19
47
12
12
12
12
12
12
12
30
30
30
30
30
12
12
36
36
36
36
29
29
29
29
36
33
33
33
33
33
38
38
38
33
38
38
48
49
49
39
39
39
49
49
49
49
12
45
45
44
44
45
44
44
44
44
44
38
38
28
31
31
31
31
38
38
38
31
39
37
37
37
39
39
39
39
37
37
29
2
2
2
0
2
0
0
0
0
26
26
26
26
32
32
32
26
31
31
4
6
20
8
8
8
8
6
8
6
6
15
42
19
41
28
25
26
26
26
24
24
24
24
24
24
24
24
15
15
42
15
19
19
19
18
41
41
41
19
42
42
42
42
37
24
24
23
23
24
24
24
24
0
0
43
30
43
5
0
30
30
5
5
29
5
10
5
5
5
35
36
2
40
40
29
29
29
29
36
36
36
36
47
43
34
34
43
43
34
34
34
30
34
43
34
34
34
34
43
34
34
28
25
31
31
28
28
28
28
26
26
29
28
32
32
32
32
24
8
2
2
2
0
0
42
24
30
0
30
42
32
26
32
32
26
26
26
26
31
5
38
38
38
38
37
37
37
37
37
37
46
46
35
35
33
33
33
46
46
46
28
28
25
28
25
25
25
25
2
45
45
45
27
40
40
40
41
41
41
27
42
42
42
42
25
25
25
27
25
25
14
14
31
14
14
14
31
31
31
31
25
25
25
26
25
25
26
26
26
27
17
17
17
13
13
13
13
13
48
48
48
48
25
25
25
25
25
25
25
27
27
27
10
48
21
21
1
1
1
1
1
1
1
1
35
35
35
35
46
46
46
35
46
46
1
1
1
1
1
1
19
1
42
42
30
30
49
34
47
47
34
34
45
45
36
36
36
38
29
44
29
29
31
31
10
31
38
11
11
9
22
47
22
30
30
22
30
30
39
46
47
10
10
10
10
11
10
11
11
9
11
10
43
6
33
33
38
5
10
47
46
33
4
46
31
46
38
40
40
41
41
40
41
41
41
41
41
7
5
36
36
33
36
27
27
27
27
7
33
33
41
41
41
8
40
41
40
40
40
40
8
8
33
33
45
45
27
27
27
45
47
47
42
42
22
22
22
22
22
22
22
22
21
14
27
27
27
27
32
32
32
32
31
31
18
18
18
18
21
21
21
18
19
19
8
8
8
8
8
10
10
33
33
11
11
10
10
11
11
11
11
47
47
47
47
47
45
45
47
49
49
49
4
46
46
49
49
48
48
47
4
42
13
41
12
13
13
7
13
41
16
16
7
41
41
41
40
7
7
7
37
41
37
37
37
41
38
38
38
38
36
41
10
41
48
23
48
23
23
48
48
48
48
28
29
28
28
28
28
28
28
28
28
47
48
48
48
48
48
40
42
31
10
10
10
10
8
8
5
8
2
2
2
0
10
0
0
28
0
45
45
44
44
44
44
44
45
44
44
23
23
23
23
40
40
40
40
35
40
18
19
0
19
24
24
20
20
20
20
19
19
15
7
7
43
43
43
43
45
1
5
7
7
16
7
16
34
34
43
43
43
7
7
7
7
7
19
19
43
6
15
6
6
6
6
7
6
7
7
39
39
39
39
37
37
39
37
37
37
27
42
42
42
42
42
48
48
48
48
48
21
21
21
21
21
21
21
21
24
24
37
0
39
0
19
2
14
14
12
12
14
14
14
14
14
14
2
27
41
37
37
23
23
23
24
23
23
23
23
15
42
42
18
0
18
49
49
35
36
49
47
47
46
29
29
29
29
36
36
36
36
39
33
2
30
4
4
4
4
4
4
4
4
4
4
0
2
39
26
40
40
40
33
29
7
36
33
5
30
13
18
8
27
15
15
15
17
17
17
17
17
15
15
49
49
49
49
47
46
49
47
44
48
48
3
15
3
3
3
3
3
3
1
3
5
5
5
5
5
5
5
5
3
3
3
3
3
3
3
3
5
18
5
18
25
21
21
34
34
8
34
34
25
22
27
2
2
2
2
2
1
1
1
1
1
25
22
22
22
22
21
21
21
21
24
25
46
46
35
35
35
35
46
25
46
46
46
46
35
35
35
25
35
46
46
46
39
39
25
35
39
33
33
2
2
25
0
0
0
0
2
2
0
2
6
8
6
6
8
8
8
8
4
6
15
15
11
11
17
15
27
17
27
17
17
17
46
8
41
44
12
12
2
2
0
24
24
24
24
24
0
24
12
12
46
46
35
46
35
35
35
35
12
46
46
44
0
44
10
8
8
8
10
10
3
10
6
6
6
6
6
7
7
7
33
0
0
0
0
33
11
11
11
11
11
11
32
3
3
3
3
3
3
3
3
23
23
3
1
23
23
23
23
33
14
14
12
12
14
14
14
14
14
14
32
45
24
24
37
37
48
48
39
39
39
39
47
49
46
47
49
49
49
49
21
21
27
27
27
33
20
15
27
16
16
16
16
16
16
16
4
4
4
4
4
4
4
4
4
0
21
21
18
18
21
21
12
12
16
12
12
12
47
16
