15
15
8
27
27
8
25
27
15
15
15
15
17
17
15
15
17
16
35
35
34
34
34
34
34
34
34
34
22
22
21
21
22
22
21
21
21
21
35
35
34
34
34
34
34
34
34
34
47
4
48
48
47
29
48
47
46
46
47
29
4
27
4
23
2
2
2
23
2
2
13
13
4
2
2
16
16
14
14
14
14
14
13
13
13
4
27
7
7
0
31
31
37
37
31
0
40
0
0
13
13
2
2
0
2
14
28
28
28
28
28
28
35
35
35
28
29
29
29
29
3
48
48
47
47
47
47
49
49
47
47
0
0
8
8
0
0
13
13
0
0
2
0
35
35
35
35
25
25
45
46
37
37
37
37
33
33
33
33
45
45
45
45
45
4
4
22
22
4
4
4
4
4
4
46
25
25
25
25
25
25
25
25
14
14
14
14
14
12
16
16
34
13
13
41
41
29
42
41
42
48
48
42
48
29
29
35
28
35
35
29
29
28
28
8
8
8
9
8
8
9
40
9
9
11
11
11
11
11
11
11
24
9
11
23
23
46
1
1
43
1
1
1
1
13
13
2
2
24
15
24
40
30
30
30
30
37
39
33
33
7
7
7
7
17
17
20
20
20
20
19
19
19
20
20
21
23
17
10
10
5
5
5
6
5
5
5
5
6
6
36
32
7
7
23
23
43
43
38
47
43
45
44
45
44
45
45
41
41
40
40
13
13
40
40
12
12
12
12
17
17
12
12
35
35
33
36
36
36
36
36
36
36
47
22
22
43
43
21
21
21
21
23
22
21
21
2
2
29
29
29
37
13
13
2
2
2
2
2
2
12
12
12
40
12
12
12
12
33
40
32
32
32
40
40
40
40
40
40
41
40
5
5
5
5
3
3
3
3
24
24
49
49
49
49
49
24
24
24
15
40
40
41
41
40
40
40
40
40
40
13
13
14
13
14
14
14
14
16
14
2
16
16
8
8
16
16
15
15
15
15
39
39
39
39
38
38
39
38
39
39
13
7
7
6
6
6
7
10
10
9
9
15
17
17
17
17
17
17
17
24
20
23
23
23
24
22
36
36
36
33
36
36
36
36
35
34
39
39
38
38
39
38
39
39
39
39
10
10
10
10
6
6
6
6
6
6
45
45
44
45
44
44
44
44
43
43
27
38
38
43
43
43
43
43
38
43
43
48
48
48
48
41
41
42
41
41
41
42
21
19
19
19
19
19
19
18
18
18
0
0
0
0
0
0
0
45
45
46
45
13
16
16
15
15
15
15
15
15
16
16
41
41
41
41
48
48
48
48
41
41
15
15
15
15
16
16
15
15
16
16
8
8
9
9
40
9
8
8
9
8
45
33
33
37
37
37
37
37
37
33
33
24
24
11
24
11
11
10
10
10
10
32
32
31
45
31
31
6
5
6
6
5
5
5
5
6
6
10
10
4
10
10
10
23
23
4
4
28
28
44
44
47
35
35
28
38
38
43
33
33
43
37
37
37
37
33
33
37
37
43
43
43
43
43
25
25
25
25
25
27
27
25
25
25
31
31
31
37
42
42
42
42
42
42
42
38
38
48
47
47
47
46
46
46
46
48
48
19
29
0
29
29
28
21
28
0
21
29
29
39
38
33
33
39
39
39
39
37
37
37
37
33
33
37
37
12
12
12
12
12
12
12
17
17
35
36
22
36
33
36
36
36
36
36
36
46
48
48
48
46
46
46
39
48
48
24
49
24
24
49
49
49
49
24
24
13
13
39
14
16
16
16
13
14
14
14
25
25
25
15
30
30
30
4
4
5
31
22
22
4
22
26
5
5
26
30
26
43
45
44
44
44
45
45
45
44
48
48
46
47
46
46
47
48
47
47
24
24
20
24
24
23
24
24
23
43
31
31
6
6
26
34
10
34
34
34
34
34
6
6
26
26
49
49
49
49
47
47
47
47
47
47
12
12
12
12
43
44
44
44
44
44
44
44
20
49
49
18
49
49
49
25
25
7
7
25
25
31
31
25
25
32
32
32
32
45
46
37
49
40
33
33
33
33
33
45
1
1
22
22
22
22
1
1
1
1
26
26
26
26
34
26
34
34
26
26
37
37
33
33
39
3
37
37
39
39
39
39
38
38
38
39
23
23
17
24
24
17
23
20
20
24
24
35
35
35
35
7
3
7
7
7
6
9
7
8
9
10
9
9
11
11
11
11
11
11
24
24
11
9
8
8
9
9
9
9
8
8
8
9
3
3
3
3
1
1
3
3
9
1
1
31
2
2
2
2
13
31
2
2
25
25
8
32
27
27
27
9
9
3
3
3
3
3
2
2
2
29
29
29
29
21
22
21
21
21
21
31
31
31
31
31
31
32
32
32
32
43
20
43
38
38
43
43
43
38
7
7
43
7
41
41
41
41
41
41
48
48
48
48
42
42
42
42
42
42
42
42
42
25
20
27
29
29
26
28
28
28
28
29
29
29
3
3
7
3
1
1
3
3
31
49
49
49
49
41
41
41
41
41
41
16
37
37
0
7
8
9
38
9
9
9
9
8
8
8
8
9
9
9
9
9
8
8
8
9
22
22
21
21
16
16
22
40
21
21
35
35
35
35
28
10
10
10
10
10
10
10
10
24
24
48
48
46
46
46
46
46
46
48
48
7
7
7
7
47
33
8
8
8
8
2
2
3
2
3
3
3
3
30
24
21
21
19
19
18
18
18
19
19
19
19
8
8
8
18
21
15
15
15
15
15
15
6
7
6
6
6
6
10
10
10
10
41
41
40
40
40
40
40
40
40
40
41
0
2
40
40
32
32
40
32
13
13
0
2
2
0
2
2
11
11
11
36
1
3
3
36
3
33
33
31
31
11
11
11
11
24
11
11
11
11
9
13
13
14
14
13
14
14
16
14
14
7
7
7
7
42
29
46
29
27
2
2
2
22
16
16
16
18
18
18
18
18
18
18
31
36
36
33
31
36
36
36
36
36
35
32
32
31
45
46
45
45
45
45
49
49
47
49
49
49
47
47
47
47
17
17
17
17
17
17
48
48
48
48
41
41
41
41
41
41
0
0
19
19
20
20
19
18
19
19
12
20
20
11
18
31
47
25
25
31
27
27
15
46
45
45
45
45
45
12
14
17
17
14
14
14
45
30
30
30
30
30
30
30
26
26
26
44
28
32
28
44
1
1
1
1
1
1
13
1
13
13
30
26
26
26
30
30
30
30
30
30
35
20
20
18
19
19
20
20
20
20
18
28
20
20
20
20
49
49
49
20
20
25
32
32
32
32
32
40
40
40
40
41
13
13
12
12
17
17
12
12
12
12
2
2
2
10
10
10
10
6
6
6
6
2
6
6
2
13
13
23
23
24
20
24
24
23
21
23
23
0
0
2
2
26
26
26
26
27
27
26
27
26
26
49
49
49
49
47
47
49
49
49
49
27
27
27
27
27
26
27
25
25
36
36
36
36
36
36
33
33
31
31
38
38
27
46
46
46
46
46
46
46
38
27
28
28
17
27
17
17
35
35
28
28
28
28
26
26
26
26
26
26
26
26
17
28
35
35
17
17
15
47
15
15
27
15
25
15
26
26
26
26
27
27
26
26
26
19
19
18
18
20
20
19
19
20
20
24
0
0
48
48
42
42
42
42
42
42
42
41
36
0
0
0
0
0
0
0
0
13
13
0
0
37
37
33
33
37
37
37
37
33
33
6
6
47
4
10
4
4
23
23
4
4
4
4
7
7
7
6
6
6
10
10
10
10
29
29
28
29
28
28
26
26
29
29
24
24
23
24
24
24
49
49
49
49
26
30
26
26
30
30
30
30
18
30
30
13
13
28
31
16
16
14
14
14
14
14
26
7
7
7
7
28
29
4
35
35
29
29
34
36
36
36
33
34
4
34
43
43
43
43
43
43
38
43
38
38
38
38
15
15
16
16
15
15
15
15
16
16
18
39
29
39
29
30
47
23
23
21
47
21
21
21
20
10
10
10
10
10
4
23
23
35
30
35
12
3
3
5
5
3
3
3
3
40
35
36
36
36
36
36
34
33
34
34
22
22
21
21
21
21
21
21
22
22
30
30
30
32
8
8
9
9
9
9
9
9
2
7
7
39
48
39
39
38
39
38
38
47
47
47
47
47
47
47
39
30
30
19
19
19
19
19
19
18
18
18
18
7
7
7
31
31
27
27
32
32
3
3
3
3
3
27
1
1
24
24
11
11
11
11
11
11
11
10
32
18
18
18
18
18
34
18
18
16
16
16
18
16
16
16
8
8
9
9
9
9
9
9
46
7
7
23
23
33
23
23
23
20
21
21
48
12
12
12
12
12
17
12
12
44
44
45
45
44
45
45
43
19
48
48
46
46
48
46
46
46
46
46
5
5
4
4
40
23
23
4
4
4
4
4
4
20
20
24
24
27
23
23
23
23
23
5
1
1
32
32
1
13
28
27
28
28
28
28
35
28
27
35
1
5
22
22
22
22
1
1
1
1
3
3
3
3
3
3
1
1
40
34
29
29
35
35
28
35
28
28
29
28
31
7
7
7
7
38
38
43
43
43
43
38
43
43
43
21
21
21
21
22
21
21
21
27
27
22
22
32
27
32
40
19
1
19
19
18
18
18
31
19
19
19
19
36
19
20
20
20
20
20
5
5
5
5
5
36
3
3
30
30
30
30
5
5
5
5
5
5
5
5
22
22
14
14
14
14
16
16
32
22
22
6
39
38
39
39
39
39
0
0
0
0
0
0
33
33
37
37
37
37
37
37
33
33
25
25
25
16
16
25
45
46
18
18
15
18
15
15
16
16
10
30
4
4
4
25
23
23
4
4
25
25
25
25
30
30
30
30
30
45
18
44
45
45
44
44
44
44
35
35
34
34
34
34
34
35
34
34
5
43
43
44
45
45
45
44
44
44
44
44
44
44
44
44
44
44
4
4
5
5
22
22
22
4
32
32
5
5
18
29
38
6
25
1
1
22
22
22
22
1
1
1
1
27
27
27
27
27
25
5
5
5
5
6
6
6
6
18
6
6
42
37
38
38
38
39
39
42
42
42
40
40
40
41
32
32
32
40
32
32
23
23
23
23
23
23
24
24
20
24
31
31
11
11
27
17
17
17
17
17
17
17
18
18
18
11
18
18
19
19
19
19
11
27
11
45
45
45
11
11
11
11
11
11
11
11
12
12
12
9
12
12
12
29
37
4
42
42
38
42
42
42
42
42
42
37
4
10
10
34
10
15
6
6
9
6
6
5
5
22
22
22
22
5
1
4
4
8
47
47
28
28
28
47
49
49
49
49
8
29
29
44
44
44
44
44
44
44
44
31
17
17
17
17
31
14
14
14
14
16
16
14
16
13
13
42
42
42
42
48
42
42
42
1
1
1
1
42
42
13
13
19
19
19
20
20
20
20
20
20
8
31
32
32
32
32
31
31
31
31
0
0
31
31
32
32
31
31
33
33
32
32
13
13
17
17
14
12
14
14
14
14
18
29
29
29
30
35
35
34
34
34
34
35
34
34
34
4
39
41
41
41
41
48
41
48
48
41
41
16
8
8
8
47
27
27
25
25
39
39
39
13
39
39
39
38
38
38
38
46
46
46
46
46
46
46
36
38
38
