2495 4859 001
1659 4 4 2 335 5 2 4 
7 7 334 9 1 4 1658 5 
2466 7 1657 6 4 5 2124 7 
1 2 3 5 336 6 1656 3 
339 6 8 8 6 9 1655 9 
9 4 338 12 5 9 1654 5 
1653 5 341 6 2 7 8 6 
340 6 5 8 1652 6 7 6 
10 3 1665 4 6 4 344 2 
9 3 2328 5 343 5 1664 7 
544 7 2494 10 12 9 18 6 
2493 6 1507 8 11 9 1674 5 
14 4 2281 4 1129 6 
13 4 1361 4 
2490 5 194 4 644 6 16 3 
643 3 128 4 2489 3 15 3 
621 6 18 3 20 5 2488 5 
17 3 612 2 2487 4 11 6 
2486 3 648 5 130 5 20 6 
2485 7 647 8 17 5 19 6 
800 7 802 4 
2047 3 318 4 247 4 129 4 
152 7 421 6 24 5 1840 9 
420 3 479 2 1839 3 23 5 
1838 1 423 4 149 4 152 3 
1213 4 1985 4 1140 6 1567 5 
28 5 2152 3 32 4 1192 5 
27 5 2151 6 29 5 1193 10 
30 4 2150 3 1190 4 28 5 
29 4 1191 3 150 7 2149 4 
2262 6 33 3 50 7 463 7 
1195 8 27 4 
922 6 31 3 1761 3 2261 5 
35 1 1368 2 315 2 49 3 
314 1 34 1 36 2 1367 5 
35 2 1366 2 39 4 317 5 
461 5 2127 7 1332 6 38 6 
44 4 2145 4 2126 5 37 6 
36 4 1365 6 316 4 930 5 
275 5 1760 2 1575 7 268 2 
1372 7 311 6 1154 5 2495 5 
2136 4 45 5 2131 6 
2254 6 46 2 1116 2 2411 3 
38 4 2129 7 2138 2 45 2 
2128 3 2137 4 42 5 44 2 
43 2 154 4 1607 3 2253 1 
1370 4 2495 5 49 6 313 7 
50 6 53 2 977 2 2260 3 
34 3 47 6 1369 5 312 4 
48 6 31 7 2259 6 175 6 
2258 3 53 1 209 5 980 3 
2116 5 2125 1 190 1 59 2 
48 2 978 3 51 1 2257 3 
461 7 2467 7 55 6 2384 6 
54 6 2468 3 2145 2 56 4 
2138 4 55 4 57 3 2469 5 
58 4 2470 6 56 3 2137 3 
2136 4 57 4 2471 6 
2466 5 189 5 2124 5 52 2 
1296 7 943 8 949 8 833 8 
127 5 301 4 62 2 64 4 
300 2 126 2 67 8 61 2 
64 3 303 4 
302 4 63 3 529 5 61 4 
66 5 123 5 297 4 68 5 
65 5 498 4 122 4 296 6 
299 13 62 8 68 10 121 8 
298 6 65 5 67 10 120 4 
960 3 72 9 722 7 365 5 
957 6 1069 2 71 4 76 3 
2406 6 956 5 70 4 533 6 
69 9 723 10 85 7 959 10 
74 3 966 2 80 3 537 1 
73 3 75 4 536 5 965 7 
76 4 74 4 964 5 1079 2 
75 4 538 3 963 7 70 3 
541 6 780 7 78 7 962 4 
79 7 540 4 77 7 961 4 
960 4 78 7 543 7 80 6 
73 3 959 6 79 6 542 4 
1164 4 681 4 1106 8 1166 4 
367 6 86 8 964 9 718 9 
1269 9 925 5 1163 5 1161 4 
366 6 426 4 
716 2 72 7 966 2 86 3 
717 6 82 8 965 7 85 3 
677 5 1170 3 1110 6 88 3 
676 3 1165 3 1109 7 87 3 
2473 6 90 8 595 6 96 8 
2472 7 89 8 594 4 232 6 
92 6 359 6 425 5 917 7 
91 6 358 6 1997 4 916 4 
2482 8 100 6 593 6 94 6 
95 4 592 6 2481 7 93 6 
94 4 96 5 591 4 2484 4 
95 5 2483 5 590 6 89 8 
530 5 589 7 2478 5 98 4 
2477 3 588 3 99 5 97 4 
98 5 100 6 587 7 2480 5 
2479 3 93 6 586 6 99 6 
102 6 164 6 472 7 2413 11 
471 5 101 6 163 3 103 4 
166 7 104 7 470 5 102 4 
165 6 103 7 469 6 105 6 
160 9 106 5 476 5 104 6 
105 5 107 4 475 7 159 8 
106 4 108 3 474 2 710 1 
473 4 107 3 109 4 709 5 
468 2 110 3 158 3 108 4 
157 3 109 3 467 5 2011 3 
2302 5 1708 6 117 6 2304 7 
113 5 115 6 2041 4 2104 5 
112 5 2103 4 
2043 3 115 5 293 3 125 5 
114 5 2042 6 291 7 112 6 
502 6 2302 4 955 5 117 5 
958 6 118 5 111 6 116 5 
154 6 119 6 117 5 2304 6 
118 6 2411 5 1949 5 1306 8 
123 4 1016 6 121 2 68 4 
126 2 120 2 1015 2 67 8 
123 4 66 4 234 2 1018 6 
65 5 120 4 122 4 1017 4 
2425 4 284 4 2046 5 125 3 
2093 7 2045 7 114 5 124 3 
62 2 127 5 121 2 1014 5 
529 6 1013 8 61 5 126 5 
2492 6 16 4 642 5 130 6 
377 3 2048 2 132 3 22 4 
2491 7 19 5 128 6 641 5 
132 4 322 4 2054 7 134 6 
131 4 325 6 2053 5 129 3 
331 7 136 4 134 6 2056 4 
133 6 2118 7 131 6 2055 7 
2050 5 138 3 429 3 136 2 
430 8 133 4 2049 4 135 2 
2436 6 138 6 2052 8 346 5 
2051 4 135 3 137 6 2122 3 
2106 6 519 3 2254 7 140 4 
141 3 2253 2 139 4 518 4 
140 3 2256 6 517 2 142 6 
143 8 141 6 2255 6 516 5 
144 6 515 6 142 8 2258 6 
143 6 145 7 2257 5 514 4 
2260 6 144 7 513 5 146 6 
512 3 147 7 2259 3 145 6 
2262 9 148 7 146 7 511 7 
252 4 147 7 510 3 2261 6 
1836 6 424 5 25 4 
151 9 30 7 2154 8 1188 6 
150 9 2153 8 2346 10 1189 5 
23 7 422 3 1837 4 25 3 
170 9 915 6 459 8 185 6 
118 6 2411 5 46 4 958 7 
156 9 324 8 727 6 712 9 
155 9 2459 7 726 7 323 5 
580 2 110 3 1882 3 158 3 
1883 6 709 4 109 3 157 3 
160 12 1753 9 710 5 106 8 
105 9 159 12 1759 8 165 9 
162 9 329 6 729 6 2335 6 
161 9 328 5 728 5 707 6 
102 3 166 6 164 3 1874 6 
273 4 1875 4 101 6 163 3 
104 6 1872 4 160 9 166 6 
103 7 1873 6 163 6 165 6 
168 2 1307 3 874 3 620 2 
873 4 167 2 171 3 619 4 
868 9 1618 5 174 8 
153 9 184 7 907 6 464 7 
172 4 168 3 269 2 872 4 
171 4 871 7 263 3 173 7 
870 7 172 7 174 9 1630 6 
869 7 1629 8 173 9 169 8 
463 6 489 4 977 2 50 6 
1011 4 181 2 2226 4 177 3 
2225 6 1197 4 176 3 444 6 
185 3 179 3 459 5 2222 2 
180 2 178 3 458 3 853 6 
457 4 179 2 181 2 857 1 
176 2 856 3 455 7 180 2 
2101 5 1925 8 183 5 465 4 
841 3 182 5 184 4 464 4 
852 7 170 7 183 4 185 4 
178 3 1945 5 153 6 184 4 
187 6 2088 3 2066 5 337 4 
2117 5 186 6 2061 8 2087 7 
1850 6 1499 3 2286 6 2323 4 
190 4 59 5 380 5 2081 5 
189 4 2065 1 2080 4 52 1 
196 6 2476 7 217 6 
193 6 1588 5 781 7 1675 8 
192 6 715 4 1229 5 779 4 
15 4 2308 6 195 5 689 4 
197 4 2044 6 1313 7 194 5 
191 6 198 5 
1300 2 195 4 198 4 796 4 
217 5 197 4 196 5 
208 5 836 6 1256 6 200 3 
835 3 309 4 1375 1 199 3 
1034 5 830 7 202 6 638 4 
1033 5 201 6 829 7 203 6 
204 4 1648 5 202 6 832 3 
831 5 205 4 1698 5 203 4 
206 3 204 4 1030 5 826 5 
205 3 825 2 207 4 1029 3 
1028 5 208 6 206 4 828 5 
199 5 1027 3 207 6 827 5 
1607 7 2255 6 51 5 955 7 
211 7 1346 4 
2213 6 210 7 214 8 1345 8 
213 3 1348 5 215 2 2212 6 
321 3 212 3 1347 4 2211 6 
1350 7 2210 9 211 8 215 4 
2209 4 1349 2 212 2 214 4 
409 5 1076 6 1078 5 2038 9 
796 5 2475 6 191 6 198 5 
747 3 1017 2 1494 1 1492 1 
220 6 574 7 1174 4 682 7 
1173 4 219 6 575 4 227 4 
568 4 1180 5 224 4 222 3 
1179 3 569 6 361 3 221 3 
1182 4 224 5 226 5 566 5 
223 5 221 4 1181 7 567 5 
226 4 228 4 1176 2 572 2 
1175 5 225 4 223 5 573 4 
1178 3 228 4 570 5 220 4 
225 4 1177 3 227 4 571 4 
230 5 2412 5 434 5 
231 5 1299 4 433 7 229 5 
230 5 232 5 432 7 1309 8 
2303 4 231 5 431 4 90 6 
2443 5 2379 6 1885 4 2248 6 
498 2 122 2 834 3 235 2 
497 2 236 6 833 4 234 2 
491 7 237 7 235 6 609 8 
608 4 490 6 236 7 238 4 
239 4 875 4 237 4 611 6 
238 4 240 6 488 4 610 4 
757 5 239 6 495 5 241 5 
494 2 240 5 242 2 754 6 
243 4 607 3 241 2 493 5 
242 4 492 7 389 7 604 8 
1838 2 245 4 2314 3 248 2 
244 4 246 5 2315 6 1837 4 
1840 7 245 5 247 4 2316 6 
2317 5 22 4 1839 4 246 4 
244 2 1836 3 2321 4 
357 5 256 5 250 8 2074 5 
356 5 2073 6 251 7 249 8 
252 5 355 3 250 7 2076 6 
2075 5 251 5 148 4 354 3 
353 5 254 6 258 6 2070 5 
253 6 255 5 2069 7 352 4 
2072 4 351 6 256 3 254 5 
2071 3 249 5 255 3 350 6 
258 6 2068 7 397 3 349 4 
348 7 257 6 2067 7 253 6 
1135 3 1322 5 260 4 1344 2 
1343 5 259 4 1134 7 261 6 
1342 5 763 3 1137 4 260 6 
1145 6 1303 5 764 5 762 6 
172 3 269 1 1630 2 
1340 4 763 2 1131 3 265 4 
1339 6 1130 5 264 4 266 6 
2454 6 767 5 1338 7 265 6 
1307 4 620 3 1149 5 766 3 
1761 4 40 2 274 2 922 7 
263 1 619 3 171 2 
281 4 271 4 1565 3 2102 2 
270 4 1566 3 2101 4 1925 7 
2414 5 2119 6 1770 5 273 6 
2413 9 164 4 345 5 272 6 
268 2 2096 3 275 5 534 2 
40 5 274 5 285 6 276 6 
1575 8 1773 5 2098 4 275 6 
1772 4 2108 4 2417 3 1768 6 
2092 2 1773 5 279 4 1577 2 
1578 7 282 4 280 7 278 4 
281 7 1579 5 2094 6 279 7 
270 4 283 5 280 7 1580 6 
2092 2 1943 4 2094 3 279 4 
281 5 2094 4 1941 5 2102 3 
2310 8 2093 8 124 4 2285 9 
1939 3 2098 4 275 6 2096 4 
287 4 2095 2 371 5 782 4 
286 4 374 3 1691 10 288 6 
373 8 2091 5 1690 6 287 6 
633 6 295 6 1212 7 290 4 
1211 4 632 4 304 7 289 4 
2294 7 115 7 293 5 2104 6 
1387 3 295 6 1214 4 631 4 
114 3 2093 5 2293 4 291 5 
2155 4 303 4 
292 6 289 6 630 6 1213 5 
297 5 466 5 66 6 688 6 
65 4 296 5 462 3 298 5 
68 6 456 4 299 9 297 5 
67 13 300 7 298 9 442 7 
62 2 301 4 299 7 1859 4 
300 4 2231 4 61 4 302 4 
303 5 64 4 496 6 301 4 
302 5 477 5 63 4 294 4 
1210 9 305 7 635 11 290 7 
1023 3 304 7 1209 5 634 5 
2130 4 2334 5 875 5 2332 6 
308 3 839 3 672 4 
307 3 838 5 309 5 675 4 
200 4 674 4 837 4 308 5 
2017 6 311 4 2495 3 313 5 
2016 5 310 4 320 7 41 6 
315 3 313 5 2368 2 49 4 
312 5 310 5 2365 8 47 7 
35 1 317 4 2013 1 315 2 
312 3 2012 3 34 2 314 2 
317 5 2011 3 467 5 39 4 
316 5 2010 6 314 4 36 5 
22 4 2317 5 377 3 1419 5 
2212 6 1807 4 1206 3 
321 6 1154 6 311 7 1274 8 
213 3 1253 5 320 6 1153 5 
1426 3 325 6 131 4 2118 5 
484 2 324 4 156 5 2243 3 
2242 6 155 8 323 4 330 5 
132 6 1425 7 322 6 377 6 
327 4 708 4 2251 8 333 9 
326 4 707 3 2250 2 328 2 
329 2 2249 1 162 5 327 2 
328 2 161 6 2325 4 2248 4 
2247 5 712 6 2455 5 324 5 
133 7 2118 8 430 11 1428 7 
2455 4 333 8 714 6 2245 2 
332 8 326 9 713 9 2244 8 
383 8 341 8 2 9 335 10 
382 8 336 9 1 5 334 10 
335 9 4 6 2466 8 381 6 
2115 5 2132 5 2117 3 186 4 
344 10 339 9 387 10 6 12 
340 4 338 9 386 6 5 6 
339 4 385 5 8 6 341 6 
7 6 334 8 384 4 340 6 
2062 5 347 5 1376 3 2120 2 
389 6 344 4 10 5 492 6 
338 10 343 4 388 3 9 2 
2119 5 273 5 1875 5 1664 7 
528 6 1424 4 2122 2 137 5 
402 5 342 5 2063 6 2121 7 
639 5 258 7 353 6 349 5 
830 6 638 3 257 4 348 5 
351 9 357 6 256 6 635 10 
634 8 350 9 255 6 352 5 
637 2 254 4 353 3 351 5 
253 5 636 4 348 6 352 3 
510 2 252 3 355 1 631 2 
356 1 251 3 354 1 630 3 
250 5 355 1 633 4 357 2 
632 4 249 5 350 6 356 2 
92 6 1559 5 359 6 1842 6 
1841 4 91 6 368 3 358 6 
724 9 957 8 361 4 367 3 
360 4 222 3 956 3 725 4 
2215 5 363 4 1946 7 659 4 
362 4 2216 3 
1084 5 365 3 720 2 962 1 
961 3 721 3 364 3 69 5 
84 6 369 5 427 9 
719 2 82 6 963 5 360 3 
1844 8 369 2 359 3 425 2 
1843 3 368 2 366 5 2001 2 
890 5 2091 4 373 7 
374 4 895 5 286 5 372 7 
375 7 894 5 371 7 2095 4 
288 8 374 5 370 7 893 7 
371 4 287 3 373 5 892 2 
887 9 376 5 372 7 2100 7 
2099 4 375 5 525 4 886 5 
1420 3 129 3 325 6 318 3 
390 3 2181 6 379 6 1858 4 
378 6 2180 6 1857 6 1224 8 
673 6 381 3 189 5 2466 5 
382 5 2077 3 380 3 336 6 
383 6 335 8 2082 6 381 5 
382 6 384 4 334 8 2079 5 
383 4 677 4 341 4 385 3 
340 5 676 4 386 7 384 3 
387 7 339 6 679 9 385 7 
386 7 338 10 678 5 388 3 
389 5 344 3 681 2 387 3 
343 6 388 5 680 6 243 7 
378 3 1851 1 1228 3 2178 1 
392 12 394 6 1856 7 828 7 
400 8 1855 8 391 12 827 9 
1858 2 394 1 826 3 396 1 
393 1 825 2 391 6 1857 3 
398 7 832 4 396 4 1852 7 
831 4 395 4 1851 1 393 1 
1854 5 398 4 257 3 830 5 
829 7 395 7 397 4 1853 7 
2252 6 1225 2 1846 6 2185 3 
392 8 401 7 1846 6 836 5 
400 7 1845 7 562 9 835 8 
347 5 403 5 1376 3 2191 2 
402 5 2190 8 2121 7 1914 6 
2193 5 2133 5 2120 4 1376 5 
408 4 406 3 1083 6 
405 3 1082 4 412 2 
408 3 1081 7 410 4 
405 4 407 3 1080 4 
410 5 216 5 411 4 
409 5 407 4 1078 5 
409 4 1076 5 
413 6 794 3 406 2 1085 3 
780 8 962 5 412 6 1084 9 
686 6 814 7 415 6 417 7 
687 4 414 6 813 3 
417 8 419 6 810 8 684 8 
416 8 809 5 414 7 685 5 
812 4 682 5 574 5 419 3 
416 6 683 5 418 3 811 7 
24 3 421 4 1102 8 2456 5 
422 2 420 4 23 6 1101 4 
423 4 421 2 1100 2 152 3 
1099 6 422 4 25 4 424 5 
1098 4 149 5 423 5 
918 5 91 5 368 2 2001 2 
427 7 921 3 84 4 
920 8 426 7 366 9 2001 6 
2080 6 2301 6 2307 4 2431 4 
1544 7 430 9 135 3 2122 3 
1421 8 136 8 331 11 429 9 
432 6 232 4 1055 4 594 2 
433 9 1054 6 431 6 231 7 
432 9 434 7 230 7 1057 5 
1056 4 433 7 229 5 
1186 3 438 5 1100 3 436 7 
439 7 1099 8 1185 7 435 7 
1102 8 1184 7 605 3 438 6 
437 6 435 5 1183 8 1101 6 
1098 4 436 7 1187 5 
1248 3 441 4 794 2 
1247 7 541 6 780 7 440 4 
456 2 1859 4 706 4 299 7 
2305 5 2427 4 2089 4 2307 4 
1386 5 1470 6 1011 7 177 6 
1388 2 446 3 448 5 511 3 
1387 2 445 3 631 3 510 3 
513 1 448 4 450 4 1380 2 
512 5 447 4 445 5 1325 8 
452 5 1378 7 450 6 515 5 
1377 7 447 4 514 5 449 6 
517 3 454 4 452 5 1384 5 
449 5 1383 7 451 5 516 3 
454 3 519 2 1267 5 1382 3 
453 3 451 4 1381 3 518 4 
1330 10 181 7 457 9 1011 9 
298 4 442 2 700 2 462 2 
180 4 1328 7 458 5 455 9 
1333 4 457 5 459 5 179 3 
1331 6 153 8 178 5 458 5 
2193 6 2146 6 1816 7 2144 8 
54 7 37 5 2354 3 2145 3 
1667 2 297 3 466 3 456 2 
539 7 175 6 922 10 31 7 
1326 4 465 3 183 4 170 7 
1932 6 1379 2 464 3 182 4 
296 5 1666 3 1887 4 462 3 
316 5 110 5 930 6 468 4 
109 2 473 2 929 5 467 4 
470 4 476 5 104 6 936 4 
935 6 469 4 471 6 103 5 
102 5 470 6 1397 8 472 6 
650 5 937 4 471 6 101 7 
474 3 468 2 108 4 1389 5 
473 3 931 3 475 5 107 2 
934 4 474 5 106 7 476 7 
469 5 933 4 105 5 475 7 
1661 5 496 6 303 5 2155 5 
2048 2 2457 8 479 3 483 4 
24 2 478 3 2047 2 2456 4 
2056 5 2463 6 481 5 487 4 
2462 3 2055 5 480 5 482 5 
481 5 2054 8 2465 5 483 6 
2464 6 2053 6 482 6 478 4 
323 2 2052 5 2459 4 485 3 
486 6 2051 4 2458 4 484 3 
2461 7 485 6 487 4 2050 8 
2460 1 2049 3 486 4 480 4 
2332 5 875 4 239 4 495 3 
1497 4 2298 5 175 4 539 5 
875 6 237 6 2334 6 491 6 
1404 6 236 7 497 3 490 6 
243 7 2328 6 493 8 343 6 
494 5 492 8 2327 8 242 5 
241 2 493 5 1401 3 495 2 
488 3 240 5 2329 4 494 2 
477 6 2231 6 1660 8 302 6 
498 2 235 2 491 3 1410 2 
66 4 234 2 497 2 688 4 
896 6 500 8 1242 8 717 8 
1241 6 505 7 499 8 716 5 
508 8 1240 6 719 6 896 6 
116 6 1508 6 980 6 2299 6 
506 10 1246 9 504 9 721 7 
720 4 2028 7 503 9 1245 6 
500 7 723 7 506 7 1244 4 
503 10 505 7 722 8 1243 7 
666 4 725 6 1250 5 508 7 
501 8 724 10 507 7 1249 6 
930 7 1365 8 1458 6 799 7 
354 2 511 3 148 3 446 3 
510 3 512 3 147 7 445 3 
513 2 448 5 146 3 511 3 
512 2 447 1 514 2 145 5 
515 4 450 5 144 4 513 2 
143 6 514 4 516 3 449 5 
517 1 515 3 452 3 142 5 
518 3 451 3 516 1 141 2 
517 3 519 3 140 4 454 4 
518 3 139 3 453 2 1168 5 
521 4 1867 5 523 2 740 3 
520 4 739 4 1866 5 526 6 
531 5 1869 5 738 4 523 4 
737 2 1868 3 520 2 522 4 
744 6 527 2 1863 2 525 3 
743 7 376 4 1862 6 524 3 
1865 6 742 5 527 5 521 6 
1864 3 524 2 526 5 741 3 
346 6 546 6 2436 7 1598 7 
127 6 1012 5 64 5 
97 5 1871 4 746 6 531 4 
522 5 745 6 1870 2 530 4 
802 4 545 9 1231 5 
71 6 1525 7 694 7 1069 4 
539 4 1329 5 274 2 922 7 
801 7 992 5 937 5 1463 4 
74 5 1079 3 537 3 1518 5 
1517 6 73 1 536 3 542 2 
1516 6 76 3 1079 1 1069 2 
534 4 463 7 1327 3 489 5 
543 4 78 4 1522 3 541 3 
77 6 441 6 1521 4 540 3 
543 5 1520 3 537 2 80 4 
542 5 540 4 1519 8 79 7 
612 3 11 7 1674 3 2291 6 
1641 7 532 9 1194 7 1232 7 
528 6 1597 2 1765 3 2437 5 
548 4 1193 7 808 7 1235 3 
547 4 1641 5 1192 7 1234 5 
1237 5 808 10 1191 4 1586 5 
805 3 1461 5 807 3 931 3 
2227 2 560 2 887 6 552 4 
702 9 2228 7 886 7 551 4 
2337 3 2219 2 889 3 554 4 
888 4 555 7 2220 9 553 4 
554 7 2217 5 891 5 556 5 
557 4 2218 3 890 4 555 5 
893 5 2223 6 556 4 558 5 
892 4 557 5 559 3 2224 5 
560 2 558 3 895 2 2221 2 
559 2 551 2 854 4 894 3 
1634 1 564 2 562 4 675 3 
674 4 401 9 561 4 1633 7 
2078 6 564 6 1636 7 565 7 
563 6 561 2 1635 2 672 4 
563 7 1637 6 
573 4 567 5 223 5 665 5 
664 4 568 5 566 5 224 5 
221 4 569 7 567 5 667 6 
222 6 725 7 666 5 568 7 
661 5 571 5 227 5 575 5 
2057 5 570 5 228 4 572 2 
2060 2 573 2 571 2 225 2 
566 4 572 2 662 4 226 4 
575 5 418 5 219 7 671 5 
574 5 220 4 570 5 670 5 
2368 2 1662 4 577 5 583 3 
2365 8 1663 7 576 5 578 7 
1660 7 579 6 2017 8 577 7 
578 6 2016 5 1661 6 584 4 
157 2 2011 2 581 3 1666 2 
582 3 2010 5 1667 3 580 3 
2013 1 583 2 581 3 700 2 
582 2 2012 3 706 4 576 3 
585 3 696 2 1274 5 579 4 
584 3 1807 4 1253 5 
849 4 593 6 587 7 100 6 
586 7 588 5 848 6 99 7 
851 2 587 5 98 3 589 6 
746 8 850 7 97 7 588 6 
591 5 845 4 96 6 595 4 
590 5 844 6 592 6 95 4 
593 6 94 6 847 4 591 6 
586 6 592 6 93 6 846 5 
843 3 90 4 431 2 595 2 
89 6 842 4 590 4 594 2 
606 3 883 4 597 3 1733 5 
1732 6 598 6 596 3 882 5 
597 6 599 7 1731 6 885 5 
884 5 1730 5 598 7 600 6 
1729 7 879 5 601 6 599 6 
1728 9 600 6 602 5 878 6 
603 5 601 5 881 4 1727 3 
880 4 770 3 602 5 1726 6 
952 6 680 7 607 7 243 8 
437 3 606 2 877 3 1724 3 
596 3 605 2 876 5 1723 4 
604 7 951 5 242 3 754 7 
237 4 611 6 609 5 950 5 
949 6 833 6 608 5 236 8 
757 3 239 4 948 4 611 6 
947 5 608 6 238 6 610 6 
544 3 18 2 2290 3 621 5 
687 3 614 3 
617 3 686 4 613 3 
616 9 618 6 683 7 2204 7 
615 9 682 9 2203 6 1174 6 
618 4 685 3 614 3 
617 4 684 6 2202 6 615 6 
620 4 168 4 269 3 913 5 
619 4 912 2 167 2 267 3 
17 6 647 9 612 5 2289 10 
1323 6 623 4 626 4 
622 4 840 3 1135 3 1322 5 
1318 5 625 3 
626 2 624 3 1321 4 
625 2 1320 2 622 4 
2142 6 2187 8 628 6 2135 10 
645 6 2141 3 627 6 2134 2 
1437 2 1422 3 941 2 1155 3 
631 4 295 6 633 6 355 3 
292 4 446 3 354 2 630 4 
357 4 633 6 290 4 635 8 
632 6 289 6 356 4 630 6 
351 8 635 9 305 5 637 5 
634 9 350 10 304 11 632 8 
353 4 637 3 1038 3 639 3 
636 3 352 2 1023 3 634 5 
639 3 349 3 1216 4 201 4 
1215 4 348 5 638 3 636 3 
1001 3 1438 4 1159 4 1273 5 
642 4 648 5 1266 5 130 5 
641 4 1265 4 643 4 128 5 
644 6 16 3 642 4 2284 7 
1264 4 643 6 15 6 689 6 
2140 10 628 6 2125 6 646 9 
1657 6 2124 7 2139 7 645 9 
621 9 20 8 648 7 2288 7 
641 5 19 5 647 7 2287 5 
654 8 650 4 785 6 2414 3 
472 5 784 8 2413 9 649 4 
658 11 787 10 2418 10 652 9 
653 3 2417 3 786 3 651 9 
652 3 654 8 789 4 2416 5 
788 8 653 8 649 8 2415 9 
2422 7 656 6 791 5 1746 6 
655 6 657 6 790 5 2421 5 
658 6 2420 6 656 6 793 5 
657 6 651 11 2419 5 792 6 
2395 3 362 4 
2058 6 921 3 1529 4 
2057 5 570 5 1061 4 670 5 
1060 4 573 4 2060 4 665 5 
1530 3 2059 3 918 5 668 4 
567 4 665 4 1066 6 667 5 
664 4 662 5 1065 5 566 5 
507 4 569 5 667 4 1064 4 
1063 7 666 4 568 6 664 5 
669 6 663 4 917 6 1533 7 
1974 4 668 6 1532 5 916 5 
1068 6 661 5 671 5 575 5 
574 5 670 5 1067 5 812 4 
2078 4 564 4 307 4 675 5 
2081 6 380 6 1171 8 2077 6 
835 3 562 4 675 3 309 4 
674 3 672 5 561 3 308 4 
88 3 677 5 679 6 385 4 
87 5 384 4 676 5 2079 5 
1166 4 681 4 387 5 679 7 
1165 6 676 6 386 9 678 7 
604 7 681 3 389 6 1164 3 
680 3 678 4 388 2 81 4 
418 5 616 9 219 7 683 7 
684 7 419 5 682 7 615 7 
683 7 618 6 685 5 416 8 
617 3 684 5 417 5 686 4 
687 4 414 6 614 4 685 4 
613 3 686 4 415 4 
1887 5 1410 4 296 6 498 4 
2044 5 2444 6 194 4 644 6 
2402 9 
2410 6 693 1 
693 1 695 2 2404 4 
692 1 691 1 2403 6 
2406 7 695 6 1129 8 533 7 
692 2 1361 4 2405 3 694 6 
584 2 2155 4 1661 4 
850 4 2433 4 746 5 698 6 
745 9 2434 7 703 7 697 6 
2313 7 1987 5 742 5 2326 7 
582 2 706 4 456 2 1667 2 
2313 4 702 6 744 6 1985 2 
552 9 743 10 701 6 1986 8 
704 6 738 3 1983 5 698 7 
737 5 705 5 703 6 1984 6 
704 5 2423 5 740 3 2326 5 
442 4 1662 5 700 4 583 4 
731 3 327 3 708 3 162 6 
730 3 713 4 326 4 707 3 
1745 5 158 4 710 3 108 5 
1747 3 159 5 709 3 107 1 
714 8 2455 6 735 5 712 7 
330 6 734 8 155 9 711 7 
708 4 733 4 333 9 714 7 
732 7 332 6 711 8 713 7 
193 4 1901 5 1675 6 1673 7 
85 2 717 5 500 5 723 5 
718 7 716 5 86 6 499 8 
717 7 719 5 896 5 82 9 
367 2 718 5 501 6 724 8 
504 4 721 2 364 2 1097 7 
722 5 720 2 365 3 503 7 
721 5 506 8 723 8 69 7 
72 10 505 7 722 8 716 5 
360 9 725 9 508 10 719 8 
569 7 724 9 507 6 361 4 
770 4 156 7 727 4 880 5 
726 4 155 6 734 5 769 1 
729 2 731 2 772 1 162 5 
728 2 2292 2 161 6 771 5 
708 3 733 3 731 3 774 5 
730 3 707 3 728 2 773 4 
733 4 714 7 735 4 776 6 
775 2 732 4 730 3 713 4 
778 5 712 8 735 6 727 5 
732 4 777 5 734 6 711 5 
1992 5 1994 7 1555 8 1538 5 
740 3 704 5 738 2 523 2 
737 2 703 3 745 5 522 4 
2326 5 740 3 742 3 521 4 
737 3 739 3 705 3 520 3 
742 3 2313 5 527 3 744 7 
741 3 739 3 526 5 699 5 
702 10 525 7 886 8 744 10 
524 6 701 6 743 10 741 7 
531 6 698 9 746 8 738 5 
589 8 530 6 745 8 697 5 
218 3 748 5 1263 3 750 5 
1492 3 1297 8 747 5 1262 6 
750 8 1261 6 752 8 1495 7 
1260 3 749 8 747 5 1494 3 
752 6 1259 8 1490 7 753 4 
751 6 1258 3 1489 5 749 8 
1491 6 751 4 1257 3 
954 6 607 7 241 6 757 6 
1336 3 767 3 1139 2 756 5 
1255 5 1138 4 1335 8 755 5 
240 5 953 3 610 3 754 6 
1156 6 1312 5 759 7 903 7 
1155 5 758 7 760 4 1311 7 
761 3 1148 4 1302 2 759 4 
762 4 760 3 1301 3 1147 3 
761 4 1304 5 262 6 1146 6 
1136 2 264 2 1341 4 261 3 
765 4 768 4 1152 5 262 5 
764 4 1305 5 766 4 1151 3 
1308 4 765 4 267 3 1150 2 
1337 4 266 5 755 3 1132 2 
1303 4 1305 5 764 4 1449 5 
1510 4 770 1 727 1 778 1 
726 4 603 3 769 1 1509 2 
1674 4 772 4 1507 7 729 5 
773 3 771 4 1506 1 728 1 
772 3 1505 5 774 6 731 4 
775 4 730 5 773 6 1504 8 
1503 3 774 4 733 2 776 4 
777 7 775 4 1502 5 732 6 
1501 4 776 7 778 4 735 5 
734 5 1500 3 777 4 769 1 
1720 4 781 5 783 5 193 4 
413 8 794 5 77 7 441 7 
779 5 1701 6 192 7 1719 5 
1693 3 1691 10 1645 5 286 4 
1229 6 1717 5 1692 5 779 5 
650 8 785 10 992 7 937 7 
788 6 991 10 784 10 649 6 
787 4 789 4 652 3 1000 3 
786 4 999 3 651 10 792 5 
654 8 785 6 789 4 998 3 
786 4 788 4 997 4 653 4 
793 4 996 4 656 5 791 4 
1775 3 995 3 655 5 790 4 
793 5 994 5 787 5 658 6 
790 4 792 5 993 5 657 5 
780 5 412 3 440 2 
1713 7 1694 6 1696 4 1591 5 
217 5 2474 5 197 4 2044 6 
2374 2 1358 2 1861 5 1927 3 
987 2 1189 1 1223 3 1586 2 
929 7 807 4 1457 3 509 7 
1230 5 21 7 1787 7 
535 7 804 5 1464 5 1397 8 
532 4 1230 2 21 4 
806 9 1466 8 804 7 936 8 
935 5 801 5 803 7 1465 2 
806 5 1460 3 934 2 550 3 
805 5 803 9 1459 6 933 4 
1462 4 1389 5 799 4 550 3 
1236 9 549 10 1190 9 547 7 
814 5 417 5 810 5 1585 5 
811 9 416 8 1584 4 809 5 
1583 8 810 9 812 8 419 7 
418 4 811 8 1582 5 671 4 
814 4 415 3 
414 7 813 4 809 5 1581 6 
1233 6 816 5 1440 4 822 5 
815 5 1439 5 1232 5 817 8 
1442 7 1231 6 818 10 816 8 
817 10 1787 9 1230 7 1441 7 
820 3 824 8 1237 3 1444 4 
1236 4 819 3 1443 3 821 2 
822 4 1446 3 1235 3 820 2 
821 4 1445 9 815 5 1234 5 
824 11 1223 7 1001 6 1438 7 
1222 9 1437 8 819 8 823 11 
826 4 828 3 206 2 394 2 
825 4 831 6 205 5 393 3 
828 4 392 9 208 5 836 6 
825 3 827 4 391 7 207 5 
398 7 830 8 202 7 832 4 
829 8 349 6 201 7 397 5 
204 5 396 4 826 6 832 4 
395 4 831 4 203 3 829 4 
834 5 609 6 60 8 235 4 
833 5 943 5 1018 7 234 3 
200 3 836 6 674 3 401 8 
835 6 199 6 400 5 827 6 
1594 3 838 4 1375 1 309 4 
839 5 837 4 1593 5 308 5 
838 5 307 3 1596 4 
623 3 1040 7 
852 6 183 3 2176 4 1925 6 
845 4 843 5 595 4 1818 6 
842 5 1819 6 594 3 1055 5 
591 6 845 5 1822 5 847 4 
842 4 590 4 844 5 1823 5 
1820 5 847 3 593 5 849 3 
846 3 592 4 1821 2 844 4 
851 3 587 6 1826 4 849 3 
1827 2 586 4 848 3 846 3 
697 4 589 7 851 3 1824 6 
588 2 850 3 1825 1 848 3 
841 6 184 7 1945 8 2179 8 
857 5 2180 7 2222 5 179 6 
932 3 2221 4 2227 4 560 4 
2174 4 1415 6 1027 2 1408 11 
2226 5 857 2 2182 2 181 3 
856 2 853 5 2183 5 180 1 
861 4 1333 5 1370 3 859 5 
864 5 1369 5 1331 5 858 5 
1330 7 1372 6 861 4 867 6 
1371 4 858 4 1328 5 860 4 
865 2 1366 1 863 4 1326 2 
1458 5 862 4 1379 5 1365 7 
1368 4 915 4 859 5 865 4 
907 3 862 2 1367 6 864 4 
1386 2 1374 2 1074 6 867 4 
1373 5 1385 4 866 4 860 6 
169 9 2370 8 869 8 
2371 4 174 7 870 5 868 8 
173 7 2372 5 869 5 871 7 
172 7 872 7 870 7 2373 7 
871 7 873 5 2374 3 171 4 
874 5 168 4 872 5 2375 4 
873 5 1448 9 167 3 2376 3 
488 4 490 6 306 5 238 4 
2457 10 883 6 606 5 877 6 
2456 5 1102 8 605 3 876 6 
2461 7 879 5 881 5 601 6 
2460 2 600 5 878 5 884 4 
603 4 2459 5 726 5 881 3 
2458 3 878 5 602 4 880 3 
883 6 597 5 885 4 2465 5 
882 6 596 4 2464 6 876 6 
599 5 885 3 879 4 2463 5 
884 3 882 4 2462 2 598 5 
552 7 743 8 376 5 887 9 
894 7 375 9 551 6 886 9 
554 4 889 3 891 2 
553 3 888 3 2367 4 
370 5 893 5 891 4 556 4 
890 4 555 5 888 2 
558 4 893 4 374 2 895 3 
557 5 892 4 890 5 373 7 
887 7 895 3 372 5 560 3 
559 2 371 5 892 3 894 3 
1239 3 499 6 718 5 501 6 
898 6 2123 5 1117 5 902 6 
897 6 1116 3 2106 6 2254 7 
926 5 900 6 906 7 1123 6 
1122 7 899 6 925 5 901 7 
902 6 924 6 900 7 1125 5 
901 6 1124 5 923 6 897 6 
904 4 2031 4 758 7 1119 6 
903 4 905 4 1118 2 2026 5 
2377 7 906 7 904 4 928 7 
905 7 927 5 899 7 1120 9 
865 3 915 3 170 6 1326 3 
1252 6 1221 4 909 5 911 6 
908 5 1251 4 
1138 3 1255 4 911 5 1220 4 
1254 4 1219 4 910 5 908 6 
620 2 913 3 1493 1 1149 4 
912 3 619 5 
1804 7 1746 6 1774 6 1737 8 
153 6 907 3 864 4 1331 4 
1542 5 669 5 917 5 92 4 
916 5 91 7 668 6 918 7 
425 5 663 5 919 5 917 7 
2059 3 2001 2 920 4 918 5 
427 8 2058 7 921 4 919 4 
660 3 426 3 920 4 
33 6 463 10 534 7 268 7 
924 6 1162 5 2123 5 902 6 
1161 3 923 6 901 6 925 4 
83 5 900 5 926 4 924 4 
899 5 1163 4 927 3 925 4 
926 3 1158 3 906 5 928 5 
1157 10 2026 8 905 7 927 5 
1389 8 468 5 799 7 930 7 
509 7 929 7 467 6 39 5 
934 2 474 3 1389 5 550 3 
854 3 1058 2 979 2 1022 3 
476 4 934 1 806 4 936 3 
931 2 805 2 475 4 933 1 
1397 8 804 5 470 6 936 6 
935 6 803 8 933 3 469 4 
472 4 535 5 784 7 1397 6 
1758 4 1565 4 2067 6 1752 5 
1146 6 1446 5 940 3 942 5 
1145 3 939 3 1445 6 945 4 
1148 4 942 4 1444 4 629 2 
1443 4 941 4 1147 4 939 5 
1492 3 60 8 834 5 1297 8 
1493 3 1402 4 1149 6 1441 4 
946 4 1152 7 940 4 1440 6 
945 4 1439 2 1402 2 1151 1 
611 5 950 4 1293 2 948 3 
953 4 610 4 947 3 1292 3 
609 6 1295 4 950 6 60 8 
1294 5 947 4 949 6 608 5 
607 5 954 4 952 4 1289 5 
604 6 1288 6 1164 2 951 4 
948 4 757 3 1291 6 954 3 
1290 4 951 4 754 6 953 3 
980 5 958 6 209 7 116 5 
957 7 361 3 71 5 1179 3 
956 7 360 8 70 6 963 10 
117 6 955 6 1607 6 154 7 
72 10 80 6 966 5 960 4 
79 4 69 3 961 1 959 4 
365 3 960 1 78 4 962 1 
413 5 961 1 364 1 77 4 
964 8 367 5 957 10 76 7 
965 8 75 5 963 8 82 9 
964 8 966 6 86 7 74 7 
965 6 73 2 85 2 959 5 
2345 5 1467 6 988 9 968 6 
1189 2 987 3 2346 7 967 6 
986 8 972 5 1467 3 2343 4 
1758 3 2069 5 1756 2 1579 2 
2341 6 984 6 974 6 972 7 
969 5 983 7 2342 6 971 7 
1332 8 2353 8 1310 6 1398 8 
981 5 2340 7 1468 3 971 6 
1469 7 990 4 2219 4 2337 5 
1196 7 1075 5 1035 4 1471 6 
48 2 978 3 1497 2 175 2 
53 3 980 5 977 3 1508 5 
1021 3 2221 3 932 2 1754 2 
955 5 502 6 978 5 51 3 
974 5 982 5 1051 5 984 5 
989 5 1468 3 981 5 1050 3 
1053 5 972 7 986 10 984 6 
1052 4 971 6 981 5 983 6 
1047 3 1467 2 988 5 986 7 
969 8 983 10 985 7 1046 14 
988 6 968 3 798 2 1049 4 
987 6 985 5 967 9 1048 7 
982 5 1045 5 990 4 1469 7 
989 4 975 4 1044 3 1751 7 
785 10 1279 7 998 7 992 7 
535 5 1278 4 784 7 991 7 
994 5 793 5 1281 6 996 5 
993 5 999 3 792 5 1280 3 
791 3 1721 4 1283 1 996 3 
1282 8 790 4 993 5 995 3 
998 3 1000 3 789 4 1285 4 
997 3 1284 3 991 7 788 3 
1000 2 787 3 994 3 1287 5 
999 2 1286 3 997 3 786 3 
640 3 1002 8 1049 4 823 6 
1001 8 1003 7 1273 10 1048 9 
1276 1 1004 1 1002 7 1047 3 
1003 1 1046 8 1275 4 1005 4 
1053 5 1270 5 1006 6 1004 4 
1052 4 1007 7 1269 8 1005 6 
1051 7 1006 7 1008 7 1272 6 
1271 8 1009 6 1007 7 1050 3 
1008 6 1010 6 1268 4 1045 6 
1382 4 1044 4 1267 6 1009 6 
176 4 1385 4 444 7 455 9 
1013 7 1491 8 529 5 
127 8 1490 8 1014 8 1012 7 
1015 5 1489 6 126 5 1013 8 
1014 5 121 2 1495 3 1016 6 
120 6 1494 5 1017 6 1015 6 
218 2 1018 6 123 4 1016 6 
1492 5 834 7 1017 6 122 6 
1755 6 1020 4 1378 5 1026 3 
1377 7 1754 4 1021 5 1019 4 
979 3 1022 4 1020 5 1380 3 
1021 4 1325 7 932 3 1031 5 
305 3 1208 4 637 3 1038 3 
1677 6 1381 5 1750 5 1025 11 
1384 10 1024 11 1026 10 1749 10 
1383 7 1025 10 1019 3 1748 5 
208 3 1028 2 855 2 1256 4 
1029 4 1415 6 207 5 1027 2 
1028 4 1030 5 206 3 1418 4 
205 5 1029 5 1698 6 1417 4 
1032 4 1388 3 1058 4 1022 5 
1498 7 1031 4 1387 2 1214 3 
202 5 1648 4 1034 4 1414 3 
201 5 1216 5 1033 4 1413 7 
976 4 1386 3 1470 4 1074 7 
1037 8 2454 8 1039 7 2208 8 
1036 8 2207 7 1042 5 1132 3 
636 3 1207 3 1023 3 1215 4 
1036 7 1130 4 
1041 6 1135 7 840 7 
1134 5 1040 6 
2206 5 1043 4 1139 3 1037 5 
1220 3 2205 6 1042 4 1138 2 
1677 4 1045 4 1010 4 990 3 
989 5 1044 4 1050 3 1009 6 
1004 8 1047 10 1053 9 986 14 
985 3 1046 10 1048 5 1003 3 
1047 5 988 7 1049 5 1002 9 
1001 4 987 4 1048 5 1223 5 
982 3 1051 3 1045 3 1008 3 
1052 4 1007 7 981 5 1050 3 
1053 3 1051 4 984 4 1006 4 
1052 3 983 5 1005 5 1046 9 
432 6 1057 2 1055 4 2029 5 
2030 4 843 5 431 4 1054 4 
434 4 2452 4 1057 2 
2453 3 433 5 1054 2 1056 2 
1498 7 1031 4 932 2 2227 3 
2060 4 1731 4 1060 4 1062 5 
1065 4 1059 4 662 4 1730 4 
1068 5 1062 5 661 4 1733 6 
1732 7 1061 5 1059 5 2057 6 
1727 4 1064 7 1066 8 667 7 
1726 7 1063 7 1250 5 666 4 
1060 4 1066 7 1729 6 665 5 
1063 8 1065 7 664 6 1728 11 
1068 6 1582 6 1724 6 671 5 
670 6 1067 6 1061 5 1723 5 
538 2 70 2 1524 2 533 4 
1071 4 1199 5 1205 4 1073 4 
1070 4 1204 4 1198 6 
1075 5 1073 5 1201 5 1196 7 
1200 7 1088 5 1072 5 1070 4 
1075 8 866 6 1203 8 1035 7 
1072 5 1202 8 976 5 1074 8 
216 6 2039 6 411 5 1077 5 
2040 4 1076 5 
1081 8 216 5 2037 9 410 5 
75 2 536 3 538 1 1515 3 
2035 4 1083 6 408 4 1081 8 
407 7 1078 8 1080 8 2036 6 
1083 7 406 4 1085 5 2033 6 
1082 7 405 6 1080 6 2034 6 
1085 6 1097 10 364 5 413 9 
1084 6 2032 2 412 3 1082 5 
1429 9 2282 10 1096 11 1087 7 
1086 7 2281 2 
1196 7 2369 6 1073 5 1205 5 
1090 7 2280 6 
2279 8 1430 7 1089 7 1091 8 
1092 6 2278 5 1090 8 1432 4 
1093 6 1431 11 1091 6 2277 8 
1092 6 1434 6 2276 4 1094 4 
1095 6 2275 4 1093 4 1433 4 
1094 6 2274 9 1096 9 1436 5 
1435 6 2273 7 1095 9 1086 11 
2028 10 1084 10 2032 6 720 7 
439 4 424 4 1099 5 
423 6 1100 4 436 8 1098 5 
1099 4 422 2 1101 4 435 3 
1100 4 1102 8 421 4 438 6 
437 8 877 8 420 8 1101 8 
2210 7 1206 3 
1739 3 1717 3 1776 5 1778 3 
1106 9 1288 9 1598 7 1164 5 
1107 6 1105 9 81 8 1597 5 
1106 6 1602 5 1166 2 1108 3 
1107 3 1165 4 1109 8 1601 4 
1600 11 1110 10 88 7 1108 8 
1109 10 1111 6 1599 7 87 6 
1170 3 1606 4 1110 6 1112 6 
1169 5 1111 6 1113 5 1605 7 
1112 5 1172 5 1604 6 1114 2 
1171 4 1603 4 2432 6 1113 2 
1715 5 1776 7 1782 5 1741 5 
898 3 43 2 1117 2 1620 2 
897 5 1619 4 1124 4 1116 2 
1628 2 2377 5 1119 4 904 2 
1627 9 1312 4 1118 4 903 6 
1626 6 906 9 2377 9 1123 8 
1359 2 1528 4 1357 6 1893 2 
1125 5 900 7 1123 7 1624 4 
1623 6 1122 7 899 6 1120 8 
1125 4 902 5 1117 4 1622 6 
1124 4 1122 5 1621 6 901 5 
1127 1 1128 3 1647 4 
1126 1 1646 5 1315 2 
1126 3 1644 6 
1361 6 694 8 13 6 1525 8 
1131 4 265 5 2454 5 1039 4 
1136 3 1130 4 264 3 
1139 1 767 2 1037 3 2454 3 
1792 3 1790 7 1280 3 1707 6 
1041 5 1137 5 260 7 1135 6 
259 3 1040 7 623 3 1134 6 
763 2 1131 3 1137 3 
1134 5 261 4 1136 3 
910 3 756 4 1139 1 1043 2 
1132 1 1138 1 1042 3 755 2 
1986 6 1498 9 1214 5 26 6 
1142 4 1255 4 2397 8 1335 7 
2396 6 1141 4 1143 4 1254 3 
1650 4 1142 4 1144 5 1252 5 
2398 5 1143 5 1251 5 
1152 6 262 6 940 3 1146 6 
1147 5 939 6 1145 6 762 6 
1146 5 1148 4 942 4 761 3 
941 4 1147 4 1155 5 760 4 
1150 4 944 6 267 5 912 4 
1151 1 1149 4 766 2 1402 2 
1150 1 1152 4 765 3 946 1 
945 7 1145 6 1151 4 764 5 
1374 5 1347 6 1154 5 321 5 
1373 3 320 6 41 5 1153 5 
1156 4 759 5 1148 5 629 3 
1155 4 758 6 1422 4 2031 3 
928 10 1160 9 1276 6 1158 8 
927 3 1275 6 1163 4 1157 8 
640 4 1160 6 1422 5 2031 4 
1273 7 1157 9 1159 6 2026 7 
924 3 1162 2 83 4 1272 2 
1271 7 1161 2 1167 2 923 5 
926 4 83 5 1158 4 1270 3 
81 4 952 2 680 3 1105 5 
88 3 679 6 1166 3 1108 4 
678 4 1165 3 1107 2 81 4 
2123 2 1162 2 1268 1 1168 5 
1267 8 2106 8 519 5 1167 5 
1112 5 2082 4 1172 5 1170 2 
1111 3 2079 3 1169 2 87 3 
1114 4 1172 7 673 8 2301 7 
1171 7 2077 5 1169 5 1113 5 
220 4 1178 3 2402 9 1174 2 
2401 1 219 4 1173 2 616 6 
226 5 1176 3 1182 4 2410 8 
1175 3 2409 4 225 2 1177 1 
2408 1 228 3 1176 1 1178 2 
227 3 1173 3 2407 5 1177 2 
222 3 1180 5 2406 4 956 3 
221 5 1179 5 2405 5 1181 8 
1182 6 224 7 2404 8 1180 8 
223 4 1181 6 1175 4 2403 7 
1184 9 1583 7 438 8 1186 6 
437 7 1582 7 1724 7 1183 9 
1187 5 1585 5 1186 3 436 7 
435 3 1185 3 1584 2 1183 6 
1185 5 1581 6 439 5 
1191 2 1189 2 150 6 1586 3 
968 2 1188 2 798 1 151 5 
808 9 29 4 1193 9 1191 3 
1188 2 30 3 549 4 1190 3 
1193 10 548 7 1195 9 27 5 
547 7 1192 10 1190 9 28 10 
1195 7 545 7 
1194 7 32 8 1192 9 1641 7 
1088 7 976 7 1072 7 1472 5 
177 4 2283 6 1689 4 1470 4 
1346 5 1071 6 1199 7 
1345 7 1070 5 1200 8 1198 7 
1073 7 1350 8 1201 7 1199 8 
1200 7 1072 5 1202 8 1349 4 
1075 8 1348 9 1201 8 1203 8 
1374 4 1202 8 1347 5 1074 8 
1071 4 1478 5 1205 4 
1477 5 1088 5 1070 4 1204 4 
2209 5 1103 3 319 3 
1208 4 1572 5 1038 3 1218 3 
1207 4 1571 3 1023 4 1209 6 
1570 8 1208 6 1210 7 305 5 
304 9 1211 6 1569 6 1209 7 
290 4 1212 7 1210 6 1568 5 
1213 6 1211 7 1567 7 289 7 
26 4 1214 3 1212 6 295 5 
1213 3 1140 5 292 4 1032 3 
639 4 1218 4 1038 4 1216 5 
1217 5 1034 5 638 4 1215 5 
1216 5 1413 7 1574 3 1218 4 
1215 4 1573 4 1217 4 1207 3 
911 4 1999 4 1221 2 1220 3 
1043 3 1998 2 910 4 1219 3 
908 4 1219 2 2000 5 
824 9 1586 4 1237 4 1223 5 
798 3 823 7 1049 5 1222 5 
1856 6 2183 9 1225 5 379 8 
2182 1 399 2 1224 5 1855 2 
1854 7 1752 5 2177 5 1227 4 
1228 4 2176 4 1226 4 1853 5 
1227 4 1852 6 390 3 2179 6 
783 6 1238 5 193 5 1673 8 
800 5 802 2 818 7 1231 3 
817 6 1232 3 1230 3 532 5 
816 5 1231 3 1233 6 545 7 
815 6 1234 6 1641 6 1232 6 
1233 6 1235 4 548 5 822 5 
1234 4 1236 5 547 3 821 3 
820 4 808 9 1235 5 1237 4 
549 5 819 3 1222 4 1236 4 
1672 3 1229 5 1589 4 1692 4 
896 3 1501 2 1240 3 1242 5 
1500 4 1249 4 1239 3 501 6 
500 6 1503 5 1242 6 1244 3 
1502 5 1241 6 499 8 1239 5 
1244 4 1505 6 1246 6 506 7 
1243 4 1504 5 505 4 1241 3 
2493 5 1246 6 1507 7 504 6 
1243 6 1506 3 503 9 1245 6 
441 7 1521 5 1248 6 
440 3 1247 6 
1240 4 1510 6 508 6 1250 4 
1064 5 1509 3 507 5 1249 4 
1252 5 909 4 1144 5 
908 6 1251 5 1254 4 1143 5 
321 5 585 5 1274 7 2211 8 
911 4 1252 4 1255 3 1142 3 
756 5 910 4 1254 3 1141 4 
1408 13 1375 4 199 6 1027 4 
1259 7 753 3 1360 4 
1261 1 752 3 2321 4 1259 5 
751 8 1257 7 1258 5 2320 6 
750 3 2315 4 1261 1 1263 1 
1258 1 1260 1 2314 2 749 6 
1419 7 2317 7 1263 4 748 6 
747 3 1262 4 2316 4 1260 1 
644 4 2284 5 1399 3 2444 4 
2284 7 642 4 1266 5 2330 7 
1400 3 641 5 1265 5 2287 5 
1168 8 1268 4 1010 6 453 5 
1271 6 1267 4 1167 1 1009 4 
83 9 1006 8 1272 7 1270 7 
1275 5 1005 5 1269 7 1163 3 
1162 7 1268 6 1008 8 1272 7 
1271 7 1007 6 1269 7 1161 2 
1160 7 1002 10 640 5 1276 4 
2016 6 320 8 1253 7 584 5 
1270 5 1158 6 1004 4 1276 4 
1003 1 1157 6 1273 4 1275 4 
1324 7 1298 4 2350 6 1403 5 
1785 4 1279 4 1463 3 992 4 
1278 4 1784 3 991 7 1284 3 
1287 5 994 3 1133 3 1281 4 
1282 9 993 6 1790 8 1280 4 
1789 9 996 8 1283 6 1281 9 
995 1 1702 3 1282 6 1788 2 
1795 5 1285 4 998 3 1279 3 
1286 4 1284 4 1794 3 997 4 
1285 4 1793 3 1000 3 1287 6 
1280 5 1792 5 999 5 1286 6 
1424 7 952 6 1105 9 1289 7 
1423 5 951 5 1290 5 1288 7 
954 4 1544 7 1291 7 1289 5 
1421 6 953 6 1290 7 1292 5 
1293 2 1291 5 1428 3 948 3 
1427 5 1292 2 1294 3 947 2 
950 5 1293 3 1426 3 1295 3 
949 4 1425 4 1296 3 1294 3 
60 7 1420 3 1295 3 1297 7 
1419 9 943 8 748 8 1296 7 
2349 4 2331 2 1277 4 1351 5 
2412 4 230 4 1309 7 1650 3 
197 2 1313 5 
1454 3 1304 4 761 3 1302 2 
1301 2 1311 5 1453 4 760 2 
768 4 1304 4 1452 3 262 5 
1303 4 1451 5 1301 4 762 5 
765 5 768 5 1450 7 1308 5 
2304 8 1706 6 1906 7 119 8 
267 4 167 3 1448 9 1308 5 
766 4 1447 6 1307 5 1305 5 
1299 7 2303 7 2396 10 231 8 
2352 6 1324 6 2330 6 973 6 
1312 5 1302 5 1456 6 759 7 
1455 6 1119 4 758 5 1311 5 
2308 8 195 7 2230 5 1300 5 
1315 4 1482 3 1317 4 
1314 4 1127 2 1481 5 
1317 5 1480 6 1319 5 
1316 5 1314 4 1479 4 
1321 6 624 5 1486 7 1319 5 
1318 5 1316 5 1485 2 
626 2 1323 4 1321 4 1484 2 
1318 6 1320 4 625 4 1483 4 
1488 7 259 5 1323 7 623 5 
622 6 1487 6 1320 4 1322 7 
1277 7 1310 6 2351 6 1400 5 
1380 6 1022 7 1388 5 448 8 
464 4 862 2 1379 3 907 3 
2298 3 1329 4 1704 2 539 3 
1330 8 861 5 457 7 1333 6 
1327 4 2096 6 534 5 1703 7 
1385 5 860 7 1328 8 455 10 
459 6 1333 5 915 4 859 5 
973 8 2354 4 1399 6 37 6 
458 4 858 5 1331 5 1328 6 
1787 5 1493 2 1441 3 
1336 6 756 8 1141 7 2189 5 
755 3 1335 6 1337 4 2188 4 
767 4 1338 6 2199 4 1336 4 
1339 7 1337 6 266 7 2198 8 
1340 6 1338 7 265 6 2201 5 
264 4 1339 6 2200 4 1341 6 
2195 6 763 4 1342 6 1340 6 
2194 4 261 5 1341 6 1343 4 
260 5 2197 3 1342 4 1344 3 
2196 5 1488 4 259 2 1343 3 
1199 7 211 8 1346 5 1350 7 
1198 5 1345 5 210 4 
1153 6 213 4 1348 6 1203 5 
1349 5 1202 9 1347 6 212 5 
215 2 1348 5 1350 5 1201 4 
214 7 1200 8 1349 5 1345 7 
1352 5 1405 7 2348 6 1298 5 
1351 5 2333 2 2324 3 2347 6 
2319 6 1912 2 
1355 3 1533 7 1358 3 1861 6 
1860 2 1891 1 1354 3 1532 2 
1923 8 1359 2 
1358 5 1531 7 1121 6 1927 6 
1357 5 1530 2 1354 3 797 2 
1121 2 1529 3 1897 5 1356 2 
2320 3 1257 4 
1129 6 695 4 14 4 
1363 2 1909 3 2323 4 1850 6 
1908 6 1849 1 1362 2 2318 3 
1526 6 1894 5 1683 4 1892 6 
509 8 1366 4 39 6 863 7 
1367 5 862 1 1365 4 36 2 
1368 6 1366 5 865 6 35 5 
1369 4 1367 6 864 4 34 2 
1370 3 1368 4 859 5 49 5 
1369 3 1371 3 858 3 47 4 
861 4 1370 3 2495 4 1372 6 
41 7 860 6 1371 6 1373 5 
1374 3 1154 3 867 5 1372 5 
1153 5 1373 3 866 2 1203 4 
1256 4 200 1 837 1 1409 3 
402 3 342 3 404 5 2192 5 
1378 8 1020 7 1380 5 450 7 
1377 8 449 7 1019 5 1383 9 
1553 2 465 2 863 5 1326 3 
1377 5 1325 6 1021 3 447 2 
1024 5 1382 3 1384 4 454 3 
1381 3 1010 4 1677 4 453 3 
1026 7 452 7 1384 7 1378 9 
1025 10 1383 7 1381 4 451 5 
1330 5 867 4 1386 2 1011 4 
444 5 866 2 1385 2 1035 3 
446 2 292 3 1388 1 1032 2 
1031 3 445 2 1387 1 1325 5 
807 5 929 8 931 5 473 5 
1963 5 1639 4 1391 5 
1392 4 1390 5 1966 5 1638 4 
1637 5 1391 4 1965 4 1393 4 
1636 5 1968 3 1394 3 1392 4 
1395 1 1967 5 1393 3 1635 1 
1394 1 1634 1 1396 4 1970 5 
2252 8 1969 5 1395 4 1633 7 
935 8 471 8 801 8 937 6 
2284 8 2330 8 1399 6 973 8 
1398 6 1332 6 2127 7 1264 3 
2330 5 1266 3 1403 3 1324 5 
2329 5 494 3 1876 9 2327 6 
1442 4 944 4 946 2 1150 2 
2331 3 2287 5 1400 3 1277 5 
491 6 2334 6 1735 7 1410 5 
1351 7 2289 9 2333 4 2331 4 
1806 4 1407 5 1527 5 1972 5 
1896 5 1971 6 1592 5 1406 5 
1256 13 2167 11 1409 12 855 11 
2166 6 1594 5 1408 12 1375 3 
1769 4 688 4 1404 5 497 2 
1891 2 1412 3 1974 2 1532 3 
1411 3 1890 3 1514 6 1973 2 
1217 7 2169 7 1414 6 1034 7 
1413 6 2168 7 1511 4 1033 3 
2175 7 855 6 1028 6 1418 6 
1526 4 1523 3 1894 3 1977 6 
2173 4 1418 3 1513 4 1030 4 
1417 3 2172 3 1029 4 1415 6 
1297 9 1262 7 1420 5 318 5 
1296 3 377 3 1419 5 1425 4 
430 8 1291 6 1544 6 1428 4 
629 3 1159 5 1156 4 1438 5 
1424 5 1544 7 1289 5 2122 3 
1598 5 1423 5 346 4 1288 7 
1295 4 1426 4 325 7 1420 4 
322 3 1425 4 1294 3 1427 5 
1293 5 2118 7 1426 5 1428 6 
1421 4 331 7 1292 3 1427 6 
1086 9 1435 4 
1432 3 1090 7 1475 4 
1432 9 1092 11 1474 9 1434 11 
1431 9 1430 3 1473 3 1091 4 
1436 3 1434 6 1094 4 
1093 6 1476 5 1431 11 1433 6 
1096 6 1436 2 1429 4 
1435 2 1433 3 1095 5 
629 2 824 8 1438 4 1444 4 
640 4 1437 4 1422 5 823 7 
946 2 1442 4 816 5 1440 4 
815 4 1439 4 945 6 1445 8 
1442 4 818 7 944 4 1334 3 
1402 4 1439 4 817 7 1441 4 
942 4 820 3 1444 4 1446 4 
941 4 1437 4 1443 4 819 4 
1446 8 940 6 822 9 1440 8 
939 5 1445 8 821 3 1443 4 
1448 10 1308 6 2162 5 1450 8 
874 9 1447 10 1307 9 2163 10 
1450 7 2164 5 768 5 1452 4 
1449 7 2165 6 1305 7 1447 8 
1454 4 2158 6 1304 5 1452 4 
2159 4 1303 3 1449 4 1451 4 
1454 5 2160 7 1456 5 1302 4 
1451 4 1301 3 1453 5 2161 5 
1456 7 2156 7 1312 6 1627 11 
1455 7 2157 3 1453 5 1311 6 
1462 3 1554 2 799 3 1458 2 
1553 2 863 5 509 6 1457 2 
1548 4 806 6 1460 4 1466 5 
805 3 1547 3 1459 4 1461 5 
1546 6 550 5 1462 6 1460 5 
807 4 1457 3 1545 5 1461 6 
1278 3 1464 2 1552 5 535 4 
1551 4 1463 2 801 5 1465 2 
1466 3 1550 2 804 2 1464 2 
1549 5 803 8 1465 3 1459 5 
967 6 985 2 2344 7 969 3 
2339 2 982 3 974 3 1469 5 
975 7 2338 6 1468 5 989 7 
444 6 1471 6 1197 4 1035 4 
1472 4 976 6 2283 8 1470 6 
1471 4 2369 4 1196 5 2438 3 
1432 3 1474 3 1475 4 
1431 9 1476 3 1473 3 
1430 4 1473 4 
1434 5 1474 3 
2369 6 1478 6 1205 5 2451 6 
1477 6 2450 7 2400 5 1204 5 
1920 4 1480 5 1317 4 1482 3 
1919 8 1485 3 1479 5 1316 6 
1646 8 1922 5 1482 4 1315 5 
1314 3 1921 6 1481 4 1479 3 
1484 2 1321 4 1916 4 1486 5 
1483 2 1915 2 1487 4 1320 2 
1486 4 1480 3 1918 3 1319 2 
1485 4 1917 6 1318 7 1483 5 
1323 6 1929 5 1488 6 1484 4 
1322 7 1928 4 1487 6 1344 4 
1495 4 1014 6 752 5 1490 6 
751 7 1013 8 1491 9 1489 6 
753 6 1490 9 1012 8 
943 3 1018 5 748 3 218 1 
944 3 912 1 1334 2 
218 1 1495 2 1016 5 750 3 
1494 2 1489 4 1015 3 749 7 
1706 3 1676 5 1587 3 1906 4 
489 4 1508 4 977 2 2297 3 
1032 7 1058 7 1140 9 2228 9 
2064 4 2285 7 2322 3 188 3 
1510 6 1240 4 778 3 1501 3 
777 4 1502 2 1239 2 1500 3 
1503 4 1501 2 1242 5 776 5 
775 3 1502 4 1241 5 1504 7 
1244 5 1505 7 1503 7 774 8 
1243 6 1506 3 1504 7 773 5 
1246 3 1505 3 772 1 1507 4 
12 8 771 7 1245 7 1506 4 
502 6 1497 4 2300 4 978 5 
1250 3 770 2 1726 5 1510 5 
1500 6 769 4 1249 6 1509 5 
1648 5 1414 4 2171 3 1513 5 
2000 7 
1698 6 1511 5 1417 4 2170 5 
1976 5 1889 5 1412 6 1640 10 
2274 7 1079 3 1518 5 1516 8 
538 6 1524 6 2273 8 1515 8 
1520 7 537 6 1518 8 2276 7 
1517 8 2275 5 536 5 1515 5 
2278 7 1520 6 543 8 1522 7 
1517 7 2277 6 1519 6 542 3 
2280 6 1247 5 541 4 1522 4 
2279 5 1521 4 1519 7 540 3 
1640 7 1978 4 1416 3 1895 3 
2282 4 1525 5 1069 2 1516 6 
1524 5 2281 6 533 7 1129 8 
1980 6 1364 6 1416 4 1527 5 
1526 5 1406 5 1979 7 1892 5 
1121 4 1531 5 2058 7 1529 5 
1359 3 1528 5 660 4 
663 3 1358 2 1533 6 1531 4 
1357 7 1528 5 1530 4 2059 4 
669 5 1533 6 1355 2 1411 3 
1532 6 1354 7 1530 6 668 7 
1989 7 1535 6 1972 4 1537 5 
1714 10 1988 7 1534 6 1971 8 
1539 5 1980 7 1991 5 1537 7 
1979 8 1990 4 1536 7 1534 5 
1539 3 736 5 1978 4 1541 2 
1538 3 1536 5 1977 6 1992 3 
1995 3 1543 7 1541 1 1976 1 
1994 4 1540 1 1538 2 1975 4 
916 5 1974 4 1543 10 1997 5 
1540 7 1996 9 1973 7 1542 10 
429 7 1421 6 1423 7 1290 7 
1554 4 1462 5 1546 5 1941 5 
1461 6 1940 8 1545 5 1547 4 
1548 3 1943 4 1460 3 1546 4 
1547 3 1459 4 1549 4 1942 2 
1466 5 1937 9 1548 4 1550 4 
1936 3 1551 4 1465 2 1549 4 
1939 4 1464 4 1550 4 1552 7 
1785 6 1551 7 1938 7 1463 5 
1458 2 1379 2 1554 2 1932 6 
1545 4 1457 2 1553 2 1931 4 
2003 6 1556 8 1562 7 736 8 
1555 8 2002 5 1992 5 1557 4 
2005 4 1991 2 1558 1 1556 4 
1563 2 1990 1 1557 1 2004 2 
1997 3 2007 5 1560 6 358 5 
2006 5 1559 6 1996 7 1561 7 
1562 5 2009 5 1995 5 1560 7 
1994 6 1561 5 1555 7 2008 6 
1564 3 1558 2 1989 7 2015 4 
1563 3 1744 2 1988 4 2014 3 
938 4 270 3 1566 2 1580 5 
2177 3 1752 3 271 3 1565 2 
1568 5 1993 6 1212 7 26 5 
1567 5 1569 5 1211 5 1987 4 
1982 6 1570 7 1210 6 1568 5 
1571 5 1209 8 1569 7 2423 8 
1570 5 1208 3 1572 4 1984 3 
1983 6 1207 5 1573 6 1571 4 
1572 6 1574 3 1218 4 2434 5 
1573 3 1217 3 2169 3 2433 3 
40 7 276 8 1576 9 1763 9 
1575 9 1762 4 1773 6 1577 3 
1757 1 1578 5 278 2 1576 3 
279 7 1756 5 1577 5 1579 5 
1580 4 280 5 970 2 1578 5 
1579 4 1758 5 281 6 1565 5 
1187 6 1585 6 814 6 
1067 6 1184 7 812 5 1583 5 
811 8 1582 5 1584 3 1183 7 
810 4 1583 3 1186 2 1585 4 
1185 5 1581 6 809 5 1584 4 
1222 4 798 2 1188 3 549 5 
1788 3 1702 4 1496 3 1588 3 
192 5 1676 5 1587 3 1701 4 
1671 3 1695 4 1590 2 1238 4 
1591 3 1670 3 1589 2 1694 4 
1592 5 1669 4 1590 3 795 5 
1591 5 1407 5 1668 5 1696 4 
1594 4 1596 4 838 5 1962 3 
1593 4 837 3 1961 4 1409 5 
1596 6 1960 6 
1959 9 1593 4 839 4 1595 6 
1598 3 546 2 1602 4 1106 5 
1424 5 1597 3 1105 7 528 7 
1881 4 1600 8 1606 5 1110 7 
1109 11 1880 6 1599 8 1601 7 
1602 6 1600 7 1766 4 1108 4 
1107 5 1765 5 1601 6 1597 4 
1885 4 1604 8 2240 5 1114 4 
1884 6 1603 8 1605 8 1113 6 
1604 8 1606 5 1771 7 1112 7 
1111 4 1605 5 1886 5 1599 5 
209 7 46 3 958 6 2256 7 
1933 4 1609 4 1615 6 2015 4 
2014 4 1934 7 1608 4 1815 5 
2009 5 1611 5 1613 5 1950 6 
2105 4 1616 5 2008 6 1610 5 
1613 6 2215 5 2007 7 1946 7 
1612 6 1947 4 2006 3 1610 5 
2005 6 1615 7 1617 5 1830 5 
1944 6 2004 6 1608 6 1614 7 
1611 5 1617 5 2003 4 1930 8 
1616 5 2002 4 1935 5 1614 5 
169 5 1629 5 
1117 4 1622 6 1620 4 1948 3 
1949 3 1619 4 2411 3 1116 2 
1624 5 1125 6 1622 8 1955 7 
1956 5 1619 6 1621 8 1124 6 
1624 3 1626 4 1123 6 1957 5 
1623 3 1958 3 1122 4 1621 5 
1628 5 1626 5 2377 8 1951 6 
1952 2 1623 4 1625 5 1120 6 
1953 8 1119 9 1628 7 1455 11 
1625 5 1118 2 1627 7 1954 9 
1618 5 174 8 1630 5 
1629 5 173 6 263 2 
2362 6 1632 5 
2361 3 1631 5 1832 5 
1845 5 1634 4 562 7 1396 7 
1633 4 1395 1 561 1 1635 1 
1636 3 564 2 1634 1 1394 1 
1393 5 1635 3 563 7 1637 6 
1392 5 1636 6 1638 5 565 6 
1639 3 1637 5 1391 4 
1390 4 1638 3 
1523 7 1888 7 1514 10 1975 9 
545 7 548 5 1233 6 1195 7 
1643 6 1691 11 1645 6 
1690 5 1642 6 
1693 4 1647 7 1645 6 1128 6 
1642 6 782 5 1644 6 
1647 8 1127 5 1700 7 1481 8 
1646 8 1699 6 1644 7 1126 4 
1033 4 1511 5 203 5 1698 6 
1934 10 1914 8 2399 8 2190 10 
2396 6 1143 4 1299 3 2398 4 
2438 5 1967 7 1828 4 1678 4 
1653 5 2108 6 1655 7 8 6 
7 5 1652 5 1658 3 2107 5 
1665 5 2110 3 1655 5 6 5 
1652 7 2109 6 1654 5 5 9 
1659 5 4 3 1657 4 2112 3 
646 6 2111 6 3 6 1656 4 
1653 3 1659 5 2114 4 2 5 
1 4 1656 5 1658 5 2113 7 
578 7 1661 7 496 8 1663 7 
477 5 1660 7 579 6 696 4 
1663 6 706 5 1859 5 576 4 
1662 6 577 7 2231 5 1660 7 
10 7 1878 7 1665 8 345 7 
1654 5 9 4 2119 6 1664 8 
580 2 466 3 1667 2 1882 3 
581 3 462 2 700 2 1666 2 
1896 5 1592 5 1669 4 1903 4 
1591 4 1902 3 1670 4 1668 4 
1905 5 1590 3 1669 4 1671 4 
1589 3 1672 2 1904 5 1670 4 
1671 2 1238 3 1899 4 1673 6 
1672 6 1898 7 715 7 1229 8 
2292 1 771 4 544 3 12 5 
1900 9 1676 8 715 6 192 8 
1907 5 1496 5 1675 8 1588 5 
1024 6 1751 8 1044 4 1382 4 
1968 2 1764 4 2435 4 1651 4 
2165 3 1682 6 1680 3 1889 2 
1679 3 1888 3 2164 4 1685 3 
1891 3 1860 4 1682 7 2163 6 
1681 7 1679 6 2162 6 1890 6 
1686 5 2161 4 1364 4 1684 3 
1892 5 1687 3 1683 3 2160 6 
1686 6 1895 3 2159 4 1680 3 
1683 5 1685 6 1894 6 2158 8 
1806 2 1688 2 2157 2 1684 3 
1687 2 1896 4 1903 3 2156 3 
1828 4 1969 4 1197 4 2225 6 
1697 4 1643 5 1691 10 288 6 
287 10 1690 10 1642 11 782 10 
1718 3 1695 4 783 5 1238 4 
1699 3 782 3 2095 1 1644 4 
1716 4 795 6 1695 6 1590 4 
1589 4 1692 4 1694 6 1715 4 
1714 7 795 4 1971 5 1592 4 
1690 4 2091 3 
204 5 1513 6 1648 6 1030 6 
1693 3 1700 5 2100 6 1647 6 
1922 4 2099 5 1699 5 1646 7 
781 6 1722 4 1588 4 1702 5 
1587 4 1283 3 1721 6 1701 5 
1704 5 1938 6 1785 5 1329 7 
1703 5 1327 2 1711 2 1784 3 
1789 5 2304 5 1706 3 1708 4 
1496 3 1705 3 1306 6 1788 3 
1710 4 2302 5 1133 6 1708 6 
111 6 1705 4 1790 7 1707 6 
1793 2 1710 1 1712 3 2300 2 
1707 4 2299 3 1709 1 1792 1 
2298 3 1704 2 1795 4 1712 3 
2297 4 1709 3 1794 3 1711 3 
795 7 1781 7 1716 5 1714 10 
1696 7 1535 10 1780 7 1713 10 
1716 2 1115 5 1718 3 1695 4 
1694 4 1715 2 1782 2 1713 5 
1104 3 783 5 1720 4 1718 3 
1692 3 1717 3 1776 5 1715 3 
1779 5 1722 3 781 5 1720 4 
779 4 1717 4 1778 4 1719 4 
995 4 1722 5 1775 4 1702 6 
1721 5 1701 4 1719 3 1774 5 
1068 5 1724 5 1733 6 606 4 
1723 5 1184 7 605 3 1067 6 
1963 5 1926 4 2449 5 1767 6 
1064 7 1727 4 603 6 1509 5 
1063 4 1728 7 1726 4 602 3 
1729 10 601 9 1727 7 1066 11 
1728 10 1065 6 1730 6 600 7 
599 5 1729 6 1060 4 1731 4 
1059 4 1732 6 598 6 1730 4 
597 6 1062 7 1733 8 1731 6 
1732 8 596 5 1723 6 1061 6 
1735 8 2130 6 2334 7 1747 7 
1734 8 1769 6 1745 6 1404 7 
1759 3 2130 4 2332 6 1877 8 
1738 9 1779 9 914 8 1801 8 
1737 9 1739 5 1778 5 1800 11 
1104 3 1738 5 1740 5 1803 3 
1741 5 1739 5 1776 7 1802 6 
1740 5 1742 7 1797 3 1115 5 
1782 7 1741 7 1796 10 1743 7 
1781 4 1799 4 1744 2 1742 7 
1780 2 1564 2 1743 2 1798 2 
1747 5 709 5 1735 6 1883 7 
1775 4 914 6 655 6 1805 4 
710 3 1753 7 1745 5 1734 7 
1749 5 1026 5 2218 4 1755 8 
1748 5 2217 4 1750 4 1025 10 
1751 7 2220 7 1024 5 1749 4 
1750 7 1677 8 2219 7 990 7 
1226 5 1566 3 2068 7 938 5 
1747 7 2130 6 159 9 1759 5 
1020 4 2224 3 979 2 1755 6 
2223 9 1019 6 1754 6 1748 8 
1757 1 1578 5 2072 3 970 2 
1756 1 2071 2 1762 2 1577 1 
2070 4 938 4 1580 5 970 3 
1736 3 160 8 1872 3 1753 5 
1761 4 1763 4 40 2 2076 5 
1760 4 268 4 33 3 2075 5 
1757 2 1576 4 2074 3 1763 4 
1760 4 1762 4 1575 9 2073 4 
2451 6 1678 4 1767 6 1965 5 
1602 5 2441 2 1766 3 546 3 
2442 2 1765 3 1601 4 1880 3 
1966 6 2450 7 1764 6 1725 6 
2416 8 1770 6 277 6 2109 7 
1887 5 1883 7 1410 4 1735 6 
2110 3 1768 6 272 5 2415 4 
1886 7 1605 7 1884 5 2446 5 
277 4 2418 5 2107 6 1783 8 
276 5 278 5 1576 6 2097 10 
1775 4 914 6 1779 7 1722 5 
1746 4 791 3 1774 4 1721 4 
1104 5 1740 7 1115 7 1718 5 
1783 11 2420 9 1791 6 2113 9 
1720 4 1779 5 1104 3 1738 5 
1719 5 1737 9 1774 7 1778 5 
1744 2 1781 4 1714 7 1988 4 
1780 4 1713 7 1743 4 1782 4 
1742 7 1716 2 1115 5 1781 4 
1777 11 2419 7 1772 8 2114 8 
1279 3 1795 5 1785 3 1704 3 
1552 6 1278 4 1703 5 1784 3 
1791 3 1808 5 2111 6 2422 7 
1334 5 818 9 800 7 
1587 3 1789 5 1283 2 1706 3 
1282 9 1790 8 1705 5 1788 5 
1789 8 1133 7 1281 8 1708 7 
1786 3 2112 2 2421 2 1777 6 
1133 3 1793 2 1287 5 1710 1 
1794 2 1709 2 1792 2 1286 3 
1793 2 1795 4 1285 3 1712 3 
1284 5 1794 4 1784 5 1711 4 
1817 7 1742 10 1797 6 1799 7 
1816 4 1741 3 1796 6 1802 4 
1815 4 2014 3 1799 4 1744 2 
1814 7 1743 4 1798 4 1796 7 
1801 10 1803 9 1813 10 1738 11 
1800 10 1804 7 1737 8 1812 3 
1803 4 1811 4 1797 4 1740 6 
1802 4 1810 2 1800 9 1739 3 
1805 5 1809 7 914 7 1801 7 
1804 5 1808 3 2422 5 1746 4 
1687 2 1406 4 1892 4 1896 4 
585 4 2211 7 319 4 
1809 5 1786 5 1805 3 2139 6 
1804 7 1808 5 2140 7 1812 3 
2143 1 1811 2 1803 2 1813 3 
1816 4 1810 2 1802 4 2144 5 
1809 3 1813 3 2141 3 1801 3 
2142 3 1810 3 1812 3 1800 10 
1799 7 1815 7 1817 7 2147 6 
1798 4 2148 4 1814 7 1609 5 
1811 4 1797 4 1817 5 460 7 
1796 7 1814 7 2146 4 1816 5 
2167 5 1823 7 1819 7 842 6 
1818 7 843 6 2166 7 2030 5 
1827 4 846 5 2173 5 1821 4 
1822 3 847 2 2172 3 1820 4 
1823 5 1821 3 844 5 2175 4 
1818 7 1822 5 2174 6 845 5 
1825 4 850 6 2433 6 2169 6 
1824 4 2168 6 851 1 1826 2 
1827 3 1825 2 848 4 2171 2 
849 2 1820 4 1826 3 2170 4 
1689 4 2283 6 1651 4 1970 6 
2040 6 2229 6 
1935 5 2389 4 1944 4 1614 5 
1834 4 1832 5 2154 6 
1831 5 1632 5 2153 6 
2150 2 1835 1 1834 2 
1831 4 2149 3 1833 2 
2151 3 1833 1 
1838 3 149 6 248 3 
1840 6 152 4 1838 2 245 4 
244 2 25 1 1836 3 1837 2 
2047 3 24 3 1840 7 247 4 
246 7 1837 6 1839 7 23 9 
359 4 1844 9 1842 4 2216 4 
2007 6 2215 4 358 6 1841 4 
369 3 1844 9 
368 8 1843 9 2214 8 1841 9 
1633 5 2252 6 1846 6 401 7 
1855 6 1845 6 400 6 399 6 
2296 6 2319 7 1848 3 
1849 2 2318 4 2295 6 1847 3 
1848 2 1363 1 1850 5 2294 3 
2293 8 188 6 1849 5 1362 6 
1852 4 390 1 396 1 1858 2 
1851 4 1853 7 1228 6 395 7 
1854 8 1852 7 398 7 1227 5 
397 5 1226 7 1853 8 2068 9 
1856 3 1846 6 392 8 1225 2 
1224 6 1857 4 1855 3 391 7 
1856 4 394 3 379 6 1858 4 
393 2 378 4 1851 2 1857 4 
442 4 1662 5 2231 4 300 4 
1355 2 1861 5 1681 4 2376 2 
2375 5 1860 5 797 5 1354 6 
1922 5 2099 6 1863 5 525 6 
1864 3 524 2 1862 5 1921 7 
527 3 1863 3 1865 4 1920 3 
1919 8 1864 4 1866 5 526 6 
1865 5 1867 6 521 5 1918 5 
520 5 1868 6 1917 6 1866 6 
1916 5 1867 6 523 3 1869 4 
1915 3 1870 2 522 5 1868 4 
1869 2 1871 2 531 2 1929 2 
530 4 1870 2 2478 4 1928 3 
1877 8 165 4 1759 3 1873 4 
1876 8 166 6 1874 6 1872 4 
1879 6 1873 6 163 6 1875 7 
164 4 1878 5 1874 7 345 5 
1873 8 1879 8 1401 9 1877 12 
2329 8 1872 8 1876 12 1736 8 
1875 5 2328 5 1664 7 1879 4 
1876 8 1874 6 2327 5 1878 4 
2439 3 1600 6 1881 2 1766 3 
1886 4 1599 4 2440 5 1880 2 
1883 6 1887 4 157 3 1666 3 
158 6 1882 6 1769 7 1745 7 
1604 6 2443 3 1885 2 1771 5 
1603 4 233 4 1884 2 2264 5 
1881 4 2445 7 1771 7 1606 5 
688 5 1769 5 1882 4 466 4 
1889 2 1640 7 1895 3 1680 3 
1890 2 1888 2 1514 5 1679 2 
1889 2 1412 3 1891 2 1682 6 
1355 1 1681 3 1411 2 1890 2 
1684 5 1806 4 1364 6 1527 5 
1897 5 1927 2 1121 2 2372 3 
1364 5 1686 6 1416 3 1895 3 
1685 3 1888 3 1894 3 1523 3 
1668 5 1407 5 1688 4 1806 4 
1893 5 1923 11 1359 5 2371 6 
1901 5 1899 5 1673 7 1958 4 
1898 5 1904 7 1672 4 1957 6 
1675 9 1901 8 1956 6 1907 6 
1898 5 1900 8 715 5 1955 6 
1954 9 1669 3 1905 4 1903 3 
1688 3 1668 4 1953 4 1902 3 
1671 5 1952 4 1899 7 1905 6 
1670 5 1951 5 1904 6 1902 4 
1907 4 1949 4 1496 4 1306 7 
1676 5 1906 4 1948 2 1900 6 
1363 6 2389 7 1909 7 1911 12 
1362 3 1908 7 2388 3 1913 3 
2391 6 2319 7 1912 3 1911 8 
2390 8 2318 9 1908 12 1910 8 
2392 3 1353 2 1910 3 
1914 4 2399 4 2323 4 1909 3 
1913 4 1649 8 2322 4 403 6 
1869 3 1916 4 1484 2 1929 3 
1868 5 1915 4 1483 4 1917 5 
1486 6 1918 5 1867 6 1916 5 
1917 5 1919 8 1485 3 1866 5 
1480 8 1865 8 1920 7 1918 8 
1479 4 1919 7 1864 3 1921 7 
1482 6 1922 7 1863 7 1920 7 
1700 4 1862 5 1921 7 1481 5 
1924 7 1897 11 2370 9 1356 8 
1923 7 
2177 7 182 8 271 7 841 6 
1725 4 1964 3 2448 3 
2373 4 1893 2 1357 6 797 3 
1488 4 1929 3 2196 5 1871 3 
1915 3 1487 5 1870 2 1928 3 
1935 8 2391 10 2105 7 1616 8 
2102 3 1941 5 1554 4 1932 8 
2101 7 465 6 1553 6 1931 8 
1608 4 1944 4 2399 5 1934 7 
1609 7 1649 10 2148 6 1933 7 
1617 5 1930 8 2390 4 1830 5 
1939 3 1550 3 2098 4 1937 8 
1942 7 1549 9 1936 8 2097 13 
1703 6 2096 5 1552 7 1939 4 
1551 4 285 3 1936 3 1938 4 
1941 8 2094 7 1546 8 1943 8 
1940 8 283 5 1931 5 1545 5 
1937 7 2092 1 1548 2 1943 3 
282 4 1547 4 1940 8 1942 3 
1615 6 2388 3 1933 4 1830 4 
2222 4 852 8 185 5 2178 4 
1612 7 1947 5 2395 6 362 7 
1613 4 2394 3 1946 5 1950 5 
1907 2 1949 2 1956 2 1619 3 
1620 3 1906 4 119 5 1948 2 
2105 5 2393 8 1947 5 1610 6 
1952 3 1954 10 1905 5 1625 6 
1951 3 1626 2 1904 4 1957 3 
1627 8 1954 10 2156 4 1903 4 
1902 9 1953 10 1951 10 1628 9 
1958 5 1621 7 1901 6 1956 4 
1622 5 1900 6 1948 2 1955 4 
1958 5 1952 3 1899 6 1623 5 
1957 5 1955 5 1624 3 1898 4 
1596 9 1962 8 2453 9 1960 9 
2452 5 1595 6 1959 9 
2030 3 1594 4 1962 3 2166 5 
2029 5 1961 3 1959 8 1593 3 
1390 5 1966 5 1964 4 1725 5 
1963 4 1926 3 
1764 5 1968 3 1392 4 1966 5 
1767 6 1963 5 1965 5 1391 5 
1970 9 1394 5 1651 7 1968 5 
1678 2 1393 3 1965 3 1967 5 
1396 5 1689 4 1970 6 2184 3 
1967 9 1969 6 1828 6 1395 5 
1407 6 1535 8 1972 6 1696 5 
1979 7 1534 4 1406 5 1971 6 
1976 1 1974 1 1543 7 1412 2 
669 4 1973 1 1542 4 1411 2 
1976 4 1978 6 1541 4 1640 9 
1973 1 1975 4 1514 5 1540 1 
1978 7 1539 6 1980 8 1416 6 
1977 7 1523 4 1975 6 1538 4 
1537 8 1980 8 1972 7 1527 7 
1526 6 1979 8 1536 7 1977 8 
2237 5 2312 5 2424 4 2426 4 
1569 6 2326 7 1987 5 2423 7 
1572 6 1984 5 703 5 2434 5 
1983 5 704 6 2423 6 1571 3 
1986 4 26 4 1993 5 701 2 
1140 6 1985 4 2228 6 702 8 
1993 5 1982 5 699 5 1568 4 
1989 8 1535 7 1564 4 1780 4 
1988 8 1534 7 1563 7 1990 6 
1991 2 1537 4 1558 1 1989 6 
1990 2 1992 3 1557 2 1536 5 
1991 3 736 5 1556 5 1539 3 
1567 6 2313 7 1987 5 1985 5 
1995 6 1562 6 1541 4 736 7 
1994 6 1540 3 1561 5 1996 5 
1543 9 1560 7 1997 4 1995 5 
1559 3 92 4 1542 5 1996 4 
1220 2 2205 5 1999 3 
1998 3 1219 4 2000 7 
1999 7 1221 5 1512 7 
919 2 425 2 369 2 427 6 
1556 5 1617 4 2005 5 2003 3 
1555 6 2008 5 2002 3 1616 4 
2005 5 1615 6 2015 4 1558 2 
1614 6 1557 4 2004 5 2002 5 
1560 5 2009 3 1613 3 2007 4 
1612 7 1842 6 1559 5 2006 4 
1611 6 2009 6 2003 5 1562 6 
2008 6 2006 3 1610 5 1561 5 
2013 3 581 5 317 6 2011 4 
316 3 580 2 2010 4 110 3 
2368 2 2013 2 315 3 583 3 
582 1 2010 3 2012 2 314 1 
1609 4 2015 4 1798 3 1564 3 
2014 4 2004 4 1608 4 1563 4 
311 5 579 5 1274 6 2017 7 
310 6 578 8 2016 7 2365 9 
2019 5 2025 2 2486 2 2036 2 
2018 5 2035 5 2020 5 2485 7 
2034 4 2021 4 2488 5 2019 5 
2027 7 2020 4 2487 5 2033 5 
2490 5 2023 6 2229 5 2040 5 
2024 8 2022 6 2039 6 2489 6 
2038 11 2023 8 2492 7 2025 5 
2018 2 2491 5 2037 7 2024 5 
928 8 1160 7 2031 5 904 5 
2021 7 2032 5 2028 9 2494 10 
2493 6 504 7 1097 10 2027 9 
1962 5 2453 6 2030 5 1054 5 
1961 3 1055 4 1819 5 2029 5 
903 4 1159 4 1156 3 2026 5 
1085 2 2027 5 1097 6 2033 3 
2034 5 2032 3 2021 5 1082 6 
2020 4 1083 6 2033 5 2035 4 
1080 4 2019 5 2036 2 2034 4 
2037 7 2035 2 1081 6 2018 2 
2038 13 2036 7 1078 9 2025 7 
2037 13 2024 11 2039 9 216 9 
2040 5 2038 9 2023 6 1076 6 
1077 4 2039 5 1829 6 2022 5 
2042 4 112 4 2471 3 
2041 4 2470 9 115 6 2043 4 
114 3 2045 5 2469 3 2042 4 
689 5 195 6 2447 6 796 6 
2043 5 125 7 2468 6 2046 9 
2239 9 2467 7 124 5 2045 9 
2048 1 22 3 1839 3 479 2 
2047 1 2053 4 478 2 129 2 
136 4 487 3 2056 4 2050 7 
135 5 486 8 2049 7 2051 6 
138 4 2052 6 485 4 2050 6 
484 5 2051 6 2243 6 137 8 
2048 4 2054 8 132 5 483 6 
2055 8 2053 8 131 7 482 8 
481 5 2054 8 2056 5 134 7 
480 5 2055 5 133 4 2049 4 
571 5 661 5 2060 5 1062 6 
660 6 1528 7 920 7 2059 6 
663 3 919 3 1531 4 2058 6 
1059 4 572 2 662 4 2057 5 
2120 5 187 8 2062 8 2086 8 
2085 6 342 5 2063 6 2061 8 
2064 5 2062 6 347 6 2084 6 
2063 5 1499 4 2121 6 2083 7 
2066 3 190 1 2090 3 2116 5 
2065 3 2115 6 2089 4 186 5 
938 6 2068 8 2070 6 258 7 
1854 9 1752 7 257 7 2067 8 
2070 6 970 5 2072 6 254 7 
1758 4 2069 6 2067 6 253 5 
256 3 1757 2 2072 4 2074 3 
255 4 1756 3 2071 4 2069 6 
2076 5 2074 3 250 6 1763 4 
2073 3 1762 3 2071 3 249 5 
2076 6 252 5 2261 7 1761 5 
2075 6 1760 5 2073 5 251 6 
381 3 1172 5 673 6 2082 4 
563 6 672 4 
1170 3 677 5 383 5 2082 5 
428 6 2090 6 190 4 2081 5 
673 6 2301 5 189 5 2080 5 
382 6 1169 4 2079 5 2077 4 
2285 10 2084 8 2310 9 2064 7 
2309 6 2085 6 2083 8 2063 6 
2062 6 2084 6 2312 5 2086 6 
2311 5 2087 7 2061 8 2085 6 
2088 4 2306 8 2086 7 187 7 
2087 4 186 3 2089 2 2305 3 
2090 4 2088 2 2066 4 443 4 
2065 3 2080 6 2089 4 2307 4 
370 4 288 5 1697 3 
278 2 282 2 1942 1 2097 7 
125 7 2286 9 293 5 284 8 
283 4 1940 7 282 3 280 6 
1693 1 2100 4 286 2 372 4 
1329 6 274 3 1938 5 285 4 
2098 9 2092 7 1773 10 1937 13 
2097 9 1936 4 285 4 276 4 
1700 5 376 4 1862 6 2100 6 
2095 4 375 7 1699 6 2099 6 
1932 7 182 5 271 4 2102 2 
1931 3 283 3 270 2 2101 2 
2296 7 2104 4 113 4 
2103 4 112 5 2295 6 291 6 
1611 4 1950 5 2392 3 1930 7 
139 6 898 6 1168 8 2123 5 
2114 6 1772 6 1653 5 2108 6 
2109 5 1652 6 277 4 2107 6 
2108 5 1655 6 2110 4 1768 7 
2119 4 1770 3 1654 3 2109 4 
1786 6 1657 6 2112 5 2139 7 
2113 5 1791 2 2111 5 1656 3 
2112 5 1777 9 2114 6 1659 7 
1658 4 2107 6 2113 6 1783 8 
337 5 2116 8 2066 6 2135 8 
2115 8 52 5 2134 6 2065 5 
187 5 337 3 2133 3 2120 2 
331 8 1427 7 134 7 322 5 
2110 4 345 5 272 6 1665 6 
2061 5 404 4 342 2 2117 2 
347 7 2064 6 2322 5 403 7 
138 3 1423 3 346 2 429 3 
897 5 1167 2 923 5 2106 5 
646 7 2125 4 59 5 3 7 
645 6 2124 4 52 1 2134 2 
38 5 2447 5 2129 8 2127 6 
2444 8 37 7 1399 7 2126 6 
2129 8 45 3 2475 6 2131 4 
2128 8 44 7 2474 8 2126 8 
306 4 1753 6 1734 6 1736 4 
2128 4 2476 5 42 6 
337 5 2133 5 2187 6 2135 8 
404 5 2132 5 2186 2 2117 3 
2135 6 2116 6 628 2 2125 2 
2134 6 2115 8 627 10 2132 8 
58 4 2137 3 42 4 
2136 3 45 4 2138 4 57 3 
56 4 2145 2 44 2 2137 4 
2140 8 1808 6 646 7 2111 7 
645 10 2139 8 1809 7 2141 7 
628 3 1812 3 2142 3 2140 7 
627 6 2143 1 1813 3 2141 3 
1810 1 2142 1 2187 3 2144 4 
2186 4 1811 5 460 8 2143 4 
2138 2 38 4 55 2 461 3 
1817 4 2147 3 460 6 2192 5 
2191 2 2148 3 2146 3 1814 6 
2190 6 1815 4 2147 3 1934 6 
2150 3 2154 5 30 4 1834 3 
2149 3 29 3 2151 4 1833 2 
1835 3 2150 4 28 6 2152 4 
27 3 2151 4 
151 8 2154 7 2361 4 1832 6 
2149 5 2153 7 1831 6 150 8 
294 4 696 4 477 5 
2157 3 1455 7 1688 3 1953 4 
2156 3 2160 5 1687 2 1456 3 
1451 6 2159 6 2161 7 1686 8 
1452 4 2158 6 1685 4 2164 5 
2157 5 2161 7 1453 7 1684 6 
1683 4 2160 7 2158 7 1454 5 
1447 5 2165 3 2163 5 1682 6 
2376 4 2162 5 1681 6 1448 10 
2165 4 1449 5 1680 4 2159 5 
2164 4 1450 6 1679 3 2162 3 
1409 6 1819 7 1961 5 2167 5 
1818 5 1408 11 2174 4 2166 5 
1825 6 1414 7 2169 8 2171 6 
1413 7 2168 8 1574 3 1824 6 
2171 3 2173 5 1827 4 1513 5 
2170 3 1511 3 2168 6 1826 2 
2175 4 1821 3 1418 3 2173 4 
2170 5 1417 4 1820 5 2172 4 
2175 5 855 4 1823 6 2167 4 
2172 4 2174 5 1415 7 1822 4 
2179 6 841 4 1227 4 2177 5 
1566 3 1925 7 1226 5 2176 5 
2179 4 390 1 1945 4 2181 4 
2178 4 2176 6 852 8 1228 6 
853 7 2181 6 2183 7 379 6 
378 6 2180 6 2222 4 2178 4 
1225 1 856 2 2185 2 2183 5 
1224 9 857 5 2180 7 2182 5 
2185 3 2252 6 1969 3 2225 5 
2184 3 2226 5 2182 2 399 3 
2187 3 2193 2 2133 2 2144 4 
2186 3 2132 6 627 8 2143 3 
2189 3 2199 4 2473 4 1336 4 
2472 4 2188 3 2397 6 1335 5 
2148 6 403 8 2191 5 1649 10 
2147 2 2192 4 402 2 2190 5 
2191 4 2193 5 1376 5 2146 5 
404 5 460 6 2186 2 2192 5 
2480 3 1342 4 2197 3 2195 4 
1341 6 2200 4 2194 4 2479 3 
2197 5 1344 5 2478 6 1928 5 
2196 5 1343 3 2194 3 2477 3 
2484 7 2201 6 1338 8 2199 6 
2188 4 2483 3 1337 4 2198 6 
2201 3 2195 4 1340 4 2482 6 
2200 3 2481 6 1339 5 2198 6 
2204 7 618 6 
2204 4 2401 1 616 6 
2203 4 2202 7 615 7 
1998 5 1043 6 2206 7 
1042 5 2207 7 2205 7 
1037 7 2208 7 2206 7 
2207 7 1036 8 
2212 8 215 4 2210 9 1206 5 
214 9 1103 7 2209 9 2213 7 
1807 7 2212 9 1253 8 213 6 
2209 8 319 6 2211 9 212 6 
211 6 2210 7 
2216 3 1844 8 
2216 4 1612 5 362 5 1842 4 
2215 4 2214 3 363 3 1841 4 
2220 7 1749 4 2218 3 555 5 
2223 5 2217 3 556 3 1748 4 
553 2 1751 7 975 4 2220 7 
1750 7 554 9 2217 7 2219 7 
854 4 2224 4 979 3 559 2 
1945 4 853 5 2181 4 178 2 
1755 9 2218 5 557 6 2224 6 
2221 4 2223 6 1754 3 558 5 
177 6 2226 7 1689 6 2184 5 
856 5 2185 5 176 4 2225 7 
551 2 854 4 1058 3 2228 5 
552 7 1498 9 2227 5 1986 6 
2230 4 2308 7 2022 5 1829 6 
2229 4 1313 5 
301 4 496 6 1663 5 1859 4 
2268 10 2233 7 2241 6 2428 6 
2267 5 2234 5 2427 3 2232 7 
2235 5 2233 5 2266 5 2430 8 
2234 5 2429 4 2265 6 2236 4 
2272 7 2237 5 2235 4 2424 4 
1981 5 2236 5 2238 5 2271 4 
2270 5 2239 7 2426 4 2237 5 
2046 9 2238 7 2269 7 2425 8 
2432 7 2264 6 1603 5 2241 2 
2263 5 2240 2 2431 2 2232 6 
324 6 2437 7 2243 5 2247 6 
2436 4 2052 6 2242 5 323 3 
2251 7 2245 2 2440 6 333 8 
2439 2 2246 3 332 2 2244 2 
2245 3 2455 5 2247 5 2442 3 
330 5 2246 5 2441 3 2242 6 
2249 3 2355 4 233 6 329 4 
2248 3 328 1 2443 2 2250 1 
2446 2 2251 6 327 2 2249 1 
2445 9 2250 6 2244 7 326 8 
1845 6 1396 8 399 6 2184 6 
2254 5 140 2 46 1 2256 5 
43 6 2253 5 898 7 139 7 
2258 4 209 6 2256 6 142 6 
141 6 2255 6 1607 7 2253 5 
2260 4 144 5 2258 5 53 3 
51 3 2255 4 143 6 2257 5 
2262 5 2260 3 146 3 50 6 
145 6 2257 4 2259 3 48 3 
2075 7 148 6 2262 8 33 5 
31 6 2259 5 147 9 2261 8 
2241 5 2268 9 2378 9 2264 9 
2240 6 2379 7 1885 5 2263 9 
2266 6 2380 10 2235 6 2272 9 
2267 5 2265 6 2234 5 2381 2 
2233 5 2266 5 2268 8 2382 7 
2232 10 2263 9 2267 8 2383 7 
2384 4 2239 7 2467 5 2270 5 
2238 5 2271 4 2385 5 2269 5 
2272 6 2270 4 2237 4 2386 5 
2271 6 2236 7 2387 8 2265 9 
1096 7 1516 8 2274 7 2282 6 
1515 7 1095 9 2275 7 2273 7 
1094 4 1518 5 2276 4 2274 7 
1093 4 2275 4 1517 7 2277 6 
1520 6 2278 7 1092 8 2276 6 
1519 7 2277 7 1091 5 2279 5 
1522 5 2280 7 1090 8 2278 5 
2279 7 1521 6 1089 6 
2282 5 13 4 1525 6 1087 2 
2281 5 1524 4 1086 10 2273 6 
1197 6 1828 6 2438 7 1471 8 
1398 8 1265 7 643 7 1264 5 
2083 10 2286 10 1499 7 284 9 
2093 9 2285 10 188 6 2293 8 
2288 5 648 5 1403 5 1266 5 
2289 8 2287 5 2331 3 647 7 
2290 8 2288 8 1405 9 621 10 
2289 8 2291 6 612 3 2333 3 
2290 6 2336 6 2292 4 544 6 
1674 1 2335 2 729 2 2291 4 
1850 8 2294 6 293 4 2286 8 
291 7 2295 7 1849 3 2293 6 
2294 7 1848 6 2296 9 2104 6 
1847 6 2103 7 2295 9 
2298 4 1712 4 1497 3 2300 3 
1711 3 1327 3 2297 4 489 5 
2300 4 502 6 1710 3 2302 4 
2299 4 1508 4 1709 2 2297 3 
428 6 2432 9 2081 5 1171 7 
111 5 116 4 1707 5 2299 4 
232 4 2472 5 2397 7 1309 7 
1705 5 118 6 1306 8 111 7 
443 5 2430 7 2088 3 2306 7 
2311 6 2087 8 2429 7 2305 7 
428 4 2428 2 2090 4 443 4 
194 6 1313 8 2229 7 2490 7 
2084 6 2312 5 2426 4 2310 7 
284 8 2083 9 2425 8 2309 7 
2306 6 2312 4 2424 3 2086 5 
1981 5 2311 4 2309 5 2085 5 
701 4 699 7 1993 7 741 5 
2321 5 244 3 1261 2 2315 5 
1260 4 2316 7 245 6 2314 5 
2315 7 1263 4 2317 7 246 6 
247 5 1262 7 318 5 2316 7 
1848 4 2319 8 1363 3 1911 9 
1353 6 2318 8 1910 7 1847 7 
1360 3 2321 5 1259 6 
2320 5 2314 5 1258 4 248 4 
2323 4 1499 3 1914 4 2121 5 
2322 4 1362 4 1913 4 188 4 
2325 4 2356 3 1352 3 2336 4 
2335 4 2324 4 2355 4 329 4 
739 5 1982 7 699 7 705 5 
1879 5 1401 6 493 8 2328 6 
492 6 10 5 1878 5 2327 6 
1877 8 1401 5 2332 6 495 4 
1400 5 1398 8 1310 6 1265 7 
2288 3 1298 2 1403 3 1405 4 
488 5 2329 6 306 6 1736 6 
1352 2 1405 4 2290 3 2336 3 
306 5 490 6 1404 6 1734 7 
2325 4 2292 2 2336 4 161 6 
2335 4 2291 6 2324 4 2333 3 
553 3 2367 4 2338 4 975 5 
2337 4 2366 5 1469 6 2339 3 
1468 2 2360 3 2340 6 2338 3 
2339 6 974 7 2359 6 2341 7 
2358 5 971 6 2342 5 2340 7 
2343 5 2357 5 2341 5 972 6 
2342 5 2344 8 2364 6 969 4 
2345 6 2363 7 1467 7 2343 8 
2344 6 967 5 2362 4 2346 6 
2361 6 968 7 151 10 2345 6 
2348 7 2356 6 1352 6 2383 7 
2347 7 1351 6 2382 6 2349 5 
1298 4 2350 6 2381 3 2348 5 
2351 5 2349 6 2380 9 1277 6 
2352 6 2387 5 1324 6 2350 5 
2351 6 1310 6 2353 8 2386 8 
973 8 2352 8 2385 6 2354 4 
1332 4 2384 2 2353 4 461 3 
2356 3 2325 4 2248 4 2379 4 
2378 6 2324 3 2347 6 2355 3 
2358 5 2364 6 2342 5 
2341 5 2357 5 2359 4 
2340 6 2358 4 2360 3 
2339 3 2366 5 2359 3 
2346 6 1632 3 2153 4 2362 4 
2363 5 1631 6 2345 4 2361 4 
2362 5 2364 5 2344 7 
2357 6 2363 5 2343 6 
2368 5 577 8 2017 9 313 8 
2338 5 2367 5 2360 5 
2337 4 2366 5 889 4 
2365 5 2012 2 576 2 312 2 
1088 6 1477 6 1472 4 2435 6 
2371 4 1923 9 868 8 
2370 4 869 4 1897 6 2372 4 
870 5 1893 3 2371 4 2373 5 
2374 3 1927 4 871 7 2372 5 
797 2 2373 3 2375 2 872 3 
1861 5 2374 2 873 4 2376 2 
2163 4 1860 2 874 3 2375 2 
905 7 1118 5 1120 9 1625 8 
2356 6 2263 9 2379 7 2383 7 
233 6 2264 7 2378 7 2355 4 
2350 9 2387 9 2265 10 2381 6 
2382 4 2266 2 2349 3 2380 6 
2383 6 2348 6 2381 4 2267 7 
2382 6 2268 7 2378 7 2347 7 
54 6 2269 4 2354 2 2385 4 
2386 6 2353 6 2384 4 2270 5 
2385 6 2352 8 2387 7 2271 5 
2351 5 2272 8 2380 9 2386 7 
1944 3 2399 4 1909 3 2389 3 
1908 7 2390 3 1830 4 2388 3 
2391 6 1911 8 1935 4 2389 3 
1910 6 2390 6 2392 6 1930 10 
1912 3 2391 6 2105 3 2393 6 
2394 6 1950 8 2392 6 
2393 6 2395 4 1947 3 
659 3 2394 4 1946 6 
1142 6 1650 6 2397 10 1309 10 
2189 6 2303 7 2396 10 1141 8 
2412 5 1144 5 1650 4 
1913 4 2388 4 1933 5 1649 8 
1478 5 2449 4 
2402 8 2203 1 1174 1 
2401 8 2407 11 1173 9 690 9 
2410 11 693 6 1182 7 2404 9 
2405 5 1181 8 692 4 2403 9 
1180 5 695 3 2404 5 2406 4 
694 7 71 6 1179 4 2405 4 
2408 4 2402 11 1178 5 
1177 1 2407 4 2409 4 
2410 9 1176 4 2408 4 
691 6 2403 11 2409 9 1175 8 
154 5 119 5 43 3 1620 3 
1299 4 2398 5 229 5 
273 9 2414 8 650 9 101 11 
272 5 2413 8 2415 4 649 3 
2416 6 654 9 1770 4 2414 4 
2415 6 1768 8 2417 5 653 5 
2418 4 652 3 2416 5 277 3 
1772 5 2417 4 2419 4 651 10 
2420 5 2418 4 1783 7 658 5 
1777 9 2419 5 657 6 2421 5 
2422 6 1791 2 656 5 2420 5 
655 7 2421 6 1786 7 1805 5 
1570 8 705 5 1984 6 1982 7 
1981 4 2311 3 2429 4 2236 4 
2426 5 124 4 2310 8 2239 8 
2425 5 2309 4 2238 4 1981 4 
2233 3 443 4 2428 2 2430 6 
2427 2 2431 2 2307 2 2232 6 
2430 7 2235 4 2424 4 2306 7 
2429 7 2234 8 2305 7 2427 6 
428 4 2432 7 2428 2 2241 2 
2431 7 2240 7 2301 9 1114 6 
2434 5 697 4 1824 6 1574 3 
2433 5 698 7 1573 5 1983 5 
2451 6 2438 5 1678 4 2369 6 
2243 4 137 6 528 7 2437 6 
2242 7 2436 6 2441 4 546 5 
1651 5 2435 5 2283 7 1472 3 
2442 2 1880 3 2245 2 2440 6 
2445 8 1881 5 2439 6 2244 6 
2442 1 1765 2 2247 3 2437 4 
2439 2 2441 1 2246 3 1766 2 
233 5 1884 3 2446 3 2249 2 
689 6 2127 8 2447 7 1264 4 
2251 9 1886 7 2440 8 2446 5 
2250 2 2443 3 1771 5 2445 5 
2126 5 2444 7 2474 5 2044 6 
2449 4 1926 3 
2450 6 2448 4 1725 5 2400 4 
2449 6 1767 7 1478 7 2451 7 
1764 6 2435 6 2450 7 1477 6 
1960 5 2453 5 1056 4 
2452 5 1057 3 2029 6 1959 9 
266 6 1036 8 1130 5 1132 3 
332 4 2246 5 711 6 330 5 
877 5 2457 9 420 5 479 4 
876 10 2456 9 478 8 2464 10 
2461 5 881 3 2459 5 485 4 
156 7 880 5 484 4 2458 5 
2461 4 487 1 2463 3 879 2 
2458 5 2460 4 486 7 878 7 
481 3 2465 3 2463 4 885 2 
480 6 2462 4 2460 3 884 5 
883 6 483 6 2457 10 2465 5 
2462 3 2464 5 482 5 882 5 
3 7 59 5 336 8 380 5 
54 7 2468 4 2046 7 2269 5 
55 3 2467 4 2045 6 2469 4 
2470 8 2043 3 2468 4 56 5 
2042 9 2469 8 57 6 2471 8 
58 6 2470 8 2041 3 
2189 4 90 7 2303 5 2473 5 
89 6 2188 4 2483 3 2472 5 
796 5 2129 8 2447 5 2475 6 
2128 6 217 6 2476 7 2474 6 
191 7 2131 5 2475 7 
98 3 2478 4 2480 3 2197 3 
1871 4 97 5 2196 6 2477 4 
100 3 2482 5 2480 2 2195 3 
2194 3 2479 2 99 5 2477 3 
2484 7 2201 6 94 7 2482 9 
2479 5 93 8 2481 9 2200 6 
2484 4 2199 3 2473 3 96 5 
2483 4 2481 7 2198 7 95 4 
20 7 2486 4 2019 7 2488 7 
19 3 2018 2 2491 5 2485 4 
18 4 2021 5 2494 8 2488 6 
17 5 2020 5 2485 7 2487 6 
2492 5 2490 5 16 3 2023 6 
15 5 2022 5 2489 5 2308 7 
2492 7 2486 5 130 7 2025 5 
2491 7 128 6 2489 5 2024 7 
2494 7 2028 6 12 6 1245 5 
2493 7 11 10 2487 8 2027 10 
47 5 41 5 310 3 1371 4 
