13
13
15
15
22
22
22
22
13
13
22
13
25
6
6
6
23
13
13
13
13
6
6
13
13
14
13
12
33
12
33
4
43
43
45
45
45
45
43
43
45
45
11
11
11
11
10
11
10
10
9
9
15
12
12
16
12
14
14
12
14
16
16
10
10
10
9
10
10
3
3
3
3
9
9
9
3
3
3
29
29
43
26
26
26
26
29
29
29
29
27
3
3
3
3
3
3
3
27
9
9
33
37
40
37
26
26
37
29
36
36
36
36
26
26
26
26
20
33
33
33
33
31
31
34
34
34
34
19
11
11
48
2
8
8
8
8
8
8
11
11
8
8
15
15
15
15
17
17
18
19
17
14
17
17
14
14
14
14
21
22
22
17
17
5
28
17
28
28
29
28
29
29
17
17
17
5
45
44
44
44
44
44
15
15
15
15
3
3
3
3
9
9
9
3
3
3
37
37
8
8
11
11
11
11
8
40
11
8
29
29
29
29
29
29
26
26
26
26
8
8
48
48
35
35
34
34
35
35
34
34
34
34
1
1
1
1
1
1
3
3
49
1
1
49
2
2
46
46
46
46
46
46
46
46
46
36
36
34
16
40
36
17
17
16
16
33
33
33
33
33
33
27
27
25
25
23
23
23
23
23
23
23
19
19
19
20
20
20
20
20
20
34
24
11
11
11
11
10
10
10
11
9
9
41
16
41
41
41
41
47
41
14
14
14
12
12
12
41
41
24
0
0
0
0
4
0
0
0
15
15
21
48
49
49
49
2
2
2
45
31
31
43
43
48
48
7
11
11
33
33
33
33
33
33
33
33
25
25
10
9
10
10
11
10
18
18
18
19
9
9
26
26
29
26
29
29
29
29
29
29
37
37
38
38
38
38
38
38
38
38
1
37
1
1
1
1
3
3
37
37
2
1
23
39
39
11
11
23
38
38
37
37
38
38
38
38
23
21
23
42
29
29
28
28
28
28
28
16
36
36
36
17
17
37
37
29
37
43
43
25
27
2
27
2
2
35
35
35
35
36
44
44
2
2
2
2
15
15
15
15
44
44
44
44
32
39
30
29
29
28
28
28
28
46
46
39
24
28
30
30
24
22
22
22
22
22
22
22
22
22
22
18
18
23
24
18
18
23
21
19
18
23
23
36
36
21
39
39
37
37
38
38
38
38
39
38
44
14
14
16
44
13
13
6
6
14
13
13
13
49
46
15
15
4
4
4
4
4
7
7
7
15
4
4
28
28
30
28
28
28
8
11
8
8
11
11
11
11
8
8
31
31
31
31
33
33
31
31
33
33
19
32
39
1
2
1
1
3
3
1
1
1
0
43
43
43
43
37
37
37
37
2
2
37
37
49
48
49
49
38
38
38
38
37
37
38
38
38
38
0
9
11
38
38
38
38
37
37
38
38
38
38
0
35
0
38
38
38
0
38
38
37
37
46
0
46
46
38
27
32
0
32
27
32
46
32
46
46
46
46
46
46
43
43
45
45
45
45
43
43
43
45
6
6
6
6
6
6
27
29
26
26
29
29
29
29
30
30
29
29
26
26
43
43
2
17
17
17
17
17
17
14
14
14
22
33
33
33
33
33
33
33
33
28
28
30
28
28
28
8
30
30
43
43
43
25
44
44
44
44
44
44
47
47
45
45
45
45
47
47
45
47
47
30
30
30
30
7
25
25
25
25
25
16
29
29
29
29
26
29
26
26
29
29
19
20
31
20
20
20
20
19
19
31
31
32
32
31
31
26
19
26
32
32
26
26
35
20
3
3
5
5
3
3
9
9
5
9
20
46
46
46
46
46
48
48
46
48
20
1
2
1
1
1
1
3
3
1
1
20
31
37
37
37
37
37
37
43
43
37
43
20
46
46
20
20
19
19
20
19
34
20
2
2
1
14
14
13
14
13
13
13
13
7
7
30
34
34
17
17
36
36
34
34
36
36
33
33
34
34
31
34
31
31
33
33
30
30
30
27
30
30
27
27
27
27
17
16
16
16
16
44
16
44
44
44
44
49
49
49
49
49
49
15
15
49
15
30
30
8
8
8
7
7
7
27
27
27
27
27
30
30
30
17
17
19
19
19
17
17
17
17
17
19
18
24
24
18
18
18
18
18
18
24
48
48
29
29
28
29
28
28
28
46
46
42
42
42
42
42
40
40
40
3
3
3
3
3
3
3
9
9
9
34
34
34
44
45
45
45
45
43
43
43
43
43
35
35
1
1
1
1
1
1
14
14
12
12
12
12
12
12
15
15
7
7
8
11
8
8
7
8
7
7
26
26
26
26
36
36
36
35
48
27
26
30
30
30
30
25
25
25
25
25
25
35
35
35
35
27
27
27
27
27
27
25
30
30
30
25
25
25
25
30
30
24
24
24
24
24
24
24
24
24
42
42
39
39
39
39
39
39
39
39
47
47
28
28
28
30
39
28
28
28
48
21
21
48
21
21
21
21
21
21
21
21
47
44
44
24
24
48
18
18
18
41
42
42
18
47
41
41
41
18
42
42
18
24
18
7
40
40
40
40
40
7
46
46
48
46
46
46
46
46
46
46
18
25
21
21
20
21
40
40
40
40
40
16
16
16
15
44
44
44
44
43
44
44
21
21
24
38
40
46
46
9
9
3
9
3
3
3
3
2
21
46
21
21
46
38
27
27
27
27
30
30
27
30
30
30
49
6
6
13
13
13
13
33
14
14
14
35
35
4
4
4
17
34
34
34
34
7
4
33
30
34
34
33
17
35
35
34
34
35
35
44
33
28
28
28
30
30
24
35
24
44
41
41
41
47
41
41
41
41
8
8
41
41
33
7
7
8
24
24
24
24
24
24
24
24
9
9
5
5
9
9
3
32
5
5
5
5
2
44
27
27
33
27
27
27
35
35
35
35
39
39
40
40
42
42
39
39
40
39
39
39
39
40
40
40
42
42
23
23
39
39
24
24
40
40
40
40
40
39
16
32
32
32
32
32
32
40
39
39
39
40
40
40
40
39
27
49
2
48
49
2
2
2
2
48
48
29
40
40
16
46
46
46
40
40
42
12
12
12
12
12
12
14
14
15
15
49
47
47
48
10
10
10
9
10
10
10
10
48
9
9
48
6
6
6
6
48
48
7
7
36
26
26
26
36
36
36
36
26
26
28
28
28
30
28
28
12
14
14
14
16
12
12
12
16
16
27
27
15
15
35
0
35
35
27
0
27
4
24
24
24
24
17
17
17
17
17
17
22
22
43
17
17
43
37
8
37
37
6
6
6
6
6
6
0
0
1
0
5
5
15
5
2
1
34
34
34
24
32
32
35
35
31
31
32
32
31
31
31
31
15
42
42
42
41
42
42
41
47
41
41
12
26
40
40
42
47
42
42
42
42
12
42
23
23
30
30
25
32
32
31
31
31
42
42
42
42
42
42
42
42
42
47
12
4
4
4
4
6
6
6
6
7
6
6
7
14
14
33
7
7
13
13
13
13
14
13
25
25
36
36
36
16
16
16
16
16
36
36
39
27
27
44
44
16
27
16
16
16
16
35
44
42
15
49
15
15
49
49
22
22
22
22
21
22
21
21
22
22
22
22
22
27
22
22
22
22
22
39
46
41
41
43
43
45
45
43
43
45
45
45
45
32
32
32
32
32
32
25
42
43
42
42
42
42
42
25
47
42
48
48
48
48
48
47
47
47
47
47
25
30
30
21
19
20
20
20
19
19
19
19
31
31
44
19
19
19
19
19
23
23
18
19
18
18
18
18
23
23
23
23
44
7
7
21
6
6
6
6
49
49
4
45
45
43
0
43
0
2
5
5
5
0
0
0
0
0
40
40
36
43
43
9
9
44
44
44
44
43
44
43
43
47
45
47
47
45
45
45
45
4
17
47
47
37
23
23
23
23
23
23
23
16
16
22
14
12
14
14
12
16
12
12
21
21
21
21
21
21
21
21
21
21
11
22
49
49
49
49
15
15
15
15
45
45
41
41
47
41
41
41
41
41
42
42
39
39
45
45
39
39
39
41
39
39
39
39
19
18
18
18
18
18
18
18
19
40
40
40
40
40
40
2
2
2
2
49
49
49
49
49
49
18
18
18
18
18
18
24
24
2
19
18
49
49
2
2
2
49
49
49
49
49
19
18
18
18
18
18
18
31
31
31
20
20
20
20
19
19
19
41
47
5
5
5
5
5
5
5
5
5
5
48
47
47
47
48
25
7
7
6
6
6
6
8
8
8
5
5
5
5
5
9
5
5
5
5
45
1
1
1
14
13
13
13
13
13
6
6
13
13
20
19
19
19
20
20
20
20
34
20
30
23
22
25
25
23
23
25
23
25
25
47
47
45
45
45
45
45
45
47
47
35
39
39
39
42
35
39
35
39
25
12
12
4
12
15
15
12
12
15
15
26
26
19
19
20
20
19
19
19
19
31
31
26
0
0
0
0
0
0
4
0
0
2
47
41
41
41
41
41
41
32
32
32
32
32
32
32
16
41
23
23
48
23
48
48
23
23
23
23
9
9
11
11
11
11
11
10
10
10
31
31
31
31
32
32
31
31
32
32
0
0
5
5
0
0
0
0
26
26
2
16
36
36
36
36
21
29
28
13
36
36
47
47
16
16
36
36
48
48
16
16
10
9
10
10
10
10
10
10
40
9
9
42
17
4
4
23
23
23
23
23
7
23
23
35
35
35
35
34
34
34
34
34
34
35
35
30
35
35
34
34
34
34
34
34
9
9
35
35
4
4
4
4
7
7
4
7
4
4
45
45
43
5
5
43
5
45
5
5
5
5
5
45
45
2
17
4
4
49
7
4
7
7
4
4
4
4
32
32
31
31
32
32
31
31
31
31
4
4
4
4
5
4
5
5
8
5
7
7
11
8
8
8
8
7
8
7
7
33
32
33
33
32
32
32
32
36
25
49
49
49
49
2
2
2
2
36
36
36
16
16
16
48
48
19
20
20
47
47
20
47
20
48
47
16
16
48
48
20
20
12
12
15
15
14
12
12
12
15
15
48
2
2
2
2
49
49
49
49
48
48
44
44
36
36
36
36
48
9
9
9
10
10
10
10
10
10
24
24
24
24
24
10
24
24
11
11
10
30
30
25
25
25
25
25
25
17
17
17
17
14
14
14
14
17
17
47
21
20
34
19
20
19
19
20
7
20
20
7
47
24
24
27
27
18
35
35
35
18
27
35
27
27
8
39
39
38
38
38
38
38
38
37
37
8
8
11
8
8
8
11
11
11
11
15
15
12
12
15
15
0
4
0
0
25
25
25
25
25
0
4
0
0
0
0
0
0
2
0
33
33
4
4
34
34
31
31
31
31
4
33
26
26
26
26
36
36
36
36
26
26
47
47
48
48
48
48
47
48
47
47
14
14
14
14
12
16
12
12
16
16
24
2
24
3
4
13
13
13
4
4
7
7
14
14
43
1
43
13
13
6
6
13
13
13
13
37
14
14
37
37
37
6
6
6
6
6
6
27
10
10
10
10
10
10
9
10
9
9
28
28
28
1
1
29
29
1
1
1
1
3
3
1
1
37
39
28
28
28
38
37
37
28
28
22
22
22
22
22
22
22
22
22
22
34
20
21
21
21
21
21
21
21
21
21
21
12
41
43
41
41
41
41
41
41
37
41
11
10
10
10
7
7
7
7
8
8
8
8
11
8
21
11
