2497 4856 001
219 4 1707 5 1781 2 1779 7 
1767 6 171 6 975 2 1189 3 
4 4 2419 3 1942 4 757 2 
3 4 2245 7 5 4 2418 4 
2244 3 6 4 2421 5 4 4 
2420 5 5 4 2243 6 7 4 
2415 5 8 7 2250 3 6 4 
2414 9 7 7 2249 8 9 9 
2248 5 69 6 8 9 2417 5 
64 6 2096 4 298 5 
2423 4 69 4 2240 6 12 5 
11 5 2239 5 2422 7 2362 6 
2074 4 65 4 14 3 303 4 
13 3 2348 5 2073 6 302 5 
1852 6 1589 9 1778 4 
2171 6 19 5 17 5 1412 9 
2170 7 1411 4 16 5 22 5 
2169 4 1414 3 2371 6 19 2 
1413 4 16 5 18 2 2168 3 
21 4 23 4 2167 6 1408 3 
2166 6 20 4 1407 4 24 4 
2165 4 1410 7 23 6 17 5 
20 4 22 6 1409 6 2164 6 
2173 5 1406 2 21 4 25 4 
195 6 1405 5 2172 6 24 4 
428 7 1878 8 731 9 2488 10 
30 7 2091 8 28 6 2304 6 
1025 6 2090 6 2055 5 27 6 
30 7 32 5 1891 6 2093 4 
1890 6 29 7 27 7 2092 4 
34 6 1897 5 2088 4 32 5 
29 5 1896 3 2087 4 31 5 
34 3 1895 6 
33 3 1894 4 31 6 2089 4 
38 2 110 2 36 3 2480 2 
2387 4 109 7 2479 7 35 3 
40 6 2486 6 112 2 38 3 
111 5 35 2 2485 5 37 3 
40 7 42 5 114 4 2484 8 
39 7 37 6 2483 6 113 5 
116 6 2490 8 42 6 44 7 
39 5 41 6 115 4 2489 7 
44 5 118 3 2242 5 2488 6 
43 5 117 6 2487 5 41 7 
52 5 1931 5 
1933 4 1948 7 49 9 47 4 
211 4 1947 2 1932 1 46 4 
51 5 49 8 1935 7 1946 4 
48 8 46 9 1945 8 1934 9 
1952 4 53 5 51 5 1937 3 
48 5 1951 6 50 5 1936 6 
1950 7 45 5 53 7 1939 6 
1949 5 50 5 52 7 1938 5 
428 2 55 3 2242 4 2488 5 
2241 4 58 5 427 6 54 3 
424 3 2246 4 57 5 59 7 
62 10 755 5 423 7 56 5 
426 5 55 5 754 4 59 8 
425 12 753 10 58 8 56 7 
764 7 61 7 63 5 420 5 
60 7 763 5 419 6 
760 8 57 10 422 9 63 8 
2247 3 60 5 62 8 421 3 
65 7 10 6 2099 8 297 5 
13 4 64 7 2097 4 296 5 
95 3 67 1 497 3 201 3 
496 4 239 2 94 1 66 1 
98 3 201 3 
759 3 9 6 11 4 2416 7 
77 8 71 2 846 4 2470 4 
845 4 70 2 72 3 2471 5 
848 5 73 5 71 3 2468 3 
2469 5 2271 4 72 5 847 6 
2474 5 79 2 850 5 75 2 
76 3 849 2 74 2 2475 2 
852 5 77 9 75 3 2472 5 
76 9 70 8 2473 10 851 10 
2466 4 854 3 79 1 2404 3 
74 2 78 1 853 2 2467 2 
81 6 883 7 1566 7 83 6 
80 6 882 4 251 9 1786 5 
570 7 85 5 2358 8 
884 7 539 6 1563 7 80 6 
87 4 93 5 85 5 2360 4 
82 5 92 7 2359 4 84 5 
91 6 2362 5 2422 6 87 4 
84 4 2361 4 90 3 86 4 
709 7 89 3 887 4 1088 6 
1066 3 886 5 88 3 552 4 
93 4 87 3 1182 3 91 5 
1181 5 264 5 86 6 90 5 
570 9 93 7 85 7 1184 5 
92 7 90 4 84 5 1183 5 
95 3 67 1 2430 2 2042 3 
94 3 97 4 66 3 2041 5 
98 4 2039 2 
201 4 95 4 2038 8 98 4 
68 3 96 4 97 4 2037 5 
1861 4 100 6 2090 6 2055 5 
1862 7 99 6 2054 7 103 10 
102 4 2062 4 104 5 1857 5 
101 4 107 4 1858 6 2061 4 
104 9 2064 7 100 10 1859 8 
1860 5 103 9 101 5 2063 4 
1853 3 106 4 2058 4 108 2 
1854 5 2057 3 105 4 2438 5 
2060 6 102 4 108 3 1855 6 
1856 4 107 3 2059 1 105 2 
292 10 110 6 36 7 1697 10 
1698 2 111 5 109 6 35 2 
110 5 38 5 112 4 1695 6 
113 1 111 4 1696 3 37 2 
112 1 40 5 114 2 1693 4 
115 3 1694 2 113 2 39 4 
114 3 116 4 42 4 
117 5 41 6 115 4 
116 5 44 6 118 4 
43 3 117 4 1808 2 
120 8 1818 4 430 5 2303 5 
119 8 125 8 429 8 2302 6 
438 2 128 2 2299 4 122 2 
437 4 2298 3 123 5 121 2 
436 6 2301 4 122 5 124 7 
2300 5 2457 9 435 7 123 7 
434 5 126 6 2295 6 120 8 
433 3 125 6 2294 4 127 3 
128 2 2297 3 432 3 126 3 
127 2 431 4 2296 4 121 2 
2481 7 1152 4 705 5 130 3 
1151 3 129 3 136 5 706 2 
297 4 2436 9 744 5 2403 8 
1158 5 697 7 133 7 139 5 
134 6 698 5 1157 6 132 7 
133 6 1160 9 135 5 699 4 
700 3 318 3 134 5 1159 4 
701 8 1154 10 137 6 130 5 
1153 4 138 3 136 6 702 3 
703 4 137 3 139 3 1156 4 
1155 4 704 4 138 3 132 5 
1678 1 143 3 2381 3 141 1 
1677 2 330 8 2380 3 140 1 
2385 8 1684 9 143 9 145 7 
2384 3 140 3 1683 4 142 9 
2383 6 147 3 145 2 1686 4 
144 2 142 7 1685 2 2382 5 
149 7 1680 7 2389 5 147 5 
144 3 146 5 2388 6 1679 3 
2479 9 2387 6 149 8 1682 5 
146 7 1681 9 2386 5 148 8 
151 4 2337 2 155 3 1600 3 
2336 5 357 10 150 4 1599 6 
2339 4 159 3 153 5 1604 6 
1603 5 2338 4 154 6 152 5 
155 6 1602 5 2341 9 153 6 
154 6 2340 6 1601 6 150 3 
1608 8 2343 4 173 6 157 5 
158 5 1607 6 156 5 2342 2 
1606 9 2345 5 157 5 159 4 
2344 3 1605 3 152 3 158 4 
164 8 191 10 200 6 
195 8 2172 8 197 6 162 7 
163 4 196 5 194 6 161 7 
164 5 162 4 1385 5 193 2 
163 5 160 8 1227 7 192 5 
2234 4 2477 6 1300 6 832 5 
170 3 1692 1 
2497 5 1313 4 1689 6 168 5 
169 3 1688 2 167 5 
168 3 1691 3 170 4 
166 3 1690 6 169 4 
2 6 1766 7 788 8 1190 8 
173 6 1248 6 177 4 867 5 
866 6 172 6 1247 3 156 6 
1252 7 181 5 175 6 863 6 
176 4 174 6 862 6 1251 7 
175 4 177 1 865 2 1250 3 
176 1 864 3 1249 6 172 4 
179 4 859 6 1256 2 
1255 4 178 4 180 5 858 6 
1254 5 861 5 179 5 181 5 
180 5 860 5 174 5 1253 4 
1634 3 183 5 1110 4 
186 9 1111 6 182 5 
185 6 1098 5 187 6 
1099 7 184 6 189 5 
183 9 1096 5 187 7 
186 7 1097 3 184 6 
1102 4 190 3 
190 5 1100 5 185 5 
189 5 1101 4 188 3 
192 7 160 10 1213 8 
191 7 193 2 1210 4 164 5 
192 2 194 4 1209 3 163 2 
193 4 1212 6 195 7 162 6 
161 8 25 6 1211 5 194 7 
197 4 162 5 1385 6 418 5 
740 5 196 4 417 5 161 6 
954 4 2106 3 199 3 207 5 
985 4 953 4 367 5 198 3 
1227 5 413 4 160 6 
97 4 498 4 68 3 66 3 
205 3 203 2 960 5 373 9 
372 2 202 2 208 4 959 1 
962 6 397 5 205 6 371 5 
202 3 204 6 370 3 961 6 
207 9 209 7 956 6 377 7 
955 6 206 9 376 7 198 5 
2118 7 203 4 958 4 209 5 
206 7 374 7 957 4 208 5 
217 5 211 6 916 8 1783 3 
47 4 898 6 1782 7 210 6 
215 5 213 2 1777 2 1763 2 
375 2 218 2 212 2 827 4 
1765 3 369 6 409 3 215 7 
212 5 1764 7 1774 7 214 7 
299 3 219 4 1781 2 217 4 
210 5 808 4 216 4 394 6 
219 3 213 2 826 5 1779 6 
218 3 1 4 216 4 825 4 
688 6 229 1 1291 4 221 4 
444 6 687 5 1290 6 220 4 
594 8 223 11 1299 8 690 7 
222 11 1298 8 689 9 224 7 
1297 5 225 8 692 3 223 7 
226 8 691 6 224 8 1296 8 
225 8 227 6 694 5 1295 5 
693 4 1294 4 226 6 228 5 
1293 6 229 2 227 5 696 6 
1292 2 695 2 220 1 228 2 
2426 2 273 2 641 3 231 6 
272 9 232 6 230 6 2425 6 
281 3 231 6 2433 3 233 2 
232 2 234 5 280 3 2432 1 
279 5 233 5 235 8 2435 6 
2434 6 278 4 234 8 236 9 
2429 9 277 8 237 9 235 9 
236 9 2428 5 238 6 276 6 
275 3 2431 4 239 4 237 6 
67 2 274 5 238 4 2430 3 
2029 7 531 7 533 6 489 6 
454 6 1982 1 
245 8 1398 8 729 6 243 7 
728 5 248 6 1397 9 242 7 
2455 8 731 7 1396 4 245 8 
242 8 1395 7 730 7 244 8 
1402 4 249 5 247 4 733 8 
732 6 246 4 250 4 1401 5 
243 6 249 6 1400 6 735 4 
246 5 248 6 1399 5 734 6 
251 8 1404 4 247 4 737 2 
1403 8 250 8 736 9 81 9 
256 7 1619 9 396 8 2354 7 
2421 6 254 7 1609 7 997 7 
2420 7 996 6 259 5 253 7 
494 9 999 5 1609 8 2419 5 
2353 6 252 7 519 4 261 8 
1618 5 258 4 2417 3 993 7 
263 3 992 6 2416 7 257 4 
1618 4 995 5 254 5 2415 4 
261 7 1617 4 446 7 519 3 
260 7 904 5 1619 10 256 8 
1623 5 302 6 268 5 2348 6 
991 2 264 2 258 3 2423 3 
990 2 263 2 2422 5 91 5 
271 5 266 4 900 3 1621 5 
899 5 265 4 267 3 270 4 
1623 4 268 4 902 4 266 3 
267 4 262 5 270 5 2347 8 
364 2 416 3 2192 2 2102 3 
2350 6 268 5 266 4 271 5 
265 5 2349 6 857 7 270 5 
231 9 273 5 1037 7 281 6 
272 5 1036 5 2458 7 230 2 
239 5 1043 6 496 7 275 4 
238 3 276 3 1042 2 274 4 
277 5 275 3 1045 4 237 6 
236 8 276 5 1044 5 278 3 
1039 5 235 4 279 1 277 3 
1038 5 234 5 278 1 280 3 
281 4 233 3 1041 5 279 3 
280 4 232 3 1040 3 272 6 
283 2 651 5 289 4 560 3 
282 2 559 2 284 5 650 2 
653 4 558 7 285 6 283 5 
284 6 652 5 557 4 508 7 
647 2 556 3 287 2 291 2 
646 6 288 5 555 2 286 2 
554 6 649 7 289 7 287 5 
648 7 553 5 288 7 282 4 
399 8 291 5 645 6 
644 3 290 5 551 2 286 2 
109 10 1884 9 2387 7 1744 6 
347 5 582 4 2103 3 1729 4 
295 7 2389 4 1744 3 1882 8 
294 7 1883 7 2388 9 807 6 
2436 8 297 3 65 5 303 5 
131 4 64 5 296 3 298 4 
1757 4 297 4 10 5 2403 8 
715 4 216 3 825 3 808 3 
1892 4 301 4 1016 5 2381 5 
2380 4 2285 5 1893 5 300 4 
492 7 262 6 303 6 14 5 
13 4 302 6 491 3 296 5 
1727 5 1761 4 582 5 2105 3 
677 5 531 6 306 2 2203 6 
313 3 676 1 2202 3 305 2 
308 6 655 4 2152 5 1805 5 
522 5 307 6 2151 8 654 7 
310 7 316 3 681 6 366 4 
2204 7 680 7 309 7 311 8 
2207 6 310 8 312 4 679 4 
2206 6 346 4 311 4 678 5 
306 3 2209 7 685 7 314 6 
538 7 684 7 315 5 313 6 
683 5 316 3 549 4 314 5 
682 5 315 3 309 3 1009 5 
318 2 938 3 322 8 517 5 
317 2 135 3 518 2 937 4 
513 5 940 4 320 2 326 3 
321 8 939 3 319 2 514 4 
320 8 515 9 942 9 322 13 
516 7 941 8 317 8 321 13 
944 7 1424 9 324 6 509 8 
943 6 325 6 323 6 510 3 
511 6 324 6 326 7 946 5 
512 3 325 7 945 4 319 3 
328 7 342 5 655 5 1112 7 
327 7 654 7 
1496 8 1851 5 330 12 405 7 
1495 11 141 8 329 12 404 9 
1864 3 1490 3 332 2 403 4 
333 4 402 3 331 2 1489 5 
332 4 1492 5 334 6 401 4 
1850 8 1491 6 400 4 333 6 
843 4 1120 6 336 4 952 9 
951 6 335 4 1119 7 337 5 
2394 2 338 4 1118 4 336 5 
337 4 631 5 339 5 1117 6 
340 6 948 4 338 5 1116 5 
1115 7 339 6 341 4 947 5 
1114 2 342 2 340 4 950 4 
1113 4 327 5 949 3 341 2 
1312 6 483 3 2035 5 1267 4 
1967 6 345 6 2495 8 1769 5 
1772 4 1966 3 344 6 2493 6 
1725 7 312 4 2308 5 347 6 
293 5 2098 7 1724 4 346 6 
349 6 563 7 1428 5 2184 5 
348 6 1427 5 350 3 
1432 1 351 4 349 3 
350 4 1431 7 2189 4 352 6 
2191 3 353 5 1430 5 351 6 
354 4 2190 4 352 5 1429 4 
355 2 353 4 2186 5 1436 3 
2185 2 354 2 1435 4 356 4 
1434 4 357 10 2188 4 355 4 
1433 10 356 10 151 10 2187 10 
365 6 530 5 359 6 453 6 
452 6 529 3 2133 3 358 6 
2197 6 1011 5 361 8 
362 6 2196 9 521 9 360 8 
361 6 363 4 526 6 410 3 
362 4 525 7 2192 5 364 5 
269 2 365 4 524 2 363 5 
416 5 523 4 358 6 364 4 
1009 6 1871 3 309 4 2204 4 
2159 6 2106 5 1840 9 199 5 
1775 6 381 6 816 8 1594 4 
1710 8 1774 6 214 6 2274 7 
373 9 205 3 371 2 1836 3 
1835 2 1075 4 370 2 204 5 
203 2 1838 5 2118 5 373 9 
370 9 1837 10 372 9 202 9 
1832 7 377 7 209 7 2118 9 
1777 2 213 2 1779 6 1713 3 
2106 5 1834 6 207 7 377 5 
374 7 206 7 1833 4 376 5 
2494 4 379 6 2012 5 1465 9 
1464 6 378 6 2009 5 1784 6 
1870 8 2494 5 2140 7 1467 6 
813 7 1776 4 1595 7 368 6 
1498 3 383 4 579 4 708 5 
1497 8 707 8 382 4 388 3 
385 5 1471 3 
1941 8 384 5 1470 6 2137 7 
714 7 389 4 387 6 1492 4 
713 10 386 6 1491 7 392 6 
716 5 389 3 1490 3 383 3 
715 5 388 3 1489 6 386 4 
1496 4 393 6 710 3 391 3 
1495 6 709 8 887 5 390 3 
712 4 393 7 1494 2 387 6 
1493 7 392 7 711 9 390 6 
1709 5 1781 4 217 6 1783 4 
1591 3 809 6 1780 5 1778 4 
252 8 857 9 2351 6 1620 6 
204 5 794 3 1075 4 398 1 
793 1 397 1 1072 4 
290 8 551 5 454 10 
2289 2 334 4 407 2 401 2 
2288 2 402 3 400 2 333 4 
332 3 403 5 401 3 2291 5 
402 5 408 5 2290 8 331 4 
405 4 2285 5 330 9 2380 4 
404 4 406 6 329 7 2284 4 
407 5 1851 4 2287 5 405 6 
406 5 400 2 1850 6 2286 2 
1864 4 2283 4 403 5 
1088 5 2274 4 2379 3 214 3 
2192 4 2196 6 2104 3 362 3 
412 3 1568 4 2379 5 2282 8 
411 3 1806 3 2281 3 1567 2 
200 4 2391 3 1244 5 
2279 5 2390 4 1806 5 1569 3 
418 6 1241 5 2391 4 1385 7 
2103 4 365 5 269 3 453 5 
197 5 1243 8 613 5 418 6 
415 6 1242 4 417 6 196 5 
420 4 61 6 
421 3 419 4 60 5 1849 3 
420 3 422 4 1848 7 63 3 
1847 3 421 4 423 6 62 9 
422 6 57 7 1846 6 424 5 
56 3 1845 4 425 8 423 5 
1844 10 59 12 426 9 424 8 
427 6 58 5 1843 3 425 9 
426 6 55 6 1842 5 428 5 
1841 7 427 5 26 7 54 2 
430 5 120 8 844 7 434 5 
429 5 952 10 119 5 843 5 
438 4 128 4 840 6 432 5 
431 5 839 7 433 3 127 3 
126 3 434 2 432 3 842 3 
125 5 433 2 841 3 429 5 
836 7 436 6 632 5 124 7 
123 6 435 6 437 5 835 4 
122 4 438 4 436 5 838 3 
121 2 431 4 437 4 837 2 
508 7 440 5 652 5 1132 3 
439 5 1131 5 507 7 445 6 
1140 4 504 5 442 4 448 2 
443 9 503 6 441 4 1139 6 
506 7 444 8 442 9 1138 8 
505 4 443 8 221 6 1137 8 
2491 9 1136 4 440 6 500 8 
904 5 260 7 450 5 1047 8 
448 4 2491 8 1134 4 502 4 
501 2 1133 5 447 4 441 2 
2120 3 1347 4 2307 4 451 4 
446 5 1259 2 1617 2 1046 2 
776 4 2119 4 1917 5 449 4 
918 7 453 6 359 6 2308 6 
452 6 2098 6 358 6 416 5 
241 6 455 8 2151 10 399 10 
551 3 454 8 462 6 2152 5 
459 8 457 10 558 8 2145 6 
557 7 2413 7 456 10 2146 10 
560 5 461 4 459 6 2143 7 
456 8 559 4 458 6 2144 5 
554 5 2149 3 461 4 463 4 
2150 7 553 3 458 4 460 4 
2147 6 455 6 556 6 463 5 
555 2 2148 4 462 5 460 4 
465 5 471 5 2258 7 1592 3 
464 5 2257 6 1591 5 466 8 
467 6 2260 8 1590 6 465 8 
1589 9 466 6 2259 3 
1596 6 2254 4 473 1 469 1 
2253 2 1595 5 470 1 468 1 
1594 1 2256 2 469 1 471 4 
464 5 2255 6 1593 5 470 4 
2252 5 800 4 1598 5 473 3 
472 3 468 1 2251 3 1597 2 
1939 3 482 3 574 4 475 4 
476 6 1938 5 474 4 573 6 
475 6 576 12 477 4 1937 4 
476 4 478 5 575 2 1936 4 
479 6 578 6 1935 9 477 5 
577 4 478 6 480 4 1934 5 
481 4 479 4 1933 3 580 10 
480 4 1932 2 708 5 579 4 
572 5 474 3 1931 6 
484 4 822 2 343 3 495 4 
483 4 485 5 821 3 1312 7 
486 5 484 5 824 6 528 5 
485 5 1829 3 823 7 527 4 
742 4 2403 6 1757 2 
817 2 533 4 1829 1 489 4 
820 6 490 8 488 4 240 6 
677 8 489 8 531 9 819 8 
2436 6 1622 2 492 4 303 3 
302 7 1449 6 491 4 1623 6 
788 3 1917 3 1190 3 2127 3 
255 9 812 9 495 8 2402 7 
1267 5 811 5 494 8 483 4 
67 4 856 9 497 6 274 7 
496 6 66 3 498 4 855 4 
201 4 497 4 
500 5 2491 6 1029 4 502 2 
1028 5 499 5 507 9 445 8 
448 2 504 5 1027 4 502 2 
1026 3 501 2 447 4 499 2 
506 4 1033 9 504 7 442 6 
441 5 501 5 503 7 1032 6 
444 4 687 3 1031 6 506 3 
503 4 443 7 505 3 1030 6 
508 9 1035 7 440 7 500 9 
507 9 1034 7 439 7 285 7 
1920 6 510 5 624 6 323 8 
511 3 1919 3 509 5 324 3 
325 6 510 3 512 2 1922 2 
326 3 1921 1 511 2 513 5 
514 7 319 5 1924 6 512 5 
513 7 515 5 320 4 1923 5 
514 5 321 9 516 3 1926 3 
1925 6 322 7 515 3 517 4 
1928 6 516 4 317 5 518 5 
1927 4 318 2 517 5 700 2 
2356 1 256 4 260 3 520 1 
2355 1 1617 2 519 1 1579 2 
2086 4 361 9 1011 6 526 9 
308 5 1982 2 2076 2 
530 3 365 4 790 4 524 2 
525 4 364 2 523 2 789 2 
524 4 792 5 363 7 526 9 
362 6 791 11 525 9 521 9 
534 5 486 4 2034 3 528 4 
1312 7 2033 4 485 5 527 4 
359 3 796 1 530 2 1544 1 
523 3 529 2 358 5 795 5 
2030 5 240 7 305 6 490 9 
540 2 1507 4 2429 4 536 3 
534 7 488 4 2032 7 240 6 
533 7 2031 5 527 5 1829 4 
1359 5 1374 3 537 3 1283 5 
1506 7 1983 3 2428 4 532 3 
1916 3 535 3 1358 2 1282 3 
314 7 2209 8 549 6 1868 8 
1564 7 550 8 83 6 885 5 
1500 4 532 2 2434 4 2208 4 
542 6 1315 5 547 5 
541 6 1314 5 
1916 3 1284 2 1356 5 1930 2 
1863 3 545 2 1319 5 
1318 4 546 1 544 2 
545 1 1321 2 547 2 
541 5 1320 6 546 2 
550 8 1451 5 1570 4 879 6 
1865 6 315 4 1009 6 538 6 
548 8 878 7 539 8 1569 5 
455 3 556 3 291 2 399 5 
1568 4 1451 4 881 3 89 4 
289 5 554 4 461 3 560 4 
555 3 460 5 288 6 553 4 
554 3 556 3 463 2 287 2 
286 3 551 3 555 3 462 6 
457 7 1034 4 558 5 285 4 
284 7 557 5 559 4 456 8 
459 4 560 3 283 2 558 4 
559 3 458 5 553 4 282 3 
562 5 1959 4 2005 5 564 4 
561 5 2004 5 1958 2 566 4 
2007 7 564 4 1957 4 348 7 
563 4 1956 3 561 4 2006 5 
2001 3 567 4 1955 6 
2003 5 1954 5 567 5 562 4 
565 4 2002 4 566 5 1953 4 
1814 1 1808 1 2241 2 
2247 8 1691 8 1812 10 1810 10 
92 9 82 7 
755 5 1810 7 1692 4 1816 5 
574 6 482 5 1322 4 
576 12 1317 6 574 6 475 6 
572 6 1316 7 474 4 573 6 
576 10 578 3 477 2 1315 3 
476 12 573 12 575 10 1314 11 
479 4 1321 4 580 10 578 4 
478 6 575 3 1320 6 577 4 
1319 6 382 4 580 10 481 4 
1318 11 579 10 577 10 480 10 
1896 6 1825 7 1823 8 662 8 
2102 5 293 4 1728 6 304 5 
2314 8 768 8 584 10 592 7 
767 5 583 10 585 6 2313 5 
586 2 766 4 2316 4 584 6 
585 2 2315 2 765 4 587 3 
2318 5 586 3 772 4 588 4 
2317 3 589 4 771 4 587 4 
590 4 588 4 770 4 2320 5 
589 4 2021 2 769 2 2319 3 
774 5 2322 9 745 5 592 5 
1447 7 583 7 591 5 773 7 
1747 7 594 6 954 7 602 6 
222 8 1746 3 593 6 953 4 
1753 7 761 6 962 6 596 6 
597 5 961 6 1752 6 595 6 
596 5 598 4 960 7 1755 4 
959 1 1754 4 597 4 599 2 
958 2 1749 6 600 3 598 2 
957 4 601 8 599 3 1748 7 
602 8 600 8 956 7 1751 10 
1750 3 601 8 955 4 593 6 
610 9 748 7 604 8 1061 9 
747 5 605 6 603 8 1060 5 
606 5 746 4 1063 5 604 6 
605 5 745 3 774 3 1062 3 
1057 5 608 5 614 5 752 3 
919 7 751 5 607 5 1056 6 
1547 5 1402 4 2120 3 1014 4 
603 9 1058 5 749 5 919 8 
1404 4 612 4 1014 4 2128 3 
611 4 1403 4 2393 5 2127 5 
740 5 417 5 614 4 1065 5 
1064 5 607 5 613 4 739 6 
756 5 2346 4 616 3 783 3 
2334 3 617 6 615 3 758 3 
616 6 1417 7 618 9 2051 7 
1418 6 619 7 1010 6 617 9 
618 7 2312 10 1419 6 620 4 
621 4 1420 4 619 4 775 1 
1421 5 620 4 2333 6 622 6 
1422 4 777 4 623 6 621 6 
1423 4 622 6 624 6 786 4 
1424 7 785 4 509 6 623 6 
1246 10 973 10 784 8 626 9 
2346 3 783 2 1245 3 625 9 
1193 1 1147 6 628 4 1759 7 
1194 6 1758 5 2496 6 627 4 
989 5 630 7 925 5 1214 6 
629 7 976 5 1215 11 924 6 
948 4 1817 6 338 5 2394 3 
633 3 435 5 718 2 2457 7 
2456 4 717 5 634 4 632 3 
720 5 633 4 2465 5 635 4 
2464 2 719 2 636 3 634 4 
722 2 1013 4 2463 4 635 3 
1762 5 2100 3 1731 5 
639 5 1013 5 724 3 2461 6 
2460 8 723 4 640 7 638 5 
2459 6 726 6 639 7 641 6 
725 6 2458 8 640 6 230 3 
1640 5 643 6 805 5 1325 6 
642 6 1324 3 
291 3 645 4 647 3 1646 5 
1645 5 290 6 644 4 
2214 7 647 6 287 6 649 8 
286 2 646 6 1639 4 644 3 
289 7 649 7 651 8 1638 6 
648 7 288 7 646 8 1637 5 
651 5 283 2 653 1 1644 2 
1643 5 650 5 282 5 648 8 
1642 7 653 3 285 5 439 5 
284 4 652 3 1641 3 650 1 
328 7 2076 4 655 5 308 7 
654 5 307 4 949 3 327 5 
1646 5 657 4 665 6 1820 7 
1819 6 656 4 1645 5 
659 4 1642 8 1828 6 1169 7 
658 4 1827 2 660 4 1641 3 
661 8 659 4 1644 5 1826 6 
662 8 660 8 1825 7 1643 5 
1638 6 661 8 663 6 581 8 
664 3 1823 6 662 6 1637 4 
665 5 663 3 1822 4 2214 3 
664 5 1821 7 1639 7 656 6 
667 2 677 4 1269 3 819 4 
666 2 676 2 674 5 1268 3 
671 4 679 4 669 4 1277 6 
668 4 1276 3 678 5 963 5 
673 4 1275 5 671 4 681 7 
668 4 670 4 1274 4 680 3 
673 4 683 6 1273 5 675 7 
672 4 670 4 682 5 1272 5 
685 8 675 8 1271 9 667 5 
684 8 674 8 672 7 1270 6 
306 1 685 5 667 2 677 4 
666 4 305 5 676 4 490 8 
669 5 679 5 1725 8 312 5 
668 4 680 3 678 5 311 4 
679 3 310 7 681 6 671 3 
682 8 680 6 309 6 670 7 
316 5 683 7 681 8 673 5 
672 6 682 7 315 5 684 7 
685 8 314 7 683 7 675 8 
684 8 676 5 313 7 674 8 
922 8 970 6 1728 7 972 6 
505 3 688 7 221 5 854 4 
695 7 220 6 687 7 853 7 
848 7 223 9 690 5 692 5 
847 4 689 5 1746 2 222 7 
692 1 846 3 225 6 694 3 
691 1 689 5 224 3 845 4 
227 4 694 3 696 5 852 3 
693 3 851 6 226 5 691 3 
696 6 688 7 850 5 229 2 
849 6 695 6 693 5 228 6 
704 6 1741 5 698 5 132 7 
133 5 699 3 697 5 1740 3 
698 3 700 2 1743 2 134 4 
135 3 1742 2 699 2 518 2 
136 8 1737 6 706 5 702 5 
701 5 703 4 1736 5 137 3 
138 4 704 5 702 4 1739 9 
697 6 703 5 1738 5 139 4 
1735 5 129 5 833 5 706 4 
701 5 130 2 1734 4 705 4 
383 8 916 11 708 9 716 10 
898 6 481 5 707 9 382 5 
88 7 710 8 391 8 1765 6 
709 8 711 6 390 3 1764 5 
712 6 393 9 1763 5 710 6 
392 4 711 6 713 8 827 5 
714 11 387 10 826 10 712 8 
713 11 715 8 825 7 386 7 
389 5 299 4 716 7 714 8 
388 5 715 7 707 10 808 6 
1463 7 633 5 720 6 718 4 
1462 1 717 4 632 2 836 4 
722 1 720 3 635 2 1457 2 
634 5 719 3 717 6 1456 4 
1455 6 1013 5 724 3 722 3 
636 2 719 1 1454 4 721 3 
724 2 1461 3 726 3 639 4 
723 2 721 3 638 3 1460 4 
641 6 726 6 1459 8 2426 5 
725 6 723 3 640 6 1458 5 
2160 4 1296 5 983 5 981 3 
243 5 1880 4 735 3 729 4 
1879 4 730 5 242 6 728 4 
729 5 245 7 731 6 1878 5 
730 6 244 7 26 9 1841 9 
733 10 247 6 1876 7 737 4 
1875 8 732 10 734 9 246 8 
735 4 733 9 1874 4 249 6 
734 4 248 4 1873 4 728 3 
737 3 251 9 2008 5 882 4 
736 3 1869 3 250 2 732 4 
2125 8 1395 5 1486 4 1499 4 
2173 7 740 7 614 6 752 4 
197 5 613 5 739 7 2172 7 
744 3 2403 6 2311 4 742 4 
2310 6 487 4 741 4 
744 3 1622 3 2309 5 2436 7 
741 3 2306 5 743 3 131 5 
606 3 591 5 2169 5 746 2 
605 4 747 3 2168 2 745 2 
604 5 746 3 748 4 2171 5 
2170 7 747 4 749 3 603 7 
610 5 750 5 748 3 2165 2 
919 8 751 6 749 5 2164 7 
608 5 750 6 2167 7 752 3 
2166 4 751 3 739 4 607 3 
2246 7 754 6 59 10 1815 7 
2241 3 753 6 58 4 1814 2 
571 5 2246 4 57 5 760 3 
615 5 1053 5 1220 3 758 5 
1795 5 2245 5 2053 1 3 2 
1052 5 616 3 1417 4 756 5 
69 3 2248 2 2240 5 1790 2 
62 8 1810 5 2247 3 755 3 
595 6 1562 5 794 4 762 3 
1561 4 793 2 761 3 
764 5 61 5 1813 8 
763 5 1812 7 60 7 2247 5 
766 6 586 4 869 6 772 5 
765 6 868 9 585 4 767 3 
584 5 768 3 871 7 766 3 
767 3 773 8 583 8 870 4 
873 3 590 2 770 2 1551 5 
769 2 872 5 589 4 771 4 
772 4 875 6 588 4 770 4 
874 5 771 4 587 4 765 5 
768 8 877 9 592 7 774 7 
591 5 876 7 606 3 773 7 
2312 7 1070 3 2333 3 620 1 
451 4 1537 4 2307 4 787 3 
786 2 622 4 2333 4 1068 6 
1347 5 2321 5 1539 4 2307 5 
1542 6 782 5 2085 6 1348 4 
967 3 2040 3 1223 6 
782 5 1350 5 1544 3 796 3 
781 5 1351 4 1543 4 779 5 
1220 1 626 2 615 3 784 1 
1221 6 2040 2 625 8 783 1 
1077 2 624 4 1920 4 786 2 
777 2 623 4 1076 2 785 2 
1546 5 788 4 1917 4 776 3 
493 3 1545 6 787 4 171 8 
792 3 1228 3 790 4 524 2 
1229 3 523 4 789 4 795 6 
2086 6 792 7 1230 7 526 11 
789 3 1231 4 525 5 791 7 
794 3 762 2 398 1 
793 3 397 3 761 4 962 4 
1236 7 796 4 530 5 790 6 
529 1 795 4 1237 2 781 3 
798 3 1172 6 1467 4 804 6 
797 3 1466 2 799 6 1171 2 
1174 6 798 6 1465 11 800 7 
472 4 1173 3 1464 5 799 7 
1176 5 802 6 806 6 1471 6 
801 6 1470 4 803 4 1175 8 
1469 2 804 5 1178 2 802 4 
1177 11 1468 5 803 5 797 6 
806 4 1473 3 642 5 1180 4 
1179 7 805 4 801 6 1472 4 
1888 5 295 6 1012 4 2383 6 
217 4 299 3 916 7 716 6 
810 7 2212 7 395 6 1101 6 
809 7 815 8 1100 5 1780 6 
1450 4 812 6 495 5 822 3 
1448 5 811 6 494 9 999 5 
816 9 381 7 1097 5 814 6 
1096 2 2215 4 1776 3 813 6 
1775 8 816 10 810 8 1099 10 
813 9 1098 6 815 10 368 8 
488 2 1453 3 818 2 820 4 
1829 1 823 5 817 2 1452 1 
1109 7 820 6 666 4 490 8 
1108 7 819 6 489 6 817 4 
824 4 484 3 822 1 1107 2 
1106 4 483 2 821 1 811 3 
818 5 1105 9 486 7 824 8 
821 4 485 6 1104 10 823 8 
826 6 219 4 299 3 714 7 
827 7 825 6 713 10 218 5 
826 7 213 4 1763 4 712 5 
2476 2 830 3 1674 7 
1560 3 2477 4 832 3 830 2 
828 3 1559 8 829 2 2478 4 
834 7 2153 6 2234 4 832 5 
1553 8 829 3 831 5 165 5 
834 7 2481 7 705 5 1556 4 
833 7 831 7 2482 5 1555 7 
838 2 1281 2 436 4 836 5 
1280 6 435 7 718 4 835 5 
838 1 438 2 1279 3 840 4 
1278 3 837 1 835 2 437 3 
1285 5 432 7 842 7 840 8 
431 6 1284 5 837 4 839 8 
844 5 1283 4 842 4 434 3 
841 4 839 7 1282 5 433 3 
335 4 844 7 1287 6 430 5 
841 5 843 7 1286 8 429 7 
846 6 71 4 848 6 692 4 
851 6 845 6 691 3 70 4 
690 4 1973 7 73 6 848 6 
72 5 689 7 845 6 847 6 
696 6 852 4 75 2 850 5 
853 5 695 5 74 5 849 5 
846 6 852 6 694 6 77 10 
76 5 849 4 851 6 693 3 
850 5 854 4 688 7 79 2 
1031 7 78 3 853 4 687 4 
856 7 2110 5 497 4 
855 7 1043 8 496 9 2111 10 
2352 7 396 9 1621 7 271 7 
179 6 859 8 2260 7 861 6 
858 8 178 6 2259 6 
861 5 181 5 2258 8 863 6 
180 5 860 5 2257 5 858 6 
2256 4 865 4 175 6 863 6 
174 6 860 6 862 6 2255 6 
865 4 177 3 2254 6 867 4 
864 4 176 2 862 4 2253 3 
2252 6 173 6 2343 4 867 5 
864 4 172 5 866 5 2251 4 
1338 10 871 13 766 9 869 9 
874 6 765 6 868 9 1339 5 
871 8 877 5 1336 5 768 4 
870 8 868 13 1337 9 767 7 
873 6 770 5 1342 9 875 7 
769 3 872 6 1343 4 1225 5 
772 5 869 6 1340 7 875 7 
771 6 1341 7 872 7 874 7 
1334 9 877 9 774 7 1062 7 
876 9 1335 4 870 5 773 9 
1686 5 550 7 885 4 879 5 
1685 4 880 8 878 5 548 6 
1684 8 881 6 1451 7 879 8 
886 4 1683 2 880 6 552 3 
81 4 1682 2 883 5 736 4 
884 8 882 5 80 7 1681 9 
83 7 885 6 883 8 1680 8 
884 6 878 4 539 5 1679 3 
1678 4 887 6 89 5 881 4 
1677 4 886 6 88 4 391 5 
895 5 889 3 1248 4 1383 4 
1384 5 1671 4 888 3 1247 2 
1379 6 893 5 1254 5 891 5 
1380 6 1253 4 896 5 890 5 
893 9 1381 9 1256 7 1092 9 
1382 6 890 5 892 9 1255 4 
895 5 897 7 1375 3 1250 4 
888 5 894 5 1376 6 1249 9 
1252 7 891 5 1377 4 897 8 
894 7 1378 7 1251 9 896 8 
916 8 211 6 708 6 1932 3 
266 5 902 6 900 4 1055 5 
905 2 899 4 265 3 1054 3 
902 6 1053 6 1449 6 1623 6 
901 6 899 6 1052 5 267 4 
906 4 1619 8 904 3 1051 6 
446 5 1050 6 903 3 261 5 
900 2 906 3 1049 3 1621 4 
905 3 1620 3 903 4 1048 2 
910 8 2070 6 2079 8 908 7 
2078 6 913 4 2069 7 907 7 
2072 3 910 5 1121 4 
907 8 909 5 2077 4 2071 6 
2083 5 914 4 912 6 2066 4 
911 6 2065 7 2082 5 
914 3 2068 3 2081 3 908 4 
913 3 2067 3 911 4 2080 6 
2123 2 1397 6 1499 2 917 2 
898 8 210 8 707 11 808 7 
1547 5 2122 2 1400 5 915 2 
452 7 1195 5 2206 8 2133 4 
1059 8 750 8 608 7 610 8 
921 6 923 5 964 6 1929 7 
920 6 963 7 1918 4 1276 5 
686 8 925 7 989 7 923 7 
988 5 920 5 972 5 922 7 
927 4 971 2 630 6 925 4 
970 5 922 7 924 4 629 5 
928 5 1989 5 969 7 927 6 
924 4 968 10 976 3 926 6 
966 3 926 5 984 4 
930 6 936 8 1366 5 1518 4 
1519 9 1365 8 2094 8 929 6 
1870 5 1093 3 1091 2 1635 2 
1367 8 1521 3 2094 5 1142 8 
934 9 1522 6 
933 9 1523 10 1369 8 935 8 
934 8 1524 2 936 8 1372 6 
1525 8 1371 9 935 8 929 8 
938 5 1159 5 1266 7 318 4 
937 5 317 3 941 3 1265 4 
940 5 320 3 942 4 1264 6 
939 5 319 4 1263 6 945 5 
942 4 938 3 1262 5 322 8 
941 4 1261 3 321 9 939 4 
1260 8 324 6 944 7 946 5 
323 7 1046 4 943 7 1259 4 
326 4 940 5 946 2 1258 5 
1257 4 943 5 325 5 945 2 
1809 3 950 5 948 3 340 5 
631 4 947 3 339 4 1807 3 
1805 4 342 3 950 5 655 3 
1804 6 947 5 949 5 341 4 
336 6 952 11 1824 8 2394 3 
430 10 951 11 1818 9 335 9 
954 5 199 4 1299 4 594 4 
198 4 953 5 955 5 593 7 
207 6 954 5 956 3 602 4 
957 3 206 6 601 7 955 3 
600 4 956 3 209 4 958 3 
599 2 959 1 957 3 208 4 
598 1 960 4 958 1 203 1 
961 8 959 4 597 7 202 5 
960 8 205 6 962 6 596 6 
204 6 961 6 595 6 794 4 
921 7 669 5 1725 8 964 7 
920 6 972 6 1724 4 963 7 
2496 6 2493 7 1188 6 1772 5 
928 3 1730 2 969 5 
780 3 973 4 2377 3 
1732 10 971 8 927 10 969 11 
926 7 1731 7 966 5 968 11 
925 5 686 6 971 3 1727 5 
924 2 970 3 968 8 1726 1 
1729 5 923 5 964 6 686 6 
625 10 967 4 2373 4 2040 4 
975 7 1769 7 1191 9 2495 10 
974 7 1192 8 1768 2 2 2 
630 5 2237 2 1989 2 927 3 
978 5 980 7 2163 5 1291 8 
977 5 1162 2 1290 3 2162 2 
980 7 2157 7 1293 9 982 7 
979 7 2156 4 1292 4 977 7 
1295 3 2155 5 982 3 727 3 
2154 4 1294 3 979 7 981 3 
986 4 2161 6 727 5 1297 5 
1989 4 987 6 928 4 1218 6 
2159 5 1299 4 199 4 986 4 
983 4 2158 5 985 4 1298 5 
1745 6 1219 5 984 6 
989 5 923 5 1929 7 1216 5 
988 5 629 5 1217 6 922 7 
264 2 1181 2 991 2 
263 2 1632 4 990 2 992 5 
1627 6 993 9 258 6 991 5 
1626 8 992 9 994 10 257 7 
995 9 1625 7 993 10 1618 8 
259 5 994 9 1624 7 996 6 
1631 3 997 6 254 6 995 6 
996 6 998 7 253 7 1630 5 
1609 7 999 4 997 7 1629 7 
998 4 1628 3 255 5 812 5 
1632 3 1007 5 
1004 5 1242 5 1002 7 1629 8 
1628 5 1001 7 1485 5 1243 8 
1004 6 1006 6 1631 6 1240 9 
1003 6 1001 5 1630 2 1241 3 
1008 4 1625 6 1006 5 
1003 6 1005 5 1624 4 1244 4 
1627 7 1008 5 1000 5 
1005 4 1626 3 1007 5 
1866 4 366 6 549 6 316 5 
618 6 2312 9 1328 7 2051 4 
2084 4 360 5 521 6 
1889 5 1756 7 2382 7 807 4 
721 5 636 4 638 5 2462 5 
1401 5 611 4 2119 4 609 4 
1820 7 1895 7 
2384 3 1887 7 1756 7 300 5 
1233 3 1022 3 2028 5 1018 3 
1232 3 2027 3 1017 3 
1024 7 1229 3 1020 7 2026 4 
1019 7 1228 6 1021 7 2025 7 
2024 5 1231 5 1020 7 1022 4 
1230 3 1017 3 2023 4 1021 4 
2126 6 1024 9 1981 6 1237 6 
1019 7 1023 9 1975 6 1236 8 
2304 6 28 6 1660 5 1828 6 
1029 5 502 3 2409 5 1027 5 
2408 8 1032 5 501 4 1026 5 
500 5 1035 3 1029 4 2411 3 
2410 8 1026 5 1028 4 499 4 
2405 6 1033 11 506 6 1031 9 
854 7 505 6 2404 7 1030 9 
2407 5 1027 5 1033 8 504 6 
2406 8 1030 11 1032 8 503 9 
1035 5 557 4 508 7 2413 4 
1034 5 507 7 2412 5 1028 3 
1037 7 2271 6 2469 7 273 5 
1036 7 2272 6 1040 4 272 7 
279 5 1041 7 1039 9 2269 6 
278 5 1044 7 1038 9 2270 5 
2267 3 1037 4 281 3 1041 4 
1038 7 1040 4 2268 5 280 5 
1043 4 2265 2 1045 3 275 2 
856 8 2266 3 1042 4 274 6 
2263 7 1045 4 1039 7 277 5 
2264 2 1044 4 276 4 1042 3 
944 4 1047 5 450 2 1424 6 
1423 4 1050 9 1046 5 446 8 
1420 4 1051 4 1049 2 906 2 
1054 4 1419 4 1048 2 905 3 
1051 9 1047 9 1422 7 904 6 
1050 9 1048 4 903 6 1421 5 
902 5 1053 5 1055 4 758 5 
1239 6 901 6 1052 5 756 5 
1055 4 1049 4 1418 5 900 3 
1054 4 1417 3 1052 4 899 5 
1516 5 1057 6 1059 7 608 6 
1056 6 1517 3 607 5 1064 5 
610 5 1059 5 1061 5 1514 2 
919 8 1058 5 1056 7 1515 4 
1512 4 1063 4 604 5 1061 6 
1513 6 1058 5 1060 6 603 9 
1063 3 1510 4 876 7 606 3 
605 5 1062 3 1511 3 1060 4 
614 5 1065 6 1057 5 1484 3 
1064 6 1243 8 1485 5 613 5 
89 3 2379 4 1568 3 1088 6 
1444 8 1070 7 1068 9 2333 7 
1076 6 1443 6 777 6 1067 9 
2312 9 1328 7 1070 5 1446 5 
1445 4 1067 7 775 3 1069 5 
2051 3 1074 3 1440 4 1328 6 
1075 7 398 4 2011 5 
2346 5 1245 5 1442 4 1074 5 
2334 4 1071 3 1441 5 1073 5 
1072 7 397 4 371 4 2010 7 
1077 2 1438 2 1068 6 786 2 
1076 2 785 2 2178 3 1437 5 
1079 6 1911 4 1160 9 1081 5 
1078 6 1910 6 1266 7 1159 5 
1081 5 1913 9 1158 4 1083 6 
1080 5 1912 6 1157 5 1078 5 
1907 5 1156 5 1085 5 1083 6 
1155 6 1082 6 1080 6 1906 6 
1909 2 1087 6 1154 7 1085 4 
1084 4 1082 5 1153 5 1908 7 
1152 3 1647 6 1087 6 1915 4 
1084 6 1151 7 1086 6 1914 9 
1765 5 409 5 1066 6 88 6 
1941 5 1090 3 
1091 2 1089 3 1985 5 
1090 2 1970 4 931 2 
1549 4 892 9 
931 3 1998 3 1094 3 1636 6 
1095 5 2012 3 1093 3 1633 7 
1634 6 1094 5 1110 7 2009 6 
186 5 814 2 1097 1 1111 2 
1096 1 1098 2 813 5 187 3 
816 6 184 5 1097 2 1099 6 
185 7 815 10 1100 7 1098 6 
1101 4 189 5 1099 7 810 5 
1100 4 190 4 809 6 1102 5 
2212 6 188 4 1103 7 1101 5 
1852 8 1102 7 
1515 7 1107 8 824 10 1105 11 
1514 5 823 9 1452 5 1104 11 
822 4 1450 5 1517 4 1107 5 
1104 8 1106 5 821 2 1516 3 
1511 6 820 7 1109 8 1453 6 
819 7 1108 8 1269 6 1510 6 
1111 5 2213 9 1095 7 182 4 
2215 4 1110 5 183 6 1096 2 
1113 6 1565 5 327 7 
342 4 1576 6 1112 6 1114 4 
1115 5 341 2 1575 7 1113 4 
1114 5 340 7 1116 6 1578 6 
1115 6 1117 6 1577 5 339 5 
1116 6 1572 4 1118 6 338 6 
1119 6 337 4 1117 6 1571 7 
1118 6 1120 9 336 7 1574 9 
1573 7 335 6 1119 9 1287 8 
1893 6 1122 3 909 4 
1123 3 1121 3 1892 2 
1122 3 1887 7 1124 4 
1125 4 1123 4 1886 3 
1889 5 1126 5 1124 4 
1125 5 1888 6 1127 6 
1883 6 1128 5 1126 6 
1129 6 1882 7 1127 5 
1885 6 1128 6 1130 7 
1289 5 1129 7 1884 6 
1136 3 440 5 1170 4 1132 3 
1169 4 1642 5 1131 3 439 3 
1166 7 1134 5 1140 7 448 5 
1133 5 1165 7 1135 8 447 4 
2491 12 1134 8 1136 7 1168 7 
1131 3 445 4 1135 7 1167 3 
1162 7 1138 8 1290 8 444 8 
1137 8 443 8 1161 5 1139 5 
1140 6 1164 3 442 6 1138 5 
1163 6 441 4 1139 6 1133 7 
1142 11 1146 6 1704 6 1205 8 
1141 11 1204 9 1705 9 932 8 
1144 5 1706 5 1150 5 1201 6 
1145 7 1143 5 1200 3 1707 5 
1144 7 1203 9 1708 7 1146 7 
1141 6 1145 7 1202 3 1709 3 
627 6 1197 7 1710 10 1148 7 
1149 3 1711 2 1147 7 1196 6 
1148 3 1150 3 1712 3 1199 4 
1208 6 1713 4 1143 5 1149 3 
130 3 1154 8 1087 7 1152 4 
129 4 1086 3 1151 4 1303 4 
137 4 1154 8 1156 5 1085 5 
136 10 1153 8 1084 7 1151 8 
1083 6 139 4 1158 4 1156 5 
1153 5 1155 5 1082 5 138 4 
1160 9 133 6 1158 4 1081 5 
1157 4 1155 4 132 5 1080 4 
937 5 1160 8 135 4 1079 5 
1157 9 134 9 1159 8 1078 9 
1162 4 1164 3 1993 6 1138 5 
1161 4 1137 7 978 2 1992 5 
1140 6 1164 3 1166 6 1991 4 
1161 3 1990 3 1163 3 1139 3 
1166 9 1997 8 1134 7 1168 6 
1165 9 1133 7 1996 5 1163 6 
1995 8 1170 4 1136 3 1168 3 
1135 7 1994 3 1167 3 1165 6 
1170 5 1132 4 658 7 2000 6 
1169 5 1999 3 1131 4 1167 4 
1172 5 2345 3 1174 2 798 2 
1171 5 1177 11 2344 6 797 6 
800 3 1174 2 2343 2 2252 4 
799 6 1171 2 1173 2 2342 1 
2341 11 1176 7 1178 6 802 8 
801 5 1175 7 2340 5 1179 6 
804 11 1172 11 2339 9 1178 8 
2338 2 803 2 1175 6 1177 8 
2337 6 806 7 1180 7 1176 6 
2336 4 1179 7 1325 5 805 4 
1182 3 91 5 990 2 
1181 3 90 3 1183 4 
1182 4 1184 3 93 5 
1183 3 92 5 
1186 4 1188 5 2493 6 2280 3 
1185 4 2279 4 1191 5 2495 6 
1188 8 2282 11 1194 8 2496 8 
1187 8 965 6 2281 5 1185 5 
1192 9 2276 5 2 3 1190 5 
2275 5 493 3 171 8 1189 5 
1192 10 2278 5 1186 5 974 9 
1191 10 975 8 1189 9 2277 9 
2274 4 627 1 1710 5 1194 3 
628 6 1187 8 1193 3 2273 4 
1872 3 2134 6 918 5 2207 5 
1796 7 1197 6 1199 7 1148 6 
1795 6 1196 6 1147 7 1759 8 
1533 4 2095 4 2107 4 1457 3 
1793 4 1196 7 1149 4 1208 7 
1203 5 1201 4 1792 4 1144 3 
1791 6 1200 4 1143 6 1208 7 
1203 5 1205 5 1146 3 1790 3 
1202 5 1200 5 1789 6 1145 9 
1142 9 1205 6 1788 4 1367 9 
1204 6 1141 8 1202 5 1787 5 
1207 8 2107 5 1527 5 1463 6 
1206 8 2335 7 1526 11 1462 6 
1150 6 1794 7 1199 7 1201 7 
193 3 1210 5 1364 7 1212 5 
1213 5 1209 5 192 4 1363 4 
195 5 1405 4 1212 4 1362 5 
194 6 1211 4 1361 4 1209 5 
1360 4 1210 5 191 8 
1215 10 1217 7 629 6 1558 6 
1214 10 630 11 2237 8 1557 10 
1217 6 1226 6 988 5 1676 6 
1216 6 989 6 1214 7 1675 7 
1219 5 2238 7 1554 6 984 6 
1426 4 987 5 1218 5 1662 4 
783 1 1221 6 1239 4 756 3 
784 6 1238 9 1222 8 1220 6 
1221 8 2040 4 1223 7 2309 6 
1224 6 1222 7 780 6 2306 8 
1223 6 2311 4 
873 5 1918 3 1226 6 1551 7 
1550 5 1216 6 1929 8 1225 6 
2391 4 1385 7 200 5 164 7 
1229 2 1231 4 789 3 1020 6 
1019 3 790 3 1228 2 1236 4 
1022 3 1231 4 791 7 1233 3 
792 4 1230 4 1228 4 1021 5 
1018 3 2084 3 1233 3 
2086 2 1017 3 1230 3 1232 3 
1235 3 1633 7 
1636 6 1234 3 
795 7 1229 4 1024 8 1237 5 
1023 6 1350 4 1236 5 796 2 
1239 7 1622 5 1221 9 2309 7 
1053 6 1238 7 1220 4 1449 6 
1003 9 1244 7 2391 5 1241 6 
1242 3 1004 3 415 5 1240 6 
1001 5 1243 6 1241 3 418 4 
1242 6 1065 8 417 8 1002 8 
1240 7 1006 4 413 5 
2262 3 1073 5 626 3 1246 4 
2261 5 625 10 2373 4 1245 4 
1608 5 173 3 1248 3 889 2 
172 6 1247 3 888 4 1249 8 
1250 8 177 6 1248 8 895 9 
1251 6 1249 8 176 3 894 4 
1250 6 897 9 1252 8 175 7 
896 7 1253 6 174 7 1251 8 
1252 6 891 4 1254 4 181 4 
180 5 1255 4 890 5 1253 4 
1256 2 179 4 1254 4 893 4 
1255 2 178 2 892 7 
946 4 1715 4 1260 7 1258 7 
1257 7 1714 8 1263 6 945 5 
450 2 1717 4 944 4 1260 5 
943 8 1257 7 1716 7 1259 5 
942 3 1262 4 1264 5 1719 3 
1718 4 1265 6 941 5 1261 4 
1721 7 1264 7 1258 6 940 6 
1720 9 1263 7 939 6 1261 5 
1266 6 1262 6 938 4 1723 5 
1265 6 1722 5 1079 7 937 7 
2402 4 495 5 1944 5 343 4 
1269 4 1271 7 1335 2 667 3 
1268 4 666 3 1109 6 1334 6 
1273 4 1337 4 1271 7 675 6 
1268 7 674 9 1336 9 1270 7 
1273 6 1339 6 1275 6 673 5 
1338 6 1272 6 672 5 1270 4 
1341 6 1277 6 1275 5 671 4 
670 5 1272 6 1340 6 1274 5 
1343 3 669 3 1277 5 921 5 
1274 6 668 6 1276 5 1342 9 
838 3 1281 3 1370 5 1279 5 
1284 4 837 3 1930 4 1278 5 
836 6 1462 3 2335 4 1281 3 
1943 3 1278 3 1280 3 835 2 
1285 3 842 5 1283 5 537 3 
841 4 1286 7 535 5 1282 5 
1285 2 1279 4 543 2 840 5 
1282 3 1284 2 839 5 1916 3 
1283 7 1287 7 1374 5 844 8 
843 6 1286 7 1120 8 1373 5 
1698 3 1289 5 
1288 5 1130 5 1697 8 
1291 6 1137 8 978 3 221 6 
1292 5 1290 6 220 4 977 8 
1291 5 229 2 980 4 1293 6 
228 6 979 9 1294 5 1292 6 
227 4 1295 3 982 3 1293 5 
1296 5 1294 3 981 3 226 5 
1297 5 727 5 1295 5 225 8 
224 5 1296 5 1298 6 983 5 
1297 6 223 8 1299 5 986 5 
985 4 953 4 222 8 1298 5 
165 6 1650 5 1304 6 1301 5 
1649 5 1302 5 1300 5 2234 3 
1648 4 2482 4 1301 5 1303 6 
1302 6 1152 4 2481 7 1647 7 
2477 6 1651 3 1300 6 
1861 6 1306 9 2090 8 1957 5 
1305 9 2091 9 1307 7 1956 7 
2092 3 1959 3 1308 5 1306 7 
1958 3 1309 9 1307 5 2093 3 
1310 12 1954 9 2087 9 1308 9 
1309 12 1311 6 2088 6 1953 7 
1955 5 2089 2 1310 6 
2036 8 528 7 343 6 484 7 
167 4 1488 3 
1315 4 1317 5 542 5 576 11 
1320 6 1314 4 541 5 575 3 
1317 7 574 7 1322 5 
1316 7 573 6 1314 5 
545 4 580 11 1319 7 1321 5 
1498 5 579 6 1318 7 544 5 
1315 6 1321 6 547 6 578 6 
577 4 1320 6 546 2 1318 5 
572 4 1316 5 
1326 7 2190 4 
1325 3 1327 1 643 3 2188 1 
1324 3 1180 5 2187 6 642 6 
1327 5 1323 7 2186 8 
2185 2 1326 5 1324 1 
1010 7 1069 7 1439 6 1071 6 
1330 7 1416 4 1333 6 2195 4 
2194 9 1329 7 1331 5 1415 7 
2193 2 1330 5 
2199 9 1333 6 1426 5 1662 5 
1425 8 1332 6 2198 7 1329 6 
876 9 1335 4 1510 6 1269 6 
1334 4 877 4 1268 2 1336 4 
1337 6 870 5 1271 9 1335 4 
1336 6 1338 6 871 9 1270 4 
1273 6 868 10 1337 6 1339 6 
1272 6 1340 6 869 5 1338 6 
1341 7 874 7 1339 6 1275 6 
1340 7 1274 6 1342 9 875 7 
1341 9 872 9 1343 7 1277 9 
1276 3 873 4 1918 2 1342 7 
1374 6 1345 11 1359 8 2324 7 
1344 11 1373 8 2323 7 1899 9 
2122 3 2321 5 1349 4 1347 5 
1346 5 2121 3 449 4 778 5 
2124 5 1349 3 1351 3 779 4 
1346 4 1348 3 2085 5 2123 3 
781 5 1237 4 1351 4 2126 4 
2125 7 782 4 1350 4 1348 3 
2330 4 1526 7 2335 3 1353 4 
2329 5 1943 5 1354 7 1352 4 
1370 7 1355 8 2332 5 1353 7 
1356 8 1930 5 1354 8 2331 5 
1355 8 2326 8 543 5 1357 7 
1358 4 1356 7 2325 6 1916 5 
2328 3 1357 4 1359 4 537 2 
2327 5 1344 8 535 5 1358 4 
1213 4 1363 3 1651 2 
1648 2 1364 6 1362 5 1212 4 
1915 6 1647 8 1361 5 1211 5 
1360 3 1364 6 1210 4 1650 3 
1649 8 1363 6 1361 6 1209 7 
1368 6 930 8 1366 7 1616 5 
1615 7 1371 6 1365 7 929 5 
932 8 1614 9 1368 9 1204 9 
1613 6 1365 6 2094 6 1367 9 
1612 6 934 8 1372 6 
1354 7 1930 4 1943 5 1278 5 
1611 6 1366 6 936 9 1372 7 
1369 6 1610 9 1371 7 935 6 
1573 4 1345 8 1374 3 1287 5 
1344 6 535 3 1286 5 1373 3 
1376 4 894 3 1378 3 2115 4 
1375 4 2114 5 1383 5 895 6 
1378 3 2117 5 1380 5 896 4 
2116 3 1377 3 897 7 1375 3 
890 6 1382 7 2427 5 1380 7 
891 6 1377 5 2424 5 1379 7 
1382 6 2113 5 892 9 1549 4 
893 6 1381 6 1379 7 2112 5 
1384 6 1376 5 2109 7 888 4 
1383 6 889 5 2108 5 2441 7 
1227 7 163 5 415 7 196 6 
2449 5 1388 5 
2448 4 2028 5 1390 4 1388 5 
1386 5 2447 6 2027 5 1387 5 
2024 5 1390 5 2453 4 1392 6 
1389 5 2023 5 1387 4 2452 4 
1392 5 2026 3 1394 2 2451 2 
2025 6 1391 5 2450 6 1389 6 
2455 8 1396 4 1981 5 1394 4 
1975 2 1391 2 1393 4 2454 2 
245 7 738 5 1396 3 1398 7 
1486 2 1395 3 1393 4 244 4 
1400 9 243 9 1398 10 915 6 
1499 6 242 8 1395 7 1397 10 
1547 5 1400 5 1402 4 249 5 
1399 5 1397 9 248 6 917 5 
1404 5 1014 5 1402 5 247 5 
246 4 1399 4 609 4 1401 5 
251 8 1404 4 612 4 1786 4 
1401 5 250 4 611 4 1403 4 
1406 3 1211 4 1915 5 25 5 
1405 3 1914 5 1407 2 24 2 
1909 2 1408 3 1406 2 21 4 
1908 6 1409 5 1407 3 20 3 
1408 5 1410 7 1907 6 23 6 
1906 6 1411 6 1409 7 22 7 
1412 8 17 4 1410 6 1913 9 
1411 8 1912 9 1413 8 16 9 
1911 4 19 4 1414 5 1412 8 
18 3 1910 5 1413 5 1588 3 
1416 4 1330 7 
1425 6 1329 4 1415 4 2056 4 
1055 3 617 7 1418 4 758 4 
618 6 1419 5 1054 5 1417 4 
1418 5 619 6 1049 4 1420 6 
1048 4 1419 6 1421 5 620 4 
621 5 1422 3 1420 5 1051 5 
622 4 1050 7 1421 3 1423 2 
623 4 1047 4 1424 5 1422 2 
624 7 323 9 1423 5 1046 6 
1733 6 1426 7 1333 8 1416 6 
1219 4 1425 7 1332 5 1745 5 
1862 6 1428 4 349 5 1432 3 
1957 2 1861 3 1427 4 348 5 
1858 6 1436 3 353 4 1430 4 
1857 5 1431 6 352 5 1429 4 
351 7 1860 6 1430 6 1432 4 
350 1 1859 2 1431 4 1427 3 
1599 6 357 10 1854 6 1434 4 
356 4 1853 2 1435 4 1433 4 
1856 7 1434 4 355 4 1436 5 
1855 5 354 3 1429 3 1435 5 
1531 7 1438 5 1077 5 1509 6 
1508 4 1076 2 1437 5 1443 2 
1446 4 1507 5 1440 4 1328 6 
1071 4 1506 7 1439 4 1441 6 
1505 6 1074 5 1440 6 1442 4 
1504 5 1073 4 2262 2 1441 4 
1503 4 1438 2 1068 6 1444 5 
1067 8 1445 5 1502 6 1443 5 
1446 4 1070 4 1501 4 1444 5 
1445 4 1439 4 1500 5 1069 5 
2314 8 2372 7 592 7 2322 11 
1485 3 812 5 1628 3 1450 3 
901 6 492 6 1622 4 1239 6 
811 4 1106 5 1484 2 1448 3 
1567 3 548 5 880 7 552 4 
1453 2 1105 5 818 1 1513 3 
1452 2 1512 3 817 3 1108 6 
722 4 2095 6 1455 7 1457 5 
721 6 1460 7 1971 7 1454 7 
2107 4 1457 3 1463 5 720 4 
1456 3 1454 5 1198 3 719 2 
1461 5 1459 7 726 5 1986 6 
1458 7 1984 6 725 8 2200 4 
1455 7 724 4 1988 6 1461 5 
1458 5 723 3 1687 6 1460 5 
1280 3 1463 4 718 1 1207 6 
717 7 1462 4 1456 5 1206 6 
1465 9 379 6 800 5 1598 6 
1464 9 1466 7 799 11 378 9 
2494 2 1467 3 798 2 1465 7 
1466 3 1468 3 797 4 380 6 
804 5 1467 3 2140 4 1469 2 
803 2 1470 2 2137 3 1468 2 
1469 2 1471 4 802 4 385 6 
1470 4 1472 4 801 6 384 3 
1471 4 1473 3 806 4 
1640 3 805 3 1472 3 
1481 4 1475 5 2155 5 2225 4 
1476 7 2224 7 1474 5 2154 6 
2223 7 1475 7 1477 5 2157 5 
1476 5 1482 6 2222 4 2156 4 
2221 3 2159 3 1479 3 1840 6 
2158 6 1478 3 2220 5 1480 5 
2161 6 2219 4 1481 6 1479 5 
2160 5 1474 4 2218 5 1480 6 
1483 5 1477 6 2217 5 2163 4 
1482 5 2162 3 2216 2 1659 2 
1517 1 1450 2 1064 3 1485 2 
1448 3 1065 5 1002 5 1484 2 
1396 2 1981 3 2126 3 738 4 
1488 3 1771 4 
1487 3 1770 4 2497 4 1313 3 
389 6 1490 6 1492 6 332 5 
1489 6 388 3 1497 8 331 3 
1494 3 1492 5 334 6 387 7 
1491 5 333 5 1489 6 386 4 
393 7 1851 2 1496 5 1494 2 
1491 3 392 2 1850 5 1493 2 
1496 7 391 6 330 11 1677 5 
390 4 329 8 1495 7 1493 5 
383 8 1864 8 1490 8 1498 7 
382 3 1863 3 1319 5 1497 7 
1398 6 738 4 915 2 2124 5 
540 4 1501 5 1507 6 1446 5 
1500 5 1502 5 2208 5 1445 4 
1501 5 2211 5 1503 5 1444 6 
1508 6 1443 4 1502 5 2210 4 
2205 5 1702 7 1442 5 1505 7 
1506 7 1441 6 1983 3 1504 7 
536 7 1505 7 1507 8 1440 7 
1506 8 532 4 1500 6 1439 5 
1438 4 1503 6 2201 7 1509 5 
1984 4 1508 5 2200 2 1437 6 
1334 6 1109 6 1062 4 1511 4 
1108 6 1063 3 1512 3 1510 4 
1453 3 1060 4 1513 4 1511 3 
1061 6 1512 4 1452 3 1514 3 
1105 5 1515 1 1058 2 1513 3 
1104 7 1514 1 1059 4 1516 2 
1056 5 1515 2 1517 2 1107 3 
1484 1 1057 3 1106 4 1516 2 
1519 7 1525 4 1946 4 929 4 
1518 7 930 9 1945 7 1520 7 
2094 6 1948 6 1519 7 1521 4 
932 3 1947 3 1705 4 1520 4 
933 6 1523 7 1950 6 
934 10 1949 6 1524 4 1522 7 
1525 2 1523 4 935 2 1952 2 
1524 2 936 8 1518 4 1951 5 
2175 6 1207 11 1352 7 1527 8 
1532 5 1206 5 2174 4 1526 8 
2177 4 1535 6 1529 5 1988 5 
1687 7 1528 5 2176 3 1530 5 
2179 5 1531 5 1529 5 1986 5 
1530 5 1437 7 2178 5 1984 5 
1527 5 2107 5 1533 5 2181 6 
1198 4 1534 3 2180 3 1532 5 
2095 3 1533 3 2183 2 1535 4 
1528 6 1971 7 1534 4 2182 7 
1974 5 1750 6 1972 6 2267 6 
2132 5 776 4 1546 6 1538 5 
1539 4 2131 4 2307 5 1537 5 
1538 4 1540 8 778 4 2130 5 
2129 9 1539 8 1541 11 2321 9 
2136 5 2085 8 1540 11 1542 8 
2135 5 779 6 1541 8 1543 5 
782 4 1544 2 2134 6 1542 5 
781 3 2133 1 1543 2 529 1 
1546 7 788 6 1766 5 2139 7 
1545 7 787 5 1537 6 2138 7 
1399 5 917 5 2121 4 609 5 
1978 1 2265 1 1980 4 1752 5 
1092 4 1940 5 1381 4 
1226 5 1551 6 1676 5 2022 4 
2021 5 1550 6 769 5 1225 7 
2397 3 2357 5 
832 8 1803 7 1560 8 2153 9 
1670 7 2015 3 1662 5 1218 6 
1801 5 834 7 1556 4 2153 6 
1800 6 1555 4 833 4 1735 4 
1558 6 2020 6 1215 10 1673 10 
1557 6 1675 6 2019 3 1214 6 
1560 9 830 8 1674 12 1798 9 
829 3 1559 9 1797 3 1553 8 
1562 6 762 4 2142 7 
1561 6 761 5 1753 6 2141 9 
1830 11 1566 8 83 7 1564 8 
539 7 1563 8 1569 4 2390 5 
1576 5 1112 5 
2392 5 1563 8 1786 6 80 7 
1451 3 1570 2 1568 3 412 2 
411 4 552 4 1567 3 1066 3 
1570 1 550 5 1564 4 414 3 
1806 3 1567 2 1569 1 548 4 
1901 7 1572 5 1118 7 1574 10 
1577 3 1571 5 1117 4 1900 5 
1574 7 1373 4 1899 5 1120 7 
1573 7 1898 9 1571 10 1119 9 
1578 8 1905 9 1576 9 1114 7 
1904 5 1113 6 1565 5 1575 9 
1572 3 1903 6 1116 5 1578 5 
1575 8 1902 7 1577 5 1115 6 
1580 4 1717 4 2364 5 520 2 
1579 4 1581 3 2363 6 1716 6 
1580 3 2366 2 1715 1 1582 1 
2365 2 1583 3 1714 5 1581 1 
1584 7 2368 3 1721 7 1582 3 
1585 9 1583 7 1720 9 2367 6 
1584 9 2370 7 1586 7 1719 7 
2369 6 1585 7 1587 4 1718 3 
1723 4 2372 3 1586 4 1588 2 
1414 3 1722 2 1587 2 2371 6 
467 9 1590 9 15 9 
1591 3 1589 9 1778 4 466 6 
395 3 1590 3 1592 3 465 5 
1591 3 1780 5 1593 3 464 3 
1594 2 1775 4 471 5 1592 3 
1593 2 470 1 368 4 1595 5 
1596 10 469 5 381 7 1594 5 
1776 7 468 6 1595 10 1597 7 
1598 4 1596 7 1785 3 473 2 
472 5 1597 4 1784 6 1464 6 
1433 6 1664 6 1600 5 151 6 
1601 6 1663 6 1599 5 150 3 
1600 6 155 6 1602 5 1666 5 
1603 4 154 5 1665 6 1601 5 
1602 4 1604 6 153 5 1668 4 
1667 6 1603 6 1605 6 152 6 
159 3 1604 6 2305 7 1606 8 
158 9 1669 6 1605 8 1607 10 
1672 5 1608 9 157 6 1606 10 
1247 5 156 8 1607 9 1671 7 
998 7 255 8 253 7 2418 6 
1611 8 1612 9 2396 5 1372 9 
1371 6 1610 8 1615 7 2395 5 
1369 6 1610 9 2397 7 
1368 6 1616 5 1614 6 2399 6 
1367 9 1613 6 2398 5 1788 4 
1366 7 1611 7 1616 5 2401 5 
1613 5 2400 5 1615 5 1365 5 
260 4 1717 4 520 2 450 2 
259 4 2414 7 257 5 994 8 
903 8 252 9 1620 7 261 10 
906 3 1619 7 1621 4 396 6 
265 5 857 7 1620 4 905 4 
1238 5 491 2 743 3 1449 4 
262 5 267 4 901 6 492 6 
1631 4 1006 4 1625 5 995 7 
1005 6 994 7 1624 5 1626 5 
993 8 1627 5 1008 3 1625 5 
1007 7 992 6 1626 5 1632 5 
1002 5 1448 3 1629 6 999 3 
1628 6 1630 5 998 7 1001 8 
1629 5 1004 2 997 5 1631 2 
996 3 1003 6 1624 4 1630 2 
991 4 1627 5 1000 3 
1634 8 1094 7 1636 10 1234 7 
182 3 1095 6 1633 8 
1636 5 931 2 
1635 5 1235 6 1093 6 1633 10 
1638 4 2214 4 649 5 663 4 
1637 4 662 6 648 6 1643 3 
665 7 647 4 2214 5 1646 6 
642 5 1473 3 
653 3 1642 7 1644 4 659 3 
652 7 658 8 1641 7 1132 5 
651 5 1644 2 1638 3 661 5 
1643 2 1641 4 660 5 650 2 
645 5 1646 6 657 5 
656 5 1639 6 1645 6 644 5 
1086 6 1648 5 1362 8 1303 7 
1361 2 1302 4 1649 4 1647 5 
1364 8 1648 4 1301 5 1650 5 
1651 2 1300 5 1363 3 1649 5 
1650 2 1304 3 1360 2 
1653 2 1995 7 1661 3 2064 2 
1652 2 1654 4 2063 2 1994 3 
1655 6 2062 5 1653 4 1997 6 
1654 6 1656 7 1996 4 2061 5 
1655 7 1991 6 1657 10 2060 8 
2059 6 1990 8 1658 7 1656 10 
1659 2 1993 5 2058 4 1657 7 
1658 2 1483 2 2057 1 1992 4 
1661 3 2000 4 2055 4 1025 5 
1660 3 1999 3 2054 5 1652 3 
1554 5 1219 4 1332 5 2016 8 
1600 6 1664 7 1666 5 2437 6 
1854 6 1663 7 1599 6 2438 6 
1602 6 1668 6 2443 7 1666 6 
2444 6 1663 5 1665 6 1601 5 
1604 6 2305 7 2445 7 1668 4 
2446 4 1603 4 1665 6 1667 4 
1672 1 1606 6 2305 5 2439 2 
1673 11 1554 7 2014 7 2238 8 
2441 6 1672 3 889 4 1608 7 
1669 1 1671 3 1607 5 2442 3 
2237 8 1670 11 2013 9 1557 10 
1559 12 828 7 1799 8 
2018 5 1558 6 1217 7 1676 7 
2017 6 1550 5 1216 6 1675 7 
141 2 887 4 1678 2 1495 5 
140 1 886 4 1677 2 1683 2 
1686 4 1680 5 885 3 147 3 
1681 9 146 7 884 8 1679 5 
1682 6 1680 9 149 9 883 9 
1681 6 2008 3 882 2 148 5 
143 4 881 2 1678 2 1684 4 
880 8 142 9 1683 4 1685 4 
1686 4 879 4 145 2 1684 4 
1685 4 878 5 1679 4 144 4 
1529 7 1988 7 1461 6 1986 7 
1812 4 168 2 1689 3 1691 2 
1813 9 167 6 1881 5 1688 3 
1692 4 1810 7 170 6 1691 5 
569 8 169 3 1690 5 1688 2 
1690 4 166 1 571 4 
1694 4 1696 6 113 4 
1693 4 114 2 
1696 5 111 6 1698 3 
1695 5 1693 6 112 3 
109 10 1884 9 1698 6 1289 8 
110 2 1288 3 1695 3 1697 6 
2038 10 1703 5 1700 6 2293 6 
1699 6 1701 4 2037 5 2292 6 
1700 4 2039 2 
1504 7 2042 5 1703 4 2262 4 
2041 4 1699 5 2261 4 1702 4 
1783 2 1709 3 1141 6 1705 4 
1782 6 1521 4 1142 9 1704 4 
1713 4 1707 5 1143 5 1779 7 
1708 5 1706 5 1 5 1144 5 
1707 5 1709 3 1145 7 1781 2 
1704 3 394 5 1708 3 1146 3 
369 8 1193 5 1147 10 1711 5 
1712 2 1774 3 1148 2 1710 5 
1777 3 1711 2 1149 3 1713 4 
1706 4 1150 4 375 3 1712 4 
1582 5 1258 8 1721 9 1715 5 
1257 4 1716 4 1581 1 1714 5 
1717 6 1715 4 1580 6 1260 7 
1716 6 1617 4 1259 4 1579 4 
1719 3 1262 4 1723 3 1586 3 
1718 3 1720 7 1585 7 1261 3 
1719 7 1584 9 1264 9 1721 9 
1583 7 1263 7 1714 9 1720 9 
1723 4 1266 5 1588 2 1910 4 
1587 4 1722 4 1718 3 1265 5 
347 4 1725 5 964 4 1729 3 
346 7 1724 5 963 8 678 8 
1727 3 1732 3 1761 2 971 1 
304 5 1726 3 970 5 1728 6 
582 6 1729 6 686 7 1727 6 
972 5 1728 6 1724 3 293 4 
1731 4 966 2 
1730 4 637 5 969 7 1732 6 
968 10 1762 6 1726 3 1731 6 
1425 6 2056 4 1745 4 
2324 4 1735 5 1737 5 706 4 
1734 5 705 5 2323 4 1556 4 
1737 6 2328 5 1739 10 702 5 
1736 6 701 6 1734 5 2327 5 
1741 4 2326 6 704 5 1739 9 
1736 10 2325 10 703 9 1738 9 
2332 2 1743 2 1741 3 698 3 
1738 4 697 5 2331 3 1740 3 
2330 4 1927 4 700 2 1743 2 
699 2 1742 2 1740 2 2329 3 
2386 2 1885 2 294 3 292 6 
987 6 1733 4 1426 5 
594 3 1747 4 690 2 1973 5 
1746 4 593 7 1750 4 1972 4 
1751 9 1977 7 1749 10 600 7 
1976 9 599 6 1748 10 1754 8 
1751 5 602 3 1536 6 1747 4 
1750 5 1748 9 1974 4 601 10 
1753 7 596 6 1548 5 1755 5 
595 7 1562 6 1752 7 1980 6 
598 4 1979 6 1755 4 1749 8 
1754 4 1978 1 597 4 1752 5 
2385 6 1012 7 1016 7 1886 6 
298 4 487 2 
1773 4 628 5 1759 8 1969 4 
1968 8 627 7 1197 8 1758 8 
1771 4 
1762 5 304 4 2104 2 1726 2 
1732 6 1761 5 637 5 2101 7 
1764 4 827 4 711 5 212 2 
1765 3 1763 4 215 7 710 5 
1764 3 1088 5 214 3 709 6 
1767 7 171 7 1963 4 1545 5 
1766 7 2 6 1962 9 1768 6 
1769 2 975 2 1961 2 1767 6 
1768 2 1960 4 974 7 344 5 
1488 4 1771 5 
1760 4 1487 4 1770 5 
345 4 1965 4 1773 4 965 5 
1758 4 1964 5 2496 5 1772 4 
1777 4 369 6 215 7 1711 3 
815 8 368 6 1593 4 1780 6 
1596 7 381 4 814 3 1785 3 
375 2 1712 3 1774 4 212 2 
1590 4 15 4 395 4 2212 5 
375 6 1706 7 218 6 1 7 
1775 6 395 5 1592 5 810 6 
394 4 1 2 216 2 1708 2 
1705 6 1947 5 211 7 1783 4 
1704 2 1782 4 394 4 210 3 
1785 5 1598 6 2213 9 379 6 
2215 4 1784 5 1776 3 1597 3 
2393 5 1566 6 1403 4 81 5 
1790 3 2240 6 1788 3 1205 5 
1204 4 2239 3 1787 3 1614 4 
1792 5 1203 6 1790 4 2248 4 
1789 4 1787 3 759 2 1202 3 
1794 6 1201 6 2250 5 1792 6 
1789 5 2249 5 1200 4 1791 6 
1199 4 1796 4 1794 4 2244 3 
1791 6 1208 7 1793 4 2243 6 
1796 7 1197 6 757 5 1968 6 
1795 7 1793 4 1196 7 2245 7 
1560 3 1803 2 1798 3 1903 4 
1799 5 1902 7 1559 9 1797 3 
1905 6 1798 5 1674 8 
1899 8 1556 6 1801 7 2323 6 
1555 5 1802 4 1898 6 1800 7 
1801 4 1901 4 2153 5 1803 3 
1553 7 1900 6 1797 2 1802 3 
1805 5 2148 5 950 6 1809 4 
949 4 1804 5 2147 5 307 5 
2280 3 1570 3 412 3 414 5 
1809 3 2150 7 948 3 1817 5 
2242 4 568 1 118 2 
2149 2 947 3 1804 4 1807 3 
1690 7 571 7 760 5 569 10 
1817 7 1824 9 2144 5 2394 4 
1688 4 764 7 569 10 1813 10 
1689 9 1987 8 1812 10 763 8 
1815 3 568 1 754 2 
1814 3 1816 4 753 7 
1815 4 571 5 2246 4 
1811 7 631 6 2143 8 1807 5 
1824 6 119 4 952 9 2146 5 
1820 9 657 6 
1819 9 1015 7 1821 8 656 7 
665 7 1820 8 1895 8 1822 6 
1823 7 664 4 1894 5 1821 6 
1822 7 663 6 1897 5 581 8 
1818 6 1811 9 2145 7 951 8 
1826 5 661 7 1891 5 581 7 
1890 5 1825 5 1827 4 660 6 
1828 4 2304 4 1826 4 659 2 
658 6 1827 4 1025 6 2000 5 
818 1 486 3 488 1 534 4 
1563 11 2390 8 2277 9 2392 8 
1832 4 2117 6 1838 6 2118 6 
1831 4 374 7 1833 4 2116 3 
1834 5 1832 4 2115 5 377 4 
1833 5 1839 4 2114 5 376 6 
1836 3 2113 4 2010 5 371 2 
1835 3 2112 3 1837 4 370 3 
1838 6 373 10 2427 4 1836 4 
1837 6 1831 6 2424 5 372 5 
2109 6 2106 3 1834 4 1840 7 
2108 7 367 9 1839 7 1478 6 
1842 7 428 7 2455 10 731 9 
1841 7 2454 3 427 5 1843 2 
426 3 1844 4 1842 2 2451 1 
425 10 1843 4 2450 6 1845 6 
424 4 1846 5 2453 4 1844 6 
1845 5 2452 4 1847 3 423 6 
2448 3 422 3 1846 3 1848 6 
2447 8 1849 7 421 7 1847 6 
2449 5 1848 7 420 3 
1851 5 334 8 407 6 1494 5 
1850 5 1493 2 406 4 329 5 
15 6 1103 8 2212 7 
105 3 1854 4 1434 2 1856 5 
106 5 1664 6 1853 4 1433 6 
1858 8 1436 5 107 6 1856 7 
108 4 1435 7 1853 5 1855 7 
1430 5 1858 7 1860 5 101 5 
1855 8 1857 7 1429 6 102 6 
1432 2 1860 4 1862 5 103 8 
104 5 1859 4 1431 6 1857 5 
99 4 1305 6 1428 3 1862 5 
100 7 1427 6 1859 5 1861 5 
544 3 1864 4 1498 3 
408 4 331 3 1863 4 1497 8 
549 6 1866 4 2130 7 1868 8 
1009 4 2129 3 1865 4 1871 1 
2492 5 2209 7 1868 7 2132 5 
1867 7 538 8 2131 6 1865 8 
2008 5 2480 4 737 3 1876 6 
931 5 380 8 1998 5 1970 7 
2136 1 1872 2 366 3 1866 1 
1195 3 2204 3 2135 3 1871 2 
2484 8 735 4 1880 5 1874 4 
2483 3 1875 3 734 4 1873 4 
733 8 1874 3 2486 6 1876 5 
2485 7 1869 6 732 7 1875 5 
2139 5 2492 4 2049 4 2203 6 
2487 4 26 8 1879 4 730 5 
729 4 1878 4 2490 6 1880 4 
2489 7 728 4 1879 4 1873 5 
1689 5 1987 4 2497 4 
1883 8 1885 7 1128 7 294 8 
1882 8 1127 6 295 7 1888 6 
292 9 1697 9 1130 6 1885 5 
1129 6 1744 2 1882 7 1884 5 
1887 6 1756 6 1124 3 1889 4 
1886 6 1123 7 1016 7 1892 6 
807 5 1883 6 1889 6 1126 6 
1125 5 1012 5 1888 6 1886 4 
2304 5 30 6 1826 5 1891 5 
1890 5 29 6 1825 5 1896 4 
300 4 1893 5 1122 2 1887 6 
301 5 2072 5 1121 6 1892 5 
1897 3 34 4 1822 5 1895 7 
1894 7 1821 8 1015 7 33 6 
581 6 32 3 1897 3 1891 4 
1894 3 31 5 1896 3 1823 5 
1899 7 1574 9 1801 6 1901 6 
1800 8 1898 7 1573 5 1345 9 
1903 8 1803 6 1572 5 1901 7 
1571 7 1802 4 1898 6 1900 7 
1905 8 1578 7 1798 7 1903 8 
1900 8 1577 6 1902 8 1797 4 
1576 5 1905 5 
1902 8 1799 6 1904 5 1575 9 
1410 6 1913 9 1907 5 1083 6 
1082 5 1908 7 1906 5 1409 6 
1408 6 1907 7 1909 5 1085 7 
1084 2 1914 5 1407 2 1908 5 
1414 5 1079 6 1911 4 1722 4 
1912 5 1078 4 1413 4 1910 4 
1911 5 1412 9 1913 10 1081 6 
1906 9 1080 9 1912 10 1411 9 
1909 5 1915 7 1406 5 1087 9 
1362 6 1914 7 1405 5 1086 4 
543 3 537 3 1285 3 1357 5 
2128 4 493 3 787 4 451 5 
921 4 1225 3 1929 5 1343 2 
1920 4 510 3 1922 2 2179 4 
1919 4 2178 5 509 6 785 4 
1924 2 1922 1 512 1 2177 2 
1921 1 2176 1 1919 2 511 2 
2183 4 1926 3 1924 4 514 5 
1921 2 513 6 1923 4 2182 5 
516 6 1928 8 2181 9 1926 6 
2180 1 1923 3 515 3 1925 6 
1742 4 518 4 2175 3 1928 5 
2174 4 1925 8 517 6 1927 5 
988 7 1918 5 1226 8 920 7 
1370 4 1355 5 543 2 1279 4 
45 5 482 6 1939 6 
1933 1 47 1 481 2 898 3 
1932 1 46 4 1934 4 480 3 
479 5 1935 8 1933 4 49 9 
478 9 1934 8 48 7 1936 8 
1937 4 1935 8 51 6 477 4 
1938 3 1936 4 50 3 476 4 
1937 3 475 5 53 5 1939 4 
474 3 52 6 1938 4 1931 6 
2113 6 1549 5 2010 7 
1089 5 1985 7 385 8 
3 4 1944 5 2402 4 2053 3 
2335 4 1370 5 1281 3 1353 5 
2052 6 2035 6 1942 5 1267 5 
49 8 1946 4 1519 7 1948 6 
1951 5 1945 4 48 4 1518 4 
1782 5 1521 3 47 2 1948 5 
46 7 1947 5 1520 6 1945 6 
1952 4 1950 5 1523 6 53 5 
1949 5 52 7 1522 6 
51 6 1946 5 1952 5 1525 5 
1949 4 50 4 1951 5 1524 2 
1955 6 1954 4 1310 7 567 4 
1309 9 1953 4 1958 3 566 5 
565 6 1953 6 1311 5 
564 3 1959 3 1957 3 1306 7 
1428 2 563 4 1956 3 1305 5 
1308 3 1959 1 1954 3 562 2 
1958 1 561 4 1956 3 1307 3 
1769 4 1967 5 2048 7 1961 4 
1962 5 1768 2 2047 2 1960 4 
1767 9 1961 5 2050 6 1963 6 
2049 5 2139 6 1766 4 1962 6 
2044 4 1969 5 1773 5 1965 5 
1772 4 2043 4 1964 5 1966 3 
345 3 1967 3 2046 2 1965 3 
344 6 1966 3 2045 5 1960 5 
1795 6 1759 8 1969 4 2053 2 
2052 6 1964 5 1968 4 1758 4 
1091 4 1985 7 1870 7 2140 6 
2095 6 1988 6 1455 7 1535 7 
2272 5 1536 6 1747 4 1973 5 
847 7 2271 5 1746 5 1972 5 
1977 2 1536 5 1751 4 2268 3 
1394 2 1024 6 2026 3 1981 3 
1749 9 1977 6 1979 7 2270 5 
2269 3 1974 2 1976 6 1748 7 
1548 1 1755 1 2264 1 1979 3 
1754 6 2263 7 1976 7 1978 3 
1548 4 2266 4 2141 9 1753 6 
1486 3 1023 6 1393 5 1975 3 
522 2 2151 5 241 1 
2431 2 2205 1 1505 3 536 3 
1509 4 1459 6 1531 5 1986 5 
1941 7 1090 5 2137 6 1970 7 
1530 5 1984 5 1458 6 1687 7 
1813 8 1881 4 
1971 6 1687 7 1528 5 1460 6 
984 4 926 5 2238 5 976 2 
1993 6 1991 4 1164 3 1657 8 
1990 4 1996 3 1656 6 1163 4 
1993 7 2162 5 1659 4 1162 5 
1992 7 1990 6 1658 5 1161 6 
1995 8 1168 3 1997 5 1653 3 
1999 7 1167 8 1994 8 1652 7 
1997 4 1991 3 1166 5 1655 4 
1996 4 1165 8 1994 5 1654 6 
2494 2 2012 3 1093 3 1870 5 
1995 7 2000 4 1661 3 1170 3 
1660 4 1999 4 1828 5 1169 6 
565 3 2002 3 
567 4 2001 3 2003 4 
566 5 2002 4 2004 6 
562 5 2005 5 2003 6 
2006 6 561 5 2004 5 
2005 6 2007 8 564 5 
563 7 2184 5 2006 8 
2479 7 1869 5 1682 3 736 5 
2012 4 379 5 2213 8 1095 6 
2011 5 1835 5 1075 7 1940 7 
2010 5 1072 5 
2009 4 1998 3 378 5 1094 3 
2231 4 1673 9 2014 5 2020 5 
2013 5 1670 7 2230 5 2015 3 
2233 5 1554 3 2016 6 2014 3 
2232 8 2199 12 2015 6 1662 8 
2018 4 2022 5 2227 5 1676 6 
1675 5 2017 4 2226 4 2019 2 
1558 3 2020 3 2229 5 2018 2 
1557 6 2228 5 2019 3 2013 5 
1551 5 2022 3 2236 3 590 2 
2021 3 2017 5 1550 4 2235 5 
2028 6 1390 5 1022 4 2024 5 
1389 5 1021 5 2025 5 2023 5 
1392 6 2024 5 1020 7 2026 4 
1975 3 1391 3 1019 4 2025 4 
1018 3 2028 5 1388 5 
2023 6 1387 5 1017 5 2027 5 
240 7 2032 8 2030 5 2050 7 
2203 5 531 5 2029 5 2049 3 
2032 5 2034 3 534 5 2048 6 
2031 5 2029 8 533 7 2047 4 
2036 5 2034 3 2046 3 528 4 
2031 3 2045 4 527 3 2033 3 
2044 5 1944 6 2036 7 343 5 
2033 5 2043 5 1312 8 2035 7 
1700 5 2039 3 2038 9 98 5 
1699 10 2041 9 97 8 2037 9 
1701 2 2037 3 96 2 
780 3 784 2 1222 4 973 4 
1703 4 2042 5 2038 9 95 5 
2041 5 2205 3 1702 5 94 3 
2036 5 1965 4 2046 3 2044 3 
2035 5 1964 4 2052 5 2043 3 
2034 4 2048 7 1967 5 2046 4 
1966 2 2043 3 2033 3 2045 4 
2048 5 1961 2 2032 4 2050 3 
2047 5 2045 7 2031 6 1960 7 
2050 5 1963 5 1877 4 2030 3 
2049 5 1962 6 2047 3 2029 7 
1071 3 617 7 2334 4 1010 4 
1969 6 2044 5 1944 6 2053 4 
2052 4 757 1 1968 2 1942 3 
100 7 2064 4 1661 5 2055 6 
1660 4 99 5 28 5 2054 6 
1733 4 1416 4 
1659 1 106 3 2058 3 2216 1 
1658 4 105 4 2059 3 2057 3 
2060 4 1657 6 108 1 2058 3 
2059 4 107 6 2061 6 1656 8 
2060 6 1655 5 102 4 2062 4 
2063 3 1654 5 101 4 2061 4 
2062 3 1653 2 2064 2 104 4 
103 7 2054 4 2063 2 1652 2 
2290 8 2066 5 912 7 2075 7 
2065 5 2291 5 911 4 2067 3 
2068 3 914 3 2288 2 2066 3 
2067 3 913 3 2289 3 2069 6 
2286 5 2070 6 908 7 2068 6 
2069 6 2287 3 907 6 2071 4 
2072 4 2284 4 2070 4 910 6 
2071 4 2285 5 909 3 1893 5 
2074 7 2232 7 14 6 2199 11 
13 4 2097 4 2198 6 2073 7 
2283 6 2065 7 
654 4 522 2 
2079 4 910 4 
908 6 2079 7 2081 5 2378 5 
907 8 2078 7 2077 4 
2375 7 2083 7 914 6 2081 6 
913 3 2374 4 2078 5 2080 6 
2083 4 912 5 
911 5 2082 4 2080 7 2376 3 
1011 4 1232 3 2086 2 
1541 8 1349 5 2321 6 779 6 
1233 2 791 6 2084 2 521 4 
1309 9 2088 3 32 4 2093 3 
2087 3 31 4 1310 6 2089 2 
1311 2 34 4 2088 2 
2091 8 99 6 28 6 1305 8 
2090 8 2092 5 1306 9 27 8 
1307 3 2091 5 30 4 2093 1 
29 4 2092 1 2087 3 1308 3 
1520 6 932 5 1368 6 930 8 
1534 3 1971 6 1454 6 1198 4 
2193 4 2099 6 10 4 
2074 4 2099 5 65 4 2195 3 
347 7 453 6 2103 5 2308 6 
2097 5 2096 6 64 8 2194 8 
2197 5 637 3 2101 5 
2104 4 2196 7 2100 5 1762 7 
582 5 2105 3 2103 4 269 3 
416 4 293 3 2098 5 2102 4 
2101 4 410 3 1761 2 2105 1 
2102 3 2192 2 2104 1 304 3 
1839 3 367 5 376 5 198 3 
1456 4 1532 5 1206 5 1198 4 
2221 4 1840 7 1384 5 2109 6 
1839 6 1383 7 2114 7 2108 6 
855 5 2142 8 2111 8 
2110 8 856 10 2141 10 2266 5 
2427 3 1836 3 2113 4 1382 5 
1940 6 1835 4 1381 5 2112 4 
1834 5 1376 5 2115 5 2109 7 
2116 4 1833 5 2114 5 1375 4 
1378 3 1832 3 2117 5 2115 4 
1831 6 2116 5 1377 5 2424 5 
208 7 372 5 374 9 1831 6 
2128 3 451 4 2120 3 1014 4 
449 3 2119 3 2121 2 609 3 
2122 1 1547 4 1347 3 2120 2 
2121 1 1346 3 2123 2 917 2 
915 2 2124 5 2122 2 1349 3 
2123 5 1348 5 2125 9 1499 5 
738 8 1351 7 2124 9 2126 7 
1023 6 1486 3 1350 4 2125 7 
493 3 2128 4 2275 5 612 5 
2119 3 1917 4 611 3 2127 4 
1866 3 1540 9 2130 6 2136 3 
2129 6 2131 5 1865 7 1539 5 
2132 4 1538 4 2130 5 1868 6 
2138 6 1537 5 2131 4 1867 5 
2134 5 359 3 918 4 1544 1 
1195 6 2133 5 2135 6 1543 6 
2136 2 1542 5 1872 3 2134 6 
2135 2 1541 5 1871 1 2129 3 
1469 3 2140 5 1985 6 385 7 
2132 6 2139 7 2492 6 1546 7 
1877 5 2138 7 1963 6 1545 7 
2137 5 1468 4 380 7 1970 6 
1562 9 2142 10 1980 9 2111 10 
2110 8 2141 10 1561 7 
2150 10 1817 8 458 7 2144 6 
1811 5 2145 3 459 5 2143 6 
2146 6 1824 7 2144 3 456 6 
2303 6 2145 6 1818 5 457 10 
2148 5 462 6 1805 5 2152 5 
2147 5 1804 5 2149 3 463 4 
1809 2 2148 3 2150 6 460 3 
461 7 2149 6 1807 7 2143 10 
308 8 2152 7 1982 5 454 10 
2151 7 2147 5 455 5 307 5 
831 6 1553 9 1802 5 1555 6 
982 4 2157 4 2155 6 1475 6 
2160 6 2154 6 1474 5 981 5 
980 4 2163 2 2157 4 1477 4 
2154 4 2156 4 979 7 1476 5 
986 5 1479 6 2161 7 2159 6 
367 6 985 5 1478 3 2158 6 
1481 5 2155 6 727 4 2161 5 
983 6 2158 7 1480 6 2160 5 
1483 3 1992 5 978 2 2163 2 
2156 2 977 5 2162 2 1482 4 
2167 8 2165 4 750 7 23 6 
22 4 2164 4 2170 6 749 2 
21 6 2173 7 752 4 2167 8 
2164 8 20 6 751 7 2166 8 
2171 4 746 2 2169 5 19 3 
18 4 2322 9 2168 5 745 5 
17 7 748 7 2171 8 2165 6 
2168 4 16 6 2170 8 747 5 
161 8 25 6 2173 7 740 7 
739 7 2166 7 24 5 2172 7 
1928 4 2175 2 2181 5 1527 4 
2174 2 2330 3 1526 6 1927 3 
1529 3 1922 1 2177 2 2179 3 
1528 4 1921 2 2176 2 2182 5 
1531 5 1920 5 1077 3 2179 5 
1530 5 2178 5 2176 3 1919 4 
1926 1 2181 4 2183 2 1533 3 
2174 5 2180 4 1925 9 1532 6 
2183 5 1535 7 2177 5 1924 5 
1923 4 2180 2 1534 2 2182 5 
2007 5 348 5 
355 2 1327 2 2186 5 2188 2 
354 5 2190 5 1326 8 2185 5 
2336 5 1325 6 2188 4 357 10 
356 4 2187 4 1324 1 2185 2 
351 4 2191 1 
2191 2 353 4 2186 5 1323 4 
2190 2 352 3 2189 1 
410 4 269 2 363 5 2105 2 
2096 4 2194 6 1331 2 
1330 9 2195 6 2193 6 2099 8 
2194 6 2198 5 2097 3 1329 4 
2197 7 410 6 2101 7 361 9 
2196 7 2100 5 360 6 
2074 6 2199 10 1333 7 2195 5 
1332 9 2198 10 2016 12 2073 11 
2201 4 2426 1 1459 4 1509 2 
1508 7 2200 4 2425 5 2210 5 
2492 5 306 3 2203 7 2209 7 
2030 5 305 6 2202 7 1877 6 
310 7 1872 3 2207 5 366 4 
1504 5 1983 1 2430 2 2042 3 
312 6 2308 7 2207 8 918 8 
311 6 2206 8 1195 5 2204 5 
2435 4 2211 5 540 4 1501 5 
313 7 538 8 1867 7 2202 7 
2211 4 1503 4 2201 5 2433 3 
1502 5 2210 4 2432 3 2208 5 
809 7 1102 6 1852 7 1778 5 
1110 9 2009 8 2215 8 1784 9 
646 7 1637 4 664 3 1639 5 
1111 4 1785 4 814 4 2213 8 
1483 2 2438 3 2217 2 2057 1 
2437 4 2222 3 2216 2 1482 5 
2225 5 1481 5 2219 3 2440 3 
2220 4 1480 4 2218 3 2439 3 
2221 5 2442 5 2219 4 1479 5 
1478 3 2108 4 2220 5 2441 6 
2217 3 2444 6 1477 4 2223 6 
1476 7 2224 7 2443 7 2222 6 
2225 6 1475 7 2223 7 2446 5 
2445 8 2224 6 2218 5 1474 4 
2229 7 2018 4 2354 6 2227 5 
2353 5 2017 5 2235 5 2226 5 
2352 5 2020 5 2231 4 2229 7 
2226 7 2351 6 2019 5 2228 7 
2233 7 2350 6 2014 5 2231 4 
2013 4 2228 4 2349 5 2230 4 
2016 8 2233 7 2073 7 2348 6 
2230 7 2232 7 2015 5 2347 10 
165 4 831 4 1301 3 2482 2 
2356 3 2236 5 2227 5 2022 5 
2235 5 2021 3 2355 3 2319 4 
1673 8 1215 8 976 2 2238 5 
1989 5 1670 8 1218 7 2237 5 
2240 6 1788 3 2398 4 12 5 
11 6 2239 6 1787 6 759 5 
754 3 55 4 2242 5 568 2 
1808 4 43 5 2241 5 54 4 
2250 5 2244 5 6 6 1794 6 
5 3 2243 5 2245 6 1793 3 
2244 6 757 5 4 7 1796 7 
753 7 56 4 755 4 1816 4 
569 8 63 3 764 5 760 3 
9 5 1789 4 759 2 2249 4 
8 8 1792 5 2250 4 2248 4 
2243 5 1791 5 2249 4 7 3 
2254 6 473 3 867 4 2252 5 
472 5 866 6 1173 4 2251 5 
469 2 2254 5 865 3 2256 3 
2251 6 2253 5 468 4 864 6 
2256 4 2258 8 471 6 863 6 
862 4 2255 4 470 2 2253 3 
465 6 861 5 2260 6 2258 8 
464 7 860 8 2255 8 2257 8 
2260 5 467 3 859 6 
2259 5 858 7 466 8 2257 6 
1246 5 2293 5 1703 4 2262 4 
1245 3 1442 2 2261 4 1702 4 
2264 5 1044 7 2270 5 1979 7 
1045 2 2263 5 2265 1 1978 1 
1548 1 1042 2 2264 1 2266 1 
1043 3 2265 1 1980 4 2111 5 
1040 3 1536 6 2268 4 2272 5 
2267 4 2269 4 1974 3 1041 5 
1977 3 2268 4 1038 6 2270 2 
2263 5 1039 5 1976 5 2269 2 
1036 6 73 4 2272 5 1973 5 
1037 6 1972 5 2271 5 2267 5 
2379 4 2274 5 1194 4 2282 7 
1193 4 2273 5 409 4 369 7 
1190 5 2276 5 2393 5 2127 5 
2392 4 2277 5 2275 5 1189 5 
2276 5 2278 4 1830 9 1192 9 
2390 3 2277 4 1191 5 2279 4 
414 5 1186 4 2280 3 2278 4 
1806 3 2281 3 2279 3 1185 3 
2280 3 1188 5 412 3 2282 8 
1187 11 2273 7 411 8 2281 8 
408 4 2075 6 2290 7 
2071 4 2287 3 2285 5 405 4 
2072 5 301 5 2284 5 404 5 
2069 5 2287 2 407 2 2289 2 
2286 2 2284 3 2070 3 406 5 
401 2 2291 4 2289 2 2067 2 
2288 2 400 2 2068 3 2286 2 
2065 8 2283 7 2291 8 403 8 
2288 4 2066 5 402 5 2290 8 
2377 5 1700 6 2293 6 
2261 5 1699 6 2292 6 2373 4 
2410 6 2297 4 2295 4 126 4 
2411 5 125 6 2302 4 2294 4 
2408 7 2299 6 128 4 2297 5 
2409 6 2294 4 127 3 2296 5 
2406 3 2299 5 2301 2 122 3 
2407 7 2298 5 2296 6 121 4 
124 5 2301 2 2404 4 2466 5 
123 4 2298 2 2300 2 2405 2 
2412 4 2295 4 2303 3 120 6 
2302 3 2146 6 2413 3 119 5 
1890 5 1025 6 1827 4 27 6 
1667 7 1669 5 2440 6 1605 7 
744 5 2311 6 1223 8 2309 7 
1538 5 776 4 449 4 778 5 
2206 7 346 5 2098 6 452 6 
1238 7 743 5 1222 6 2306 7 
2311 6 742 6 
2310 6 2306 6 1224 4 741 4 
1010 9 775 7 619 10 1069 9 
2316 3 2370 3 2314 3 584 5 
583 8 1447 8 2369 6 2313 3 
586 2 2368 2 2316 4 2318 4 
2367 4 2313 3 585 4 2315 4 
2366 3 2320 4 588 3 2318 4 
587 5 2317 4 2365 4 2315 4 
2236 4 2364 5 2320 4 590 3 
2317 4 2363 6 2319 4 589 5 
1346 5 2085 6 778 5 1540 9 
2371 11 2169 9 591 9 1447 11 
1735 4 2324 3 1345 7 1800 6 
1734 4 2323 3 2327 4 1344 7 
2326 7 2328 5 1739 10 1357 6 
1738 6 2331 5 2325 7 1356 8 
1359 5 1737 5 2324 4 2328 4 
1358 3 1736 5 2325 5 2327 4 
2330 5 1353 5 2332 3 1743 3 
1742 4 2175 3 2329 5 1352 4 
2326 5 1741 3 2332 2 1355 5 
1740 2 1354 5 2331 2 2329 3 
777 4 621 6 775 3 1067 7 
616 3 1074 4 2346 4 2051 4 
1943 4 1207 7 1280 4 1352 3 
151 5 1180 4 2337 3 2187 5 
1179 6 2336 3 2340 5 150 2 
1178 2 153 4 2339 3 2341 7 
152 4 2338 3 2344 4 1177 9 
2341 9 155 6 2337 5 1176 5 
2340 9 1175 11 154 9 2338 7 
2345 2 2343 1 1174 1 157 2 
1173 2 866 4 156 4 2342 1 
159 3 1172 6 2345 4 2339 4 
1171 3 158 5 2342 2 2344 4 
1073 5 626 3 615 4 2334 4 
2348 9 2233 10 268 8 2350 9 
2232 6 2347 9 14 5 262 6 
2350 7 2352 6 2231 5 271 6 
2349 7 270 6 2230 6 2347 9 
2354 5 2352 4 2229 6 396 6 
2228 5 2351 4 857 7 2349 6 
256 6 2354 6 2227 5 2356 3 
2351 5 2353 6 252 7 2226 6 
2356 1 2364 4 2236 3 520 1 
2235 3 2355 1 519 1 2353 3 
1552 5 2396 5 2358 10 
2359 7 2395 7 82 8 2357 10 
2358 7 2401 3 85 4 2360 3 
2361 4 2400 5 2359 3 84 4 
2360 4 87 4 2399 5 2362 5 
2398 5 2361 5 86 5 12 6 
2320 6 2366 5 1580 6 2364 7 
2355 4 2319 5 2363 7 1579 5 
2368 2 1582 2 2366 3 2318 4 
2317 3 1581 2 2363 5 2365 3 
2316 4 2370 4 2368 2 1584 6 
2365 2 1583 3 2315 2 2367 2 
2314 6 1586 6 2370 6 2372 5 
1585 7 2367 4 2313 3 2369 6 
2322 11 18 6 2372 7 1588 6 
1587 3 1447 7 2369 5 2371 7 
2377 3 1246 4 973 4 2293 4 
2375 5 2378 4 2081 4 
2374 5 2080 7 2376 3 
2375 3 2083 3 
2373 3 2292 5 967 3 
2374 4 2078 5 
2273 4 411 5 1066 4 409 3 
301 4 2381 5 141 3 404 4 
2380 5 140 3 300 5 2384 3 
1012 7 2385 6 2383 9 145 5 
144 6 2388 9 2382 9 807 6 
1016 3 143 3 2385 2 2381 3 
1756 6 142 8 2382 6 2384 2 
1744 2 2389 3 149 5 2387 3 
36 4 148 6 2386 3 292 7 
2389 6 295 9 2383 9 147 6 
2388 6 2386 3 146 5 294 4 
2278 3 1830 8 414 4 1564 5 
1227 4 415 4 413 3 1240 5 
2276 4 2393 4 1566 5 1830 8 
1786 5 2392 4 612 5 2275 5 
337 2 951 3 1811 4 631 3 
2401 3 2396 2 1611 5 2358 7 
2397 3 1610 5 2395 2 2357 5 
2396 3 1552 3 1612 7 
2362 5 2399 5 2239 4 1614 5 
2361 5 2398 5 2400 6 1613 6 
2360 5 1616 5 2399 6 2401 5 
2395 3 2359 3 1615 5 2400 5 
1267 4 2419 3 1942 4 494 7 
741 6 487 6 298 8 131 8 
2405 4 1031 7 78 3 2300 4 
1030 6 2404 4 2406 3 2301 2 
1033 8 2298 3 2405 3 2407 5 
2299 7 1032 5 2408 8 2406 5 
1027 8 2296 7 2409 8 2407 8 
2297 6 2408 8 1026 5 2410 8 
2294 6 2411 7 1029 8 2409 8 
2295 5 2410 7 1028 3 2412 5 
2302 4 1035 5 2411 5 2413 4 
457 7 2303 3 1034 4 2412 4 
8 9 1618 7 2415 7 2417 5 
7 5 2414 7 259 4 2420 6 
2423 7 2417 6 258 7 69 7 
2416 6 257 3 2414 5 9 5 
2419 3 2421 5 1609 6 4 4 
2418 3 3 3 2402 3 255 5 
254 7 6 5 2421 6 2415 6 
2420 6 2418 5 253 6 5 5 
264 5 2423 6 86 6 12 7 
11 4 2416 7 2422 6 263 3 
2117 5 1838 5 2427 3 1380 5 
2433 3 2426 2 2201 5 231 6 
2425 2 230 2 2200 1 725 5 
2112 3 1837 4 1379 5 2424 3 
2429 5 2431 3 237 5 536 4 
236 9 2428 5 2434 6 532 4 
2205 2 2431 3 94 2 239 3 
1983 2 2428 3 238 4 2430 3 
2435 2 2211 3 2433 2 233 1 
2425 3 232 3 2432 2 2210 3 
235 6 540 4 2435 4 2429 6 
2208 4 2432 2 2434 4 234 6 
131 9 491 6 296 8 743 7 
2217 4 2444 7 2438 5 1663 6 
2216 3 2437 5 106 5 1664 6 
2440 3 2442 4 2219 3 1669 2 
2445 6 2439 3 2305 6 2218 3 
1671 6 2221 6 1384 7 2442 6 
2220 5 1672 3 2439 4 2441 6 
2444 7 2446 5 1665 7 2223 7 
2443 7 2437 7 1666 6 2222 6 
2440 6 2225 8 1667 7 2446 7 
1668 4 2443 5 2224 5 2445 7 
1388 6 1848 8 2449 6 2448 5 
1847 3 1387 4 2447 5 2452 4 
1386 5 1849 5 2447 6 
2453 4 2451 3 1844 6 1392 6 
2454 2 2450 3 1843 1 1391 2 
1846 4 2453 3 1390 4 2448 4 
2450 4 1845 4 2452 3 1389 4 
1842 3 2451 2 2455 6 1394 2 
244 8 1393 8 2454 6 1841 10 
633 4 2465 5 2467 4 2457 8 
124 9 2466 9 2456 8 632 7 
2469 9 2459 8 273 7 641 8 
640 6 2460 7 2458 8 2468 2 
2461 9 639 8 2459 7 2471 10 
2460 9 2470 6 638 6 2462 6 
1013 5 2463 5 2473 6 2461 6 
2464 3 2472 5 636 4 2462 5 
2475 2 635 2 2463 3 2465 3 
634 5 2456 5 2474 6 2464 3 
78 4 2457 9 2467 5 2300 5 
2474 5 2456 4 2466 5 79 2 
2471 5 72 3 2459 2 2469 3 
73 5 2458 9 1036 7 2468 3 
2461 6 2473 6 70 4 2471 7 
2468 5 2460 10 71 5 2470 7 
2475 4 2473 6 2463 5 76 5 
2472 6 77 10 2470 6 2462 6 
74 5 2475 5 2467 5 2465 6 
2464 2 2472 4 2474 5 75 2 
828 2 2478 3 
165 6 1304 6 2478 6 829 4 
2477 6 2476 3 830 4 
2008 7 148 9 2480 6 36 7 
2479 6 1869 4 2485 5 35 2 
129 7 2482 5 833 7 1303 7 
834 5 2481 5 1302 4 2234 2 
2484 7 1874 3 40 6 2486 6 
2483 7 1873 8 2489 10 39 8 
2486 8 38 5 1876 7 2480 5 
37 6 2485 8 2483 6 1875 6 
1878 4 44 5 2488 6 2490 6 
2487 6 43 6 54 5 26 10 
1880 7 2484 10 42 7 2490 9 
41 8 1879 6 2489 9 2487 6 
445 9 1135 12 499 6 447 8 
1867 5 2202 5 2138 6 1877 4 
965 7 2495 8 345 6 1185 6 
1998 2 1466 2 378 4 380 5 
2493 8 344 8 1186 6 974 10 
965 6 1187 8 628 6 1773 5 
167 5 1488 4 1881 4 
