43
43
43
39
43
43
43
43
39
39
14
14
14
29
29
27
27
27
27
25
25
25
25
0
0
0
0
0
9
0
0
0
0
43
43
43
38
38
38
38
38
38
38
25
2
2
45
24
1
11
2
11
22
22
22
22
22
21
12
12
12
12
3
11
23
23
26
3
21
21
3
20
20
21
21
21
21
21
21
11
11
33
32
24
33
24
24
33
33
33
33
34
34
34
34
36
36
34
34
8
34
34
44
44
44
44
44
44
44
44
39
39
10
10
7
7
7
28
8
14
14
14
0
0
6
0
0
17
0
0
17
17
25
17
17
29
29
15
15
17
17
15
15
15
15
14
14
14
11
2
2
1
1
45
45
2
2
43
45
43
43
2
43
2
2
1
1
1
1
2
2
1
1
45
45
2
2
45
43
47
45
47
47
47
47
47
47
41
41
25
25
34
35
35
35
25
25
34
34
0
0
0
0
0
0
9
0
0
0
43
43
43
2
2
1
1
1
1
1
21
21
20
18
21
21
21
21
19
19
21
21
23
23
19
23
6
0
0
0
0
0
0
0
0
0
32
32
23
20
20
18
18
18
18
18
18
12
12
13
13
13
14
14
14
14
14
2
2
2
2
2
45
45
45
45
45
18
18
4
4
18
18
18
18
18
18
18
18
8
10
44
31
31
31
11
20
20
20
20
20
20
20
35
45
22
22
35
35
35
35
17
17
35
17
45
17
45
45
26
31
31
26
31
18
18
18
18
18
18
18
18
18
18
24
24
24
24
20
20
20
20
24
24
30
30
30
30
38
38
28
28
38
38
38
38
43
43
38
43
43
43
43
43
43
43
39
43
39
39
45
45
45
45
17
45
17
17
17
17
44
44
39
44
44
44
44
44
22
22
22
35
39
39
35
35
24
33
45
45
45
2
45
45
2
2
2
2
21
21
21
21
33
21
21
21
22
22
33
1
28
28
1
35
35
28
35
28
28
28
28
36
32
32
32
33
42
42
41
41
41
41
41
42
41
41
24
24
24
24
21
21
20
21
20
20
0
0
0
0
0
0
0
6
0
0
42
42
42
42
41
41
41
41
42
42
42
42
42
42
35
35
35
34
34
34
25
25
25
25
38
38
38
38
37
37
37
38
29
29
29
47
47
47
47
47
47
45
47
41
41
21
21
21
21
21
18
21
21
40
40
40
40
22
22
2
2
0
2
45
45
2
45
45
45
15
38
38
38
38
37
38
37
25
25
34
34
25
25
35
35
34
34
15
39
39
44
44
44
44
44
44
44
44
48
49
48
49
49
49
49
49
46
48
22
22
35
22
35
35
35
35
35
35
35
21
35
35
22
35
22
22
20
20
21
21
21
21
35
35
13
10
13
13
14
14
14
14
45
12
12
13
13
13
13
7
7
7
7
41
15
32
33
6
2
33
0
8
33
14
14
14
14
13
13
13
13
13
12
25
4
4
4
3
4
4
4
4
29
4
4
27
7
6
7
42
42
42
42
12
13
4
4
4
4
3
4
14
14
14
14
13
14
13
13
5
9
5
5
5
5
1
1
1
1
24
24
20
20
20
20
42
42
42
42
42
42
42
42
47
47
7
7
7
7
13
13
13
13
15
15
7
7
7
7
10
9
10
10
9
9
9
9
9
9
14
10
10
10
11
9
9
9
9
9
9
3
3
9
3
4
4
10
11
4
4
4
4
4
3
4
4
36
36
34
34
34
34
34
34
34
34
4
4
4
4
4
4
3
3
14
1
1
41
41
41
41
40
41
41
41
5
5
40
40
1
1
5
5
40
40
41
41
41
41
41
41
41
40
40
40
37
37
40
37
39
39
37
39
35
35
36
36
24
24
36
35
36
36
46
46
46
46
46
46
46
46
28
28
25
25
28
25
28
28
35
28
35
35
36
36
36
36
24
24
36
36
35
36
39
37
29
29
37
37
37
37
37
40
27
27
27
27
26
26
7
7
7
44
36
36
43
43
3
3
3
3
3
11
11
1
11
2
47
47
3
3
46
46
46
49
46
47
47
46
11
11
11
11
3
3
3
11
3
3
21
22
21
21
18
21
21
21
21
21
29
29
29
26
26
26
26
26
31
31
31
26
26
1
1
1
1
1
36
36
36
36
36
36
36
36
24
24
40
40
40
40
14
14
14
29
45
40
30
29
29
29
15
15
28
29
29
15
15
25
6
6
6
7
7
27
25
34
34
35
35
34
34
34
34
25
25
28
28
25
25
25
30
30
30
29
29
3
11
3
3
11
11
11
11
25
26
25
25
3
3
26
26
6
6
8
6
8
8
6
6
6
6
9
9
9
9
9
9
10
10
10
9
26
26
26
26
31
31
26
26
6
6
6
6
7
6
7
7
8
8
8
6
6
6
6
6
6
6
17
14
38
39
43
43
43
43
39
43
43
43
49
49
16
16
49
49
49
49
49
49
3
3
11
3
3
3
11
11
11
11
10
10
29
29
30
30
30
30
28
28
30
10
38
27
27
27
27
38
38
34
34
34
34
34
34
36
36
34
34
16
16
16
16
15
15
15
16
27
27
27
16
16
21
35
40
11
11
46
46
46
46
46
46
48
48
33
33
33
33
33
10
23
23
10
10
32
33
30
30
30
30
24
25
28
28
29
29
21
21
10
10
8
8
10
16
16
16
16
16
16
12
12
12
12
29
29
28
28
30
30
30
30
30
30
29
29
13
47
27
27
41
15
16
16
16
16
15
15
15
15
16
16
38
38
38
38
37
38
37
26
26
31
31
26
26
26
26
26
26
26
16
49
49
49
49
49
49
31
49
26
26
26
26
26
26
38
37
37
38
38
38
38
22
22
12
12
12
12
12
16
16
22
8
8
7
7
7
7
48
48
48
48
48
48
16
16
16
16
31
31
31
31
32
32
32
32
30
31
31
28
48
48
48
28
28
28
28
8
10
8
28
30
8
29
8
8
8
8
23
23
10
10
29
8
29
29
19
19
19
19
19
19
8
8
8
8
8
8
37
37
42
42
41
41
42
41
42
42
42
42
26
19
19
19
19
19
19
19
37
37
7
32
32
32
26
7
7
11
27
27
27
27
45
27
27
27
27
45
47
47
46
46
46
46
46
46
46
46
48
48
48
48
48
22
48
48
48
48
16
16
16
16
16
16
16
12
12
12
10
8
8
8
10
10
16
16
12
12
12
12
16
16
16
16
22
22
22
22
48
48
48
48
48
48
4
4
48
48
22
22
22
22
48
48
48
48
4
4
24
24
31
31
31
31
42
42
42
42
32
32
32
32
28
28
47
32
32
26
23
23
23
33
33
33
33
32
26
33
8
8
8
8
8
8
26
26
26
26
26
26
31
31
31
26
23
23
23
23
19
19
19
12
22
22
23
23
8
8
8
8
15
8
8
15
15
45
15
42
42
17
42
42
47
17
42
42
42
42
46
46
48
48
46
46
46
46
28
28
6
31
31
31
31
31
31
32
32
32
32
49
49
23
23
23
23
24
24
19
19
19
19
22
22
22
12
22
22
12
12
12
12
37
37
37
37
39
39
37
39
37
37
30
30
30
30
28
28
30
30
30
30
20
20
20
20
37
20
37
37
37
37
37
39
39
39
13
13
18
13
14
18
14
14
12
12
28
28
48
48
46
46
28
28
28
28
49
49
8
44
6
39
6
6
18
18
18
18
18
18
18
18
18
20
17
17
17
16
49
49
49
49
40
49
49
40
20
20
20
20
20
49
49
20
20
40
42
40
40
11
40
11
23
19
23
23
19
19
19
23
23
40
18
18
18
18
18
18
18
18
18
18
3
3
11
41
47
47
47
47
47
47
47
47
49
23
23
33
33
33
33
33
33
32
32
24
24
20
20
20
20
24
24
24
24
42
42
42
42
11
41
41
10
41
41
33
41
40
41
40
40
33
33
23
23
10
33
47
47
46
46
46
46
46
46
46
46
10
10
10
10
38
38
38
38
43
38
43
43
38
38
29
29
29
29
1
1
10
10
39
39
43
43
44
44
43
39
43
43
5
9
40
12
12
40
40
40
41
41
41
37
39
39
39
49
46
47
47
47
47
47
47
47
14
14
4
4
4
4
3
4
4
4
12
12
12
12
22
22
22
9
19
0
49
49
17
49
49
49
17
17
17
17
28
28
46
46
28
28
48
48
46
46
33
33
33
33
24
24
33
24
32
33
49
49
49
17
17
17
23
23
23
23
23
23
19
19
19
19
19
23
23
49
49
49
49
16
16
19
19
19
19
23
23
23
23
2
2
43
2
1
1
2
2
43
43
11
3
3
3
11
11
11
11
13
13
13
13
3
3
14
14
12
12
13
13
13
13
7
7
7
7
3
3
11
11
11
11
3
3
11
3
44
45
22
1
1
2
2
2
2
45
45
12
12
12
12
22
22
12
22
22
22
37
37
37
40
39
39
39
37
40
40
12
13
14
14
14
14
13
13
13
14
35
27
27
40
40
40
14
14
14
14
14
13
13
13
13
12
15
15
44
43
43
44
44
44
7
7
7
7
13
13
13
13
9
9
9
10
10
10
9
9
9
9
9
9
10
10
11
11
9
9
9
9
19
19
19
19
24
24
24
24
24
24
17
17
15
15
15
15
17
15
17
17
11
48
48
48
48
22
48
48
48
48
48
32
32
32
32
31
31
31
31
31
31
47
47
47
47
49
47
47
47
47
41
29
29
29
29
17
17
17
17
45
45
45
17
39
39
29
29
29
29
3
5
5
5
5
5
1
1
1
1
26
26
19
40
41
5
5
5
5
5
5
5
5
5
5
9
5
1
1
5
5
19
30
30
4
4
4
4
4
4
3
4
45
45
2
2
2
2
1
1
33
23
23
23
32
33
33
33
32
32
27
27
25
27
27
27
25
25
25
25
5
5
5
1
9
5
5
5
1
1
16
16
15
15
15
15
16
16
15
16
24
27
27
27
25
25
25
25
25
27
27
2
2
45
45
1
2
2
2
45
44
25
34
34
34
34
34
34
34
36
36
35
35
15
24
40
40
40
40
39
44
35
35
37
32
32
32
32
31
31
31
5
3
5
5
5
5
5
5
4
37
37
37
38
37
38
38
38
38
28
41
30
30
30
30
30
30
45
44
44
44
44
44
44
44
39
39
6
6
6
6
7
7
7
7
39
39
39
37
15
15
37
37
30
30
30
30
28
28
30
30
30
30
27
27
27
27
9
9
9
9
10
10
9
10
9
9
17
17
29
29
6
6
6
8
8
8
15
15
37
6
6
39
39
44
8
44
8
44
44
6
44
32
32
32
20
20
6
6
10
10
10
6
6
6
6
9
6
16
26
27
27
9
49
0
0
0
0
0
31
1
1
5
36
36
17
36
36
36
36
24
24
36
36
31
31
31
31
31
31
32
32
32
32
36
36
36
36
36
36
24
24
36
36
41
19
19
41
39
41
39
39
19
19
40
40
33
32
33
33
33
33
23
23
32
32
17
17
17
17
15
17
17
15
15
15
12
19
20
20
19
19
20
20
7
5
5
5
5
5
7
7
27
27
25
25
25
25
27
25
27
27
25
7
7
7
