0
0
24
0
0
0
0
0
0
48
6
6
8
8
5
4
4
6
4
4
16
46
44
44
44
26
16
19
19
19
28
16
28
41
40
40
5
5
40
30
41
5
25
5
5
21
41
28
41
28
21
23
28
2
2
2
2
2
24
46
42
42
42
42
42
49
42
42
7
8
8
7
7
8
8
8
7
7
7
7
9
8
20
12
7
8
9
9
32
32
13
13
33
33
33
32
36
36
33
33
48
48
49
49
49
49
49
40
40
40
21
2
2
2
2
21
21
21
21
42
42
46
42
2
2
44
44
4
46
4
47
46
47
47
10
47
10
10
25
25
28
28
28
28
28
28
28
28
44
19
19
44
41
21
10
10
49
49
49
49
9
9
49
48
49
49
17
17
12
41
12
12
12
12
28
38
38
41
41
41
41
40
41
41
41
1
1
2
1
1
5
22
22
5
5
5
5
5
37
37
34
34
34
34
34
37
37
37
21
39
39
39
39
39
39
4
5
46
43
43
11
11
11
11
11
11
43
43
31
31
32
32
3
46
46
46
46
46
46
46
47
47
47
44
44
44
46
44
29
29
29
28
29
29
29
29
34
34
35
35
33
16
12
33
33
33
17
28
17
30
40
48
48
30
30
30
0
30
30
30
30
30
30
2
30
27
27
27
29
29
2
29
2
42
29
49
42
42
42
42
42
42
42
29
29
49
37
37
37
42
42
42
42
40
42
40
40
46
39
39
39
46
10
10
46
9
9
9
3
10
47
9
9
0
0
0
23
0
0
0
0
1
47
0
48
10
1
34
34
29
29
29
34
29
29
29
29
13
13
8
8
13
13
6
7
12
8
13
12
27
26
26
27
27
26
26
46
37
37
0
0
0
0
0
0
0
0
0
47
37
37
37
34
37
34
34
34
34
37
37
37
14
14
23
6
6
4
4
4
4
4
7
7
45
45
45
45
45
45
45
44
44
44
44
13
12
12
1
47
47
31
31
31
31
45
45
45
45
45
7
7
42
1
41
27
29
27
27
27
27
25
27
25
25
41
42
41
41
41
23
5
42
28
41
40
49
40
40
48
48
48
48
40
40
48
48
42
43
43
47
47
47
47
10
10
10
47
46
28
49
49
47
47
47
46
42
49
49
6
6
10
21
6
6
6
6
10
10
40
28
28
28
28
28
28
28
25
25
25
35
35
36
36
26
26
35
35
10
44
36
36
16
8
28
48
8
7
8
28
7
7
7
7
6
16
10
19
16
19
40
26
26
25
25
25
27
27
27
27
26
37
37
37
37
37
11
11
11
11
43
43
11
11
43
43
42
42
42
42
49
42
42
42
39
39
33
33
36
36
32
33
33
33
32
32
43
43
43
11
11
11
11
11
47
43
43
47
46
46
46
46
4
45
45
45
45
45
45
17
17
4
35
35
35
35
35
23
23
18
29
29
29
29
29
29
34
29
34
34
20
4
4
5
5
24
24
4
4
48
48
24
24
48
48
24
24
24
24
13
12
43
11
13
11
11
11
11
13
13
43
43
37
0
37
37
0
0
0
0
47
0
45
45
45
45
45
45
49
5
43
11
11
11
8
8
42
36
36
36
42
26
26
36
36
36
42
9
9
49
49
9
10
9
9
22
6
8
8
8
6
6
6
6
8
8
10
10
9
9
9
9
9
9
10
10
14
36
36
36
36
26
36
26
26
36
36
46
46
44
44
44
44
44
47
32
32
46
18
18
18
16
16
33
16
17
17
33
17
10
10
6
6
6
6
6
10
10
10
22
7
22
27
22
48
48
24
24
48
24
24
24
24
24
7
15
5
12
19
40
16
48
16
48
48
48
48
40
19
45
45
45
45
45
45
16
16
16
16
19
19
16
16
19
19
37
34
37
37
34
34
34
34
46
46
37
37
31
31
31
35
41
31
31
31
31
33
33
33
33
36
36
41
37
26
31
38
37
41
41
41
41
40
40
41
40
39
41
12
12
12
12
12
17
17
49
43
43
11
11
10
11
43
43
11
43
26
26
25
25
27
25
27
27
26
26
6
25
25
18
22
22
22
18
18
18
18
41
32
32
32
32
17
17
24
41
13
13
13
12
12
12
28
22
22
20
20
18
18
40
40
40
27
48
48
48
48
48
34
16
16
18
16
46
16
16
16
46
46
46
46
47
47
47
47
21
8
8
21
7
7
7
7
8
8
8
7
19
19
20
29
20
20
5
20
25
39
28
28
27
21
20
20
20
20
20
20
20
20
25
25
48
48
21
21
21
21
28
48
21
21
20
20
20
20
20
20
20
20
25
25
41
44
44
44
44
44
46
46
27
27
27
27
29
25
27
27
31
31
31
34
27
26
34
34
39
33
33
34
33
35
35
32
32
25
25
20
20
20
20
20
20
20
20
31
31
31
31
26
43
11
43
43
11
11
11
11
43
43
8
39
39
39
39
39
39
4
4
4
8
4
4
6
6
6
6
8
8
39
7
7
7
7
7
8
8
8
6
45
45
45
45
45
39
23
47
9
9
9
9
9
9
1
1
1
23
25
22
18
18
18
12
22
18
22
22
26
26
26
8
33
33
33
21
35
35
33
33
32
32
26
32
32
32
32
16
16
16
18
17
17
16
16
39
39
18
18
18
18
18
18
20
20
20
47
9
9
25
25
0
9
0
0
43
43
11
11
43
43
11
11
11
11
45
45
45
45
45
19
19
19
19
16
19
16
16
39
38
39
39
39
39
39
39
39
39
39
36
36
36
29
29
29
29
29
34
34
34
34
32
32
32
19
19
37
37
34
34
34
22
16
16
16
16
16
19
19
19
22
6
10
6
6
6
6
6
6
7
7
10
10
32
32
39
32
32
31
44
44
44
44
44
46
46
5
4
4
25
25
20
20
20
20
20
39
20
20
3
48
48
21
21
21
21
28
28
21
21
47
47
47
47
47
47
46
46
46
46
3
32
5
17
18
17
17
17
21
17
17
32
3
18
18
5
26
26
35
35
35
35
35
35
35
35
3
27
41
30
41
30
41
41
5
41
16
32
32
33
33
33
33
33
33
35
35
39
39
39
39
39
39
3
3
14
12
12
12
12
12
12
44
8
2
14
15
40
40
40
41
41
41
41
41
41
39
31
23
27
27
40
27
25
25
27
27
41
41
29
27
40
38
38
38
38
38
38
37
48
5
5
3
49
16
3
49
3
15
15
31
31
49
15
15
34
34
31
15
34
31
46
46
47
18
47
47
46
46
47
47
8
7
7
7
8
7
8
8
19
19
16
16
16
16
16
19
16
16
17
17
17
17
17
17
18
17
18
18
40
40
48
40
40
40
48
48
48
48
19
20
25
38
38
38
7
7
7
7
38
38
35
35
26
26
35
35
35
35
35
35
44
44
44
46
16
44
44
21
28
26
2
10
10
6
6
6
6
6
6
21
10
10
34
32
34
15
8
8
7
8
7
7
7
7
15
8
8
15
15
12
12
12
12
12
12
15
15
15
15
15
15
13
15
13
13
47
30
30
30
30
30
30
30
30
40
40
14
14
14
14
13
13
13
13
15
15
30
40
29
29
36
36
36
36
36
36
30
30
30
30
30
30
45
45
45
45
45
19
21
22
22
15
15
15
31
31
31
31
9
47
9
9
9
9
1
1
1
9
21
14
14
13
13
13
13
14
14
14
14
12
22
22
22
22
18
22
18
18
18
18
12
12
19
19
37
37
38
38
38
38
38
15
16
27
27
26
27
26
26
34
14
32
38
0
0
0
0
24
24
24
24
42
42
42
42
48
48
49
42
15
15
22
22
22
22
6
22
22
25
38
17
17
17
17
17
18
17
17
18
18
38
27
27
22
26
15
22
15
27
34
26
26
22
21
30
30
21
21
21
21
21
21
28
28
15
15
23
15
22
23
22
22
21
22
43
43
38
11
11
11
11
11
43
43
43
49
49
49
24
23
23
23
23
23
23
15
49
24
49
27
27
25
25
34
49
27
27
29
29
29
49
30
28
30
30
38
9
9
38
0
49
0
1
24
30
24
24
23
24
23
24
15
15
23
24
30
30
24
16
21
21
21
24
21
21
28
28
23
23
15
23
23
24
23
23
24
24
15
39
24
24
23
23
23
23
23
14
23
23
31
31
33
31
31
31
36
36
33
33
38
4
14
19
19
19
19
19
44
44
44
44
44
13
13
13
13
37
37
14
14
14
2
34
34
34
34
37
37
37
37
42
17
12
26
26
35
35
35
35
35
35
35
36
49
49
49
48
49
49
48
49
9
9
49
49
1
1
9
49
17
17
17
17
15
12
17
17
15
12
22
22
22
22
18
18
22
22
21
22
14
14
14
14
14
14
14
35
35
35
35
35
35
26
26
12
12
40
38
12
35
35
14
40
40
14
14
14
30
30
30
30
30
30
30
30
14
41
13
13
22
21
13
18
22
18
18
22
22
22
22
31
31
31
31
38
38
38
38
38
38
38
38
15
15
13
13
15
15
15
15
15
15
1
36
36
36
26
26
36
15
15
15
15
14
26
13
13
13
13
32
32
32
12
14
14
14
14
13
13
13
13
40
40
42
40
15
14
42
42
4
4
4
6
4
4
4
4
18
6
6
31
31
18
6
6
4
4
4
4
4
4
4
2
2
2
5
2
2
44
47
47
10
10
10
47
47
47
47
43
12
12
43
1
1
1
2
23
1
34
34
29
29
29
29
29
29
28
29
0
37
0
1
1
0
2
2
1
1
1
1
1
1
27
30
2
30
26
30
30
30
26
26
40
40
2
2
14
25
24
0
0
0
24
24
24
24
23
23
1
47
48
1
1
47
25
24
24
5
5
5
5
49
5
23
23
23
23
5
5
5
24
24
23
23
23
23
5
23
23
14
19
19
19
19
19
19
42
18
18
17
17
18
17
17
17
17
17
31
31
36
36
34
36
31
34
31
31
41
40
41
41
37
37
37
37
38
38
23
23
32
32
14
14
23
23
33
33
35
35
33
33
33
33
45
45
45
32
32
33
33
39
39
39
39
39
13
13
13
25
27
25
25
27
37
27
27
38
38
26
26
5
5
42
3
3
3
3
1
1
2
2
1
3
10
10
9
9
9
10
3
3
9
9
37
25
25
28
28
28
28
28
28
28
28
3
3
3
3
3
3
2
2
3
3
8
8
8
7
7
7
7
7
8
8
38
5
2
2
4
4
4
4
3
3
2
2
2
2
28
28
21
21
1
21
32
21
1
1
1
5
2
2
1
1
26
44
44
44
46
14
14
44
44
2
2
3
3
36
49
48
49
3
3
49
3
49
3
3
25
25
20
20
20
20
19
19
19
19
3
3
3
3
3
3
5
5
3
3
20
20
20
25
19
19
19
19
42
25
25
42
38
12
12
12
12
12
17
17
18
3
3
3
3
3
3
2
5
3
3
14
14
14
14
14
13
13
13
32
32
32
14
38
43
43
11
11
11
8
43
43
11
11
21
32
48
48
48
0
0
24
24
24
24
24
36
1
2
2
1
1
1
1
1
1
36
36
38
10
10
38
9
9
10
9
1
5
9
1
5
38
38
38
38
31
31
33
9
43
43
10
10
10
10
43
11
43
43
0
2
2
2
2
2
32
32
5
5
5
36
36
33
33
33
33
32
33
4
4
6
4
4
5
4
4
6
6
41
