2472 4819 001
771 6 54 8 373 6 362 7 
3 4 1855 8 397 3 5 5 
1854 3 2 4 396 5 232 6 
7 5 1648 3 5 4 405 7 
4 4 1846 5 404 4 2 5 
9 1 403 4 1849 1 7 4 
4 5 1848 5 6 4 402 5 
1851 6 9 5 11 8 401 6 
1850 2 6 1 8 5 400 2 
11 7 1588 5 399 6 2286 6 
10 7 1852 8 398 5 8 8 
13 5 1311 6 130 5 15 10 
496 8 12 5 21 4 129 9 
1309 7 132 3 1986 5 15 9 
494 10 131 9 12 10 14 9 
18 7 2355 6 787 8 17 6 
786 7 1426 6 16 6 246 6 
16 7 1428 6 785 5 
20 4 1307 5 126 3 23 6 
125 4 19 4 781 5 1306 4 
128 6 23 6 13 4 1305 7 
2156 4 196 3 2238 5 25 6 
127 6 21 6 1304 8 19 6 
590 6 1928 7 
195 8 22 6 2403 7 2155 10 
1737 6 121 6 803 6 
2306 5 2103 7 29 9 28 4 
2102 5 1129 5 36 6 27 4 
1445 11 1129 10 27 9 1195 10 
33 8 2111 5 1045 6 31 6 
2110 3 645 5 912 9 30 6 
2109 7 35 3 635 5 33 5 
30 8 636 9 32 5 2108 6 
2107 10 870 6 35 8 37 7 
871 6 2106 7 32 3 34 8 
2105 5 37 5 868 5 28 6 
36 5 869 7 2104 4 34 7 
2231 6 1573 4 336 11 2040 5 
2161 8 2109 10 40 9 46 6 
2160 11 2108 7 41 11 39 9 
2111 7 2159 8 42 12 40 11 
898 8 2158 9 41 12 2110 7 
2165 8 44 8 48 6 2105 6 
43 8 45 6 2104 6 2164 6 
2107 7 44 6 46 5 2163 7 
2162 7 2106 7 45 5 39 6 
558 5 48 4 2103 8 2156 5 
47 4 43 6 2102 4 2155 7 
2353 5 1996 9 2036 7 1569 9 
359 11 1997 9 2400 7 
2038 6 2353 4 336 11 2247 6 
1831 6 2400 7 357 12 
54 6 1994 3 371 3 364 4 
370 6 53 6 1 8 363 7 
1880 7 1824 6 56 7 63 6 
2326 6 55 7 1823 8 1879 5 
2231 3 1571 5 372 2 2042 5 
59 6 1821 5 1886 9 61 7 
58 6 1820 4 64 8 1885 6 
1888 10 1962 7 1819 6 61 8 
1818 8 58 7 60 8 1887 8 
65 3 63 3 1890 4 1817 3 
1889 6 1816 7 62 3 55 6 
1892 10 1815 10 59 8 65 6 
62 3 1814 2 1891 3 64 6 
430 2 69 3 67 3 2051 2 
429 3 72 5 66 3 2050 4 
69 5 266 7 2338 6 428 6 
68 5 66 3 427 7 2052 7 
426 4 2055 6 73 10 71 5 
74 9 425 5 2054 5 70 5 
73 11 278 5 67 5 424 7 
72 11 277 11 423 9 70 10 
255 7 71 9 422 9 75 10 
253 4 421 10 1333 6 74 10 
972 7 2371 7 1687 7 1200 4 
1605 6 2425 5 2009 6 109 7 
2421 7 113 4 2007 7 2009 8 
622 2 80 4 82 5 248 4 
2343 9 621 7 247 5 79 4 
1315 2 1092 4 82 6 84 3 
629 8 1091 8 81 6 79 5 
84 6 86 7 1094 5 628 6 
83 6 239 4 81 3 627 5 
88 7 242 7 86 7 626 7 
83 7 1095 4 625 6 85 7 
290 8 1303 6 88 7 244 6 
623 6 1097 9 87 7 85 7 
90 4 304 4 517 4 728 2 
95 4 89 4 516 5 727 7 
92 7 98 8 722 10 509 8 
91 7 508 4 93 3 721 5 
94 4 720 5 92 3 511 3 
93 4 510 4 719 6 597 4 
513 10 90 4 96 3 726 4 
97 7 725 5 95 3 512 5 
96 7 515 10 724 6 98 7 
514 6 91 8 97 7 723 4 
145 9 100 6 321 6 2027 8 
101 4 144 3 99 6 2026 2 
2019 6 100 4 151 6 102 5 
150 4 103 5 101 5 2018 3 
153 6 2017 6 102 5 104 4 
105 4 152 9 2016 2 103 4 
104 4 2023 4 106 6 147 6 
146 6 105 6 2022 7 107 6 
108 4 149 10 106 6 2021 6 
107 4 148 5 2020 3 
1551 8 110 8 114 8 77 7 
1550 7 329 9 109 8 1605 7 
1544 6 118 6 112 7 2008 4 
111 7 113 5 1543 9 2007 8 
114 3 78 4 112 5 1542 3 
113 3 2009 7 1541 3 109 8 
116 5 2012 2 1548 5 1659 6 
115 5 2011 6 1547 4 117 6 
2014 4 118 6 1953 5 116 6 
111 6 117 6 1952 7 2013 5 
1734 4 121 5 1098 6 802 3 
697 3 462 3 122 4 533 4 
801 8 119 5 26 6 1733 7 
465 4 532 5 120 4 696 4 
1098 9 1736 7 800 10 1043 5 
2146 4 125 5 781 6 
20 4 126 3 1657 6 124 5 
125 3 1656 5 127 3 19 3 
23 6 128 6 126 3 1878 6 
21 6 127 6 1877 8 129 11 
1884 8 130 9 13 9 128 11 
1883 6 131 4 12 5 129 9 
15 9 1882 10 130 4 132 3 
1317 3 14 3 1881 3 131 3 
134 4 140 3 2125 2 1905 3 
133 4 1904 6 2124 4 135 5 
2127 7 1903 4 136 5 134 5 
135 5 2370 6 2126 7 1902 5 
1909 6 142 6 2129 7 138 9 
1908 9 2128 11 137 9 139 8 
140 3 2131 4 1907 6 138 8 
139 3 2130 2 133 3 1906 3 
142 6 1897 4 2135 7 1700 5 
141 6 137 6 1896 8 2134 9 
1199 12 967 6 1565 7 654 6 
151 5 100 3 145 6 169 7 
99 9 350 6 144 6 168 8 
163 6 106 6 149 10 147 6 
162 5 152 11 146 6 105 6 
161 7 108 5 149 11 
107 10 160 8 148 11 146 10 
102 4 167 5 151 5 153 5 
166 8 144 5 150 5 101 6 
165 10 147 11 153 11 104 9 
103 6 152 11 164 8 150 5 
1074 3 155 4 159 3 1939 6 
1938 7 154 4 1072 6 156 7 
1941 7 1071 7 157 6 155 7 
1070 4 1940 6 156 6 366 5 
1289 6 1223 4 1221 7 453 7 
1075 4 154 3 1937 5 
149 8 161 4 163 4 
148 7 160 4 
147 5 163 5 165 4 
146 6 162 5 160 4 
167 8 153 8 165 7 792 7 
152 10 162 4 164 7 
169 10 151 8 794 7 167 8 
164 8 150 5 166 8 793 6 
790 8 2170 6 145 8 169 9 
166 10 144 7 168 9 789 7 
694 7 528 7 461 6 1718 8 
1071 8 174 7 172 9 
171 9 368 9 1070 6 
174 4 1074 4 
171 7 173 4 1072 5 
1542 6 178 5 176 4 1728 9 
1541 1 183 4 175 4 1727 3 
1544 5 1726 6 180 5 178 3 
1543 6 649 3 175 5 177 3 
180 5 182 2 1724 7 1953 4 
1723 5 1952 7 179 5 177 5 
182 7 1829 12 1654 9 1548 10 
1827 3 1547 1 181 7 179 2 
1730 4 1551 6 176 4 184 8 
1550 9 372 6 183 8 1729 8 
884 6 867 9 2273 8 748 5 
938 3 438 6 791 4 192 8 
867 5 188 4 2271 8 750 4 
187 4 749 7 193 5 2270 6 
2277 5 2446 5 744 6 190 4 
191 6 189 4 2276 5 743 3 
746 9 190 6 2275 6 884 6 
1435 10 1712 10 186 8 937 8 
188 5 2269 4 752 6 194 3 
751 4 1018 6 2268 6 193 3 
25 8 202 7 196 5 2337 8 
22 3 2071 2 2168 3 195 5 
200 5 198 4 2408 5 
203 3 197 4 2407 8 
1992 9 2341 5 200 5 2246 5 
197 5 2405 7 199 5 
204 5 2404 6 202 6 
195 7 2403 6 201 6 2444 6 
2237 5 204 3 198 3 
201 5 203 3 2344 5 
1530 6 206 9 248 9 963 8 
247 5 1529 5 205 9 1312 6 
1522 7 208 10 1094 5 214 11 
207 10 239 8 209 8 1521 7 
1092 5 963 5 208 8 1524 3 
939 10 1435 7 1363 6 797 6 
1526 9 212 6 244 4 975 5 
213 8 211 6 1525 6 1097 10 
212 8 242 7 214 11 1528 5 
1527 7 1095 8 213 11 207 11 
1778 6 816 6 216 7 529 8 
215 7 528 6 225 7 1779 5 
218 9 2135 7 763 7 408 5 
762 11 217 9 2134 12 731 8 
220 10 222 10 537 7 1782 5 
219 10 536 7 1783 8 581 7 
535 4 224 4 222 7 1780 6 
219 10 1781 6 534 7 221 7 
224 5 226 4 533 5 1786 5 
532 5 1787 5 221 4 223 5 
226 5 1784 6 531 7 216 7 
225 5 1785 4 530 3 223 4 
814 7 411 6 684 6 228 3 
233 6 683 5 227 3 417 4 
236 10 676 8 808 8 230 6 
675 3 807 4 231 2 229 6 
678 3 230 2 232 6 806 5 
677 9 805 8 231 6 3 6 
228 6 234 10 680 6 812 6 
679 8 233 10 811 12 235 8 
236 7 234 8 682 7 810 6 
229 10 809 8 235 7 681 6 
664 6 1213 7 240 6 238 9 
1212 5 237 9 243 6 663 5 
208 8 84 4 1094 3 1092 5 
1214 5 661 3 237 6 1093 4 
1209 6 1096 3 1099 4 660 4 
213 7 1097 9 1095 4 85 7 
1211 2 1099 3 238 6 658 6 
1390 5 211 4 87 6 1097 8 
656 2 1096 2 1207 4 246 6 
655 6 1206 10 245 6 17 6 
206 5 248 5 80 5 414 7 
247 5 205 9 79 4 1091 7 
791 4 250 4 922 6 2032 4 
921 4 1712 6 249 4 2028 6 
252 6 1813 9 899 9 913 8 
898 3 251 6 912 8 2110 2 
1875 7 75 4 2257 5 255 1 
2216 6 1054 6 1533 4 1507 8 
74 7 2054 3 2256 4 253 1 
827 6 257 6 1945 6 259 6 
1944 6 262 5 256 6 826 6 
265 6 825 4 1947 3 259 5 
824 4 1946 4 256 6 258 5 
823 5 1949 6 261 11 263 3 
1767 11 1948 10 260 11 822 12 
821 6 257 5 1951 8 263 3 
1950 5 820 2 260 3 262 3 
436 6 819 4 265 6 1943 6 
258 6 818 6 264 6 1942 8 
68 7 2248 6 2052 9 2236 5 
2445 4 268 6 1084 4 2191 5 
1085 6 269 4 267 6 2190 4 
270 5 268 4 2184 3 1080 6 
269 5 1081 7 271 8 2183 5 
272 7 270 8 1082 6 2182 7 
271 7 1399 3 1083 6 2181 8 
1539 7 1090 8 1519 5 1516 7 
1399 5 2187 7 275 8 1077 6 
276 7 274 8 2186 7 1078 6 
2185 6 275 7 1079 5 765 4 
2253 6 73 11 278 5 2055 7 
2252 3 72 5 2050 4 277 5 
1604 3 286 5 280 5 1601 4 
2079 4 279 5 1603 5 1600 7 
282 5 2148 7 284 5 
281 5 287 4 2147 3 
284 3 741 6 
283 3 281 5 2145 4 
288 8 2144 4 
279 5 1599 6 1602 3 
732 9 282 4 288 10 
285 8 287 10 2141 10 
2138 10 2053 14 1251 11 1249 10 
87 8 1390 7 291 5 1109 7 
1108 3 1389 6 297 5 290 5 
447 5 1064 4 1248 5 413 4 
300 3 294 2 1382 1 1103 3 
293 2 1102 4 295 3 1381 4 
1101 2 296 3 294 3 1384 6 
295 3 475 4 1383 6 1100 3 
298 10 1386 5 291 5 1107 6 
1106 8 299 8 297 10 1385 9 
300 4 298 8 1105 7 1388 4 
293 3 299 4 1387 4 1104 3 
383 7 302 9 311 10 574 8 
301 9 573 6 382 6 2172 8 
413 8 1062 8 419 8 449 9 
379 5 305 5 89 4 568 5 
567 6 306 4 304 5 378 5 
305 4 381 4 566 4 307 3 
565 3 380 4 308 3 306 3 
309 4 572 5 307 3 375 5 
310 5 308 4 571 6 374 3 
309 5 311 7 570 5 377 9 
301 10 310 7 569 7 376 9 
315 3 1619 6 1296 3 
314 9 1621 4 316 6 1292 4 
1293 10 319 9 1620 13 313 9 
312 3 316 6 2318 6 1294 3 
1295 5 315 6 313 6 2317 4 
1849 2 354 2 318 5 324 5 
353 8 1848 5 1632 9 317 5 
314 9 320 4 1297 7 1614 4 
2288 5 1679 5 319 4 1298 3 
350 3 99 6 322 2 1588 2 
1852 6 321 2 349 4 323 3 
324 5 1851 3 352 5 322 3 
323 5 1850 5 317 5 351 7 
326 9 490 9 2034 8 1843 7 
2033 6 325 9 1842 7 334 7 
686 5 1256 8 576 11 1576 9 
331 4 329 9 2042 7 1835 8 
1834 8 2041 11 110 9 328 9 
1837 9 2040 6 331 6 333 11 
328 4 330 6 1836 5 2039 5 
335 9 1839 11 2038 7 333 11 
1838 8 330 11 332 11 2037 8 
1841 4 335 7 2036 5 326 7 
2035 5 332 9 1840 7 334 7 
1990 10 51 11 38 11 2037 9 
1703 6 2012 4 1659 8 1639 6 
1700 4 1735 3 339 4 1933 4 
1936 5 338 4 340 7 1734 5 
1935 6 1733 8 339 7 341 6 
1737 5 340 6 1932 5 
1633 1 344 5 
346 7 1635 8 1663 6 344 8 
1662 7 1634 7 343 8 342 5 
1637 3 1661 5 1703 4 346 5 
345 5 343 7 1660 8 1636 9 
348 10 1631 7 2202 6 2399 7 
355 10 1844 9 347 10 2398 7 
350 5 352 6 322 4 772 9 
349 5 321 3 145 6 2170 4 
2389 5 352 7 324 7 354 4 
349 6 2388 9 351 7 323 5 
356 11 318 8 354 5 2189 6 
2394 5 353 5 317 2 351 4 
348 10 2393 7 356 11 1923 7 
353 11 2392 10 355 11 1632 12 
2221 11 358 11 1791 12 52 12 
2400 6 357 11 1790 3 359 10 
50 11 360 10 1793 13 358 10 
1792 4 359 10 361 4 1997 8 
771 4 360 4 1795 5 362 5 
363 6 1794 7 1 7 361 5 
364 5 362 6 1797 8 54 7 
363 5 1796 3 53 4 365 6 
1994 5 366 6 1789 6 364 6 
1788 4 157 5 365 6 1993 5 
1994 4 368 7 371 4 
172 9 367 7 1993 7 
1845 5 1997 7 
54 6 373 4 371 3 
370 3 53 3 367 4 
2364 3 2041 6 57 2 184 6 
370 4 1 6 1845 6 
377 7 375 4 1325 2 309 3 
1324 8 380 6 374 4 308 5 
383 6 377 11 1323 7 311 9 
1322 10 374 7 376 11 310 9 
1321 4 381 5 379 5 305 5 
304 5 378 5 517 5 1320 5 
375 6 381 5 307 4 1319 5 
1318 5 306 4 378 5 380 5 
383 4 302 6 1317 5 1881 5 
301 7 376 6 1316 3 382 4 
1548 4 1659 5 385 2 1654 3 
384 2 1653 3 1658 8 1847 5 
1577 6 647 7 1499 3 387 5 
646 6 1576 8 386 5 388 7 
389 8 640 7 1567 8 387 7 
388 8 639 8 1566 9 390 8 
2031 7 391 9 638 6 389 8 
390 9 1568 7 637 7 392 9 
1073 7 393 6 391 9 644 8 
394 6 392 6 643 6 1570 5 
393 6 642 6 2053 10 395 8 
641 6 519 7 1572 7 394 8 
397 4 3 5 805 7 2257 8 
396 4 404 2 2 3 2256 4 
399 4 2249 5 11 5 401 3 
398 4 2248 5 10 6 549 5 
403 5 2251 4 401 3 9 2 
400 3 2250 5 8 6 398 3 
403 5 405 7 2253 4 7 5 
400 5 402 5 6 4 2252 5 
2255 5 397 2 405 7 5 4 
2254 9 404 7 4 7 402 7 
407 5 409 5 1936 5 600 7 
410 5 406 5 599 8 1935 4 
602 5 1934 3 217 5 409 5 
406 5 1933 5 601 6 408 5 
407 5 598 7 1932 6 
227 6 539 6 689 5 412 5 
538 9 688 4 411 5 
303 8 448 7 1063 6 292 4 
415 8 247 7 1312 8 2343 11 
414 8 2342 6 2459 5 416 3 
2345 6 415 3 
812 4 228 4 1739 7 814 8 
2113 4 2374 6 1283 3 420 7 
442 3 1069 7 303 8 1253 4 
1279 9 2112 10 2373 9 418 7 
1767 9 422 9 75 10 1948 8 
1766 5 425 5 74 9 421 9 
424 5 426 3 73 9 1759 4 
72 7 429 5 423 5 1758 7 
1761 7 426 4 422 5 71 5 
1760 5 70 4 425 4 423 3 
1763 7 428 8 430 6 69 7 
555 4 1762 6 427 8 68 6 
430 2 67 3 424 5 1765 2 
429 2 66 2 1764 3 427 6 
2096 3 1280 3 433 5 2372 4 
2422 3 446 6 1686 5 1963 3 
972 8 2371 8 431 5 2095 8 
435 3 437 4 693 8 1809 5 
434 3 1808 5 692 3 
1811 8 264 6 437 6 691 6 
434 4 436 6 1810 8 690 5 
936 7 186 6 1476 8 
458 2 1254 4 445 3 1066 5 
458 5 445 6 441 9 1987 7 
1986 7 440 9 1309 9 1257 9 
419 3 443 3 1980 2 449 4 
442 3 1253 4 1979 6 444 5 
1254 5 445 4 1978 5 443 5 
440 6 1977 6 444 4 439 3 
432 6 1685 6 2166 5 2421 7 
448 8 292 5 2445 4 1983 5 
447 8 413 7 449 8 1982 6 
303 9 442 4 448 8 1981 7 
2178 9 1221 11 453 11 451 11 
1220 8 2177 6 459 4 450 11 
2176 5 1223 4 453 7 455 8 
452 7 450 11 158 7 2175 6 
455 7 2174 6 457 7 1217 6 
454 7 452 8 1216 8 2173 6 
457 7 1219 8 2172 7 573 5 
1218 7 456 7 2171 5 454 7 
439 2 440 5 1061 3 1257 5 
1833 4 1226 3 451 4 
795 5 2024 10 1363 5 941 8 
462 3 531 5 699 2 170 6 
461 3 530 3 120 3 698 8 
464 3 1965 4 1338 4 471 6 
463 3 1676 4 1964 2 1337 2 
703 6 122 4 466 5 535 4 
534 5 467 6 465 5 702 6 
537 5 466 6 701 6 468 7 
536 6 700 5 2097 9 467 7 
472 5 1960 5 1341 4 
1346 7 1957 8 473 8 471 9 
1345 7 1956 4 470 9 463 6 
1348 4 469 5 1955 9 473 5 
1347 8 1954 6 472 5 470 8 
475 6 483 5 1192 11 1931 5 
474 6 296 4 1191 3 817 5 
911 8 1188 10 586 11 477 6 
1187 4 476 6 478 4 910 2 
1190 6 909 8 479 8 477 4 
908 7 480 8 478 8 1189 9 
1184 6 481 5 915 6 479 8 
480 5 482 3 1183 4 914 3 
481 3 815 3 483 3 1186 3 
1185 2 474 5 482 3 603 8 
1693 9 485 9 487 9 1863 8 
492 9 484 9 1862 10 1692 9 
1695 3 1861 4 487 7 489 3 
1694 8 484 9 486 7 1860 9 
1859 9 1689 7 491 6 489 8 
488 8 1858 7 486 3 1688 5 
1857 8 325 9 491 5 1691 7 
1690 4 1856 5 488 6 490 5 
485 9 1697 5 493 5 1865 4 
1696 5 607 4 492 5 1864 11 
15 10 1309 8 733 6 1311 6 
2089 5 1607 11 1310 7 1308 9 
13 8 1311 9 735 8 1305 11 
2293 6 816 7 2442 6 2471 9 
499 4 507 4 1169 4 523 6 
498 4 522 6 500 7 1168 7 
1171 5 501 7 499 7 521 7 
502 8 1170 7 500 7 520 9 
1165 8 503 6 501 8 527 7 
502 6 526 4 504 5 1164 4 
1167 6 525 6 503 5 505 7 
524 4 504 7 965 6 1166 4 
519 13 1163 15 507 14 641 12 
1162 6 498 4 518 6 506 14 
1125 7 92 4 511 4 509 5 
514 6 1124 4 91 8 508 5 
1123 6 2427 6 94 4 511 3 
508 4 510 3 1122 4 93 3 
515 8 513 12 96 5 1121 5 
95 10 512 12 516 11 1120 13 
515 9 98 6 1927 7 509 6 
514 9 512 8 97 10 1118 5 
90 5 517 5 513 11 1115 4 
516 5 89 4 379 5 1114 4 
523 8 1403 5 507 6 519 5 
506 13 395 7 518 5 1402 4 
527 8 1415 10 521 9 501 9 
522 6 1414 8 520 9 500 7 
521 6 523 8 499 6 1417 5 
522 8 518 8 1416 8 498 6 
1411 2 505 4 525 3 653 3 
524 3 504 6 1410 7 526 5 
503 4 525 5 527 5 1413 5 
1412 4 520 8 502 7 526 5 
531 6 170 7 529 7 216 6 
528 7 1718 8 2443 8 215 8 
462 3 226 3 531 5 533 4 
528 6 461 5 530 5 225 7 
224 5 122 5 535 5 533 5 
530 4 223 5 120 4 532 5 
466 5 537 4 222 7 535 4 
221 4 532 5 534 4 465 4 
468 6 220 7 537 4 1915 2 
467 5 219 7 534 4 536 4 
1362 10 412 9 539 10 
684 6 411 6 1361 4 538 10 
543 9 2285 11 541 5 2073 7 
2284 5 548 2 2072 4 540 5 
545 4 2283 6 543 7 2075 4 
540 9 2282 8 2074 6 542 7 
2281 6 547 3 545 4 2069 5 
542 4 2068 4 2280 2 544 4 
547 3 2168 4 2279 4 2071 3 
544 3 546 3 2070 5 2278 3 
2077 4 541 2 2287 3 549 4 
2286 5 2076 5 399 5 548 4 
960 1 1720 5 552 5 
841 7 695 4 893 6 719 8 
1719 6 1460 6 550 5 959 8 
887 4 847 4 845 7 725 6 
555 2 2339 7 1623 2 561 3 
554 2 428 4 2338 4 1622 6 
2336 6 559 7 1616 6 557 9 
1615 7 556 9 562 6 2335 6 
47 5 559 4 2334 7 1618 3 
558 4 1617 5 556 7 2333 6 
563 8 1612 7 2332 9 561 8 
1611 5 554 3 2331 4 560 8 
2330 6 2289 7 563 5 557 6 
560 8 2329 7 562 5 1613 5 
712 7 737 7 854 7 852 5 
307 3 566 4 572 5 1051 6 
567 6 565 4 306 4 1050 8 
305 6 566 6 1053 4 568 6 
1052 3 567 6 728 3 304 5 
1047 7 574 5 311 7 570 5 
310 5 571 6 1046 5 569 5 
1049 7 570 6 309 6 572 7 
565 5 308 5 1048 5 571 7 
302 6 574 5 1057 5 456 5 
1056 5 569 5 573 5 301 8 
576 8 822 5 1256 5 1767 4 
575 8 327 11 2132 8 1766 9 
1419 7 1458 6 578 4 580 4 
1457 3 1418 4 577 4 583 5 
587 6 1028 10 580 7 1456 12 
1455 4 579 7 577 4 1027 4 
582 6 1600 6 220 7 1915 2 
1601 6 581 6 1914 8 585 6 
1024 6 1452 12 584 6 578 5 
1127 6 1451 4 583 6 1023 9 
1599 5 582 6 1912 2 
1450 7 476 11 587 6 1147 7 
1449 4 579 6 1133 3 586 6 
2430 4 883 4 591 7 589 3 
882 5 594 5 588 3 2429 4 
591 8 24 6 881 7 
2431 8 590 8 880 8 588 7 
879 9 593 5 595 6 2433 4 
592 5 596 6 2432 3 878 7 
595 6 2435 8 589 5 877 9 
2434 3 594 6 876 5 592 6 
597 7 593 6 2428 10 873 7 
596 7 872 6 2427 6 94 4 
410 7 862 7 599 10 
407 8 600 10 866 12 598 10 
601 8 599 10 406 7 865 7 
600 8 864 8 409 6 602 6 
763 7 863 4 408 5 601 6 
1931 8 1334 10 815 8 483 8 
2412 8 611 8 605 9 1513 8 
606 7 1512 8 604 9 2411 8 
605 7 607 5 2410 9 1515 6 
2409 6 606 5 1514 4 493 4 
1509 7 2416 11 615 9 609 8 
1508 7 610 5 2415 6 608 8 
609 5 611 5 2414 7 1511 4 
604 8 2413 3 610 5 1510 6 
1456 11 1205 8 948 10 613 9 
1455 7 947 6 895 9 612 9 
766 7 615 7 1518 6 2402 7 
2401 10 1517 5 608 9 614 7 
952 5 1452 10 617 8 1172 5 
1451 8 951 8 616 8 618 10 
950 7 1454 10 617 10 619 6 
1453 3 2380 3 949 7 618 6 
1344 6 907 7 1970 5 1342 5 
80 7 1494 7 769 7 622 5 
629 5 79 2 1493 3 621 5 
1486 6 88 6 1303 5 626 6 
1966 5 903 5 632 6 630 6 
626 6 628 5 1488 10 86 6 
625 6 1487 6 85 7 623 6 
628 5 1490 4 84 5 1315 4 
1489 2 627 5 625 5 83 6 
82 8 622 5 1315 4 1492 6 
1967 5 902 8 1343 8 624 6 
632 5 901 6 1138 4 1968 7 
631 5 900 6 1969 4 624 6 
634 4 2098 3 
2097 8 1928 7 633 4 700 4 
636 9 871 8 1203 6 32 5 
635 9 33 9 1045 7 1202 7 
638 4 979 7 644 6 391 7 
637 4 639 6 390 6 978 5 
389 8 638 6 981 7 640 7 
980 5 388 7 646 6 639 7 
395 6 983 5 506 12 642 4 
394 6 643 6 982 6 641 4 
644 8 642 6 393 6 985 5 
984 6 643 8 637 6 392 8 
31 5 1200 4 1045 5 1356 3 
387 6 976 5 647 8 640 6 
1526 12 975 8 386 7 646 8 
1499 7 1770 8 1577 10 813 6 
1726 6 2084 3 178 3 1728 7 
1725 4 1776 6 651 4 1501 7 
1775 5 1504 4 650 4 652 7 
1721 9 1774 12 1503 7 651 7 
1195 5 654 5 524 3 965 5 
964 7 653 5 1194 5 143 6 
246 6 2402 5 786 7 656 2 
659 3 2401 7 245 2 655 2 
2414 7 658 7 1099 4 660 4 
663 5 657 7 2413 5 243 6 
656 3 1096 3 2416 8 660 4 
241 4 2415 5 657 4 659 4 
2410 7 664 3 662 4 240 3 
1093 5 2193 4 661 4 2409 7 
2412 3 658 5 664 2 238 5 
661 3 237 6 663 2 2411 6 
666 5 971 3 672 7 1024 5 
667 6 1023 9 665 5 970 4 
668 5 666 6 973 8 1022 6 
667 5 1021 4 2095 6 972 6 
674 8 967 6 1028 8 670 6 
669 6 1027 5 966 8 671 6 
672 8 670 6 969 9 1419 8 
1418 7 671 8 665 7 968 10 
674 8 1147 5 965 6 1166 4 
964 9 673 8 669 8 1133 7 
676 5 2092 6 230 3 678 4 
675 5 2091 5 229 8 681 4 
1159 5 1854 6 232 9 678 6 
231 3 675 4 677 6 1158 3 
1157 5 234 8 682 7 680 4 
679 4 233 6 683 5 1156 4 
676 4 1155 5 236 6 682 6 
679 7 1154 7 235 7 681 6 
228 5 684 8 1151 9 680 5 
539 6 683 8 1150 6 227 6 
1252 10 1568 5 1250 7 1828 7 
327 5 1255 3 2132 2 1567 5 
1898 5 688 6 
689 4 1901 6 412 4 687 6 
688 4 814 6 1900 4 411 5 
693 9 437 5 691 5 1627 7 
1628 6 819 4 436 6 690 5 
693 8 435 3 
692 8 434 8 690 9 1626 9 
170 7 699 3 873 5 695 3 
1718 4 551 4 872 4 694 3 
877 7 697 3 703 6 122 4 
120 3 876 4 698 8 696 3 
697 8 879 12 462 8 699 7 
878 6 694 3 461 2 698 7 
881 5 468 5 701 4 634 4 
467 6 880 6 700 4 702 6 
466 6 883 5 703 7 701 6 
465 6 882 8 702 7 696 6 
707 3 864 5 875 5 705 2 
851 7 874 4 863 3 704 2 
866 10 707 6 
865 5 704 3 706 6 
851 7 709 2 863 3 763 6 
710 6 708 2 762 5 850 5 
709 6 711 10 853 12 2142 10 
2220 6 852 6 710 10 712 8 
2219 4 564 7 713 7 711 8 
854 7 712 7 2218 8 714 5 
857 2 713 5 715 5 761 4 
760 10 716 5 714 5 856 5 
759 6 715 5 859 6 717 4 
1918 7 716 4 758 8 858 5 
1808 6 1469 6 
720 7 94 6 551 8 872 8 
719 7 93 5 721 7 841 6 
722 8 720 7 92 5 844 8 
843 7 721 8 91 10 723 6 
724 3 846 6 722 6 98 4 
723 3 845 5 725 4 97 6 
96 5 724 4 726 6 553 6 
727 7 847 4 725 6 95 4 
839 5 726 7 728 5 90 7 
838 5 568 3 727 5 89 2 
730 7 874 5 1301 9 851 8 
729 7 850 9 739 7 1302 7 
2142 6 742 3 218 8 2129 6 
1374 8 287 9 2147 8 2141 9 
736 5 734 6 494 6 859 7 
1309 8 733 6 858 6 1257 8 
857 2 738 5 496 8 736 4 
733 5 856 4 735 4 1311 5 
740 6 564 7 738 7 1304 8 
1305 8 737 7 735 5 854 7 
740 5 730 7 1306 5 853 9 
737 6 852 4 1307 5 739 5 
2149 9 1378 6 283 6 2145 7 
2128 6 2220 3 731 3 974 9 
744 5 746 6 1053 2 190 3 
1052 4 743 5 189 6 886 6 
746 8 748 4 884 5 1051 8 
191 9 745 8 743 6 1050 10 
1049 6 867 7 748 3 750 6 
1048 2 745 4 185 5 747 3 
1047 8 188 7 750 7 752 8 
749 7 1046 6 187 4 747 6 
194 4 1057 5 752 7 1284 6 
751 7 1056 7 749 8 193 6 
2153 7 1002 4 2127 8 759 8 
755 3 2350 6 1629 6 757 5 
754 3 764 2 1630 2 2349 5 
2348 9 757 5 
2347 3 2340 5 754 5 756 5 
2153 9 759 10 717 8 1649 11 
716 6 760 11 758 10 753 8 
761 9 715 10 759 11 1002 7 
760 9 2218 7 1001 5 714 4 
218 11 709 5 2142 9 763 9 
602 7 708 6 762 9 217 7 
2352 8 755 2 1624 5 765 2 
1625 5 2351 4 764 2 276 4 
2234 8 1370 4 614 7 767 4 
1369 5 766 4 2233 4 
770 9 1358 5 2345 8 
1360 8 2343 9 621 7 770 10 
768 9 1359 11 2342 10 769 10 
1 6 361 4 1997 8 1845 6 
2170 8 991 10 2388 12 349 9 
1464 5 774 3 784 6 1481 4 
1482 8 773 3 1463 8 775 6 
776 7 1462 5 1483 7 774 6 
775 7 777 6 1461 7 1484 5 
1468 8 776 6 1477 8 778 8 
779 6 1478 6 777 8 1467 8 
778 6 780 3 1479 5 1466 9 
1465 5 779 3 1480 3 1975 4 
1302 6 782 5 20 5 124 6 
781 5 1301 8 
1460 4 1474 4 784 7 959 6 
1459 8 1475 11 773 6 783 7 
18 5 787 6 2232 3 
17 7 787 9 655 7 2234 10 
786 9 16 8 2233 7 785 6 
1228 9 1193 3 1089 4 
790 6 794 4 169 7 
992 6 168 8 789 6 
1712 6 249 4 186 4 1476 6 
793 5 164 7 
167 6 792 5 794 5 
166 7 789 4 793 5 
460 5 796 4 899 7 1813 7 
797 4 795 4 1363 4 2030 2 
796 4 798 8 2029 6 210 6 
1712 9 797 8 2028 9 1435 9 
1866 4 802 3 1098 6 800 7 
1012 10 123 10 799 7 928 6 
121 8 802 6 803 8 925 8 
801 6 799 3 926 6 119 3 
801 8 924 6 26 6 
2461 10 2450 8 2295 5 2436 5 
1741 5 806 7 396 7 232 8 
807 7 805 7 1740 4 231 5 
806 7 1743 5 230 4 808 6 
229 8 1742 4 807 6 809 6 
236 8 810 7 808 6 1745 6 
809 7 1744 10 235 6 811 10 
234 12 1747 9 810 10 812 8 
417 4 1746 4 233 6 811 8 
648 6 1500 2 1771 3 1722 3 
227 7 689 6 1738 10 417 8 
914 3 482 3 603 8 1146 4 
215 6 2443 6 497 7 2292 5 
1100 4 1931 4 1161 6 475 5 
1768 3 819 4 825 4 265 6 
1769 4 691 4 818 4 264 4 
821 5 263 2 823 4 1772 6 
262 6 820 5 1773 7 826 7 
823 6 575 5 1770 6 261 12 
260 5 822 6 1771 5 820 4 
827 4 259 4 825 3 1776 5 
824 3 818 4 258 4 1777 4 
821 7 257 6 1774 10 827 6 
1775 6 256 6 824 4 826 6 
2357 4 1707 2 837 3 829 3 
830 4 828 3 2356 7 1706 7 
829 4 1705 4 831 3 2359 8 
830 3 832 3 2358 3 1704 6 
1711 5 831 3 833 6 2361 6 
1710 6 834 7 832 6 2360 6 
833 7 1709 5 2363 7 835 6 
1055 3 2362 5 1708 5 834 6 
837 3 1702 4 2126 6 2370 5 
2369 8 836 3 828 3 1701 4 
728 5 1052 5 886 7 839 5 
847 2 885 2 727 5 838 5 
842 6 2346 5 2429 6 923 5 
551 7 844 7 894 6 720 6 
840 6 2435 7 848 9 2348 9 
722 7 892 4 846 7 844 7 
841 7 843 7 891 4 721 8 
724 5 890 5 846 8 553 7 
889 9 845 8 723 6 843 7 
839 2 888 4 553 4 726 4 
842 9 2434 7 2347 7 849 10 
2350 7 855 8 2433 4 848 10 
851 10 730 9 709 5 853 11 
708 7 705 7 850 10 729 8 
711 6 853 8 740 4 564 5 
852 8 710 12 739 9 850 11 
713 7 564 7 738 7 857 4 
2432 6 849 8 2349 9 860 6 
859 6 857 2 715 5 736 4 
735 2 714 2 856 2 854 4 
1060 7 734 6 859 7 717 5 
856 6 716 6 733 7 858 7 
2428 7 861 6 855 6 2352 8 
2427 8 1123 8 2351 8 860 6 
598 7 866 9 
864 6 708 3 602 4 705 3 
865 7 863 6 704 5 601 8 
866 9 707 5 864 7 600 7 
865 9 706 10 599 12 862 9 
185 9 187 5 2272 6 747 7 
1199 10 1129 4 36 5 869 7 
870 6 1198 8 37 7 868 7 
1197 9 869 6 34 6 871 4 
35 6 1196 8 635 8 870 4 
695 4 597 6 873 6 719 8 
878 8 694 5 872 6 596 7 
729 5 705 4 875 7 1447 5 
874 7 1448 9 704 5 
697 4 595 5 879 8 877 8 
696 7 882 9 876 8 594 9 
873 8 699 6 879 11 593 7 
592 9 698 12 876 8 878 11 
881 7 883 5 591 8 701 6 
880 7 700 5 1928 8 590 7 
877 9 589 5 703 8 883 6 
880 5 702 5 588 4 882 6 
185 6 2274 5 745 5 191 6 
888 4 839 2 2447 3 886 4 
885 4 838 7 744 6 2446 5 
888 4 553 4 890 2 2437 3 
885 4 2436 5 847 4 887 4 
892 6 890 6 846 9 2439 8 
889 6 845 5 887 2 2438 4 
2441 2 894 3 844 4 892 1 
889 6 843 4 2440 2 891 1 
1718 6 551 6 894 5 2443 6 
891 3 841 6 893 5 2442 4 
1172 8 613 9 946 7 1458 8 
897 5 1485 4 1109 6 1340 5 
906 8 1339 3 896 5 1108 4 
252 3 899 6 42 8 2025 7 
898 6 795 7 251 9 2024 12 
903 5 632 6 901 7 1101 5 
631 6 900 7 1100 4 1161 6 
905 11 903 7 630 8 1103 9 
902 7 900 5 1102 3 624 5 
1105 11 907 10 1344 9 905 10 
902 11 1343 11 904 10 1104 5 
897 8 1342 8 907 10 1107 8 
620 7 1106 6 906 10 904 10 
909 7 915 5 479 7 1368 5 
908 7 478 8 910 6 1364 6 
1153 2 909 6 911 4 477 2 
476 8 1450 4 910 4 1152 5 
913 10 252 8 1356 7 31 9 
912 10 918 6 1357 4 251 8 
815 3 1149 7 481 3 915 4 
480 6 908 5 1148 6 914 4 
1351 8 2029 7 919 8 917 5 
2028 5 921 3 916 5 1352 3 
913 6 919 7 1813 7 1349 7 
1350 6 916 8 2030 5 918 7 
2032 6 922 8 1355 8 
250 4 1353 3 917 3 922 6 
1354 6 920 8 921 6 249 6 
2430 4 840 5 
925 6 1822 5 803 6 
924 6 926 8 1826 7 801 8 
925 8 802 6 1825 7 1866 7 
2341 10 2057 8 1812 13 1992 14 
1866 3 1313 3 800 6 1930 4 
2004 7 2044 7 930 5 1812 9 
931 6 2043 9 929 5 2003 8 
930 6 932 6 2002 6 2046 6 
2001 6 931 6 933 4 2045 3 
934 3 932 4 2048 4 2000 6 
933 3 1999 4 2047 4 935 4 
2049 5 934 4 1998 7 
438 7 1998 7 938 4 
940 5 938 3 2000 6 192 8 
186 3 937 3 1999 4 936 4 
210 10 2002 9 940 10 942 8 
2001 7 937 5 1435 7 939 10 
2004 10 942 7 944 10 460 8 
1363 4 2003 7 941 7 939 8 
1992 10 2246 6 2025 8 944 7 
1991 8 941 10 943 7 2024 12 
1683 7 946 6 1172 7 952 7 
1684 8 945 6 895 7 947 4 
613 6 948 7 1685 4 946 4 
1686 8 953 6 612 10 947 7 
1298 6 950 8 1679 8 619 7 
618 7 949 8 951 5 1680 5 
952 5 617 8 950 5 1681 6 
951 5 616 5 1682 5 945 7 
948 6 954 7 1205 4 1677 6 
953 7 1678 8 1204 8 1131 7 
1314 7 956 3 958 7 1941 4 
1985 6 955 3 1940 6 1313 5 
1826 6 1939 8 962 3 958 9 
1825 9 955 7 1938 10 957 9 
960 4 552 8 783 6 1664 6 
961 1 959 4 550 1 1665 4 
960 1 1666 4 
957 3 1822 3 1937 3 
1523 4 209 5 1091 6 205 8 
654 7 674 9 965 7 967 7 
964 7 673 6 653 5 505 6 
1565 9 969 11 670 8 967 8 
669 6 143 6 964 7 966 8 
971 6 969 11 1554 7 672 10 
1553 10 968 11 966 11 671 9 
1552 6 973 6 666 4 971 2 
968 6 1549 4 665 3 970 2 
433 8 76 7 668 6 973 9 
667 8 970 6 1687 9 972 9 
2219 8 2131 10 977 9 742 9 
1390 6 647 8 976 5 211 5 
1389 7 646 5 975 5 980 4 
2130 2 1001 4 2218 6 974 9 
638 5 979 8 1388 5 981 6 
984 7 1387 7 637 7 978 8 
640 5 1386 3 981 5 976 4 
1385 6 980 5 639 7 978 6 
985 5 642 6 983 7 1384 8 
1163 8 641 5 1383 8 982 7 
979 7 985 3 644 6 1382 2 
1381 4 984 3 982 5 643 5 
1227 7 2392 6 
1026 6 998 3 1228 9 1266 5 
1227 8 2394 8 989 4 
2389 2 990 1 988 4 
2388 6 991 4 989 1 
992 6 990 4 772 10 
2170 4 790 6 991 6 
1264 3 994 1 996 4 1020 4 
993 1 1265 3 1019 1 999 7 
996 10 2268 11 1262 11 1018 11 
1017 10 993 4 995 10 1263 5 
998 3 1260 7 1016 5 1000 6 
997 3 1261 4 987 3 1015 3 
1000 10 1014 12 1258 11 994 7 
999 10 1013 7 1259 5 997 6 
2125 3 977 4 1002 3 761 5 
753 4 1001 3 2124 2 760 7 
1006 7 1112 10 1042 5 1004 6 
1011 6 1113 4 1041 5 1003 6 
1008 3 1040 6 1006 6 1110 3 
1039 6 1003 7 1111 5 1005 6 
1038 6 1008 4 1116 8 1010 8 
1117 3 1005 3 1037 3 1007 4 
1181 4 1010 8 1913 12 1036 8 
1916 7 1009 8 1035 9 1007 8 
1012 8 1044 4 1004 6 1929 6 
800 10 1011 8 1043 5 1930 8 
1016 6 1014 9 1000 7 1289 6 
999 12 1013 9 1288 6 1019 6 
998 3 1016 5 1291 8 1026 6 
1013 6 1015 5 997 5 1290 4 
996 10 1018 11 1285 9 1020 10 
194 6 1017 11 995 11 1284 8 
1287 5 994 1 1020 4 1014 6 
1286 7 993 4 1019 4 1017 10 
1022 5 668 4 1276 6 1128 3 
1021 5 1127 6 667 6 1023 9 
666 9 1024 9 1022 9 584 9 
583 6 1023 9 1418 5 665 5 
1193 5 1278 7 1026 8 1228 11 
1277 7 987 6 1025 8 1015 6 
670 5 1028 7 1419 7 580 4 
579 10 669 8 1027 7 1133 7 
2010 5 1031 6 
1586 7 1031 7 1911 5 2006 5 
2005 7 1030 7 1910 7 1029 6 
1405 9 2363 9 1592 7 1034 9 
2448 11 2291 10 2440 9 2471 12 
1579 7 1032 9 1591 5 2362 6 
1903 6 1036 9 1010 9 1038 7 
1590 5 1902 7 1035 9 1009 8 
1905 4 1008 3 1040 6 1038 5 
1007 6 1904 6 1035 7 1037 5 
1006 6 1907 7 1040 6 1042 4 
1039 6 1005 6 1037 6 1906 5 
1004 5 1042 4 1909 6 1044 3 
1041 4 1039 4 1003 5 1908 4 
1012 5 1897 2 1044 1 123 5 
1896 5 1011 4 1043 1 1041 3 
1201 5 645 5 30 6 636 7 
1049 6 1047 7 750 6 570 5 
569 7 749 8 1046 7 1056 7 
1051 6 1049 5 748 2 572 5 
1048 5 747 6 1046 6 571 7 
746 10 1053 6 1051 10 566 8 
1048 6 565 6 1050 10 745 8 
744 4 568 3 838 5 1053 1 
567 4 1050 6 1052 1 743 2 
1055 3 254 6 1087 10 1532 5 
1054 3 835 3 1086 4 1531 3 
574 5 752 7 1057 5 1047 7 
751 5 573 5 1056 5 1219 8 
1902 7 1590 5 2370 8 1059 8 
1408 9 2369 10 1589 5 1058 8 
1918 9 858 7 1257 9 1061 7 
458 3 1066 6 1060 7 1917 4 
303 8 1069 7 1920 4 1063 6 
1919 6 413 6 1064 6 1062 6 
1922 9 292 4 1065 3 1063 6 
1230 2 1921 2 1248 4 1064 3 
1067 7 1924 7 1061 6 439 5 
1066 7 1832 7 1068 6 1254 6 
1067 6 1069 7 1926 4 1253 4 
419 7 1925 9 1068 7 1062 7 
1071 5 1993 4 157 4 172 6 
171 8 1070 5 156 7 1072 6 
155 6 1074 5 1071 6 174 5 
1570 6 1250 7 392 7 1568 5 
154 3 1075 4 173 4 1072 5 
1074 4 159 4 
1077 4 1083 6 1399 3 1234 5 
1078 4 1076 4 1233 6 274 6 
1077 4 1232 5 1079 4 275 6 
1078 4 1231 3 1625 6 276 5 
1081 8 1238 9 269 6 1085 8 
1082 5 270 7 1080 8 1237 5 
1083 5 1081 5 271 6 1236 4 
1082 5 272 6 1076 6 1235 4 
1230 2 1248 4 1085 4 267 4 
268 6 1084 4 1229 5 1080 8 
2362 6 1087 11 1579 7 1055 4 
1086 11 1054 10 2216 10 1578 9 
1089 4 2355 4 
1088 4 1426 6 1267 5 788 4 
273 8 2213 5 1587 8 2211 6 
82 8 963 6 248 7 1092 6 
209 5 81 4 1091 6 239 5 
662 5 1400 6 1215 6 240 4 
83 5 207 5 1095 2 239 3 
214 8 1094 2 86 4 242 4 
241 3 245 2 659 3 1208 2 
242 9 88 9 212 10 244 8 
123 9 1735 6 799 6 119 6 
1210 4 243 3 241 4 657 4 
817 4 1101 2 901 4 296 3 
295 2 1102 3 1100 2 900 5 
903 3 1101 3 294 4 1103 5 
902 9 1102 5 293 3 1104 3 
1105 6 905 5 300 3 1103 3 
1106 7 299 7 1104 6 904 11 
298 8 1105 7 907 6 1107 4 
906 8 297 6 1106 4 1108 4 
291 3 1109 5 897 4 1107 4 
1303 5 1108 5 290 7 896 6 
1117 3 1111 2 1672 5 1005 3 
1006 5 1110 2 1671 5 1112 8 
1003 10 1111 8 1670 10 1113 8 
1669 4 1004 4 1929 4 1112 8 
1320 4 2191 3 1115 3 517 4 
1120 6 2190 3 516 4 1114 3 
1916 7 1117 7 1674 7 1007 8 
1008 3 1110 3 1116 7 1673 6 
2182 3 1927 3 515 5 1121 2 
1427 8 1581 6 1378 6 1421 9 
1121 6 1115 6 2184 6 513 13 
1120 6 2183 3 512 5 1118 2 
1125 7 2186 7 511 4 1123 7 
510 6 2185 6 861 8 1122 7 
2188 4 509 4 1125 6 1927 5 
508 7 1122 7 2187 6 1124 6 
1429 5 1427 7 1376 5 1583 5 
1022 6 584 6 1454 10 1128 4 
2396 8 1453 1 1021 3 1127 4 
1194 5 868 4 28 5 29 10 
1818 7 1131 4 1976 4 1153 4 
1152 3 1819 3 1130 4 954 7 
1368 6 1820 4 1135 5 1976 4 
1147 4 587 3 1028 7 674 7 
1814 5 1137 6 1135 6 1149 10 
1148 5 1134 6 1815 7 1132 5 
1139 8 1816 10 1137 6 1334 8 
1134 6 1817 3 1136 6 1146 4 
631 4 1139 4 1823 6 1161 4 
1160 5 1136 8 1138 4 1824 5 
1141 4 1143 6 1672 5 1795 4 
1671 7 1140 4 1794 7 1988 6 
1143 11 1793 11 1674 8 1145 8 
1142 11 1673 9 1140 6 1792 7 
1145 4 1337 3 1791 5 1676 5 
1675 4 1144 4 1790 3 1142 8 
1149 8 1334 6 1137 4 815 4 
673 5 1133 4 1188 6 586 7 
1149 9 1135 5 1368 6 915 6 
1146 8 1148 9 914 7 1134 10 
684 6 1151 7 1361 4 
2210 8 683 9 1156 8 1150 7 
1204 4 1131 3 1153 3 911 5 
910 2 1152 3 1364 2 1130 4 
682 7 1157 5 1155 6 2207 7 
681 5 1154 6 2091 6 2206 4 
2209 4 1157 5 1151 8 680 4 
679 5 1156 5 1154 5 2208 5 
1159 2 2092 5 2203 5 678 3 
677 5 1158 2 2202 2 1631 3 
1161 5 1139 5 1931 3 1334 5 
1160 5 817 6 901 6 1138 4 
1192 10 507 6 1169 6 1163 7 
983 8 1191 5 506 15 1162 7 
1167 5 1165 6 503 4 1190 5 
502 8 1189 8 1164 6 1170 7 
1188 5 1167 3 505 4 673 4 
1164 5 504 6 1187 6 1166 3 
1171 5 1186 5 1169 7 499 7 
498 4 1162 6 1185 4 1168 7 
1184 6 501 7 1171 5 1165 7 
1168 5 500 5 1170 5 1183 4 
895 8 1457 5 945 7 616 5 
1180 9 1594 5 1960 6 1174 7 
1173 7 1175 5 1593 8 1961 6 
1592 3 1174 5 1958 6 1176 3 
1380 5 1591 3 1959 3 1175 3 
1956 5 1598 7 1178 6 1182 7 
1179 2 1177 6 1597 3 1957 4 
1178 2 1954 4 1596 3 1180 6 
1173 9 1955 12 1595 7 1179 6 
1009 4 1182 3 1590 1 1964 2 
1181 3 1965 4 1589 4 1177 7 
1186 4 1184 5 481 4 1171 4 
480 6 1170 6 1189 7 1183 5 
483 2 1192 8 1169 4 1186 2 
1183 4 1168 5 1185 2 482 3 
477 4 1167 6 1188 8 1190 6 
476 10 1166 5 1147 6 1187 8 
1190 7 1165 8 1184 7 479 9 
1189 7 478 6 1164 5 1187 6 
1383 5 1163 5 475 3 1192 8 
1162 10 1185 8 474 11 1191 8 
1025 5 788 3 
1129 5 654 5 1195 5 1199 11 
653 5 1411 4 1194 5 29 10 
871 8 1554 6 1203 6 1197 13 
1198 11 870 9 1553 13 1196 13 
1199 11 1565 6 1197 11 869 8 
143 12 1198 11 868 10 1194 11 
2464 6 1201 4 645 4 76 4 
1045 5 1202 5 1200 4 1687 7 
1552 7 1201 5 1203 4 636 7 
635 6 1196 6 1202 4 1549 5 
1205 5 1152 4 954 8 1450 3 
612 8 1204 5 953 4 1449 7 
1267 9 246 10 1207 8 1426 10 
1266 5 245 4 1208 4 1206 8 
1261 5 1209 5 1207 4 1096 2 
1208 5 241 6 1210 6 1260 8 
1259 4 1211 3 1099 4 1209 6 
1210 3 243 2 1258 5 1212 1 
1265 3 238 5 1213 3 1211 1 
1214 6 237 7 1212 3 1264 5 
1213 6 240 5 1215 7 1263 5 
1093 6 2452 7 1214 7 1262 8 
1287 8 1223 4 455 8 1217 7 
1218 6 1286 7 454 6 1216 7 
457 7 1217 6 1285 5 1219 8 
456 8 1284 9 1218 8 1057 8 
451 8 1221 8 1291 10 1226 7 
450 11 1220 8 1290 5 158 7 
2090 6 1225 5 2010 6 
452 4 158 4 1216 4 1288 1 
2094 6 1516 5 1225 5 2006 5 
1222 5 2093 7 1224 5 2005 5 
459 3 1277 6 1220 7 
988 8 986 7 2189 6 
1267 10 987 9 788 9 1025 11 
1238 6 1230 3 1085 5 1749 6 
1229 3 1065 2 1084 2 1748 6 
1232 4 1755 6 1079 3 1433 6 
1231 4 1754 6 1078 5 1233 7 
1757 8 1234 7 1077 6 1232 7 
1756 6 1235 3 1233 7 1076 5 
1234 3 1236 3 1083 4 1751 5 
1235 3 1750 5 1237 4 1082 4 
1081 5 1753 8 1238 6 1236 4 
1229 6 1237 6 1080 9 1752 7 
1240 9 2381 4 2397 7 1247 7 
1239 9 1453 7 2380 7 2396 14 
1242 6 2169 7 
1241 6 2387 4 1243 6 2391 10 
1244 8 1242 6 2386 7 2390 6 
1243 8 2385 7 2180 10 1245 9 
1244 9 1246 5 2384 8 2179 8 
1247 5 1245 5 2383 5 2395 6 
1246 5 2382 7 1239 7 1436 6 
1084 4 1065 4 2445 4 292 5 
1438 5 2139 5 289 10 1572 5 
1073 7 2136 5 1251 7 685 7 
1250 7 1570 6 289 11 2137 8 
2031 10 2354 9 685 10 1255 9 
443 4 1254 4 419 4 1068 4 
439 4 444 5 1253 4 1067 6 
686 3 1252 9 2133 5 1566 7 
327 8 1770 6 575 5 1577 8 
1060 9 458 5 734 8 441 9 
1265 7 999 11 1211 5 1259 6 
1210 4 1258 6 1000 5 1260 6 
997 7 1261 8 1259 6 1209 8 
1208 5 998 4 1260 8 1266 6 
2122 8 1263 6 1215 8 995 11 
1264 4 1262 6 996 5 1214 5 
1263 4 993 3 1213 5 1265 5 
1212 3 1258 7 994 3 1264 5 
1207 5 987 5 1261 6 1267 6 
1228 10 1206 9 1089 5 1266 6 
2391 10 2365 5 1269 5 1270 3 
2101 11 1268 5 2390 5 1273 4 
2366 3 1268 3 2169 4 
2368 3 2395 6 1274 3 1272 4 
2367 10 1275 6 1271 4 1436 5 
1274 4 2113 4 2180 7 1269 4 
1273 4 2112 7 1271 3 2179 6 
2096 4 1272 6 2397 7 1276 6 
1021 6 2396 11 2095 8 1275 6 
1026 7 1291 9 1278 6 1226 6 
1277 6 1025 7 
420 9 2368 6 1280 5 2376 6 
431 3 2367 8 1279 5 2375 7 
2366 6 1282 9 2377 8 
2379 9 2365 8 1281 9 1283 7 
2378 4 2101 10 1282 7 418 3 
1285 6 751 6 1219 9 1018 8 
1286 6 1284 6 1218 5 1017 9 
1285 6 1020 7 1217 7 1287 8 
1216 8 1019 5 1288 5 1286 8 
1223 1 1287 5 1014 6 1289 3 
158 6 1013 6 1290 4 1288 3 
1291 7 1221 5 1289 4 1016 4 
1277 9 1220 10 1015 8 1290 7 
1293 5 1295 3 2383 6 313 4 
1292 5 314 10 2382 6 1297 8 
1296 3 315 3 1295 2 2385 3 
316 5 1292 3 1294 2 2384 5 
1294 3 2386 6 312 3 
319 7 2381 6 1298 6 1293 8 
949 6 320 3 2380 2 1297 6 
1800 7 1610 5 1300 3 2094 6 
2093 5 1609 5 1299 3 1308 6 
1447 9 729 9 782 8 1302 9 
781 6 1306 5 730 7 1301 9 
1109 5 87 6 1485 3 623 5 
1305 9 1307 7 737 8 23 8 
1304 9 738 8 21 7 496 11 
1307 5 1302 5 739 5 20 4 
1306 5 19 5 740 5 1304 7 
1608 8 1300 6 495 9 2090 9 
734 8 494 8 14 7 441 9 
1606 5 495 7 
496 9 12 6 494 6 736 5 
1698 8 206 6 2459 5 414 8 
1667 4 1314 9 928 3 956 5 
1866 9 955 7 1313 9 1825 9 
81 2 1491 8 629 4 627 4 
1323 4 1317 4 383 3 1987 4 
1316 4 132 3 382 5 1986 5 
381 5 1319 5 1982 4 1321 4 
1318 5 1324 7 1981 6 380 5 
1984 4 1114 4 1321 4 379 5 
378 4 1983 3 1320 4 1318 4 
1978 6 1325 5 377 10 1323 6 
1316 4 1977 7 376 7 1322 6 
375 8 1325 6 1980 6 1319 7 
1322 5 1324 6 1979 5 374 2 
1327 6 1870 5 1336 6 1947 2 
1946 6 1326 6 1869 5 1328 7 
1329 7 1945 5 1327 7 1872 7 
1328 7 1871 7 1330 8 1944 8 
1951 9 1329 8 1331 8 1874 9 
1950 9 1873 7 1330 8 1332 8 
1333 6 1876 10 1949 7 1331 8 
1332 6 1875 9 1948 4 75 6 
1146 6 603 10 1136 8 1160 5 
1943 6 1470 6 1868 3 1336 7 
1942 9 1326 6 1867 7 1335 7 
1338 3 2316 4 1144 3 464 2 
1337 3 2315 7 1345 5 463 4 
1974 1 897 3 1340 3 1342 3 
1339 3 1975 5 1480 4 896 5 
2310 2 1348 3 469 4 
906 8 1971 4 1339 3 620 5 
1344 10 905 11 630 8 1972 11 
620 6 1343 10 1973 7 904 9 
2314 6 1346 5 471 7 1338 5 
1345 5 2313 6 470 7 1347 7 
473 8 1346 7 1348 7 2312 7 
472 4 2311 7 1347 7 1341 3 
2466 5 1357 5 1350 6 918 7 
919 6 1351 6 1349 6 2465 4 
916 8 1352 6 1350 6 2468 8 
1353 3 1351 6 917 3 2467 4 
1352 3 1354 3 921 3 2470 4 
922 6 1353 3 2469 7 1355 6 
2472 8 920 8 1354 6 
1357 1 912 7 2464 5 645 3 
2463 3 1356 1 1349 5 913 4 
768 5 1666 6 1359 7 
1360 9 770 11 1665 8 1358 7 
1359 9 1494 8 769 8 1664 7 
1362 4 539 4 1150 4 
1361 4 538 10 
942 4 460 5 210 6 796 4 
1368 4 1153 2 1976 2 909 6 
1367 4 1699 5 1366 8 1894 8 
1893 6 1698 10 1496 7 1365 8 
1365 4 1895 2 
1132 6 1148 6 1364 4 908 5 
1720 9 767 5 1370 5 
1518 3 766 4 1369 5 1719 2 
1372 3 1425 5 2143 3 1545 7 
1424 4 1371 3 1373 9 2144 5 
1372 9 1374 9 2141 10 1423 9 
732 8 1373 9 1422 5 1375 7 
2147 7 1376 7 1429 7 1374 7 
1126 5 2148 5 1375 7 1377 6 
1427 8 2145 7 1378 6 1376 6 
1377 6 741 6 1119 6 1379 5 
1421 8 2149 8 1380 7 1378 5 
1176 5 1379 7 2150 7 1420 5 
1384 7 985 4 1382 3 294 4 
293 1 1381 3 1387 2 984 2 
1191 5 1384 9 296 6 983 8 
1381 7 1383 9 295 6 982 8 
1388 5 981 6 1386 4 298 9 
980 3 297 5 1385 4 1389 6 
300 4 979 7 1382 2 1388 4 
1385 5 1387 4 299 4 978 5 
291 6 976 7 1390 8 1386 6 
290 7 244 5 975 6 1389 8 
2197 7 1392 7 2458 4 1401 4 
1391 7 2196 9 2457 5 1393 10 
2460 8 2195 9 1394 11 1392 10 
2406 9 1393 11 1395 6 2194 7 
2454 1 1396 1 2201 1 1394 6 
2200 1 1395 1 1397 3 2453 3 
1398 6 2199 7 1396 3 2456 4 
1397 6 2455 5 2198 7 1575 6 
274 5 272 3 2188 2 1076 3 
1093 6 1401 5 2193 5 2452 7 
2192 4 1400 5 2451 4 1391 4 
1572 4 1438 4 1403 4 519 4 
518 5 1437 6 1416 5 1402 4 
2361 6 1594 4 1407 7 1405 6 
1032 9 2360 6 1593 8 1404 6 
1409 6 1596 7 2359 10 1407 9 
1404 7 2358 7 1595 6 1406 9 
1059 9 2357 8 1409 7 1598 8 
1406 6 2356 7 1408 7 1597 3 
1413 7 1411 6 525 7 1446 7 
524 2 1445 5 1195 4 1410 6 
527 4 1413 4 1415 6 1444 2 
1412 4 1443 4 1410 7 526 5 
521 8 1415 9 1417 7 1442 8 
1441 5 1412 6 1414 9 520 10 
1440 8 1403 5 523 8 1417 5 
1439 4 1414 7 1416 5 522 5 
672 7 578 4 1024 5 1419 7 
577 7 1418 7 1027 7 671 8 
1421 6 1591 3 1579 5 1380 5 
1379 8 1578 6 1420 6 1119 9 
1585 6 1423 5 1374 5 1429 5 
1422 5 1424 4 1373 9 1584 5 
1372 4 1425 6 1423 4 1587 7 
1586 8 1424 6 1371 5 1911 6 
2355 6 1089 6 17 6 1206 10 
1377 8 1126 7 1119 8 1580 8 
18 6 2355 5 
1126 5 1582 4 1375 7 1422 5 
1606 8 1432 8 2340 9 
1432 6 1434 8 1608 7 1630 6 
1431 6 1629 5 1430 8 1607 9 
1625 9 1434 8 1231 6 1610 7 
1433 8 1609 8 1431 8 1624 7 
192 10 940 7 210 7 798 9 
2395 7 2397 6 1272 5 1247 6 
1440 9 1438 6 1403 6 2300 4 
1402 4 1249 5 1437 6 2301 3 
2304 4 1442 5 1417 4 1440 7 
1416 8 1437 9 1439 7 2305 11 
1444 1 1415 5 2302 3 1442 4 
1439 5 1441 4 1414 8 2303 5 
2308 2 1446 4 1413 4 1444 2 
1441 1 2309 4 1412 2 1443 2 
1411 5 29 11 1446 6 2306 7 
2307 6 1443 4 1445 6 1410 7 
1448 7 1301 9 874 5 
1447 7 875 9 
587 4 1450 5 1456 10 1205 7 
586 7 911 4 1449 5 1204 3 
1454 8 617 8 1452 10 584 4 
616 10 1457 10 1451 10 583 12 
1454 7 1240 7 1128 1 619 3 
1451 8 1453 7 618 10 1127 10 
613 7 580 4 1458 6 1456 9 
612 11 1449 10 1455 9 579 12 
578 3 1452 10 1172 5 1458 5 
1455 6 577 6 1457 5 895 8 
1460 5 784 8 1564 6 1464 7 
1459 5 783 4 552 6 1563 2 
1560 7 776 7 1462 5 1468 9 
1463 7 1461 5 775 5 1559 2 
1562 13 1462 7 774 8 1464 10 
773 5 1561 7 1463 10 1459 7 
780 5 1466 11 1556 5 2319 6 
1465 11 1555 9 779 9 1467 11 
1558 7 1468 8 1466 11 778 8 
777 8 1467 8 1461 9 1557 8 
718 6 1473 7 1717 4 
1335 6 1714 6 1811 8 1471 4 
1472 5 1810 6 1470 4 1713 5 
1473 8 1716 7 1471 5 1809 8 
1808 7 1472 8 1715 6 1469 7 
1664 4 1475 8 783 4 1494 5 
1481 9 1474 8 784 11 1493 8 
2032 6 438 8 791 6 
1478 6 1488 11 777 8 1484 7 
1477 6 778 6 1479 5 1487 5 
779 5 1480 5 1478 5 1486 6 
1479 5 780 3 1340 4 1485 3 
1492 5 1482 9 1475 9 773 4 
774 8 1481 9 1483 9 1491 14 
1482 9 1490 3 1484 5 775 7 
1489 3 776 5 1483 5 1477 7 
1486 4 1303 3 896 4 1480 3 
1485 4 623 6 1479 6 1487 6 
1488 10 626 6 1478 5 1486 6 
1489 7 1487 10 1477 11 625 10 
1484 3 1488 7 1490 1 628 2 
1489 1 1491 8 1483 3 627 4 
1315 8 1482 14 1490 8 1492 10 
1481 5 629 6 1493 4 1491 10 
622 3 1475 8 1494 5 1492 4 
621 7 1360 8 1493 5 1474 5 
1496 6 1502 6 1732 10 1530 4 
1495 6 1731 3 1529 4 1366 7 
1500 6 1722 7 1498 7 1528 5 
1527 3 1503 4 1721 6 1497 7 
648 7 1526 8 1500 3 386 3 
1497 6 1499 3 813 2 1525 4 
1524 5 1502 7 650 7 1504 7 
1523 4 1495 6 1725 4 1501 7 
1522 4 1504 4 652 7 1498 4 
1503 4 651 4 1521 4 1501 7 
2215 6 1506 6 1536 5 1520 5 
2214 5 1505 6 1507 7 1535 3 
2217 6 1506 7 254 8 1534 8 
1511 6 1562 11 609 7 1509 6 
608 7 1561 5 1517 3 1508 6 
1560 6 1511 5 611 6 1513 6 
1508 6 610 4 1510 5 1559 3 
1558 8 605 8 1515 7 1513 7 
1557 6 604 8 1512 7 1510 6 
1556 4 1696 5 607 4 1515 5 
1555 4 1512 7 606 6 1514 5 
2211 5 1540 7 1224 5 273 7 
1518 4 1564 4 615 5 1509 3 
1517 4 1370 3 1563 3 614 6 
1520 2 273 5 1538 5 2213 2 
1519 2 2212 2 1537 2 1505 5 
1504 4 208 7 1522 4 1524 2 
207 7 1503 4 1527 3 1521 4 
963 4 1502 4 1524 2 1530 2 
209 3 1523 2 1501 5 1521 2 
1528 3 212 6 1526 9 1500 4 
211 9 647 12 1499 8 1525 9 
1522 3 214 7 1498 3 1528 1 
1525 3 1527 1 1497 5 213 5 
1530 2 1698 7 206 5 1496 4 
1529 2 205 6 1495 4 1523 2 
1708 5 1532 5 1807 5 1055 3 
1531 5 1054 5 1806 6 1533 3 
254 4 1534 4 1803 3 1532 3 
1535 4 1802 8 1507 8 1533 4 
1536 2 1534 4 1506 3 1805 1 
1535 2 1505 5 1804 6 1537 2 
1520 2 1799 6 1538 5 1536 2 
1519 5 1539 7 1798 9 1537 5 
273 7 1540 7 1801 7 1538 7 
1800 9 1539 7 1516 7 2094 8 
114 3 176 1 1542 3 1551 3 
175 6 1543 7 1541 3 113 3 
178 6 1542 7 1544 8 112 9 
177 5 111 6 1543 8 1952 7 
1911 8 1546 8 1651 8 1371 7 
1652 6 1545 8 1910 5 
182 1 1548 4 1953 3 116 4 
384 4 115 5 1547 4 181 10 
971 4 1554 5 1552 8 1203 5 
110 7 2041 9 184 9 1551 7 
109 8 183 6 1541 3 1550 7 
1202 7 970 6 1687 9 1549 8 
969 10 1554 6 1197 13 1565 8 
1553 6 1196 6 1549 5 968 7 
1466 9 1515 4 1558 5 1556 3 
1514 4 1465 5 2059 4 1555 3 
1558 7 1513 6 1560 6 1468 8 
1557 7 1512 8 1467 7 1555 5 
1560 4 1562 8 1511 3 1462 2 
1461 7 1510 6 1559 4 1557 6 
1509 5 1464 7 1564 6 1562 10 
1463 13 1508 11 1559 8 1561 10 
1719 2 1518 3 1460 2 1564 3 
1517 4 1561 6 1459 6 1563 3 
966 9 1198 6 143 7 1553 8 
389 9 2031 8 1255 7 1567 9 
1576 9 388 8 686 5 1566 9 
1073 5 685 5 391 7 2031 5 
2015 8 1574 7 49 9 2262 10 
1073 6 2053 9 1251 6 393 5 
2078 8 2264 9 2364 6 57 5 
1402 4 395 7 2053 9 1249 5 
1990 3 2078 4 38 4 2266 5 
1996 7 1575 5 1569 7 2259 8 
1995 9 2258 4 1574 5 1398 6 
327 9 387 8 1577 9 1567 9 
386 6 648 10 1576 9 1256 8 
1421 6 1581 3 1087 9 1579 5 
1034 7 1086 7 1578 5 1420 5 
2217 6 1581 6 1583 6 1427 8 
2216 4 1578 3 1119 6 1580 6 
1583 4 1585 5 1429 4 2215 5 
1582 4 1126 5 1580 6 2214 4 
1587 8 2213 5 1585 6 1423 5 
1422 6 2212 3 1582 5 1584 6 
1425 8 1030 7 2211 7 1587 9 
1584 8 1090 8 1424 7 1586 9 
10 5 1852 6 321 2 2027 4 
1598 4 1590 2 1182 4 1059 5 
1036 5 1058 5 1589 2 1181 1 
1592 3 1176 3 1034 5 1420 3 
1175 3 1593 6 1591 3 1032 7 
1592 6 1594 6 1174 8 1405 8 
1173 5 1404 4 1595 3 1593 6 
1594 3 1596 4 1180 7 1407 6 
1597 4 1595 4 1179 3 1406 7 
1178 3 1596 4 1409 3 1598 4 
1177 7 1589 4 1597 4 1408 8 
585 5 1601 5 286 6 
1783 7 1601 6 581 6 280 7 
582 6 1599 5 1600 6 279 4 
1655 1 1604 1 286 3 
1604 3 1829 8 280 5 1654 5 
1603 3 279 3 1602 1 1653 2 
77 6 2426 8 1834 6 110 7 
1310 5 1430 8 1607 9 
1606 9 1608 10 1432 9 495 11 
1609 7 1308 8 1607 10 1431 7 
1608 7 1300 5 1434 8 1610 7 
1755 7 1299 5 1609 7 1433 7 
1612 4 561 5 2305 8 1623 4 
1611 4 1613 4 560 7 2304 4 
2289 7 2303 4 1612 4 563 5 
2288 5 1620 8 319 4 1638 4 
557 7 2289 8 1616 4 2309 7 
1615 4 1617 4 556 6 2308 1 
2307 7 559 5 1616 4 1618 4 
1617 4 2103 6 558 3 2306 4 
312 6 1633 6 2318 9 
314 13 1637 8 1621 8 1614 8 
2317 2 313 4 1620 8 1636 7 
1762 8 1623 6 2301 5 555 6 
1622 6 2300 2 554 2 1611 4 
1630 5 1434 7 764 5 1625 8 
1433 9 765 5 1079 6 1624 8 
1627 7 1895 4 693 9 
1626 7 1894 9 1628 8 690 7 
691 6 1893 5 1769 6 1627 8 
2340 6 754 6 1432 5 1630 5 
755 2 1624 5 1629 5 1431 6 
1854 4 347 7 1844 6 1159 3 
1648 7 356 12 1923 8 318 9 
1634 3 342 1 1619 6 
1633 3 2318 6 344 7 1635 7 
1636 10 343 8 1634 7 2317 5 
1635 10 1621 7 1637 7 346 9 
345 3 1620 8 1636 7 1638 4 
1639 5 1703 5 1637 4 1614 4 
1638 5 2288 6 2419 5 337 6 
1641 6 1705 6 1926 6 1643 5 
1704 7 1640 6 1925 6 1646 5 
1924 4 1643 1 1650 6 1707 1 
1832 4 1706 6 1642 1 1640 5 
1645 4 1922 8 1647 4 1709 3 
1644 4 1921 4 1708 5 1807 5 
1647 6 1920 5 1711 6 1641 5 
1919 5 1644 4 1646 6 1710 5 
1632 7 4 3 1848 3 1846 4 
1918 10 1702 8 1650 11 758 11 
1917 7 1649 11 1642 6 1701 8 
1652 6 1545 8 2143 4 
1546 6 1651 6 
1655 2 385 3 1654 4 1604 2 
384 3 1653 4 1603 5 181 9 
1602 1 1653 2 1847 4 
126 5 2178 6 1878 8 1657 8 
2146 5 2177 6 125 6 1656 8 
1659 11 1703 9 385 8 1661 10 
1658 11 384 5 337 8 115 6 
1663 7 346 8 1661 8 1853 6 
345 5 1847 7 1660 8 1658 10 
344 7 1663 5 
1660 7 1662 5 343 6 
1474 4 1360 7 1665 6 959 6 
1359 8 960 4 1666 7 1664 6 
961 4 1358 6 1665 7 
1313 4 1985 5 1668 5 1930 5 
1669 6 1929 6 2140 5 1667 5 
1668 6 1113 4 1670 6 1989 6 
1988 6 1669 6 1112 10 1671 7 
1141 7 1111 5 1672 8 1670 7 
1140 5 1110 5 1673 8 1671 8 
1143 9 1674 6 1672 8 1117 6 
1673 6 1675 4 1142 8 1116 7 
1145 4 1674 4 1916 4 1676 5 
1913 12 464 4 1675 5 1144 5 
1678 7 1686 8 1963 6 953 6 
1962 5 1677 7 954 8 1819 4 
1680 5 320 5 949 8 2157 9 
1679 5 1681 6 2154 2 950 5 
1682 6 1680 6 2152 6 951 6 
1681 6 1683 5 2151 5 952 5 
945 7 1682 5 1684 9 2167 6 
946 8 1683 9 2166 7 1685 8 
1686 5 947 4 446 6 1684 8 
948 8 1677 8 1685 5 432 5 
76 7 973 9 1201 7 1552 9 
1689 4 1695 5 2063 5 489 5 
2062 5 1690 5 488 7 1688 4 
1689 5 491 4 1691 6 2061 7 
1690 6 1843 5 2060 6 490 7 
1693 9 1697 5 2067 5 485 9 
484 9 1692 9 2066 9 1694 8 
487 8 1695 4 2065 3 1693 8 
486 3 1688 5 1694 4 2064 8 
493 5 1514 5 2059 5 1697 5 
492 5 2058 4 1692 5 1696 5 
1312 8 1529 7 1699 7 1366 10 
1698 7 1365 5 2459 4 
338 4 1934 3 141 5 1736 5 
1702 5 1707 3 837 4 1650 8 
2153 6 1701 5 836 4 1649 8 
337 6 1658 9 345 4 1638 5 
1641 7 1705 7 1711 8 831 6 
1706 7 1640 6 830 4 1704 7 
1705 7 1643 6 1707 6 829 7 
828 2 1701 3 1706 6 1642 1 
1531 5 1645 5 1709 4 835 5 
1644 3 1710 4 1708 4 834 5 
833 6 1711 5 1647 5 1709 4 
832 5 1710 5 1646 6 1704 8 
791 6 250 6 192 10 798 9 
1716 7 1714 7 1471 5 1901 7 
1713 7 1900 6 1470 6 1868 3 
1717 3 1473 6 1716 5 1899 4 
1713 7 1472 7 1898 5 1715 5 
1715 3 1469 4 
695 4 893 6 529 8 170 8 
552 6 1563 2 1720 6 1370 2 
1369 9 1719 6 550 5 
1773 7 652 9 1722 6 1498 6 
1497 7 1772 7 1721 6 813 3 
180 5 1726 6 1724 7 2082 3 
2081 7 179 7 1827 8 1723 7 
650 4 1732 8 1502 4 1777 4 
649 6 1723 6 177 6 2083 8 
1728 8 2086 9 1730 3 176 3 
1727 8 2085 8 175 9 649 7 
1730 4 2364 5 2088 5 184 8 
1729 4 183 4 1727 3 2087 3 
1893 2 1496 3 1769 3 1732 7 
1725 8 1495 10 1768 7 1731 7 
1737 7 1734 6 340 8 121 7 
119 4 1735 4 1733 6 339 5 
1736 4 1098 6 338 3 1734 4 
1735 4 1897 4 123 7 1700 5 
26 6 1733 7 341 5 
1900 8 1868 5 1739 9 814 10 
1738 9 1867 7 1746 7 417 7 
1741 2 1743 2 1876 7 806 4 
2257 6 805 5 1740 2 1875 8 
1745 4 1874 7 808 4 1743 3 
807 5 1740 2 1873 4 1742 3 
1745 9 1747 9 1872 11 810 10 
1742 4 1744 9 1871 5 809 6 
1870 6 1747 5 812 4 1739 7 
1869 3 1744 9 811 9 1746 5 
1807 7 1921 6 1749 9 1230 6 
1748 9 1752 7 1806 8 1229 6 
1805 3 1236 5 1751 7 1753 9 
1804 9 1750 7 1235 5 1756 8 
1803 5 1749 7 1753 9 1238 7 
1237 8 1752 9 1802 11 1750 9 
1801 8 1232 6 1757 7 1755 8 
1800 9 1610 7 1231 6 1754 8 
1799 9 1234 6 1751 8 1757 7 
1233 8 1754 7 1798 8 1756 7 
1759 6 1765 4 424 7 1828 7 
1758 6 2354 5 1760 6 423 4 
426 5 2133 6 1759 6 1761 8 
425 7 1766 7 1760 8 2132 6 
1622 8 2139 6 428 6 1763 5 
427 7 1764 4 1762 5 2138 4 
1763 4 430 3 1765 3 2137 7 
2136 2 1764 3 1758 4 429 2 
422 5 1761 7 1767 5 576 9 
261 11 421 9 1766 5 575 4 
818 3 1769 3 1732 7 1777 3 
819 4 1731 3 1768 3 1628 6 
648 8 1771 5 1256 6 822 6 
1770 5 813 3 823 5 1772 7 
1773 8 1722 7 1771 7 820 6 
1774 10 1721 7 1772 8 821 7 
1775 10 1773 10 652 12 826 10 
1774 10 651 5 827 6 1776 7 
1775 7 824 5 1777 6 650 6 
1776 6 1725 4 1768 3 825 4 
2088 4 215 6 2292 5 1779 4 
1784 4 2087 4 1778 4 216 5 
1787 7 2082 6 1781 5 221 6 
222 6 2081 2 1782 1 1780 5 
219 5 1783 3 1781 1 2080 5 
1600 7 1782 3 220 8 2079 4 
1779 4 225 6 1785 5 2086 9 
226 4 1784 5 1786 5 2085 5 
1787 5 2084 4 1785 5 223 5 
1780 7 224 5 1786 5 2083 6 
1985 5 1940 5 366 4 1789 4 
1796 3 2140 4 365 6 1788 4 
1145 3 358 3 1793 6 1791 4 
2316 6 357 12 1144 5 1790 4 
360 4 1795 5 1143 7 1793 7 
1142 11 359 13 1792 7 1790 6 
1141 7 362 7 1795 7 1797 9 
1792 5 361 5 1794 7 1140 4 
1797 6 1789 3 364 3 1989 4 
1796 6 1988 8 363 8 1794 9 
1801 9 1538 9 1757 8 1799 10 
1756 9 1804 10 1537 6 1798 10 
1755 9 1540 9 1299 7 1801 9 
1798 9 1754 8 1539 7 1800 9 
1803 7 1805 5 1534 8 1753 11 
1806 6 1752 5 1802 7 1533 3 
1751 9 1799 10 1536 6 1805 5 
1750 3 1535 1 1802 5 1804 5 
1803 6 1807 6 1749 8 1532 6 
1748 7 1806 6 1531 5 1645 5 
1473 7 718 6 435 5 1809 7 
1810 9 434 5 1808 7 1472 8 
1809 9 1811 10 437 8 1471 6 
436 8 1810 10 1470 8 1943 8 
1991 10 2056 7 929 9 927 13 
251 9 795 7 2030 5 918 7 
1815 6 1134 5 1817 2 65 2 
1814 6 1820 6 64 10 1135 7 
63 7 1136 10 1824 7 1817 7 
1137 3 1814 2 62 3 1816 7 
1130 7 1821 6 61 8 1819 6 
1131 3 1678 4 1818 6 60 6 
1821 3 59 4 1815 6 1132 4 
1818 6 58 5 1820 3 1976 3 
1826 6 924 5 962 3 
1824 7 56 8 1138 6 1968 9 
55 6 1823 7 1816 7 1139 5 
958 9 926 7 1826 6 1314 9 
957 6 1822 6 925 7 1825 6 
182 3 2080 7 1724 8 1829 8 
2136 5 2354 6 1758 7 685 7 
1603 8 2079 7 181 12 1827 8 
2222 3 1831 3 
2221 5 52 6 1830 3 
1067 7 1643 4 1926 5 1924 7 
459 4 2146 5 2177 6 
329 8 1835 7 1888 8 1605 6 
1834 7 328 8 1887 9 1836 9 
1837 8 331 5 1835 9 1886 10 
1885 7 330 9 1836 8 1838 6 
1892 7 333 8 1839 8 1837 6 
1840 9 332 11 1838 8 1891 8 
1841 4 1839 9 335 7 1890 5 
1840 4 1842 4 334 4 1889 6 
1841 4 1843 5 326 7 1880 5 
1842 5 1691 5 1879 5 325 7 
348 9 1923 6 1631 6 1855 9 
369 5 373 6 771 6 
1923 5 1855 8 5 5 1648 4 
1853 5 1661 7 385 5 1655 4 
1849 2 7 5 318 5 1648 3 
1848 2 317 2 6 1 1850 2 
1851 3 9 2 324 5 1849 2 
1850 3 8 6 1852 6 323 3 
11 8 322 6 1851 6 1588 6 
1847 5 1660 6 
1855 7 3 3 1631 4 677 6 
1854 7 2 8 1846 8 1844 9 
1859 8 491 5 1857 8 2199 9 
2198 7 1856 8 2034 7 490 8 
1861 8 489 7 1859 8 2201 5 
488 9 1856 8 1858 8 2200 4 
1861 6 2195 6 1863 8 487 9 
1858 8 486 4 1860 6 2194 5 
1865 5 2197 8 485 10 1863 9 
2196 10 484 8 1862 9 1860 8 
2193 10 2409 13 493 11 1865 10 
1862 5 2192 4 1864 10 492 4 
1314 9 799 4 928 3 926 7 
1868 3 1336 7 1870 6 1739 7 
1867 3 1738 5 1714 3 1335 3 
1327 5 1747 3 1872 5 1870 4 
1746 6 1326 5 1867 6 1869 4 
1874 8 1745 5 1329 7 1872 7 
1869 5 1744 11 1871 7 1328 7 
1876 9 1743 4 1331 7 1874 8 
1871 8 1742 7 1330 9 1873 8 
253 7 1876 13 1333 9 1741 8 
1332 10 1875 13 1873 9 1740 7 
2176 6 1878 8 128 8 1884 5 
2175 6 1656 8 1877 8 127 6 
1880 5 2060 6 1843 5 56 5 
1879 5 55 7 1889 7 1842 5 
1882 10 2172 7 132 3 382 5 
1881 10 131 10 2171 8 1883 12 
1884 5 130 6 1882 12 2174 8 
1883 5 129 8 2173 2 1877 5 
1837 7 1886 9 1892 8 59 6 
1887 10 1885 9 58 9 1836 10 
1886 10 1835 9 61 8 1888 10 
60 10 2426 10 1834 8 1887 10 
63 6 1880 7 1890 7 1841 6 
1889 7 62 4 1840 5 1891 4 
1892 7 65 3 1839 8 1890 4 
64 10 1838 7 1891 7 1885 8 
1731 2 1894 6 1628 5 1366 6 
1893 6 1627 9 1895 6 1365 8 
1367 2 1626 4 1894 6 
1044 5 142 8 1897 6 1909 8 
141 4 1736 4 1043 2 1896 6 
1899 4 1901 5 687 5 1716 5 
1898 4 1715 4 
1738 8 1901 6 1714 6 689 4 
1900 6 1898 5 688 6 1713 7 
1058 7 1036 7 136 5 1903 4 
1904 5 135 4 1035 6 1902 4 
1903 5 134 6 1038 6 1905 5 
1037 4 1906 3 1904 5 133 3 
1905 3 1907 6 1040 5 140 3 
1039 7 1908 7 1906 6 139 6 
1907 7 138 9 1909 6 1042 4 
137 6 1908 6 1041 6 1896 8 
1911 5 1031 7 1546 5 
1910 5 1425 6 1545 8 1030 5 
1914 4 585 2 
1676 12 1916 11 1964 10 1009 12 
1915 4 1912 4 2098 6 582 8 
1914 4 2097 5 581 2 536 2 
1913 11 1010 7 1116 7 1675 4 
1918 6 1924 5 1650 7 1061 4 
1917 6 1060 9 1649 10 717 7 
1647 5 1922 9 1920 4 1063 6 
1919 4 1925 6 1646 5 1062 4 
1645 4 1748 6 1065 2 1922 8 
1064 9 1644 8 1919 9 1921 8 
1844 6 1846 5 355 7 1632 8 
1066 7 1642 4 1917 5 1832 7 
1926 6 1069 9 1920 6 1641 6 
1925 6 1640 6 1068 4 1832 5 
514 7 1118 3 2181 8 1124 5 
881 8 634 7 24 7 
1668 6 1113 4 1011 6 1930 6 
1012 8 1929 6 1667 5 928 4 
817 4 603 8 474 5 1160 3 
1935 5 410 6 341 5 
1936 5 1934 3 409 5 338 4 
1700 3 408 3 1933 3 2135 5 
1932 5 340 6 1936 4 407 4 
1933 5 339 5 406 5 1935 4 
159 5 1939 8 962 3 
155 7 1939 9 1941 7 958 10 
1938 9 957 8 154 6 1937 8 
1788 5 157 6 956 6 1941 7 
156 7 1938 7 955 4 1940 7 
1336 9 1947 5 1943 8 265 8 
1335 6 1811 8 1942 8 264 6 
257 6 1945 6 1329 8 1951 9 
1946 4 1328 5 1944 6 256 6 
1327 6 1945 4 259 4 1947 2 
1326 2 1942 5 1946 2 258 3 
261 10 1949 5 1333 4 421 8 
260 6 1332 7 1950 8 1948 5 
1949 8 263 5 1951 10 1331 9 
1330 9 1950 10 262 8 1944 9 
118 7 180 7 1544 7 1953 6 
1547 3 117 5 179 4 1952 6 
1179 4 473 6 1955 10 1957 6 
1960 9 1180 12 1954 10 472 9 
1177 5 1965 2 1957 3 471 4 
1956 3 1178 4 470 8 1954 6 
1961 7 1175 6 1959 6 
2150 5 1958 6 1176 3 
1961 5 1955 9 1173 6 469 5 
1960 5 1958 7 1174 6 
1678 5 1963 4 60 7 2426 7 
1962 4 1677 6 2425 4 432 3 
1965 3 1913 10 464 2 1181 2 
1964 3 1182 4 1956 2 463 4 
1969 3 624 5 1967 4 2328 3 
630 5 2327 8 1972 8 1966 4 
2326 7 631 7 1823 9 1969 6 
2325 4 1966 3 632 4 1968 6 
1971 4 1973 6 620 5 2324 3 
2323 8 1970 4 1974 2 1342 4 
1973 8 2322 8 1967 8 1343 11 
1972 8 1344 7 1970 6 2321 7 
1339 1 2320 4 1975 3 1971 2 
2319 5 1974 3 1340 5 780 4 
1364 2 1130 4 1132 4 1821 3 
1323 7 445 6 1987 7 1978 7 
1322 6 1977 7 444 5 1979 6 
443 6 1325 5 1980 5 1978 6 
442 2 1981 5 1324 6 1979 5 
1982 5 1980 5 1319 6 449 7 
1981 5 1983 3 1318 4 448 6 
1321 3 1982 3 1984 3 447 5 
1320 4 1983 3 2445 2 2191 3 
1788 5 956 6 1667 5 2140 5 
441 7 1987 5 14 5 1317 5 
1977 7 1986 5 440 7 1316 4 
1989 6 1797 8 1670 6 1141 6 
1988 6 1796 4 1669 6 2140 5 
336 10 1573 3 2261 3 2247 5 
944 8 2004 8 1812 10 1992 11 
199 9 943 10 1991 11 927 14 
1994 4 1070 4 368 7 366 5 
1993 4 53 3 365 5 367 4 
2034 10 1575 9 2198 10 1996 11 
1574 7 2033 6 49 9 1995 11 
369 7 50 9 771 8 360 8 
1999 7 936 7 935 7 
2000 7 934 4 1998 7 938 4 
2001 8 1999 7 937 6 933 6 
940 7 2000 8 932 6 2002 6 
939 9 2003 8 931 6 2001 6 
2004 10 942 7 2002 8 930 8 
929 7 2003 10 1991 8 941 10 
1031 7 2006 5 1225 5 2010 6 
2005 5 2211 5 1224 5 1030 5 
2008 5 2424 7 112 8 78 7 
2013 3 2007 5 111 4 2423 4 
114 7 77 6 2422 5 78 8 
1029 5 1222 6 2005 6 
2014 4 116 6 2012 3 2420 4 
115 2 337 4 2011 3 2419 3 
2008 3 2418 3 2014 3 118 5 
117 4 2011 4 2417 4 2013 3 
1569 8 2263 8 2247 6 2353 4 
2017 4 2023 2 104 2 2283 5 
2016 4 2018 4 2282 6 103 6 
2017 4 2019 4 2285 8 102 3 
101 6 2284 7 2018 4 2026 4 
2021 5 108 3 2279 4 2230 5 
2020 5 2278 5 2022 7 107 6 
2021 7 2281 8 106 7 2023 5 
105 4 2016 2 2280 1 2022 5 
2025 13 460 10 899 12 944 12 
2024 13 2158 8 943 8 898 7 
2027 4 2287 3 100 2 2019 4 
2286 5 2026 4 99 8 1588 4 
917 5 2029 7 798 9 250 6 
916 7 2028 7 2030 4 797 6 
919 5 1813 5 2029 4 796 2 
1252 10 390 7 1566 8 1568 5 
1476 6 920 6 249 4 
326 6 2036 4 1996 6 2034 5 
1995 10 2033 5 1857 7 325 8 
2036 3 335 5 2353 1 2038 3 
2035 3 2033 4 49 7 334 5 
2038 4 2040 3 333 8 336 9 
2037 4 51 6 2035 3 332 7 
2042 8 2231 6 2040 5 331 5 
330 6 2039 5 2037 3 38 5 
1550 9 329 11 372 6 2042 9 
328 7 2041 9 2039 8 57 5 
930 9 2046 9 2044 11 
929 7 2056 5 2043 11 
2046 3 932 3 2048 3 
2045 3 2043 9 931 6 
2048 5 934 4 2049 5 
2047 5 2045 3 933 4 
935 5 2047 5 
278 4 2051 3 2251 5 67 4 
2250 4 2050 3 2052 6 66 2 
2249 9 266 9 2051 6 69 7 
1570 9 394 10 289 14 1572 9 
2255 6 2055 6 255 3 71 5 
2054 6 2254 7 70 6 277 7 
2057 2 2044 5 1812 7 
2056 2 927 8 
1697 4 2067 4 2320 5 2059 4 
1696 5 2319 5 1556 4 2058 4 
2061 7 1879 6 2326 7 1691 6 
2060 7 2325 5 2062 7 1690 7 
1689 5 2063 6 2328 6 2061 7 
2327 7 2064 8 2062 6 1688 5 
2063 8 2322 9 2065 7 1695 8 
2066 4 2321 5 1694 3 2064 7 
2065 4 2324 3 1693 9 2067 5 
2323 9 2058 4 2066 5 1692 5 
545 4 2069 5 2075 4 2241 4 
2070 7 2068 5 2240 5 544 5 
2069 7 2071 5 547 5 2239 7 
2070 5 196 2 546 3 2238 4 
541 4 2245 8 2073 6 2077 6 
2074 4 2244 6 2072 6 540 7 
543 6 2073 4 2243 5 2075 3 
2242 6 2068 4 542 4 2074 3 
2077 5 549 5 2236 4 2248 5 
548 4 2076 5 2235 8 2072 6 
1571 8 1573 4 2231 6 2267 9 
280 4 1829 7 1783 4 2080 6 
2081 6 1827 7 1782 5 2079 6 
2082 3 2080 6 1724 7 1781 2 
2081 3 2083 5 1780 6 1723 3 
2082 5 2084 5 1726 8 1787 6 
649 3 2083 5 2085 4 1786 4 
1728 8 2084 4 2086 9 1785 5 
1727 9 2087 9 2085 9 1784 9 
1779 4 2086 9 1730 3 2088 4 
1778 4 1729 5 2087 4 2265 4 
2090 5 495 5 
1222 6 2089 5 1308 9 2093 8 
676 5 2092 6 1155 6 2205 5 
675 6 1158 5 2091 6 2204 5 
1300 5 1225 7 2094 8 2090 8 
1224 6 2093 8 1540 8 1299 6 
668 6 2096 6 1276 8 433 8 
1275 4 431 3 2367 8 2095 6 
634 8 2098 7 1915 5 468 9 
1914 6 2097 7 633 3 
2100 4 2337 6 
2279 4 2099 4 2168 4 2230 5 
1269 11 2113 11 1283 10 2365 11 
28 5 2103 8 2105 4 48 4 
47 8 27 7 1618 6 2102 8 
2107 7 2105 4 44 6 37 4 
2104 4 36 5 43 6 2102 4 
2109 11 35 7 46 7 2107 9 
45 7 2104 7 34 10 2106 9 
2111 3 2109 8 40 7 33 6 
32 7 2108 8 2106 11 39 10 
31 3 252 2 2111 2 42 7 
2108 3 41 7 30 5 2110 2 
1274 7 420 10 2368 7 2113 7 
1273 4 2101 11 418 4 2112 7 
2460 7 2272 6 2117 6 2115 6 
2406 5 2273 5 2120 3 2114 6 
2458 3 2117 3 2123 3 2270 4 
2457 2 2116 3 2271 9 2114 6 
2121 4 2456 3 2119 4 2276 5 
2455 4 2277 5 2299 8 2118 4 
2274 5 2454 2 2115 3 2121 4 
2453 5 2118 4 2275 4 2120 4 
2452 7 2268 8 2123 5 1262 8 
2269 4 2122 5 2116 3 2451 4 
2127 6 134 4 1002 2 2125 2 
2130 1 1001 3 2124 2 133 2 
836 6 2153 8 136 7 2127 9 
135 7 2124 6 753 8 2126 9 
742 6 138 11 2129 9 2131 7 
137 7 2128 9 2134 10 731 6 
2125 1 977 2 140 2 2131 3 
974 10 2130 3 139 4 2128 7 
2133 4 686 2 576 8 1761 6 
2354 5 2132 4 1760 6 1255 5 
218 12 142 9 2135 10 2129 10 
217 7 141 7 2134 10 1934 5 
1828 5 1250 5 1765 2 2137 6 
1251 8 1764 7 2136 6 2138 7 
289 10 1763 4 2139 5 2137 7 
1762 6 1249 5 2301 3 2138 5 
1668 5 1789 4 1985 5 1989 5 
2144 6 1373 10 288 10 732 9 
731 6 762 9 710 10 2220 6 
2144 5 1651 4 1371 3 
2141 6 2143 5 1372 5 285 4 
1377 7 284 4 2148 6 741 7 
1657 5 1833 5 124 4 
2148 5 1375 7 282 3 732 8 
2147 5 281 7 1376 5 2145 6 
1379 8 2150 8 741 9 
2149 8 1380 7 1959 5 
2167 6 1682 5 2418 5 2152 5 
2154 2 1681 6 2417 4 2151 5 
1702 6 753 7 758 9 2126 8 
2152 2 2157 6 1680 2 2420 2 
2165 9 2156 8 25 10 48 7 
22 4 2334 7 47 5 2155 8 
2154 6 2419 8 1679 9 2288 9 
2159 5 2025 8 42 9 2246 6 
2158 5 2160 8 41 8 2405 6 
2408 9 2161 10 40 11 2159 8 
2162 9 2160 10 39 8 2407 10 
46 7 2161 9 2163 9 2237 9 
2162 9 2164 7 45 7 2344 7 
2163 7 2404 6 44 6 2165 6 
43 8 2403 6 2155 9 2164 6 
1684 7 2424 5 2167 4 446 5 
2151 6 2166 4 2423 5 1683 6 
2100 4 196 3 546 4 2337 6 
1241 7 2391 11 1270 4 
992 4 772 8 168 6 350 4 
2174 4 1882 8 457 5 2172 5 
1881 7 456 7 2171 5 302 8 
2174 5 1884 2 455 6 2176 3 
2171 4 2173 5 454 6 1883 8 
1878 6 2178 4 2176 4 453 6 
452 5 1877 6 2175 4 2173 3 
2178 4 1657 6 451 6 1833 6 
450 9 2175 4 2177 4 1656 6 
2395 9 2180 9 1274 6 1245 8 
1244 10 1273 7 2179 9 2390 8 
2182 8 2188 7 272 8 1927 8 
2181 8 1118 3 271 7 2183 4 
1121 3 2184 3 270 5 2182 4 
269 3 2183 3 2190 3 1120 6 
276 6 1123 6 2186 6 2351 6 
2187 6 2185 6 275 7 1122 7 
2186 6 1125 6 274 7 2188 4 
1399 2 2181 7 2187 4 1124 4 
2394 6 2392 5 1227 6 353 6 
1115 3 268 4 2191 3 2184 3 
2190 3 1114 3 267 5 1984 3 
1401 4 1865 4 2197 7 2193 4 
662 4 1864 10 1400 5 2192 4 
2201 2 2195 5 1861 5 1394 7 
1393 9 2194 5 2196 8 1860 6 
1863 10 1392 9 2197 9 2195 8 
1391 7 1862 8 2192 7 2196 9 
1857 7 1995 10 2199 8 1398 7 
1397 7 1856 9 2198 8 2200 5 
1396 1 2201 1 2199 5 1859 4 
2194 2 2200 1 1395 1 1858 5 
347 6 2203 5 2228 4 1159 2 
2204 5 2202 5 1158 5 2227 8 
2205 4 2203 5 2092 5 2226 2 
2204 4 2225 7 2206 3 2091 5 
2224 4 2207 5 2205 3 1155 4 
2223 7 2208 7 2206 5 1154 7 
2209 4 2207 7 1157 5 
1156 4 2208 4 2210 4 
1151 8 2209 4 
1516 5 2006 5 1090 6 1586 7 
2215 3 2213 2 1585 3 1520 2 
1584 5 2212 2 1090 5 1519 2 
1506 5 2217 4 2215 5 1583 4 
2212 3 1505 6 1582 5 2214 5 
1581 4 254 6 1087 10 2217 4 
1580 6 1507 6 2214 4 2216 4 
713 8 2219 5 761 7 977 6 
974 8 2220 2 712 4 2218 5 
711 6 2219 2 742 3 2142 6 
357 11 1831 5 2316 5 2222 5 
2315 8 2229 7 1830 3 2221 5 
2207 7 2224 6 
2206 4 2223 6 2225 8 
2205 7 2224 8 2226 5 
2227 5 2204 2 2225 5 
2228 7 2226 5 2203 8 
2399 5 2227 7 2202 4 
2314 7 2222 7 
2100 5 2020 5 
38 6 57 3 2078 6 2039 6 
2233 4 785 3 
2232 4 787 7 2234 8 767 4 
766 8 2233 8 2402 8 786 10 
2236 7 2339 12 2077 8 2245 10 
2235 7 2076 4 266 5 2338 4 
203 5 2407 10 2344 7 2162 9 
2334 8 22 5 2239 6 2071 4 
2333 7 2238 6 2240 5 2070 7 
2336 3 2241 4 2069 5 2239 5 
2242 6 2335 4 2240 4 2068 4 
2241 6 2075 6 2243 8 2330 8 
2329 8 2242 8 2244 7 2074 5 
2245 8 2332 7 2243 7 2073 6 
2244 8 2072 8 2331 6 2235 10 
2405 7 943 6 2158 6 199 5 
2260 5 2015 6 51 6 1990 5 
399 5 266 6 2076 5 2249 6 
2052 9 398 5 2248 6 2250 7 
2251 6 2051 4 401 5 2249 7 
2252 4 2250 6 400 4 2050 5 
2251 4 278 3 2253 4 403 5 
277 6 2254 6 2252 4 402 4 
405 9 2253 6 2055 7 2255 7 
404 5 2054 6 2256 7 2254 7 
2255 7 255 4 397 4 2257 8 
1741 6 253 5 396 8 2256 8 
1575 4 2299 7 2259 7 2455 3 
2258 7 2298 10 1574 8 2262 11 
2247 5 2261 3 2297 6 2263 7 
2260 3 1990 3 2266 5 2296 6 
2295 8 2263 10 2259 11 1569 10 
2262 10 2015 8 2294 6 2260 7 
1571 9 2293 6 2267 10 2265 7 
2364 4 2292 5 2088 4 2264 7 
2261 5 2267 10 2291 7 1573 5 
2290 7 2264 10 2078 9 2266 10 
2122 8 2269 7 194 6 995 11 
2123 4 193 4 2268 7 2270 5 
2271 10 2116 4 188 6 2269 5 
2270 10 187 8 2117 9 2272 9 
2273 5 2114 6 867 6 2271 9 
2274 7 2272 5 185 8 2115 5 
2273 7 884 5 2120 5 2275 5 
2276 5 2121 4 191 6 2274 5 
2277 6 2275 5 190 5 2118 5 
189 5 2276 6 2462 6 2119 5 
2021 5 547 3 2281 6 2279 4 
2100 4 2020 4 2278 4 546 4 
2283 4 2281 4 545 2 2023 1 
2280 4 544 6 2022 8 2278 6 
543 8 2283 7 2017 6 2285 10 
2280 4 2282 7 542 6 2016 5 
2019 7 541 5 2285 11 2287 6 
2018 8 2284 11 540 11 2282 10 
2027 5 549 5 2287 4 10 6 
2026 3 2286 4 548 3 2284 6 
1614 5 320 5 1639 6 2157 9 
2302 7 1615 8 1613 7 562 7 
2267 7 2293 3 2291 4 2471 6 
2296 8 2290 4 1033 10 2266 7 
1778 5 2265 5 816 5 2293 4 
2290 3 2264 6 497 6 2292 4 
2295 4 2297 5 2263 6 2450 7 
2262 8 804 5 2294 4 2298 7 
2291 8 2261 6 2297 9 2448 9 
2294 5 2449 4 2260 6 2296 9 
2295 7 2299 10 2259 10 2461 12 
2258 7 2119 8 2298 10 2462 9 
2305 6 2301 1 1623 2 1437 4 
2300 1 2139 3 1438 3 1622 5 
2289 7 1441 3 2303 4 2309 6 
1613 4 2304 4 2302 4 1442 5 
1439 4 2305 8 2303 4 1612 4 
2300 6 2304 8 1440 11 1611 8 
27 5 2307 7 1618 4 1445 7 
2308 4 1617 7 1446 6 2306 7 
2307 4 1443 2 1616 1 2309 4 
1444 4 1615 7 2308 4 2302 6 
2311 6 1341 2 
1348 7 2310 6 2312 7 
2313 6 2311 7 1347 7 
2312 6 2314 7 1346 6 
1345 6 2313 7 2229 7 2315 8 
2222 8 1338 7 2314 8 2316 8 
1337 4 1791 6 2221 5 2315 8 
1621 2 2318 4 1635 5 316 4 
1634 6 315 6 2317 4 1619 9 
1975 5 2320 6 1465 6 2059 5 
2319 6 1974 4 2058 5 2323 10 
2065 5 2322 7 1973 7 2324 4 
2321 7 2327 8 1972 8 2064 9 
1971 8 2324 7 2067 9 2320 10 
2066 3 2323 7 2321 4 1970 3 
1969 4 2328 4 2326 5 2061 5 
1968 7 56 6 2325 5 2060 7 
2063 7 1967 8 2322 8 2328 7 
2325 4 2327 7 2062 6 1966 3 
2243 8 2332 8 563 7 2330 8 
2335 6 562 6 2329 8 2242 8 
2339 8 2245 6 561 4 2332 5 
2244 7 2329 8 560 9 2331 5 
2239 7 2336 5 559 6 2334 9 
2238 8 2156 7 558 7 2333 9 
2330 6 2241 4 2336 3 557 6 
556 6 2240 3 2333 5 2335 3 
2444 7 2168 6 195 8 2099 6 
2339 9 68 6 555 4 2236 4 
2331 8 554 7 2338 9 2235 12 
1629 6 757 5 1430 9 
199 5 927 10 
770 10 2345 9 415 6 2343 9 
80 9 769 9 2342 9 414 11 
204 5 2404 6 2237 7 2163 7 
2342 9 416 6 768 8 
840 5 2348 8 
757 3 2350 4 2348 7 848 7 
2346 8 842 9 2347 7 756 9 
2350 8 855 9 755 5 2352 11 
754 6 2349 8 849 7 2347 4 
861 8 765 4 2185 6 2352 10 
764 8 860 8 2349 11 2351 10 
49 5 2035 1 51 4 2015 4 
2133 5 1252 9 1759 5 1828 6 
1426 6 16 6 1088 4 1428 5 
2359 11 1409 7 829 7 2357 8 
828 4 1408 8 2369 9 2356 8 
1407 7 2361 6 831 3 2359 8 
2356 11 1406 10 830 8 2358 8 
1405 6 2363 6 2361 6 833 6 
1404 6 2360 6 2358 6 832 6 
1086 6 835 5 2363 6 1034 6 
2360 6 1032 9 2362 6 834 7 
372 3 1729 5 1571 6 2265 4 
1282 8 1268 5 2366 5 2101 11 
1281 6 1270 3 2365 5 
1272 10 2368 9 2096 8 1280 8 
1271 3 2367 9 1279 6 2112 7 
837 8 1059 10 2357 9 2370 10 
1058 8 136 6 836 5 2369 10 
433 8 2464 9 76 7 2372 7 
2463 5 2375 8 431 4 2371 7 
2374 8 420 9 2376 6 2468 7 
2373 8 2378 7 418 6 2467 7 
2376 8 2372 8 1280 7 2466 6 
2375 8 2465 5 2373 6 1279 6 
2472 8 1281 8 2379 8 
1283 4 2374 7 2470 5 2379 6 
1282 9 2469 9 2377 8 2378 6 
2381 2 1298 2 1240 7 619 3 
2382 4 2380 2 1239 4 1297 6 
2381 4 1293 6 2383 7 1247 7 
2384 8 2382 7 1292 6 1246 5 
2385 6 2383 8 1245 8 1295 5 
2384 6 1244 7 2386 6 1294 3 
2385 6 1243 7 1296 6 2387 5 
1242 4 2386 5 
990 6 352 9 2389 7 772 12 
989 2 2394 6 2388 7 351 5 
2391 10 2180 8 1269 5 1243 6 
2169 11 1268 10 2390 10 1242 10 
2189 5 356 10 986 6 2393 6 
355 7 2398 4 2392 6 
2189 6 354 5 2389 6 988 8 
1271 6 2179 9 1436 7 1246 6 
2397 12 1128 8 1276 11 1240 14 
2396 12 1275 7 1239 7 1436 6 
2399 4 348 7 2393 4 
2398 4 2228 5 347 7 
358 6 50 7 52 7 
2402 10 615 10 656 7 2416 12 
2401 10 655 5 2234 8 614 7 
202 6 25 7 2404 6 2165 6 
201 6 2403 6 2344 6 2164 6 
2246 7 2408 7 200 7 2159 6 
2454 4 2115 5 1394 9 2460 6 
2237 10 2408 9 2161 10 198 8 
2160 9 2405 7 2407 9 197 5 
607 6 662 7 1864 13 2410 10 
661 7 2411 10 606 9 2409 10 
2410 10 605 8 664 6 2412 7 
663 3 604 8 2413 3 2411 7 
611 3 2412 3 658 5 2414 5 
657 7 2415 8 610 7 2413 5 
2414 8 609 6 660 5 2416 9 
608 11 659 8 2415 9 2401 12 
2014 4 2420 4 2152 4 2418 4 
2013 3 2151 5 2417 4 2423 4 
2157 8 2420 4 1639 5 2012 3 
2417 4 2419 4 2154 2 2011 4 
78 7 2424 7 2422 4 446 7 
432 3 2421 4 2425 4 2009 5 
2424 6 2008 4 2167 5 2418 4 
2421 7 2423 6 2007 7 2166 5 
77 5 2426 7 1963 4 2422 4 
1888 10 2425 7 1605 8 1962 7 
861 8 510 6 597 6 2428 9 
2432 7 860 7 2427 9 596 10 
840 6 2435 7 2430 5 589 4 
2431 5 588 4 2429 5 923 4 
591 8 2430 5 
2428 7 2433 2 855 6 593 3 
2432 2 2434 1 849 4 592 4 
595 3 2435 5 2433 1 848 7 
842 7 2434 5 594 8 2429 7 
2437 4 2447 4 888 5 804 5 
2436 4 2450 7 887 3 2438 5 
2449 4 2439 6 890 4 2437 5 
2440 4 889 8 2438 6 2448 6 
2439 4 2441 3 892 2 1033 9 
891 2 2440 3 2471 6 2442 3 
497 6 2443 5 2441 3 894 4 
816 6 2442 5 893 6 529 8 
2337 7 202 6 
267 4 447 4 1984 2 1248 4 
189 5 886 5 2462 6 2447 4 
2436 4 885 3 2461 9 2446 4 
1033 11 2439 6 2296 9 2449 4 
2438 4 2297 4 2450 6 2448 4 
804 8 2437 7 2449 6 2294 7 
2458 4 2452 6 1401 4 2123 4 
2122 7 2451 6 1215 7 1400 7 
2121 5 2454 3 1396 3 2456 4 
2406 4 1395 1 2453 3 2120 2 
2119 4 1398 5 2456 3 2258 3 
2118 3 2455 3 1397 4 2453 4 
2117 2 2460 3 2458 2 1392 5 
2116 3 2451 4 2457 2 1391 4 
415 5 1699 4 1312 5 
2114 7 1393 8 2457 3 2406 6 
804 10 2462 11 2447 9 2298 12 
2277 6 2461 11 2299 9 2446 6 
2372 5 1357 3 2464 7 2466 3 
1200 6 2371 9 2463 7 1356 5 
2466 3 2468 6 2376 5 1350 4 
2465 3 1349 5 2463 3 2375 6 
2468 6 2470 5 2374 7 1352 4 
2465 6 2467 6 1351 8 2373 7 
2472 9 1354 7 2379 9 2470 8 
2469 8 2467 5 2378 5 1353 4 
2441 6 2290 6 497 9 1033 12 
2469 9 2377 8 1355 8 
